(((-214.946, 454.739), (-256.902, 485.221), (-276, 544), (-256.902, 602.779), (-206.902, 639.106), (-145.098, 639.106), (-95.0983, 602.779), (-88.8202, 583.457), (-104.884, 534.534), (-214.946, 454.739)))
(((-214.982, 454.713), (-104.884, 534.534), (-56.9185, 433.272), (-126.476, 368.894), (-148.902, 368.894), (-198.902, 405.221), (-214.982, 454.713)))
(((-88.7842, 583.566), (-72.9017, 595.106), (-70.1872, 595.106), (26.7682, 472.858), (22.837, 440.021), (-56.9185, 433.272), (-104.884, 534.534), (-88.7842, 583.566)))
(((-65.716, 84.8943), (-70.9017, 84.8943), (-120.902, 121.221), (-140, 180), (-122.129, 235), (-50.6125, 235), (-22.538, 220.785), (-7.17416, 105.556), (-65.716, 84.8943)))
(((-122.129, 235), (-140, 290), (-123.776, 339.931), (-11.1118, 327.256), (1.63509, 302.416), (-50.6125, 235), (-122.129, 235)))
(((-101.734, -97.6187), (-113.902, -88.7785), (-133, -30), (-113.902, 28.7785), (-77.9228, 54.9188), (16.7487, -23.1437), (-101.734, -97.6187)))
(((-121.133, 339.634), (-129.678, 365.931), (-56.9185, 433.272), (22.837, 440.021), (30.0444, 431.665), (29.4079, 393.471), (-11.1118, 327.256), (-121.133, 339.634)))
(((-66.0136, -142.587), (-91.9017, -123.779), (-100.628, -96.923), (16.7487, -23.1437), (25.4953, -25.5205), (5.47312, -112.283), (-66.0136, -142.587)))
(((58.9522, 226.367), (-22.538, 220.785), (-50.6125, 235), (1.63509, 302.416), (34.7363, 285.393), (58.9522, 226.367)))
(((76.2434, 214.345), (42.876, 125.921), (12.4766, 106.668), (-7.17416, 105.556), (-22.538, 220.785), (58.9522, 226.367), (76.2434, 214.345)))
(((-77.1387, 54.2723), (-67.3798, 84.3071), (-7.17416, 105.556), (12.4766, 106.668), (70.9244, 6.25807), (69.3925, 1.62218), (43.0402, -20.9655), (25.4953, -25.5205), (16.7487, -23.1437), (-77.1387, 54.2723)))
(((-68.6673, 593.189), (-64.9017, 604.779), (-14.9017, 641.106), (46.9017, 641.106), (96.9017, 604.779), (103.16, 585.517), (93.2178, 561.457), (26.7682, 472.858), (-68.6673, 593.189)))
(((28.9659, -252.106), (-2.9017, -252.106), (-52.9017, -215.779), (-72, -157), (-67.5252, -143.228), (5.47312, -112.283), (86.2403, -125.408), (28.9659, -252.106)))
(((75.6566, 330.62), (34.7363, 285.393), (1.63509, 302.416), (-11.1118, 327.256), (29.4079, 393.471), (75.6566, 330.62)))
(((86.2403, -125.408), (5.47312, -112.283), (25.4953, -25.5205), (43.0402, -20.9655), (88.8445, -124.025), (86.2403, -125.408)))
(((133.986, 227.486), (76.2434, 214.345), (58.9522, 226.367), (34.7363, 285.393), (75.6566, 330.62), (97.4146, 327.512), (147.45, 294.88), (148.862, 255.631), (133.986, 227.486)))
(((108.766, 29.8475), (70.9244, 6.25807), (12.4766, 106.668), (42.876, 125.921), (126.347, 94.6199), (108.766, 29.8475)))
(((173.444, -95.6433), (167.09, -115.2), (88.8445, -124.025), (43.0402, -20.9655), (69.3925, 1.62218), (173.444, -95.6433)))
(((117.187, 411.543), (97.4146, 327.512), (75.6566, 330.62), (29.4079, 393.471), (30.0444, 431.665), (113.074, 423.723), (117.187, 411.543)))
(((113.074, 423.723), (30.0444, 431.665), (22.837, 440.021), (26.7682, 472.858), (93.2178, 561.457), (135.712, 440.511), (113.074, 423.723)))
(((27.9057, -254.451), (86.2403, -125.408), (88.8445, -124.025), (160.823, -115.907), (181.902, -131.221), (201, -190), (201, -190), (181.902, -248.779), (131.902, -285.106), (70.0983, -285.106), (27.9057, -254.451)))
(((154.539, 196.512), (127.356, 95.0275), (126.347, 94.6199), (42.876, 125.921), (76.2434, 214.345), (133.986, 227.486), (154.539, 196.512)))
(((147.45, 294.88), (97.4146, 327.512), (117.187, 411.543), (176.128, 337), (147.45, 294.88)))
(((173.819, -95.994), (69.3925, 1.62218), (70.9244, 6.25807), (108.766, 29.8475), (227.623, -15.2365), (209.902, -69.7785), (173.819, -95.994)))
(((227.445, 466.592), (135.712, 440.511), (93.2178, 561.457), (105.199, 590.453), (106.098, 591.106), (167.902, 591.106), (217.902, 554.779), (237, 496), (237, 496), (227.445, 466.592)))
(((227.307, -15.1166), (108.766, 29.8475), (126.347, 94.6199), (127.356, 95.0275), (216.744, 78.0011), (249.518, 42.4382), (231.902, -11.7785), (227.307, -15.1166)))
(((227.764, 466.683), (246.902, 452.779), (260.901, 409.693), (199.701, 349.268), (176.128, 337), (117.187, 411.543), (113.074, 423.723), (135.712, 440.511), (227.764, 466.683)))
(((216.744, 78.0011), (127.356, 95.0275), (154.539, 196.512), (206.55, 165.668), (216.744, 78.0011)))
(((264.562, 257.096), (148.862, 255.631), (147.45, 294.88), (176.128, 337), (199.701, 349.268), (264.562, 257.096)))
(((317.997, 216.992), (206.55, 165.668), (154.539, 196.512), (133.986, 227.486), (148.862, 255.631), (264.562, 257.096), (308.784, 245.363), (318, 217), (318, 217), (317.997, 216.992)))
(((309.643, 245.135), (264.562, 257.096), (199.701, 349.268), (261.319, 410.106), (274.902, 410.106), (324.902, 373.779), (344, 315), (344, 315), (324.902, 256.221), (309.643, 245.135)))
(((246.333, 45.8943), (216.744, 78.0011), (206.55, 165.668), (313.231, 214.797), (333.902, 199.779), (353, 141), (353, 141), (333.902, 82.2215), (283.902, 45.8943), (246.333, 45.8943)))
