(((-279.25, -141.164), (-291, -105), (-271.902, -46.2215), (-221.902, -9.89435), (-189.412, -9.89435), (-161.947, -77.5782), (-178.606, -138.16), (-279.25, -141.164)))
(((-258.256, -239.24), (-269.902, -230.779), (-289, -172), (-278.978, -141.156), (-178.606, -138.16), (-154.758, -154.343), (-149.748, -190.412), (-258.256, -239.24)))
(((-216.359, -385.508), (-255.902, -356.779), (-275, -298), (-258.517, -247.269), (-161.663, -266.347), (-148.487, -319.05), (-216.359, -385.508)))
(((-256.938, -247.58), (-259.47, -239.787), (-149.748, -190.412), (-137.045, -198.578), (-133.394, -207.846), (-143.087, -257.39), (-161.663, -266.347), (-256.938, -247.58)))
(((-120.287, -128.864), (-154.758, -154.343), (-178.606, -138.16), (-161.947, -77.5782), (-116.945, -111.041), (-120.287, -128.864)))
(((-201.914, 426.52), (-224.902, 443.221), (-244, 502), (-227.636, 552.364), (-105.113, 536.655), (-101.902, 471.648), (-201.914, 426.52)))
(((-94.435, -294.54), (-103.162, -313.58), (-148.487, -319.05), (-161.663, -266.347), (-143.087, -257.39), (-95.5559, -276.605), (-94.435, -294.54)))
(((-224.907, 552.014), (-234, 580), (-214.902, 638.779), (-164.902, 675.106), (-103.098, 675.106), (-53.0983, 638.779), (-51.8374, 634.898), (-48.3359, 597.038), (-52.6914, 586.951), (-105.113, 536.655), (-224.907, 552.014)))
(((-164.544, -437.006), (-208.902, -404.779), (-215.452, -384.619), (-148.487, -319.05), (-103.162, -313.58), (-83.4744, -364.767), (-139.011, -426.676), (-164.544, -437.006)))
(((-189.874, -8.75644), (-152.902, 18.1057), (-133.624, 18.1057), (-91.6453, -33.7113), (-96.3252, -96.8898), (-116.945, -111.041), (-161.947, -77.5782), (-189.874, -8.75644)))
(((-93.8749, -177.974), (-137.045, -198.578), (-149.748, -190.412), (-154.758, -154.343), (-120.287, -128.864), (-91.4593, -154.301), (-93.8749, -177.974)))
(((-95.5559, -276.605), (-143.087, -257.39), (-133.394, -207.846), (-90.1639, -232.549), (-93.4429, -273.536), (-95.5559, -276.605)))
(((-148.235, 332.402), (-187.902, 361.221), (-207, 420), (-205.391, 424.952), (-101.902, 471.648), (-54.2478, 447.266), (-83.1222, 359.532), (-148.235, 332.402)))
(((-60.6065, -209.813), (-90.1639, -232.549), (-133.394, -207.846), (-137.045, -198.578), (-93.8749, -177.974), (-58.1802, -203.601), (-60.6065, -209.813)))
(((-56.4612, -137.25), (-91.4593, -154.301), (-120.287, -128.864), (-116.945, -111.041), (-96.3252, -96.8898), (-59.5374, -111.761), (-56.4612, -137.25)))
(((-91.0459, -644.106), (-106.902, -644.106), (-156.902, -607.779), (-176, -549), (-163.904, -511.772), (-45.7892, -513.413), (-14.4686, -549.953), (-91.0459, -644.106)))
(((-163.701, -511.775), (-175, -477), (-161.621, -435.824), (-139.011, -426.676), (-34.5958, -449.051), (-45.7892, -513.413), (-163.701, -511.775)))
(((-43, -195.062), (-58.1802, -203.601), (-93.8749, -177.974), (-91.4593, -154.301), (-56.4612, -137.25), (-43, -148.663), (-43, -195.062)))
(((-47.5, -100.025), (-59.5374, -111.761), (-96.3252, -96.8898), (-91.6453, -33.7113), (-47.5, -49.9412), (-47.5, -100.025)))
(((-40.6591, -258.257), (-93.4429, -273.536), (-90.1639, -232.549), (-60.6065, -209.813), (-40.6591, -258.257)))
(((-26.8377, -320.838), (-70.3072, -364.307), (-83.4744, -364.767), (-103.162, -313.58), (-94.435, -294.54), (-27.6881, -308.592), (-26.8377, -320.838)))
(((-54.2478, 447.266), (-101.902, 471.648), (-105.113, 536.655), (-52.6914, 586.951), (-17.0061, 458.904), (-54.2478, 447.266)))
(((-34.5958, -449.051), (-139.011, -426.676), (-83.4744, -364.767), (-70.3072, -364.307), (-36.5782, -386.568), (-13.2593, -435), (-34.5958, -449.051)))
(((-107.334, 219.012), (-137.902, 241.221), (-157, 300), (-146.196, 333.252), (-83.1222, 359.532), (-35.1468, 344.731), (-30.1418, 262.983), (-107.334, 219.012)))
(((-27.6881, -308.592), (-94.435, -294.54), (-95.5559, -276.605), (-93.4429, -273.536), (-40.6591, -258.257), (-34.6329, -260.922), (-23.923, -301.29), (-27.6881, -308.592)))
(((-133.102, 17.4621), (-123.902, 45.7785), (-78.5056, 78.7608), (-74.7274, 78.324), (-27.6728, 37.1512), (-18.6932, -38.2773), (-22.1294, -43.9716), (-47.5, -49.9412), (-91.6453, -33.7113), (-133.102, 17.4621)))
(((-6.27863, -242.019), (-34.6329, -260.922), (-40.6591, -258.257), (-60.6065, -209.813), (-58.1802, -203.601), (-43, -195.062), (-27.3898, -198.477), (-6.27863, -242.019)))
(((2.22117, -134.212), (-1.20697, -138.669), (-43, -148.663), (-56.4612, -137.25), (-59.5374, -111.761), (-47.5, -100.025), (-9.56727, -101.922), (1.88025, -113.076), (2.22117, -134.212)))
(((0.294796, 455.417), (-12.5991, 349.687), (-35.1468, 344.731), (-83.1222, 359.532), (-54.2478, 447.266), (-17.0061, 458.904), (0.294796, 455.417)))
(((-10.6996, -335.008), (-9.12585, -362.548), (-36.5782, -386.568), (-70.3072, -364.307), (-26.8377, -320.838), (-10.6996, -335.008)))
(((-8.44146, -61.3927), (-9.56727, -101.922), (-47.5, -100.025), (-47.5, -49.9412), (-22.1294, -43.9716), (-8.44146, -61.3927)))
(((-73.2511, 78.9525), (-103.902, 101.221), (-123, 160), (-107.799, 206.783), (21.6762, 183.435), (28.7647, 158.495), (-11.9003, 105.072), (-73.2511, 78.9525)))
(((5.63256, -185.406), (-27.3898, -198.477), (-43, -195.062), (-43, -148.663), (-1.20697, -138.669), (5.63256, -185.406)))
(((-107.355, 206.703), (-110.726, 217.08), (-30.1418, 262.983), (2.20173, 261.405), (35.1411, 216.701), (21.6762, 183.435), (-107.355, 206.703)))
(((34.0463, 334.654), (35.9883, 306.172), (2.20173, 261.405), (-30.1418, 262.983), (-35.1468, 344.731), (-12.5991, 349.687), (29.7113, 339.355), (34.0463, 334.654)))
(((20.4368, -512.073), (-12.3651, -549.866), (-14.4686, -549.953), (-45.7892, -513.413), (-34.5958, -449.051), (-13.2593, -435), (-5.40741, -435), (27.0433, -473.094), (20.4368, -512.073)))
(((32.2476, -402.204), (-5.40741, -435), (-13.2593, -435), (-36.5782, -386.568), (-9.12585, -362.548), (25.7812, -381.344), (32.3974, -401.192), (32.2476, -402.204)))
(((19.1711, -287.238), (-23.923, -301.29), (-34.6329, -260.922), (-6.27863, -242.019), (16.5263, -244.922), (19.1711, -287.238)))
(((74.2403, 517.935), (29.5146, 458.688), (0.294796, 455.417), (-17.0061, 458.904), (-52.6914, 586.951), (-48.3359, 597.038), (66.8532, 532.343), (74.3374, 518.919), (74.2403, 517.935)))
(((96.0035, -619.222), (79.9017, -668.779), (29.9017, -705.106), (-31.9017, -705.106), (-81.9017, -668.779), (-90.2403, -643.115), (-14.4686, -549.953), (-12.3651, -549.866), (96.0035, -619.222)))
(((25.8816, -20.4474), (-18.6932, -38.2773), (-27.6728, 37.1512), (30.7908, 18.8268), (25.8816, -20.4474)))
(((37.3695, -228.488), (16.5263, -244.922), (-6.27863, -242.019), (-27.3898, -198.477), (5.63256, -185.406), (17.2911, -190.156), (37.5915, -227.508), (37.3695, -228.488)))
(((25.7812, -381.344), (-9.12585, -362.548), (-10.6996, -335.008), (33.1413, -336.132), (25.7812, -381.344)))
(((44.8528, -325.439), (33.1413, -336.132), (-10.6996, -335.008), (-26.8377, -320.838), (-27.6881, -308.592), (-23.923, -301.29), (19.1711, -287.238), (43.2841, -303.477), (44.8528, -325.439)))
(((35.25, -92), (1.88025, -113.076), (-9.56727, -101.922), (-8.44146, -61.3927), (32.9192, -68.6916), (35.25, -92)))
(((52.3426, 423.846), (29.7113, 339.355), (-12.5991, 349.687), (0.294796, 455.417), (29.5146, 458.688), (52.3426, 423.846)))
(((32.9192, -68.6916), (-8.44146, -61.3927), (-22.1294, -43.9716), (-18.6932, -38.2773), (25.8816, -20.4474), (47.4698, -46.6149), (32.9192, -68.6916)))
(((-73.944, 77.6385), (-73.5597, 78.8211), (-11.9003, 105.072), (45.8393, 77.3571), (31.2625, 19.0498), (30.7908, 18.8268), (-27.6728, 37.1512), (-73.944, 77.6385)))
(((36.2083, -174.5), (17.2911, -190.156), (5.63256, -185.406), (-1.20697, -138.669), (2.22117, -134.212), (33.4865, -141.838), (36.2083, -174.5)))
(((53.8346, -134.534), (33.4865, -141.838), (2.22117, -134.212), (1.88025, -113.076), (35.25, -92), (63.7379, -109.225), (53.8346, -134.534)))
(((-51.0672, 626.57), (-41.9017, 654.779), (8.0983, 691.106), (69.9017, 691.106), (87.1619, 678.565), (66.8532, 532.343), (-48.3359, 597.038), (-51.0672, 626.57)))
(((79.1163, -273.345), (43.2841, -303.477), (19.1711, -287.238), (16.5263, -244.922), (37.3695, -228.488), (78.2311, -268.182), (79.1163, -273.345)))
(((88.5463, 112.62), (68.9853, 83.5294), (45.8393, 77.3571), (-11.9003, 105.072), (28.7647, 158.495), (88.8195, 136.937), (88.5463, 112.62)))
(((77.4266, 231.724), (35.1411, 216.701), (2.20173, 261.405), (35.9883, 306.172), (81.8807, 271.254), (77.4266, 231.724)))
(((94.3436, -618.16), (-12.3651, -549.866), (20.4368, -512.073), (83.6677, -522.611), (130.584, -585.522), (127.902, -593.779), (94.3436, -618.16)))
(((73.0903, -202.997), (37.5915, -227.508), (17.2911, -190.156), (36.2083, -174.5), (66.6136, -174.5), (73.0903, -202.997)))
(((66.6136, -174.5), (36.2083, -174.5), (33.4865, -141.838), (53.8346, -134.534), (72.2763, -162.635), (66.6136, -174.5)))
(((88.2851, -453.364), (75.5399, -468.764), (27.0433, -473.094), (-5.40741, -435), (32.2476, -402.204), (83.8811, -430.086), (88.2851, -453.364)))
(((77.9949, -365.891), (32.3974, -401.192), (25.7812, -381.344), (33.1413, -336.132), (44.8528, -325.439), (74.7598, -341.858), (77.9949, -365.891)))
(((83.6677, -522.611), (20.4368, -512.073), (27.0433, -473.094), (75.5399, -468.764), (83.6677, -522.611)))
(((85.8453, -10.8813), (55.1544, -46.1191), (47.4698, -46.6149), (25.8816, -20.4474), (30.7908, 18.8268), (31.2625, 19.0498), (79.3008, 15.2968), (85.8453, -10.8813)))
(((92.0679, -84.8253), (72.4968, -106.354), (63.7379, -109.225), (35.25, -92), (32.9192, -68.6916), (47.4698, -46.6149), (55.1544, -46.1191), (92.9248, -75.2563), (92.0679, -84.8253)))
(((79.3008, 15.2968), (31.2625, 19.0498), (45.8393, 77.3571), (68.9853, 83.5294), (94.5458, 32.4085), (79.3008, 15.2968)))
(((104.811, 346.629), (34.0463, 334.654), (29.7113, 339.355), (52.3426, 423.846), (103.23, 401.936), (104.811, 346.629)))
(((88.8195, 136.937), (28.7647, 158.495), (21.6762, 183.435), (35.1411, 216.701), (77.4266, 231.724), (102.254, 215.659), (112.082, 154.899), (88.8195, 136.937)))
(((83.8811, -430.086), (32.2476, -402.204), (32.3974, -401.192), (77.9949, -365.891), (113.189, -391.823), (83.8811, -430.086)))
(((78.2311, -268.182), (37.3695, -228.488), (37.5915, -227.508), (73.0903, -202.997), (83.0473, -205.869), (94.7603, -242.31), (78.2311, -268.182)))
(((104.731, -325.511), (74.7598, -341.858), (44.8528, -325.439), (43.2841, -303.477), (79.1163, -273.345), (105.435, -288.855), (104.731, -325.511)))
(((105.794, -153.059), (72.2763, -162.635), (53.8346, -134.534), (63.7379, -109.225), (72.4968, -106.354), (109.068, -148.149), (105.794, -153.059)))
(((139.861, 309.908), (81.8807, 271.254), (35.9883, 306.172), (34.0463, 334.654), (104.811, 346.629), (141.381, 314.425), (139.861, 309.908)))
(((117.958, -50.8333), (92.9248, -75.2563), (55.1544, -46.1191), (85.8453, -10.8813), (112.586, -29.3453), (117.958, -50.8333)))
(((114.666, -196.31), (83.0473, -205.869), (73.0903, -202.997), (66.6136, -174.5), (72.2763, -162.635), (105.794, -153.059), (114.666, -196.31)))
(((132.917, 470.615), (114.296, 408.101), (103.23, 401.936), (52.3426, 423.846), (29.5146, 458.688), (74.2403, 517.935), (132.917, 470.615)))
(((129.421, 38.8854), (94.5458, 32.4085), (68.9853, 83.5294), (88.5463, 112.62), (135.89, 73.9977), (137.842, 47.4512), (129.421, 38.8854)))
(((124.272, -388.978), (113.189, -391.823), (77.9949, -365.891), (74.7598, -341.858), (104.731, -325.511), (118.198, -334.28), (133.861, -379.033), (124.272, -388.978)))
(((115.775, -144.856), (109.068, -148.149), (72.4968, -106.354), (92.0679, -84.8253), (126.979, -108.442), (115.775, -144.856)))
(((122.384, -200.245), (124.165, -234.959), (94.7603, -242.31), (83.0473, -205.869), (114.666, -196.31), (122.384, -200.245)))
(((140.912, -583.192), (136.902, -586.106), (131.019, -586.106), (83.6677, -522.611), (75.5399, -468.764), (88.2851, -453.364), (137.25, -466), (140.912, -583.192)))
(((210.651, 587.075), (74.3374, 518.919), (66.8532, 532.343), (87.5147, 681.106), (141.902, 681.106), (191.902, 644.779), (210.651, 587.075)))
(((141.462, -276.846), (105.435, -288.855), (79.1163, -273.345), (78.2311, -268.182), (94.7603, -242.31), (124.165, -234.959), (144.096, -253.132), (141.462, -276.846)))
(((140.259, -2.66067), (112.586, -29.3453), (85.8453, -10.8813), (79.3008, 15.2968), (94.5458, 32.4085), (129.421, 38.8854), (140.259, -2.66067)))
(((157.824, 239.057), (102.254, 215.659), (77.4266, 231.724), (81.8807, 271.254), (139.861, 309.908), (157.824, 239.057)))
(((137.25, -466), (88.2851, -453.364), (83.8811, -430.086), (113.189, -391.823), (124.272, -388.978), (157.255, -449.996), (137.25, -466)))
(((153.605, -99.181), (126.979, -108.442), (92.0679, -84.8253), (92.9248, -75.2563), (117.958, -50.8333), (144.791, -58.6392), (153.605, -99.181)))
(((152.091, -192.364), (122.384, -200.245), (114.666, -196.31), (105.794, -153.059), (109.068, -148.149), (115.775, -144.856), (157.225, -156.423), (152.091, -192.364)))
(((150.888, -285.141), (155.295, -318.93), (118.198, -334.28), (104.731, -325.511), (105.435, -288.855), (141.462, -276.846), (150.888, -285.141)))
(((176.021, 118.994), (135.89, 73.9977), (88.5463, 112.62), (88.8195, 136.937), (112.082, 154.899), (162.599, 150.97), (176.021, 118.994)))
(((177.944, 331.464), (141.381, 314.425), (104.811, 346.629), (103.23, 401.936), (114.296, 408.101), (187.608, 397.627), (177.944, 331.464)))
(((194.221, 192.756), (162.599, 150.97), (112.082, 154.899), (102.254, 215.659), (157.824, 239.057), (179.338, 225.575), (194.221, 192.756)))
(((177.261, -127.44), (166.649, -149.449), (157.225, -156.423), (115.775, -144.856), (126.979, -108.442), (153.605, -99.181), (172.684, -109.402), (177.261, -127.44)))
(((165.768, -44.6549), (144.791, -58.6392), (117.958, -50.8333), (112.586, -29.3453), (140.259, -2.66067), (164.441, -14.1471), (165.768, -44.6549)))
(((171.084, -334.268), (140.409, -377.492), (133.861, -379.033), (118.198, -334.28), (155.295, -318.93), (171.084, -334.268)))
(((169.686, -233.16), (144.096, -253.132), (124.165, -234.959), (122.384, -200.245), (152.091, -192.364), (174.665, -211.713), (169.686, -233.16)))
(((233.01, 450.925), (187.608, 397.627), (114.296, 408.101), (132.917, 470.615), (229.106, 466.818), (233.01, 450.925)))
(((242.261, 531.819), (229.106, 466.818), (132.917, 470.615), (74.2403, 517.935), (74.3374, 518.919), (206.098, 584.799), (230.902, 566.779), (242.261, 531.819)))
(((175.863, -447.438), (157.255, -449.996), (124.272, -388.978), (133.861, -379.033), (140.409, -377.492), (222.306, -404.198), (175.863, -447.438)))
(((187.896, 2.51789), (164.441, -14.1471), (140.259, -2.66067), (129.421, 38.8854), (137.842, 47.4512), (186.462, 40.5054), (187.896, 2.51789)))
(((233.623, -560.332), (200.902, -584.106), (140.941, -584.106), (137.25, -466), (157.255, -449.996), (175.863, -447.438), (233.623, -560.332)))
(((203.22, 52.5933), (186.462, 40.5054), (137.842, 47.4512), (135.89, 73.9977), (176.021, 118.994), (201.696, 102.133), (203.22, 52.5933)))
(((196.556, -86.7547), (172.684, -109.402), (153.605, -99.181), (144.791, -58.6392), (165.768, -44.6549), (190.685, -53.1373), (202.705, -70.7672), (196.556, -86.7547)))
(((222.306, -404.198), (140.409, -377.492), (171.084, -334.268), (192.389, -335.389), (250.591, -393.591), (222.306, -404.198)))
(((205.588, -282.655), (150.888, -285.141), (141.462, -276.846), (144.096, -253.132), (169.686, -233.16), (206.444, -264.667), (205.588, -282.655)))
(((205.799, -282.969), (192.389, -335.389), (171.084, -334.268), (155.295, -318.93), (150.888, -285.141), (205.588, -282.655), (205.799, -282.969)))
(((174.665, -211.713), (152.091, -192.364), (157.225, -156.423), (166.649, -149.449), (200.252, -177.208), (175.171, -211.529), (174.665, -211.713)))
(((244.977, 296.684), (179.338, 225.575), (157.824, 239.057), (139.861, 309.908), (141.381, 314.425), (177.944, 331.464), (245.271, 300.793), (244.977, 296.684)))
(((214.124, -14.5307), (190.685, -53.1373), (165.768, -44.6549), (164.441, -14.1471), (187.896, 2.51789), (214.124, -14.5307)))
(((231.822, -144.86), (225.733, -172.961), (200.252, -177.208), (166.649, -149.449), (177.261, -127.44), (228.635, -140.284), (231.822, -144.86)))
(((206.444, -264.667), (169.686, -233.16), (174.665, -211.713), (175.171, -211.529), (212.129, -217.688), (224.785, -241.593), (206.444, -264.667)))
(((232.699, -185.691), (212.129, -217.688), (175.171, -211.529), (200.252, -177.208), (225.733, -172.961), (232.699, -185.691)))
(((228.635, -140.284), (177.261, -127.44), (172.684, -109.402), (196.556, -86.7547), (231.516, -114.355), (228.635, -140.284)))
(((234.531, -562.106), (175.863, -447.438), (222.306, -404.198), (250.591, -393.591), (268.641, -394.433), (280.686, -398.619), (293.902, -408.221), (313, -467), (313, -467), (293.902, -525.779), (243.902, -562.106), (234.531, -562.106)))
(((305.775, -11.3149), (214.124, -14.5307), (187.896, 2.51789), (186.462, 40.5054), (203.22, 52.5933), (313.393, 15.8691), (314, 14), (314, 14), (305.775, -11.3149)))
(((312.699, 137.995), (201.696, 102.133), (176.021, 118.994), (162.599, 150.97), (194.221, 192.756), (289.454, 180.727), (304.881, 170.066), (314, 142), (314, 142), (312.699, 137.995)))
(((314.721, -39.0624), (275.734, -59.0826), (202.705, -70.7672), (190.685, -53.1373), (214.124, -14.5307), (305.706, -11.3173), (314.721, -39.0624)))
(((250.591, -393.591), (192.389, -335.389), (205.799, -282.969), (240.826, -295.094), (268.641, -394.433), (250.591, -393.591)))
(((231.516, -114.355), (196.556, -86.7547), (202.705, -70.7672), (275.734, -59.0826), (231.516, -114.355)))
(((289.454, 180.727), (194.221, 192.756), (179.338, 225.575), (244.977, 296.684), (289.454, 180.727)))
(((260.928, 428.288), (276.129, 323.15), (245.271, 300.793), (177.944, 331.464), (187.608, 397.627), (233.01, 450.925), (260.928, 428.288)))
(((263.527, -237.64), (224.785, -241.593), (212.129, -217.688), (232.699, -185.691), (263.545, -202.099), (271.592, -219.628), (263.527, -237.64)))
(((312.893, 16.0356), (203.22, 52.5933), (201.696, 102.133), (312.804, 138.029), (315.902, 135.779), (335, 77), (335, 77), (315.902, 18.2215), (312.893, 16.0356)))
(((272.865, -268.113), (240.826, -295.094), (205.799, -282.969), (205.588, -282.655), (206.444, -264.667), (224.785, -241.593), (263.527, -237.64), (272.865, -268.113)))
(((326.959, -52.4511), (279.636, -141.182), (231.822, -144.86), (228.635, -140.284), (231.516, -114.355), (275.734, -59.0826), (311.094, -40.9245), (326.959, -52.4511)))
(((286.118, -159.33), (263.545, -202.099), (232.699, -185.691), (225.733, -172.961), (231.822, -144.86), (279.636, -141.182), (286.118, -159.33)))
(((365.495, -316.866), (350.902, -361.779), (300.902, -398.106), (279.207, -398.106), (268.641, -394.433), (240.826, -295.094), (272.865, -268.113), (365.495, -316.866)))
(((381.524, -208.256), (271.592, -219.628), (263.545, -202.099), (286.118, -159.33), (381.524, -208.256)))
(((305.129, 169.894), (289.454, 180.727), (244.977, 296.684), (245.271, 300.793), (276.129, 323.15), (383.927, 311.39), (399, 265), (399, 265), (379.902, 206.221), (329.902, 169.894), (305.129, 169.894)))
(((364.782, -316.49), (272.865, -268.113), (263.527, -237.64), (271.592, -219.628), (381.524, -208.256), (388.042, -209.197), (400, -246), (400, -246), (380.902, -304.779), (364.782, -316.49)))
(((385.079, 311.264), (276.129, 323.15), (260.928, 428.288), (396.807, 418.68), (411, 375), (411, 375), (391.902, 316.221), (385.079, 311.264)))
(((392.136, -209.788), (381.524, -208.256), (286.118, -159.33), (279.636, -141.182), (326.19, -53.8943), (344.902, -53.8943), (394.902, -90.2215), (414, -149), (414, -149), (394.902, -207.779), (392.136, -209.788)))
(((399.953, 418.458), (260.928, 428.288), (233.01, 450.925), (229.106, 466.818), (243.379, 537.341), (256.067, 546.56), (403.951, 517.238), (418, 474), (418, 474), (399.953, 418.458)))
(((402.933, 517.44), (255.049, 546.762), (241, 590), (260.098, 648.779), (310.098, 685.106), (371.902, 685.106), (421.902, 648.779), (441, 590), (441, 590), (421.902, 531.221), (402.933, 517.44)))
