(((-292.797, -165.947), (-310, -113), (-290.902, -54.2215), (-279.978, -46.2848), (-192.061, -94.2394), (-184.7, -120.616), (-292.797, -165.947)))
(((-280.049, -196.169), (-290.22, -164.866), (-184.7, -120.616), (-170.796, -130.317), (-168.709, -146.712), (-273.177, -194.928), (-280.049, -196.169)))
(((-279.537, -439.667), (-296, -389), (-279.72, -338.896), (-237.63, -346.217), (-163.854, -379.416), (-170.431, -405.723), (-279.537, -439.667)))
(((-245.263, 506.688), (-274.902, 528.221), (-294, 587), (-274.902, 645.779), (-224.902, 682.106), (-163.098, 682.106), (-161.659, 681.06), (-158.014, 553.504), (-245.263, 506.688)))
(((-278.824, -46.9142), (-266.902, -10.2215), (-216.902, 26.1057), (-158.431, 26.1057), (-166.11, -78.8307), (-192.061, -94.2394), (-278.824, -46.9142)))
(((-163.844, -153.052), (-176.185, -192.819), (-273.177, -194.928), (-168.709, -146.712), (-163.844, -153.052)))
(((-277.749, -339.239), (-284, -320), (-267.104, -268), (-264.5, -268), (-181.216, -288.821), (-158.842, -320.922), (-159.761, -330.106), (-237.63, -346.217), (-277.749, -339.239)))
(((-267.104, -268), (-284, -216), (-277.401, -195.69), (-273.177, -194.928), (-176.185, -192.819), (-154.608, -209.148), (-154.247, -230.414), (-264.5, -268), (-267.104, -268)))
(((-265.481, -484.84), (-280.102, -439.843), (-170.431, -405.723), (-156.997, -423.923), (-163.449, -460.212), (-265.481, -484.84)))
(((-157.247, -374.767), (-163.854, -379.416), (-237.63, -346.217), (-159.761, -330.106), (-152.638, -343.163), (-157.247, -374.767)))
(((-151.602, -233), (-143.898, -270.666), (-181.216, -288.821), (-264.5, -268), (-154.247, -230.414), (-151.602, -233)))
(((-240.216, -557.089), (-248.902, -550.779), (-268, -492), (-265.69, -484.891), (-163.449, -460.212), (-131.61, -479.952), (-148.953, -522.52), (-240.216, -557.089)))
(((-144.057, -111.748), (-170.796, -130.317), (-184.7, -120.616), (-192.061, -94.2394), (-166.11, -78.8307), (-141.931, -97.1727), (-144.057, -111.748)))
(((-128.537, -186.699), (-154.608, -209.148), (-176.185, -192.819), (-163.844, -153.052), (-133.846, -163.051), (-128.537, -186.699)))
(((-131.835, -304.525), (-158.842, -320.922), (-181.216, -288.821), (-143.898, -270.666), (-130.487, -278.246), (-131.835, -304.525)))
(((-119.699, 409.894), (-180.902, 409.894), (-230.902, 446.221), (-249.764, 504.273), (-158.014, 553.504), (-81.5262, 529.83), (-80.9413, 529.288), (-117.81, 411.308), (-119.699, 409.894)))
(((-158.651, 23.1057), (-131.203, 23.1057), (-115.182, 1.80955), (-113.912, -76.9367), (-141.931, -97.1727), (-166.11, -78.8307), (-158.651, 23.1057)))
(((-172.025, -653.106), (-173.902, -653.106), (-223.902, -616.779), (-242.958, -558.128), (-148.953, -522.52), (-105.825, -550.945), (-100.106, -564.354), (-172.025, -653.106)))
(((-113.148, -139.684), (-133.846, -163.051), (-163.844, -153.052), (-168.709, -146.712), (-170.796, -130.317), (-144.057, -111.748), (-114.577, -135.128), (-113.148, -139.684)))
(((-126, -421.538), (-156.997, -423.923), (-170.431, -405.723), (-163.854, -379.416), (-157.247, -374.767), (-126, -381.415), (-126, -421.538)))
(((-114.178, -474.383), (-131.61, -479.952), (-163.449, -460.212), (-156.997, -423.923), (-126, -421.538), (-113.228, -429.726), (-114.178, -474.383)))
(((-119.618, -338.902), (-152.638, -343.163), (-159.761, -330.106), (-158.842, -320.922), (-131.835, -304.525), (-113.957, -319.652), (-119.618, -338.902)))
(((-106.64, -374), (-126, -381.415), (-157.247, -374.767), (-152.638, -343.163), (-119.618, -338.902), (-100.026, -366.891), (-106.64, -374)))
(((-97.2411, -269.242), (-130.487, -278.246), (-143.898, -270.666), (-151.602, -233), (-107.486, -233), (-105.456, -235.088), (-92.42, -261.16), (-97.2411, -269.242)))
(((-107.486, -233), (-151.602, -233), (-154.247, -230.414), (-154.608, -209.148), (-128.537, -186.699), (-106.435, -195.163), (-107.486, -233)))
(((-161.607, 679.234), (-154.902, 684.106), (-108.898, 684.106), (-81.5262, 529.83), (-158.014, 553.504), (-161.607, 679.234)))
(((-95.76, -94.5984), (-114.577, -135.128), (-144.057, -111.748), (-141.931, -97.1727), (-113.912, -76.9367), (-95.76, -94.5984)))
(((-83.2879, -492.348), (-105.825, -550.945), (-148.953, -522.52), (-131.61, -479.952), (-114.178, -474.383), (-85.3423, -484.131), (-83.2879, -492.348)))
(((-113.228, -429.726), (-126, -421.538), (-126, -381.415), (-106.64, -374), (-93.9983, -419.149), (-113.228, -429.726)))
(((-84.3425, -309.781), (-113.957, -319.652), (-131.835, -304.525), (-130.487, -278.246), (-97.2411, -269.242), (-84.3425, -309.781)))
(((-90.4361, -189.164), (-106.435, -195.163), (-128.537, -186.699), (-133.846, -163.051), (-113.148, -139.684), (-89.9032, -147.597), (-82.4681, -175.986), (-90.4361, -189.164)))
(((-73.9931, -337.564), (-99.5693, -366.793), (-100.026, -366.891), (-119.618, -338.902), (-113.957, -319.652), (-84.3425, -309.781), (-81.1044, -311.853), (-73.9931, -337.564)))
(((-72.178, -134.795), (-89.9032, -147.597), (-113.148, -139.684), (-114.577, -135.128), (-95.76, -94.5984), (-74.2197, -98.0448), (-72.178, -134.795)))
(((-49.2293, -454.705), (-85.3423, -484.131), (-114.178, -474.383), (-113.228, -429.726), (-93.9983, -419.149), (-72.7383, -420.506), (-52.0282, -442.851), (-49.2293, -454.705)))
(((-69.496, -212.959), (-105.456, -235.088), (-107.486, -233), (-106.435, -195.163), (-90.4361, -189.164), (-69.496, -212.959)))
(((-72.7383, -420.506), (-93.9983, -419.149), (-106.64, -374), (-100.026, -366.891), (-99.5693, -366.793), (-64.7632, -386.833), (-72.7383, -420.506)))
(((-167.607, -658.531), (-170.13, -650.766), (-100.106, -564.354), (-39.625, -572.312), (-59.6683, -649.145), (-167.607, -658.531)))
(((-66.9374, -26.1845), (-69.3167, -95.1848), (-74.2197, -98.0448), (-95.76, -94.5984), (-113.912, -76.9367), (-115.182, 1.80955), (-66.9374, -26.1845)))
(((-60.8066, -253.821), (-92.42, -261.16), (-105.456, -235.088), (-69.496, -212.959), (-63.9888, -215.634), (-60.8066, -253.821)))
(((-61.1454, -792.106), (-107.902, -792.106), (-157.902, -755.779), (-177, -697), (-164.41, -658.253), (-59.6683, -649.145), (-53.8406, -653.949), (-41.6154, -680.252), (-61.1454, -792.106)))
(((-39.625, -572.312), (-100.106, -564.354), (-105.825, -550.945), (-83.2879, -492.348), (-35.577, -535.586), (-36.0132, -570.046), (-39.625, -572.312)))
(((-35.3146, -369.273), (-38.1153, -374.778), (-64.7632, -386.833), (-99.5693, -366.793), (-73.9931, -337.564), (-36.7268, -351.198), (-35.3146, -369.273)))
(((-36.58, -293.803), (-81.1044, -311.853), (-84.3425, -309.781), (-97.2411, -269.242), (-92.42, -261.16), (-60.8066, -253.821), (-60.1432, -254.08), (-36.4469, -292.586), (-36.58, -293.803)))
(((-46.961, -175.026), (-82.4681, -175.986), (-89.9032, -147.597), (-72.178, -134.795), (-53.0285, -139.835), (-46.961, -175.026)))
(((-43.4686, -203.45), (-63.9888, -215.634), (-69.496, -212.959), (-90.4361, -189.164), (-82.4681, -175.986), (-46.961, -175.026), (-39.6364, -179.909), (-43.4686, -203.45)))
(((-108.8, 683.555), (-92.9017, 695.106), (-31.0983, 695.106), (18.9017, 658.779), (26.9206, 634.099), (-18.2347, 564.515), (-69.6691, 531.369), (-80.9413, 529.288), (-81.5262, 529.83), (-108.8, 683.555)))
(((-140.247, 257.283), (-159, 315), (-139.902, 373.779), (-130.167, 380.851), (-24.5146, 321.252), (-26.9977, 279.038), (-49.4532, 265.454), (-140.247, 257.283)))
(((-40.0225, -132.346), (-53.0285, -139.835), (-72.178, -134.795), (-74.2197, -98.0448), (-69.3167, -95.1848), (-41.2834, -95.7812), (-40.0225, -132.346)))
(((-28.2262, -87.8333), (-41.2834, -95.7812), (-69.3167, -95.1848), (-66.9374, -26.1845), (-59.7572, -27.7606), (-24.9563, -77.0619), (-28.2262, -87.8333)))
(((-20.6963, -329.378), (-36.7268, -351.198), (-73.9931, -337.564), (-81.1044, -311.853), (-36.58, -293.803), (-20.4141, -320.207), (-20.6963, -329.378)))
(((-122.632, 150.213), (-130.902, 156.221), (-150, 215), (-136.141, 257.652), (-49.4532, 265.454), (-9.55837, 181.465), (-40.883, 162.67), (-122.632, 150.213)))
(((-27.3102, -406.363), (-52.0282, -442.851), (-72.7383, -420.506), (-64.7632, -386.833), (-38.1153, -374.778), (-27.3102, -406.363)))
(((-1.27444, -483.613), (-35.577, -535.586), (-83.2879, -492.348), (-85.3423, -484.131), (-49.2293, -454.705), (-6.52721, -471.546), (-1.27444, -483.613)))
(((-21.6627, -236.489), (-60.1432, -254.08), (-60.8066, -253.821), (-63.9888, -215.634), (-43.4686, -203.45), (-16.5633, -229.279), (-21.6627, -236.489)))
(((2.34504, 437.847), (-29.0677, 412.073), (-117.81, 411.308), (-80.9413, 529.288), (-69.6691, 531.369), (7.10811, 466.108), (2.34504, 437.847)))
(((-128.569, 379.949), (-118.563, 410.745), (-117.81, 411.308), (-29.0677, 412.073), (6.01425, 353.911), (-24.5146, 321.252), (-128.569, 379.949)))
(((-15.5981, -172.55), (-39.6364, -179.909), (-46.961, -175.026), (-53.0285, -139.835), (-40.0225, -132.346), (-14.6343, -139.813), (-9.14991, -152.803), (-15.5981, -172.55)))
(((-131.579, 23.6054), (-119.207, 61.6841), (-21.2909, 59.7258), (-2.80474, 43.583), (-1.0649, 13.1358), (-23.2973, -17.7027), (-59.7572, -27.7606), (-66.9374, -26.1845), (-115.182, 1.80955), (-131.579, 23.6054)))
(((-118.295, 61.6659), (-134, 110), (-120.845, 150.485), (-40.883, 162.67), (-3.31264, 96.9221), (-21.2909, 59.7258), (-118.295, 61.6659)))
(((-12.78, -273.5), (-36.4469, -292.586), (-60.1432, -254.08), (-21.6627, -236.489), (-12.78, -273.5)))
(((-14.6343, -139.813), (-40.0225, -132.346), (-41.2834, -95.7812), (-28.2262, -87.8333), (-2.8554, -112.329), (-14.6343, -139.813)))
(((5.42035, -222.358), (-16.5633, -229.279), (-43.4686, -203.45), (-39.6364, -179.909), (-15.5981, -172.55), (4.86801, -193.637), (5.42035, -222.358)))
(((13.7137, -56.3121), (-24.9563, -77.0619), (-59.7572, -27.7606), (-23.2973, -17.7027), (14.2582, -55.2582), (13.7137, -56.3121)))
(((14.949, -435.541), (-6.52721, -471.546), (-49.2293, -454.705), (-52.0282, -442.851), (-27.3102, -406.363), (12.6204, -414.584), (14.949, -435.541)))
(((10.0125, -638.375), (-53.8406, -653.949), (-59.6683, -649.145), (-39.625, -572.312), (-36.0132, -570.046), (6.46078, -579.18), (10.0125, -638.375)))
(((48.6978, -780.004), (16.9017, -803.106), (-44.9017, -803.106), (-61.0212, -791.394), (-41.6154, -680.252), (5.04762, -688.736), (48.6978, -780.004)))
(((12.6204, -414.584), (-27.3102, -406.363), (-38.1153, -374.778), (-35.3146, -369.273), (3.11326, -377.185), (13.5474, -412.661), (12.6204, -414.584)))
(((34.9919, 262.827), (3.26536, 182.821), (-9.55837, 181.465), (-49.4532, 265.454), (-26.9977, 279.038), (34.893, 263.767), (34.9919, 262.827)))
(((25.8621, -652.784), (5.04762, -688.736), (-41.6154, -680.252), (-53.8406, -653.949), (10.0125, -638.375), (25.8621, -652.784)))
(((3.11326, -377.185), (-35.3146, -369.273), (-36.7268, -351.198), (-20.6963, -329.378), (26.053, -351.378), (3.11326, -377.185)))
(((18.8571, -300.571), (-20.4141, -320.207), (-36.58, -293.803), (-36.4469, -292.586), (-12.78, -273.5), (9.83333, -273.5), (18.8571, -300.571)))
(((23.209, -254.239), (9.83333, -273.5), (-12.78, -273.5), (-21.6627, -236.489), (-16.5633, -229.279), (5.42035, -222.358), (17.6475, -230.139), (23.209, -254.239)))
(((7.10811, 466.108), (-69.6691, 531.369), (-18.2347, 564.515), (36.9769, 495.977), (7.10811, 466.108)))
(((36.3973, 117.182), (-3.31264, 96.9221), (-40.883, 162.67), (-9.55837, 181.465), (3.26536, 182.821), (42.8289, 159.865), (36.3973, 117.182)))
(((27.1969, -107.548), (-2.8554, -112.329), (-28.2262, -87.8333), (-24.9563, -77.0619), (13.7137, -56.3121), (27.1969, -107.548)))
(((35.1081, -506.27), (25.2338, -572.922), (6.46078, -579.18), (-36.0132, -570.046), (-35.577, -535.586), (-1.27444, -483.613), (32.875, -500.688), (35.1081, -506.27)))
(((53.2835, -33.0542), (14.2582, -55.2582), (-23.2973, -17.7027), (-1.0649, 13.1358), (55.3034, -30.3483), (53.2835, -33.0542)))
(((39.9247, -122.626), (13.602, -150.203), (-9.14991, -152.803), (-14.6343, -139.813), (-2.8554, -112.329), (27.1969, -107.548), (36.185, -112.708), (39.9247, -122.626)))
(((83.5074, 318.911), (34.893, 263.767), (-26.9977, 279.038), (-24.5146, 321.252), (6.01425, 353.911), (63, 341.951), (83.5074, 318.911)))
(((26.053, -351.378), (-20.6963, -329.378), (-20.4141, -320.207), (18.8571, -300.571), (30.7237, -305.965), (26.728, -351.25), (26.053, -351.378)))
(((4.86801, -193.637), (-15.5981, -172.55), (-9.14991, -152.803), (13.602, -150.203), (34.4444, -177), (4.86801, -193.637)))
(((51.5136, -390.087), (13.5474, -412.661), (3.11326, -377.185), (26.053, -351.378), (26.728, -351.25), (49.9533, -360.962), (51.5136, -390.087)))
(((68.7513, 69.1573), (45.0942, 49.3023), (-2.80474, 43.583), (-21.2909, 59.7258), (-3.31264, 96.9221), (36.3973, 117.182), (69.7645, 75.0343), (68.7513, 69.1573)))
(((63, 341.951), (6.01425, 353.911), (-29.0677, 412.073), (2.34504, 437.847), (63, 413.778), (63, 341.951)))
(((55.263, -182.843), (39.8564, -221.359), (17.6475, -230.139), (5.42035, -222.358), (4.86801, -193.637), (34.4444, -177), (49.5595, -177), (55.263, -182.843)))
(((49.5595, -177), (34.4444, -177), (13.602, -150.203), (39.9247, -122.626), (54.4951, -135.541), (49.5595, -177)))
(((78.5387, -769.745), (62.9017, -781.106), (49.2244, -781.106), (5.04762, -688.736), (25.8621, -652.784), (50.6484, -653.535), (78.5387, -769.745)))
(((55.6348, -298.545), (30.7237, -305.965), (18.8571, -300.571), (9.83333, -273.5), (23.209, -254.239), (45.074, -263.694), (55.6348, -298.545)))
(((108.337, 601.095), (82.7228, 506.324), (36.9769, 495.977), (-18.2347, 564.515), (26.9249, 634.106), (62.9017, 634.106), (108.337, 601.095)))
(((78.0857, -629.146), (50.6484, -653.535), (25.8621, -652.784), (10.0125, -638.375), (6.46078, -579.18), (25.2338, -572.922), (38.931, -576.931), (78.9105, -616.911), (78.0857, -629.146)))
(((57.9252, -29.0374), (55.3034, -30.3483), (-1.0649, 13.1358), (-2.80474, 43.583), (45.0942, 49.3023), (63.9888, -17.6876), (57.9252, -29.0374)))
(((67.8202, -471.566), (32.875, -500.688), (-1.27444, -483.613), (-6.52721, -471.546), (14.949, -435.541), (55.3334, -441.451), (67.8202, -471.566)))
(((60.6491, -89.0331), (36.185, -112.708), (27.1969, -107.548), (13.7137, -56.3121), (14.2582, -55.2582), (53.2835, -33.0542), (60.6491, -89.0331)))
(((76.1787, -411.052), (55.3334, -441.451), (14.949, -435.541), (12.6204, -414.584), (13.5474, -412.661), (51.5136, -390.087), (76.1787, -411.052)))
(((77.9588, -326.858), (68.4258, -349.239), (49.9533, -360.962), (26.728, -351.25), (30.7237, -305.965), (55.6348, -298.545), (69.6656, -303.222), (77.9588, -326.858)))
(((68.5557, -248.909), (45.074, -263.694), (23.209, -254.239), (17.6475, -230.139), (39.8564, -221.359), (67.3543, -232.891), (68.5557, -248.909)))
(((72.7244, 168.313), (42.8289, 159.865), (3.26536, 182.821), (34.9919, 262.827), (91.6015, 199.356), (72.7244, 168.313)))
(((99.6851, 477.425), (91.3684, 435.842), (63, 413.778), (2.34504, 437.847), (7.10811, 466.108), (36.9769, 495.977), (82.7228, 506.324), (99.6851, 477.425)))
(((90.8579, -540.277), (38.931, -576.931), (25.2338, -572.922), (35.1081, -506.27), (89.1109, -530.272), (90.8579, -540.277)))
(((80.4684, -220.245), (67.3543, -232.891), (39.8564, -221.359), (55.263, -182.843), (72.3385, -186.709), (80.4684, -220.245)))
(((69.6656, -303.222), (55.6348, -298.545), (45.074, -263.694), (68.5557, -248.909), (99.4709, -272.611), (69.6656, -303.222)))
(((99.7308, -102.731), (87.9495, -133.493), (54.4951, -135.541), (39.9247, -122.626), (36.185, -112.708), (60.6491, -89.0331), (97.9597, -97.3244), (99.7308, -102.731)))
(((91.2811, -138.222), (88.8831, -178.988), (72.3385, -186.709), (55.263, -182.843), (49.5595, -177), (54.4951, -135.541), (87.9495, -133.493), (91.2811, -138.222)))
(((110.023, 13.6153), (63.9888, -17.6876), (45.0942, 49.3023), (68.7513, 69.1573), (113.126, 25.8651), (110.023, 13.6153)))
(((105.833, -498.833), (89.1109, -530.272), (35.1081, -506.27), (32.875, -500.688), (67.8202, -471.566), (92.5028, -474.077), (105.833, -498.833)))
(((118.591, 110.963), (69.7645, 75.0343), (36.3973, 117.182), (42.8289, 159.865), (72.7244, 168.313), (116.069, 124.046), (118.591, 110.963)))
(((97.9597, -97.3244), (60.6491, -89.0331), (53.2835, -33.0542), (55.3034, -30.3483), (57.9252, -29.0374), (96.4618, -51.8448), (105.446, -75.3046), (97.9597, -97.3244)))
(((105.806, -393.141), (81.2884, -410.972), (76.1787, -411.052), (51.5136, -390.087), (49.9533, -360.962), (68.4258, -349.239), (107.48, -377.52), (105.806, -393.141)))
(((92.5028, -474.077), (67.8202, -471.566), (55.3334, -441.451), (76.1787, -411.052), (81.2884, -410.972), (107.573, -451.714), (92.5028, -474.077)))
(((163.906, -729.687), (162.902, -732.779), (112.902, -769.106), (78.3854, -769.106), (50.6484, -653.535), (78.0857, -629.146), (152.07, -692.341), (155.928, -699.224), (163.906, -729.687)))
(((78.9105, -616.911), (38.931, -576.931), (90.8579, -540.277), (92, -541.267), (92, -606.972), (78.9105, -616.911)))
(((146.484, 225.39), (91.6015, 199.356), (34.9919, 262.827), (34.893, 263.767), (83.5074, 318.911), (85.2886, 318.731), (143.682, 258.738), (146.484, 225.39)))
(((106.697, -270.993), (99.4709, -272.611), (68.5557, -248.909), (67.3543, -232.891), (80.4684, -220.245), (104.659, -224.276), (107.254, -269.687), (106.697, -270.993)))
(((104.659, -224.276), (80.4684, -220.245), (72.3385, -186.709), (88.8831, -178.988), (103.59, -183.434), (118.855, -212.168), (104.659, -224.276)))
(((107.48, -377.52), (68.4258, -349.239), (77.9588, -326.858), (104.643, -328.719), (125.058, -359.942), (107.48, -377.52)))
(((161.136, 379.409), (85.2886, 318.731), (83.5074, 318.911), (63, 341.951), (63, 413.778), (91.3684, 435.842), (161.584, 380.89), (161.136, 379.409)))
(((145.695, -586.091), (92, -606.972), (92, -541.267), (157.905, -569.093), (145.695, -586.091)))
(((138.267, -298.975), (104.643, -328.719), (77.9588, -326.858), (69.6656, -303.222), (99.4709, -272.611), (106.697, -270.993), (138.267, -298.975)))
(((125.851, -167.167), (103.59, -183.434), (88.8831, -178.988), (91.2811, -138.222), (126.333, -148.843), (125.851, -167.167)))
(((136.605, -28.5359), (96.4618, -51.8448), (57.9252, -29.0374), (63.9888, -17.6876), (110.023, 13.6153), (138.861, -24.5254), (136.605, -28.5359)))
(((145.168, -431.609), (136.462, -443.217), (107.573, -451.714), (81.2884, -410.972), (105.806, -393.141), (141.879, -415.924), (145.168, -431.609)))
(((149.348, 46.9946), (113.126, 25.8651), (68.7513, 69.1573), (69.7645, 75.0343), (118.591, 110.963), (138.612, 98.1967), (149.348, 46.9946)))
(((145.041, -133.437), (126.333, -148.843), (91.2811, -138.222), (87.9495, -133.493), (99.7308, -102.731), (143.76, -115.82), (145.041, -133.437)))
(((157.905, -569.093), (92, -541.267), (90.8579, -540.277), (89.1109, -530.272), (105.833, -498.833), (156.036, -503.569), (165.31, -509.562), (165.93, -564.746), (157.905, -569.093)))
(((160.852, 212.002), (162.181, 176.108), (116.069, 124.046), (72.7244, 168.313), (91.6015, 199.356), (146.484, 225.39), (160.852, 212.002)))
(((152.07, -692.341), (78.0857, -629.146), (78.9105, -616.911), (92, -606.972), (145.695, -586.091), (152.07, -692.341)))
(((156.748, -232.072), (107.254, -269.687), (104.659, -224.276), (118.855, -212.168), (151.788, -214.105), (155.698, -217.799), (156.748, -232.072)))
(((142.418, -72.1356), (105.446, -75.3046), (96.4618, -51.8448), (136.605, -28.5359), (142.418, -72.1356)))
(((156.036, -503.569), (105.833, -498.833), (92.5028, -474.077), (107.573, -451.714), (136.462, -443.217), (156.036, -503.569)))
(((151.743, -309.028), (140.31, -357.302), (125.058, -359.942), (104.643, -328.719), (138.267, -298.975), (141.419, -299.696), (151.743, -309.028)))
(((151.788, -214.105), (118.855, -212.168), (103.59, -183.434), (125.851, -167.167), (150.001, -185.521), (151.788, -214.105)))
(((160.622, -93.3367), (143.76, -115.82), (99.7308, -102.731), (97.9597, -97.3244), (105.446, -75.3046), (142.418, -72.1356), (157.528, -82.5961), (160.622, -93.3367)))
(((161.328, -386.361), (141.879, -415.924), (105.806, -393.141), (107.48, -377.52), (125.058, -359.942), (140.31, -357.302), (155.275, -367.395), (161.328, -386.361)))
(((161.584, 380.89), (91.3684, 435.842), (99.6851, 477.425), (169.154, 470.576), (200.504, 420.285), (161.584, 380.89)))
(((169.033, -252.137), (141.419, -299.696), (138.267, -298.975), (106.697, -270.993), (107.254, -269.687), (156.748, -232.072), (169.033, -252.137)))
(((169.154, 470.576), (99.6851, 477.425), (82.7228, 506.324), (108.415, 601.385), (188.522, 529.524), (169.154, 470.576)))
(((150.001, -185.521), (125.851, -167.167), (126.333, -148.843), (145.041, -133.437), (173.938, -153.969), (150.001, -185.521)))
(((190.519, 27.3351), (186.306, 8.37903), (157.235, -22.3079), (138.861, -24.5254), (110.023, 13.6153), (113.126, 25.8651), (149.348, 46.9946), (185.745, 33.5326), (190.519, 27.3351)))
(((157.528, -82.5961), (142.418, -72.1356), (136.605, -28.5359), (138.861, -24.5254), (157.235, -22.3079), (178.437, -52.1833), (157.528, -82.5961)))
(((204.188, 119.275), (138.612, 98.1967), (118.591, 110.963), (116.069, 124.046), (162.181, 176.108), (204.188, 119.275)))
(((210.195, 305.192), (143.682, 258.738), (85.2886, 318.731), (161.136, 379.409), (210.195, 305.192)))
(((181.364, -497.772), (165.31, -509.562), (156.036, -503.569), (136.462, -443.217), (145.168, -431.609), (179.304, -438.174), (185.198, -447.996), (183.038, -494.423), (181.364, -497.772)))
(((193.083, -343.089), (155.275, -367.395), (140.31, -357.302), (151.743, -309.028), (162.817, -310.662), (193.083, -343.089)))
(((187.365, -153.521), (173.938, -153.969), (145.041, -133.437), (143.76, -115.82), (160.622, -93.3367), (209.218, -107.915), (187.365, -153.521)))
(((204.89, -604.02), (155.928, -699.224), (152.07, -692.341), (145.695, -586.091), (157.905, -569.093), (165.93, -564.746), (197.378, -576.742), (204.89, -604.02)))
(((201.522, -407.069), (179.304, -438.174), (145.168, -431.609), (141.879, -415.924), (161.328, -386.361), (195.401, -394.028), (201.522, -407.069)))
(((192.837, -291.558), (162.817, -310.662), (151.743, -309.028), (141.419, -299.696), (169.033, -252.137), (195.009, -261.878), (192.837, -291.558)))
(((199.692, -168.847), (182.316, -208.564), (155.698, -217.799), (151.788, -214.105), (150.001, -185.521), (173.938, -153.969), (187.365, -153.521), (199.692, -168.847)))
(((213.905, 116.252), (185.745, 33.5326), (149.348, 46.9946), (138.612, 98.1967), (204.188, 119.275), (213.905, 116.252)))
(((194.847, -343.467), (201.314, -380.114), (195.401, -394.028), (161.328, -386.361), (155.275, -367.395), (193.083, -343.089), (194.847, -343.467)))
(((205.43, -51.5698), (178.437, -52.1833), (157.235, -22.3079), (186.306, 8.37903), (215.593, -41.4074), (205.43, -51.5698)))
(((209.218, -107.915), (160.622, -93.3367), (157.528, -82.5961), (178.437, -52.1833), (205.43, -51.5698), (209.642, -107.724), (209.218, -107.915)))
(((211.068, -254.636), (195.009, -261.878), (169.033, -252.137), (156.748, -232.072), (155.698, -217.799), (182.316, -208.564), (210.193, -220.511), (211.068, -254.636)))
(((219.471, -332.633), (194.847, -343.467), (193.083, -343.089), (162.817, -310.662), (192.837, -291.558), (226.102, -313.735), (219.471, -332.633)))
(((290.311, 129.947), (213.905, 116.252), (204.188, 119.275), (162.181, 176.108), (160.852, 212.002), (232.822, 211.155), (298.79, 156.043), (290.311, 129.947)))
(((232.822, 211.155), (160.852, 212.002), (146.484, 225.39), (143.682, 258.738), (210.195, 305.192), (241.083, 300.65), (232.822, 211.155)))
(((291.896, 539.748), (188.522, 529.524), (111.131, 598.948), (123.098, 635.779), (173.098, 672.106), (234.902, 672.106), (284.902, 635.779), (304, 577), (304, 577), (291.896, 539.748)))
(((236.391, -464.783), (183.038, -494.423), (185.198, -447.996), (229.527, -451.054), (236.391, -464.783)))
(((224.736, -210.245), (210.193, -220.511), (182.316, -208.564), (199.692, -168.847), (222.788, -175.187), (224.736, -210.245)))
(((293.545, -685.487), (288.902, -699.779), (238.902, -736.106), (177.098, -736.106), (162.882, -725.777), (155.928, -699.224), (204.89, -604.02), (293.545, -685.487)))
(((229.527, -451.054), (185.198, -447.996), (179.304, -438.174), (201.522, -407.069), (233.3, -416.338), (229.527, -451.054)))
(((244.95, -557.226), (197.378, -576.742), (165.93, -564.746), (165.31, -509.562), (181.364, -497.772), (238.626, -515.768), (244.95, -557.226)))
(((304.591, 460.121), (292.892, 447.404), (226.117, 421.467), (200.504, 420.285), (169.154, 470.576), (188.522, 529.524), (295.423, 540.097), (313, 486), (313, 486), (304.591, 460.121)))
(((226.102, -313.735), (192.837, -291.558), (195.009, -261.878), (211.068, -254.636), (226.585, -259.411), (232.942, -308.673), (226.102, -313.735)))
(((234.342, -371.498), (201.314, -380.114), (194.847, -343.467), (219.471, -332.633), (236.797, -352.846), (234.342, -371.498)))
(((241.083, 300.65), (210.195, 305.192), (161.136, 379.409), (161.584, 380.89), (200.504, 420.285), (226.117, 421.467), (251.572, 305.506), (241.083, 300.65)))
(((241.108, -166.962), (222.788, -175.187), (199.692, -168.847), (187.365, -153.521), (209.218, -107.915), (209.642, -107.724), (235.371, -110.093), (245.189, -158.09), (241.108, -166.962)))
(((314.487, 6.96626), (291, -20.3861), (267.131, -35.4932), (215.593, -41.4074), (186.306, 8.37903), (190.519, 27.3351), (308.923, 24.0911), (314.487, 6.96626)))
(((250.396, -494.038), (238.626, -515.768), (181.364, -497.772), (183.038, -494.423), (236.391, -464.783), (242.638, -468.825), (250.396, -494.038)))
(((248.419, -407.209), (233.3, -416.338), (201.522, -407.069), (195.401, -394.028), (201.314, -380.114), (234.342, -371.498), (249.242, -397.986), (248.419, -407.209)))
(((309.354, 24.0793), (190.519, 27.3351), (185.745, 33.5326), (213.905, 116.252), (291.392, 130.141), (302.902, 121.779), (322, 63), (322, 63), (309.354, 24.0793)))
(((235.371, -110.093), (209.642, -107.724), (205.43, -51.5698), (215.593, -41.4074), (267.131, -35.4932), (236.063, -109.712), (235.371, -110.093)))
(((252.917, -251.182), (226.585, -259.411), (211.068, -254.636), (210.193, -220.511), (224.736, -210.245), (251.462, -219.154), (252.917, -251.182)))
(((292.706, -684.717), (204.89, -604.02), (197.378, -576.742), (244.95, -557.226), (266.336, -563.863), (327.683, -648.064), (322.902, -662.779), (292.706, -684.717)))
(((251.462, -219.154), (224.736, -210.245), (222.788, -175.187), (241.108, -166.962), (271.798, -200.013), (251.462, -219.154)))
(((257.284, -253.714), (265.309, -305.077), (232.942, -308.673), (226.585, -259.411), (252.917, -251.182), (257.284, -253.714)))
(((275.984, -326.109), (260.658, -350.801), (236.797, -352.846), (219.471, -332.633), (226.102, -313.735), (232.942, -308.673), (265.309, -305.077), (272.093, -308.066), (275.984, -326.109)))
(((267.906, -416.953), (266.407, -455.922), (242.638, -468.825), (236.391, -464.783), (229.527, -451.054), (233.3, -416.338), (248.419, -407.209), (267.906, -416.953)))
(((274.368, -371.768), (249.242, -397.986), (234.342, -371.498), (236.797, -352.846), (260.658, -350.801), (274.368, -371.768)))
(((303.5, 309.5), (251.572, 305.506), (226.117, 421.467), (292.892, 447.404), (303.5, 309.5)))
(((269.378, -153.554), (245.189, -158.09), (235.371, -110.093), (236.063, -109.712), (284.541, -115.648), (269.378, -153.554)))
(((300.581, -522.959), (266.336, -563.863), (244.95, -557.226), (238.626, -515.768), (250.396, -494.038), (292.107, -498.01), (300.581, -522.959)))
(((301.323, 153.927), (232.822, 211.155), (241.083, 300.65), (251.572, 305.506), (303.5, 309.5), (359.163, 278.274), (369, 248), (369, 248), (349.902, 189.221), (301.323, 153.927)))
(((276.591, -199.694), (271.798, -200.013), (241.108, -166.962), (245.189, -158.09), (269.378, -153.554), (299.145, -170.918), (276.591, -199.694)))
(((291, -20.3861), (291, -114.061), (284.541, -115.648), (236.063, -109.712), (267.131, -35.4932), (291, -20.3861)))
(((292.107, -498.01), (250.396, -494.038), (242.638, -468.825), (266.407, -455.922), (295.363, -461.884), (304.508, -472.692), (292.107, -498.01)))
(((291.468, -251.435), (257.284, -253.714), (252.917, -251.182), (251.462, -219.154), (271.798, -200.013), (276.591, -199.694), (303.682, -228.533), (291.468, -251.435)))
(((302, -272.5), (292.5, -297.438), (272.093, -308.066), (265.309, -305.077), (257.284, -253.714), (291.468, -251.435), (302, -272.5)))
(((296.804, -415.773), (267.906, -416.953), (248.419, -407.209), (249.242, -397.986), (274.368, -371.768), (295.232, -372.812), (305.766, -409.679), (296.804, -415.773)))
(((295.363, -461.884), (266.407, -455.922), (267.906, -416.953), (296.804, -415.773), (295.363, -461.884)))
(((309.07, -353.042), (295.232, -372.812), (274.368, -371.768), (260.658, -350.801), (275.984, -326.109), (309.005, -351.159), (309.07, -353.042)))
(((319.336, -162.156), (299.145, -170.918), (269.378, -153.554), (284.541, -115.648), (291, -114.061), (302.21, -119.568), (319.95, -159.886), (319.336, -162.156)))
(((309.005, -351.159), (275.984, -326.109), (272.093, -308.066), (292.5, -297.438), (333.115, -319.014), (309.005, -351.159)))
(((327.341, -174.527), (324.74, -223.939), (303.682, -228.533), (276.591, -199.694), (299.145, -170.918), (319.336, -162.156), (327.341, -174.527)))
(((327.713, -648.106), (266.336, -563.863), (300.581, -522.959), (408.748, -542.99), (412, -553), (412, -553), (392.902, -611.779), (342.902, -648.106), (327.713, -648.106)))
(((334.317, -467.462), (304.508, -472.692), (295.363, -461.884), (296.804, -415.773), (305.766, -409.679), (328.694, -412.638), (334.317, -467.462)))
(((313.748, 6.10565), (319.733, 6.10565), (343.763, -93.4487), (302.21, -119.568), (291, -114.061), (291, -20.3861), (313.748, 6.10565)))
(((348.105, -314.186), (333.115, -319.014), (292.5, -297.438), (302, -272.5), (347.5, -272.5), (349.759, -274.759), (352.621, -305.292), (348.105, -314.186)))
(((347.5, -272.5), (302, -272.5), (291.468, -251.435), (303.682, -228.533), (324.74, -223.939), (338.616, -230.746), (347.5, -272.5)))
(((351.198, -400.61), (328.694, -412.638), (305.766, -409.679), (295.232, -372.812), (309.07, -353.042), (355.283, -380.77), (351.198, -400.61)))
(((407.766, -542.808), (300.581, -522.959), (292.107, -498.01), (304.508, -472.692), (334.317, -467.462), (419.144, -507.79), (407.766, -542.808)))
(((384.211, -123.165), (319.95, -159.886), (302.21, -119.568), (343.763, -93.4487), (384.211, -123.165)))
(((355.283, -380.77), (309.07, -353.042), (309.005, -351.159), (333.115, -319.014), (348.105, -314.186), (373.828, -359.696), (355.283, -380.77)))
(((363.406, 275.894), (303.5, 309.5), (292.892, 447.404), (310.097, 466.106), (368.902, 466.106), (418.902, 429.779), (438, 371), (438, 371), (418.902, 312.221), (368.902, 275.894), (363.406, 275.894)))
(((371.037, -214.912), (338.616, -230.746), (324.74, -223.939), (327.341, -174.527), (357.327, -185.664), (371.037, -214.912)))
(((417.694, -507.101), (334.317, -467.462), (328.694, -412.638), (351.198, -400.61), (439.125, -474.548), (431.902, -496.779), (417.694, -507.101)))
(((418.374, -127.67), (357.327, -185.664), (327.341, -174.527), (319.336, -162.156), (319.95, -159.886), (384.211, -123.165), (418.374, -127.67)))
(((455.473, -230.926), (349.759, -274.759), (347.5, -272.5), (338.616, -230.746), (371.037, -214.912), (455.473, -230.926)))
(((453.608, -125.448), (418.374, -127.67), (384.211, -123.165), (343.763, -93.4487), (319.747, 6.04641), (339.098, 20.1057), (400.902, 20.1057), (450.902, -16.2215), (470, -75), (470, -75), (453.608, -125.448)))
(((462.542, -230.497), (455.473, -230.926), (371.037, -214.912), (357.327, -185.664), (418.374, -127.67), (455.313, -125.341), (457.902, -127.221), (477, -186), (477, -186), (462.542, -230.497)))
(((477.447, -302.091), (352.621, -305.292), (349.759, -274.759), (455.473, -230.926), (465.238, -230.334), (483, -285), (483, -285), (477.447, -302.091)))
(((474.267, -353.956), (373.828, -359.696), (348.105, -314.186), (352.621, -305.292), (476.886, -302.105), (484, -324), (484, -324), (474.267, -353.956)))
(((439.038, -474.475), (351.198, -400.61), (355.283, -380.77), (373.828, -359.696), (474.976, -353.916), (488, -394), (488, -394), (468.902, -452.779), (439.038, -474.475)))
