(((-225, -679.106), (-225, -495), (-171.9, -530.4), (-159.69, -670.817), (-171.098, -679.106), (-225, -679.106)))
(((-225, 310.786), (-150.084, 234.341), (-164.205, 189.746), (-197.625, 153.113), (-225, 137.553), (-225, 310.786)))
(((-224.304, 310.075), (-217.902, 329.779), (-167.902, 366.106), (-137.36, 366.106), (-77.6602, 313.659), (-76.5517, 307.655), (-100.111, 241.69), (-150.084, 234.341), (-224.304, 310.075)))
(((-225, -454.301), (-214.902, -423.221), (-164.902, -386.894), (-152.239, -386.894), (-139.315, -393.596), (-67.3211, -502.321), (-94.5947, -529.595), (-171.9, -530.4), (-225, -495), (-225, -454.301)))
(((-81.1676, -657.899), (-102.098, -673.106), (-159.491, -673.106), (-171.9, -530.4), (-94.5947, -529.595), (-81.1676, -657.899)))
(((-192.951, 53), (-213.902, 68.2215), (-225, 102.379), (-225, 137.553), (-197.625, 153.113), (-106.692, 146.769), (-98.8159, 117.728), (-160.667, 53), (-192.951, 53)))
(((-106.692, 146.769), (-197.625, 153.113), (-164.205, 189.746), (-107.929, 184.63), (-98.8932, 162.944), (-106.692, 146.769)))
(((-94.5651, 230.89), (-107.929, 184.63), (-164.205, 189.746), (-150.084, 234.341), (-100.111, 241.69), (-94.5651, 230.89)))
(((-160.667, 53), (-98.8159, 117.728), (-65.995, 109.939), (-62.1875, 64.25), (-70.625, 53), (-160.667, 53)))
(((-55.7298, 170.291), (-98.8932, 162.944), (-107.929, 184.63), (-94.5651, 230.89), (-46.1942, 203.385), (-55.7298, 170.291)))
(((-45.7504, 122.454), (-65.995, 109.939), (-98.8159, 117.728), (-106.692, 146.769), (-98.8932, 162.944), (-55.7298, 170.291), (-40.0397, 143.618), (-45.7504, 122.454)))
(((-150.794, -387.644), (-164, -347), (-144.902, -288.221), (-134.613, -280.746), (-46.3919, -303.044), (-22.9831, -360.161), (-28.3687, -388.436), (-139.315, -393.596), (-150.794, -387.644)))
(((-137.243, 405.11), (-142.902, 409.221), (-162, 468), (-142.902, 526.779), (-92.9017, 563.106), (-74.5714, 563.106), (3.4941, 447.634), (-1.15646, 438.633), (-10.0515, 431.961), (-137.243, 405.11)))
(((-12.4551, -406.623), (-40.8663, -487.121), (-54.2513, -501.072), (-67.3211, -502.321), (-139.315, -393.596), (-28.3687, -388.436), (-12.4551, -406.623)))
(((-32.1591, 269.839), (-30.7718, 210.189), (-46.1942, 203.385), (-94.5651, 230.89), (-100.111, 241.69), (-76.5517, 307.655), (-32.1591, 269.839)))
(((-80.7333, -662.048), (-94.5947, -529.595), (-67.3211, -502.321), (-54.2513, -501.072), (-9.93975, -542.657), (-18.6147, -664.106), (-77.9017, -664.106), (-80.7333, -662.048)))
(((-139.845, 368.289), (-143, 378), (-133.967, 405.801), (-10.0515, 431.961), (-20.6446, 338.389), (-77.6602, 313.659), (-139.845, 368.289)))
(((-132.812, -281.201), (-141, -256), (-127.815, -215.42), (-24.0901, -219.625), (6.32632, -269.16), (5.2312, -273.321), (-46.3919, -303.044), (-132.812, -281.201)))
(((-14.7316, 68.6645), (-62.1875, 64.25), (-65.995, 109.939), (-45.7504, 122.454), (-7.41463, 93.198), (-14.7316, 68.6645)))
(((-127.132, -215.447), (-138, -182), (-119.047, -123.668), (-52.6216, -126.715), (3.46742, -181.468), (-24.0901, -219.625), (-127.132, -215.447)))
(((-60, -4.00806), (-60, 53), (-70.625, 53), (-62.1875, 64.25), (-14.7316, 68.6645), (2.88095, 32.7619), (-1.92105, 23.1579), (-60, -4.00806)))
(((-126.502, -53), (-60, -53), (-60, -26.4286), (1.60021, -55.0287), (3.92706, -96.3302), (-52.6216, -126.715), (-116.499, -123.784), (-133, -73), (-126.502, -53)))
(((16.8204, 158.135), (-40.0397, 143.618), (-55.7298, 170.291), (-46.1942, 203.385), (-30.7718, 210.189), (17.3578, 201.121), (16.8204, 158.135)))
(((19.0273, 154.873), (6.94647, 100.509), (-7.41463, 93.198), (-45.7504, 122.454), (-40.0397, 143.618), (16.8204, 158.135), (19.0273, 154.873)))
(((17.3578, 201.121), (-30.7718, 210.189), (-32.1591, 269.839), (14.4015, 267.204), (27.0758, 243.082), (17.5204, 201.277), (17.3578, 201.121)))
(((-60, -26.4286), (-60, -4.00806), (-1.92105, 23.1579), (28.3734, -26.9445), (27.8517, -32.311), (1.60021, -55.0287), (-60, -26.4286)))
(((30.0342, 306.996), (14.4015, 267.204), (-32.1591, 269.839), (-76.5517, 307.655), (-77.6602, 313.659), (-20.6446, 338.389), (14.6793, 330.59), (30.0342, 306.996)))
(((41.625, -323.918), (-22.9831, -360.161), (-46.3919, -303.044), (5.2312, -273.321), (41.625, -323.918)))
(((29.6523, -177.266), (3.46742, -181.468), (-52.6216, -126.715), (3.92706, -96.3302), (25.0919, -106.764), (49.8146, -153.212), (29.6523, -177.266)))
(((47.3182, -475.864), (-40.8663, -487.121), (-12.4551, -406.623), (17.6728, -410.469), (49.1355, -472.229), (47.3182, -475.864)))
(((-75.3299, 564.228), (-71.9017, 574.779), (-21.9017, 611.106), (39.9017, 611.106), (89.9017, 574.779), (100.704, 541.531), (21.9921, 455.874), (3.4941, 447.634), (-75.3299, 564.228)))
(((46.5383, 371.299), (14.6793, 330.59), (-20.6446, 338.389), (-10.0515, 431.961), (-1.15646, 438.633), (46.5383, 371.299)))
(((53.8286, -534.458), (-9.93975, -542.657), (-54.2513, -501.072), (-40.8663, -487.121), (47.3182, -475.864), (53.8286, -534.458)))
(((56.0185, -237.688), (6.32632, -269.16), (-24.0901, -219.625), (3.46742, -181.468), (29.6523, -177.266), (56.0185, -237.688)))
(((27.9762, 40.4524), (2.88095, 32.7619), (-14.7316, 68.6645), (-7.41463, 93.198), (6.94647, 100.509), (35.8986, 89.5716), (27.9762, 40.4524)))
(((67.8923, -379.738), (17.6728, -410.469), (-12.4551, -406.623), (-28.3687, -388.436), (-22.9831, -360.161), (41.625, -323.918), (69.7138, -335.564), (67.8923, -379.738)))
(((15.194, -669.106), (-7.9017, -669.106), (-18.4257, -661.46), (-9.93975, -542.657), (53.8286, -534.458), (69.7785, -547.34), (15.194, -669.106)))
(((59.4283, 96.1599), (35.8986, 89.5716), (6.94647, 100.509), (19.0273, 154.873), (54.6361, 140.248), (59.4283, 96.1599)))
(((70.533, 10.1047), (28.3734, -26.9445), (-1.92105, 23.1579), (2.88095, 32.7619), (27.9762, 40.4524), (54.7129, 34.8236), (70.533, 10.1047)))
(((80.518, -67.382), (25.0919, -106.764), (3.92706, -96.3302), (1.60021, -55.0287), (27.8517, -32.311), (80.3499, -63.8099), (80.518, -67.382)))
(((84.4606, 80.0401), (54.7129, 34.8236), (27.9762, 40.4524), (35.8986, 89.5716), (59.4283, 96.1599), (84.5876, 81.5218), (84.4606, 80.0401)))
(((57.7045, 250.25), (27.0758, 243.082), (14.4015, 267.204), (30.0342, 306.996), (89.6038, 300.377), (57.7045, 250.25)))
(((69.7138, -335.564), (41.625, -323.918), (5.2312, -273.321), (6.32632, -269.16), (56.0185, -237.688), (57.5435, -237.997), (103.76, -310.623), (69.7138, -335.564)))
(((89.9368, 300.48), (89.6038, 300.377), (30.0342, 306.996), (14.6793, 330.59), (46.5383, 371.299), (81.5651, 370.298), (108.025, 339.989), (89.9368, 300.48)))
(((84.6798, 153.797), (54.6361, 140.248), (19.0273, 154.873), (16.8204, 158.135), (17.3578, 201.121), (17.5204, 201.277), (63.4926, 198.723), (93.8549, 172.463), (84.6798, 153.797)))
(((81.5651, 370.298), (46.5383, 371.299), (-1.15646, 438.633), (3.4941, 447.634), (21.9921, 455.874), (92.3151, 414.015), (81.5651, 370.298)))
(((63.4926, 198.723), (17.5204, 201.277), (27.0758, 243.082), (57.7045, 250.25), (81.7642, 229.892), (63.4926, 198.723)))
(((98.6538, -453.472), (49.1355, -472.229), (17.6728, -410.469), (67.8923, -379.738), (108.704, -416.014), (98.6538, -453.472)))
(((101.872, -96.8702), (55.8008, -152.813), (49.8146, -153.212), (25.0919, -106.764), (80.518, -67.382), (101.872, -96.8702)))
(((101.78, -33.4945), (80.3499, -63.8099), (27.8517, -32.311), (28.3734, -26.9445), (70.533, 10.1047), (92.0448, 3.15475), (101.78, -33.4945)))
(((124.476, -189.779), (119.509, -208.121), (57.5435, -237.997), (56.0185, -237.688), (29.6523, -177.266), (49.8146, -153.212), (55.8008, -152.813), (120.578, -182.068), (124.476, -189.779)))
(((114.97, 100.449), (84.5876, 81.5218), (59.4283, 96.1599), (54.6361, 140.248), (84.6798, 153.797), (115.511, 103.345), (114.97, 100.449)))
(((172.766, -625.341), (161.902, -658.779), (111.902, -695.106), (50.0983, -695.106), (14.9774, -669.589), (69.7785, -547.34), (106.167, -549.09), (172.766, -625.341)))
(((116.953, 267.004), (104.761, 233.636), (81.7642, 229.892), (57.7045, 250.25), (89.6038, 300.377), (89.9368, 300.48), (116.953, 267.004)))
(((102.151, 543.106), (113.902, 543.106), (153.03, 514.677), (131.163, 438.551), (92.3151, 414.015), (21.9921, 455.874), (102.151, 543.106)))
(((106.167, -549.09), (69.7785, -547.34), (53.8286, -534.458), (47.3182, -475.864), (49.1355, -472.229), (98.6538, -453.472), (131.355, -495.835), (106.167, -549.09)))
(((92.0448, 3.15475), (70.533, 10.1047), (54.7129, 34.8236), (84.4606, 80.0401), (116.894, 25.4154), (92.0448, 3.15475)))
(((114.029, 180.716), (93.8549, 172.463), (63.4926, 198.723), (81.7642, 229.892), (104.761, 233.636), (123.909, 197.733), (114.029, 180.716)))
(((143.93, -264.29), (104.172, -310.555), (103.76, -310.623), (57.5435, -237.997), (119.509, -208.121), (143.93, -264.29)))
(((138.236, -112.539), (120.578, -182.068), (55.8008, -152.813), (101.872, -96.8702), (129.312, -106.278), (138.236, -112.539)))
(((115.511, 103.345), (84.6798, 153.797), (93.8549, 172.463), (114.029, 180.716), (149.13, 139.765), (115.511, 103.345)))
(((132.981, -408.588), (108.704, -416.014), (67.8923, -379.738), (69.7138, -335.564), (103.76, -310.623), (104.172, -310.555), (160.848, -353.782), (132.981, -408.588)))
(((144.16, 29.8919), (116.894, 25.4154), (84.4606, 80.0401), (84.5876, 81.5218), (114.97, 100.449), (160.855, 64.3266), (144.16, 29.8919)))
(((147.238, 348.422), (108.025, 339.989), (81.5651, 370.298), (92.3151, 414.015), (131.163, 438.551), (160.51, 381.815), (147.238, 348.422)))
(((129.312, -106.278), (101.872, -96.8702), (80.518, -67.382), (80.3499, -63.8099), (101.78, -33.4945), (138.312, -37.2737), (129.312, -106.278)))
(((149.987, -34.0201), (138.312, -37.2737), (101.78, -33.4945), (92.0448, 3.15475), (116.894, 25.4154), (144.16, 29.8919), (167.814, -7.27907), (149.987, -34.0201)))
(((168.261, 233.152), (139.869, 202.255), (123.909, 197.733), (104.761, 233.636), (116.953, 267.004), (144.459, 264.888), (168.261, 233.152)))
(((184.443, 313.618), (144.459, 264.888), (116.953, 267.004), (89.9368, 300.48), (108.025, 339.989), (147.238, 348.422), (184.443, 313.618)))
(((201.773, -466.973), (187.186, -483.821), (131.355, -495.835), (98.6538, -453.472), (108.704, -416.014), (132.981, -408.588), (201.478, -449.687), (201.773, -466.973)))
(((182.919, -103.925), (138.236, -112.539), (129.312, -106.278), (138.312, -37.2737), (149.987, -34.0201), (185.288, -86.2656), (182.919, -103.925)))
(((157.618, 140.28), (149.13, 139.765), (114.029, 180.716), (123.909, 197.733), (139.869, 202.255), (182.006, 169.841), (157.618, 140.28)))
(((178.255, 70.7137), (160.855, 64.3266), (114.97, 100.449), (115.511, 103.345), (149.13, 139.765), (157.618, 140.28), (197.275, 97.0184), (178.255, 70.7137)))
(((203.565, -616.905), (190.902, -626.106), (173.434, -626.106), (106.167, -549.09), (131.355, -495.835), (187.186, -483.821), (203.565, -616.905)))
(((184.471, -350.066), (160.848, -353.782), (104.172, -310.555), (143.93, -264.29), (160.797, -265.282), (206.203, -316.995), (184.471, -350.066)))
(((204.574, -170.686), (184.911, -185.583), (124.476, -189.779), (120.578, -182.068), (138.236, -112.539), (182.919, -103.925), (208.51, -127.385), (204.574, -170.686)))
(((192.438, -242.035), (160.797, -265.282), (143.93, -264.29), (119.509, -208.121), (124.476, -189.779), (184.911, -185.583), (192.438, -242.035)))
(((241.124, 203.386), (214.369, 180.812), (182.006, 169.841), (139.869, 202.255), (168.261, 233.152), (248.655, 224.753), (241.124, 203.386)))
(((201.478, -449.687), (132.981, -408.588), (160.848, -353.782), (184.471, -350.066), (228.31, -407.16), (201.478, -449.687)))
(((276.639, 419.89), (160.51, 381.815), (131.163, 438.551), (153.44, 516.106), (207.902, 516.106), (257.902, 479.779), (277, 421), (276.639, 419.89)))
(((272.8, 249.995), (248.655, 224.753), (168.261, 233.152), (144.459, 264.888), (184.443, 313.618), (268.017, 296.725), (278, 266), (272.8, 249.995)))
(((240, -8.29577), (240, -17.875), (185.288, -86.2656), (149.987, -34.0201), (167.814, -7.27907), (240, -8.29577)))
(((240, -8.29577), (167.814, -7.27907), (144.16, 29.8919), (160.855, 64.3266), (178.255, 70.7137), (240, 1.25), (240, -8.29577)))
(((197.275, 97.0184), (157.618, 140.28), (182.006, 169.841), (214.369, 180.812), (202.316, 98.8456), (197.275, 97.0184)))
(((270.909, 296.141), (184.443, 313.618), (147.238, 348.422), (160.51, 381.815), (276.455, 419.83), (277.902, 418.779), (297, 360), (277.902, 301.221), (270.909, 296.141)))
(((247.188, -302.501), (206.203, -316.995), (160.797, -265.282), (192.438, -242.035), (223.009, -247.038), (248.837, -300.761), (247.188, -302.501)))
(((223.009, -247.038), (192.438, -242.035), (184.911, -185.583), (204.574, -170.686), (253.783, -202.927), (223.009, -247.038)))
(((317.726, 53), (240, 53), (240, 1.25), (178.255, 70.7137), (197.275, 97.0184), (202.316, 98.8456), (274.902, 94.0065), (319.925, 59.7703), (317.726, 53)))
(((203.713, -618.106), (187.186, -483.821), (201.773, -466.973), (282.467, -505.662), (252.937, -618.106), (203.713, -618.106)))
(((274.902, 94.0065), (202.316, 98.8456), (214.369, 180.812), (241.124, 203.386), (274.902, 94.0065)))
(((240, -17.875), (240, -53), (319.552, -53), (328, -79), (322.461, -96.0483), (208.51, -127.385), (182.919, -103.925), (185.288, -86.2656), (240, -17.875)))
(((228.31, -407.16), (184.471, -350.066), (206.203, -316.995), (247.188, -302.501), (264.815, -396.512), (228.31, -407.16)))
(((337.268, -198.184), (253.783, -202.927), (204.574, -170.686), (208.51, -127.385), (324.417, -95.5103), (330.902, -100.221), (350, -159), (337.268, -198.184)))
(((345.548, -276.09), (248.837, -300.761), (223.009, -247.038), (253.783, -202.927), (339.105, -198.079), (355, -247), (345.548, -276.09)))
(((357.721, -457.014), (282.467, -505.662), (201.773, -466.973), (201.478, -449.687), (228.31, -407.16), (264.815, -396.512), (347.754, -412.31), (360, -450), (357.721, -457.014)))
(((348.867, -412.522), (264.815, -396.512), (247.188, -302.501), (248.837, -300.761), (346.591, -275.824), (360.902, -286.221), (380, -345), (360.902, -403.779), (348.867, -412.522)))
(((318.447, 60.8943), (274.902, 94.0065), (241.124, 203.386), (248.655, 224.753), (273.862, 251.106), (323.902, 251.106), (373.902, 214.779), (393, 156), (373.902, 97.2215), (323.902, 60.8943), (318.447, 60.8943)))
(((400, -486.66), (400, -611.34), (354.902, -644.106), (293.098, -644.106), (253.638, -615.436), (282.467, -505.662), (358.501, -456.509), (400, -486.66)))
