(((-288.133, -533.067), (-307, -475), (-288.301, -417.449), (-211.403, -426.353), (-201.96, -431.827), (-178.269, -478.134), (-288.133, -533.067)))
(((-251.591, -725.895), (-277.902, -706.779), (-297, -648), (-281.212, -599.409), (-177.854, -627.998), (-175.85, -655.378), (-251.591, -725.895)))
(((-283.657, -417.987), (-296, -380), (-277.344, -322.582), (-211.359, -325.665), (-174.135, -384.785), (-211.403, -426.353), (-283.657, -417.987)))
(((-274.512, -559.899), (-283.916, -530.958), (-178.269, -478.134), (-152.694, -492.967), (-162.75, -513.438), (-263.815, -558.917), (-274.512, -559.899)))
(((-274.852, -322.699), (-291, -273), (-271.902, -214.221), (-258.223, -204.284), (-224.786, -205.815), (-158.385, -276.795), (-184.03, -318.985), (-211.359, -325.665), (-274.852, -322.699)))
(((-261.269, -204.144), (-265.902, -200.779), (-285, -142), (-268.615, -91.5708), (-158.342, -123.734), (-166.826, -191.609), (-224.786, -205.815), (-261.269, -204.144)))
(((-283.296, -598.833), (-270.527, -559.533), (-263.815, -558.917), (-161.436, -574.803), (-147.994, -596.31), (-148.929, -609.591), (-177.854, -627.998), (-283.296, -598.833)))
(((-161.436, -574.803), (-263.815, -558.917), (-162.75, -513.438), (-150.65, -552.763), (-161.436, -574.803)))
(((-270.073, -91.1455), (-251.902, -35.2215), (-201.902, 1.10565), (-150.271, 1.10565), (-141.943, -113.409), (-158.342, -123.734), (-270.073, -91.1455)))
(((-253.527, -727.698), (-175.85, -655.378), (-125.711, -677.314), (-221.038, -757.475), (-250.902, -735.779), (-253.527, -727.698)))
(((-145.223, -383.441), (-174.135, -384.785), (-211.359, -325.665), (-184.03, -318.985), (-146.984, -337.194), (-143.351, -380.789), (-145.223, -383.441)))
(((-140.534, -416.263), (-153.341, -428.724), (-201.96, -431.827), (-211.403, -426.353), (-174.135, -384.785), (-145.223, -383.441), (-140.534, -416.263)))
(((-152.694, -492.967), (-178.269, -478.134), (-201.96, -431.827), (-153.341, -428.724), (-135.72, -486.874), (-152.694, -492.967)))
(((-127.099, -266.366), (-158.385, -276.795), (-224.786, -205.815), (-166.826, -191.609), (-150.394, -195.546), (-122.802, -228.769), (-127.099, -266.366)))
(((-113.842, -673.722), (-125.711, -677.314), (-175.85, -655.378), (-177.854, -627.998), (-148.929, -609.591), (-110.495, -651.967), (-113.842, -673.722)))
(((-101.862, -318.938), (-104.129, -322.39), (-146.984, -337.194), (-184.03, -318.985), (-158.385, -276.795), (-127.099, -266.366), (-101.145, -291.322), (-101.862, -318.938)))
(((-96.1318, -153.984), (-150.394, -195.546), (-166.826, -191.609), (-158.342, -123.734), (-141.943, -113.409), (-121.324, -120.874), (-96.1318, -153.984)))
(((-104.455, -542.204), (-150.65, -552.763), (-162.75, -513.438), (-152.694, -492.967), (-135.72, -486.874), (-124.91, -487.488), (-103.935, -531.115), (-104.455, -542.204)))
(((-221.125, -757.548), (-125.711, -677.314), (-113.842, -673.722), (-89.7039, -700.196), (-154.903, -816.106), (-163.902, -816.106), (-213.902, -779.779), (-221.125, -757.548)))
(((-95.1021, -465.251), (-124.91, -487.488), (-135.72, -486.874), (-153.341, -428.724), (-140.534, -416.263), (-91.0328, -430.888), (-95.1021, -465.251)))
(((-86.6765, -573.316), (-147.994, -596.31), (-161.436, -574.803), (-150.65, -552.763), (-104.455, -542.204), (-86.6765, -573.316)))
(((-93.6441, -377.061), (-143.351, -380.789), (-146.984, -337.194), (-104.129, -322.39), (-92.1606, -374.617), (-93.6441, -377.061)))
(((-91.0328, -430.888), (-140.534, -416.263), (-145.223, -383.441), (-143.351, -380.789), (-93.6441, -377.061), (-87.9634, -427.24), (-91.0328, -430.888)))
(((-150.379, 2.5796), (-146.902, 5.10565), (-128.748, 5.10565), (-120.584, -4.52042), (-91.8425, -88.8288), (-121.324, -120.874), (-141.943, -113.409), (-150.379, 2.5796)))
(((-85.4605, -574.009), (-74.0539, -618.964), (-110.495, -651.967), (-148.929, -609.591), (-147.994, -596.31), (-86.6765, -573.316), (-85.4605, -574.009)))
(((-78.7761, -220.273), (-122.802, -228.769), (-150.394, -195.546), (-96.1318, -153.984), (-89.8766, -154.747), (-62.6757, -209.149), (-78.7761, -220.273)))
(((-89.8766, -154.747), (-96.1318, -153.984), (-121.324, -120.874), (-91.8425, -88.8288), (-65.3387, -102.081), (-80.2625, -148), (-89.8766, -154.747)))
(((-101.145, -291.322), (-127.099, -266.366), (-122.802, -228.769), (-78.7761, -220.273), (-74.5, -278), (-101.145, -291.322)))
(((-30.6755, -826.088), (-54.0983, -843.106), (-115.902, -843.106), (-154.37, -815.157), (-89.7039, -700.196), (-66.6792, -705.37), (-30.6755, -826.088)))
(((-43.7, -505.3), (-103.935, -531.115), (-124.91, -487.488), (-95.1021, -465.251), (-50.4549, -489.228), (-43.7, -505.3)))
(((-36.9189, -356.324), (-46.6834, -366.533), (-92.1606, -374.617), (-104.129, -322.39), (-101.862, -318.938), (-42.7468, -333.013), (-36.9189, -356.324)))
(((-39.3226, -509.677), (-52.2213, -558.296), (-85.4605, -574.009), (-86.6765, -573.316), (-104.455, -542.204), (-103.935, -531.115), (-43.7, -505.3), (-39.3226, -509.677)))
(((-35.3568, -89.7352), (-65.3387, -102.081), (-91.8425, -88.8288), (-120.584, -4.52042), (-23.4959, -69.8681), (-35.3568, -89.7352)))
(((-35.3523, -689.271), (-66.6792, -705.37), (-89.7039, -700.196), (-113.842, -673.722), (-110.495, -651.967), (-74.0539, -618.964), (-51.1014, -625.194), (-22.412, -657.143), (-35.3523, -689.271)))
(((-45.2762, -420.004), (-87.9634, -427.24), (-93.6441, -377.061), (-92.1606, -374.617), (-46.6834, -366.533), (-45.2762, -420.004)))
(((-42.7468, -333.013), (-101.862, -318.938), (-101.145, -291.322), (-74.5, -278), (-57.9844, -278), (-34.9435, -316.806), (-42.7468, -333.013)))
(((-31.9517, -255.485), (-57.9844, -278), (-74.5, -278), (-78.7761, -220.273), (-62.6757, -209.149), (-36.9067, -213.014), (-31.9517, -255.485)))
(((-19.85, -440.26), (-50.4549, -489.228), (-95.1021, -465.251), (-91.0328, -430.888), (-87.9634, -427.24), (-45.2762, -420.004), (-26.0105, -428.995), (-19.85, -440.26)))
(((-36.9067, -213.014), (-62.6757, -209.149), (-89.8766, -154.747), (-80.2625, -148), (-31.5, -148), (-31.5, -209.459), (-36.9067, -213.014)))
(((-31.5, -148), (-80.2625, -148), (-65.3387, -102.081), (-35.3568, -89.7352), (-23.1861, -140.631), (-31.5, -148)))
(((-17.6445, -586.59), (-51.1014, -625.194), (-74.0539, -618.964), (-85.4605, -574.009), (-52.2213, -558.296), (-23.7246, -573.901), (-17.6445, -586.59)))
(((-128.112, 4.35553), (-120.54, 27.6575), (-28.1793, 24.7712), (4.96411, -50.5548), (-3.01776, -62.7453), (-23.4959, -69.8681), (-120.584, -4.52042), (-128.112, 4.35553)))
(((-119.254, 27.6173), (-134, 73), (-114.902, 131.779), (-87.9008, 151.396), (20.5679, 63.5879), (12.1073, 50.3587), (-28.1793, 24.7712), (-119.254, 27.6173)))
(((-86.0002, 155.676), (-112.902, 175.221), (-132, 234), (-112.902, 292.779), (-77.5411, 318.469), (17.7204, 227.639), (18.5801, 224.729), (-38.7105, 168.393), (-86.0002, 155.676)))
(((-4.53304, -301.938), (-34.9435, -316.806), (-57.9844, -278), (-31.9517, -255.485), (-6.30556, -271.806), (-4.53304, -301.938)))
(((-30.6702, -826.106), (-66.6792, -705.37), (-35.3523, -689.271), (8.4487, -724.923), (2.82746, -826.106), (-30.6702, -826.106)))
(((1.93142, -388.759), (-26.0105, -428.995), (-45.2762, -420.004), (-46.6834, -366.533), (-36.9189, -356.324), (-7.61707, -365.115), (1.93142, -388.759)))
(((7.21845, -533.186), (-23.7246, -573.901), (-52.2213, -558.296), (-39.3226, -509.677), (-6.98738, -513.373), (7.21845, -533.186)))
(((18.4365, -644.273), (-22.412, -657.143), (-51.1014, -625.194), (-17.6445, -586.59), (12.2074, -597.556), (18.4365, -644.273)))
(((15.7464, -481.403), (-6.98738, -513.373), (-39.3226, -509.677), (-43.7, -505.3), (-50.4549, -489.228), (-19.85, -440.26), (7.5102, -451.204), (15.7464, -481.403)))
(((-0.938202, -205.691), (-31.5, -209.459), (-31.5, -148), (-23.1861, -140.631), (11.1986, -145.007), (-0.938202, -205.691)))
(((26.4241, -335.438), (-7.61707, -365.115), (-36.9189, -356.324), (-42.7468, -333.013), (-34.9435, -316.806), (-4.53304, -301.938), (25.3196, -319.974), (26.4241, -335.438)))
(((29.4569, -136.761), (11.1986, -145.007), (-23.1861, -140.631), (-35.3568, -89.7352), (-23.4959, -69.8681), (-3.01776, -62.7453), (37.5849, -119.809), (29.4569, -136.761)))
(((18.0359, -213.166), (7.07921, -264.297), (-6.30556, -271.806), (-31.9517, -255.485), (-36.9067, -213.014), (-31.5, -209.459), (-0.938202, -205.691), (18.0359, -213.166)))
(((-88.1173, 151.571), (-86.8584, 155.446), (-38.7105, 168.393), (43.1883, 130.914), (33.2261, 70.3738), (20.5679, 63.5879), (-88.1173, 151.571)))
(((12.2074, -597.556), (-17.6445, -586.59), (-23.7246, -573.901), (7.21845, -533.186), (24.7076, -541.777), (13.4955, -596.236), (12.2074, -597.556)))
(((26.77, -648.08), (39.8089, -700.236), (8.4487, -724.923), (-35.3523, -689.271), (-22.412, -657.143), (18.4365, -644.273), (26.77, -648.08)))
(((38.1661, -430.086), (7.5102, -451.204), (-19.85, -440.26), (-26.0105, -428.995), (1.93142, -388.759), (45.0702, -403.764), (38.1661, -430.086)))
(((-77.5294, 318.458), (-71.9017, 335.779), (-21.9017, 372.106), (39.9017, 372.106), (63.7161, 354.803), (17.7204, 227.639), (-77.5294, 318.458)))
(((48, -31.5519), (4.96411, -50.5548), (-28.1793, 24.7712), (12.1073, 50.3587), (48, -23.3158), (48, -31.5519)))
(((47.6426, -298.69), (25.3196, -319.974), (-4.53304, -301.938), (-6.30556, -271.806), (7.07921, -264.297), (39.527, -268.932), (47.6426, -298.69)))
(((60.5, -188.5), (19.4563, -213.126), (18.0359, -213.166), (-0.938202, -205.691), (11.1986, -145.007), (29.4569, -136.761), (60.5, -188.5)))
(((45.0702, -403.764), (1.93142, -388.759), (-7.61707, -365.115), (26.4241, -335.438), (50.5601, -355.186), (47.7029, -401.853), (45.0702, -403.764)))
(((39.527, -268.932), (7.07921, -264.297), (18.0359, -213.166), (19.4563, -213.126), (49.7217, -251.646), (39.527, -268.932)))
(((84.9502, 161.075), (43.1883, 130.914), (-38.7105, 168.393), (18.5801, 224.729), (67.1596, 208.347), (84.9502, 161.075)))
(((58.5686, -538.603), (24.7076, -541.777), (7.21845, -533.186), (-6.98738, -513.373), (15.7464, -481.403), (72.9271, -493.57), (58.5686, -538.603)))
(((67.5213, -583.524), (13.4955, -596.236), (24.7076, -541.777), (58.5686, -538.603), (77.372, -566.808), (67.5213, -583.524)))
(((72.9271, -493.57), (15.7464, -481.403), (7.5102, -451.204), (38.1661, -430.086), (75.603, -468.813), (75.9157, -491.014), (72.9271, -493.57)))
(((3.01235, -822.778), (8.4487, -724.923), (39.8089, -700.236), (56.0534, -705.295), (82.6631, -781.323), (59.9964, -830.106), (13.0983, -830.106), (3.01235, -822.778)))
(((68.619, -636.213), (26.77, -648.08), (18.4365, -644.273), (12.2074, -597.556), (13.4955, -596.236), (67.5213, -583.524), (68.619, -636.213)))
(((86.7859, -61.082), (55.9499, -114.452), (37.5849, -119.809), (-3.01776, -62.7453), (4.96411, -50.5548), (48, -31.5519), (78.1404, -45.6436), (86.7859, -61.082)))
(((93.5404, 50.987), (48, -23.3158), (12.1073, 50.3587), (20.5679, 63.5879), (33.2261, 70.3738), (93.5404, 50.987)))
(((67.8787, -189.937), (71.1997, -246.396), (49.7217, -251.646), (19.4563, -213.126), (60.5, -188.5), (67.8787, -189.937)))
(((63.8254, 355.106), (86.9017, 355.106), (136.902, 318.779), (139.865, 309.659), (133.284, 291.327), (67.1596, 208.347), (18.5801, 224.729), (17.7204, 227.639), (63.8254, 355.106)))
(((89.5814, -344.392), (50.5601, -355.186), (26.4241, -335.438), (25.3196, -319.974), (47.6426, -298.69), (78.3167, -300.363), (94.6283, -327.924), (89.5814, -344.392)))
(((103.693, -669.923), (99.0435, -686.087), (56.0534, -705.295), (39.8089, -700.236), (26.77, -648.08), (68.619, -636.213), (100.99, -650.018), (103.693, -669.923)))
(((96.7674, -267.719), (78.3167, -300.363), (47.6426, -298.69), (39.527, -268.932), (49.7217, -251.646), (71.1997, -246.396), (92.6096, -256.873), (96.7674, -267.719)))
(((108.921, -157.969), (87.5115, -184.964), (67.8787, -189.937), (60.5, -188.5), (29.4569, -136.761), (37.5849, -119.809), (55.9499, -114.452), (99.5394, -137.194), (108.921, -157.969)))
(((106.083, -424.182), (75.603, -468.813), (38.1661, -430.086), (45.0702, -403.764), (47.7029, -401.853), (88.1273, -404.593), (106.083, -424.182)))
(((101.525, -365.294), (88.1273, -404.593), (47.7029, -401.853), (50.5601, -355.186), (89.5814, -344.392), (101.525, -365.294)))
(((93.5404, 50.987), (33.2261, 70.3738), (43.1883, 130.914), (84.9502, 161.075), (112.1, 150.672), (95.839, 51.0763), (93.5404, 50.987)))
(((124.748, 6.29036), (78.1404, -45.6436), (48, -31.5519), (48, -23.3158), (93.5404, 50.987), (95.839, 51.0763), (117.695, 40.7233), (124.748, 6.29036)))
(((82.6631, -781.323), (56.0534, -705.295), (99.0435, -686.087), (125.567, -739.134), (82.6631, -781.323)))
(((115.147, -222.128), (92.6096, -256.873), (71.1997, -246.396), (67.8787, -189.937), (87.5115, -184.964), (115.147, -222.128)))
(((100.99, -650.018), (68.619, -636.213), (67.5213, -583.524), (77.372, -566.808), (106.339, -569.512), (108.709, -642.976), (100.99, -650.018)))
(((127.156, -78.8924), (99.5394, -137.194), (55.9499, -114.452), (86.7859, -61.082), (127.156, -78.8924)))
(((120.552, -564.902), (106.339, -569.512), (77.372, -566.808), (58.5686, -538.603), (72.9271, -493.57), (75.9157, -491.014), (116.511, -497.973), (134.247, -512.86), (120.552, -564.902)))
(((150.068, -298.743), (136.735, -316.52), (94.6283, -327.924), (78.3167, -300.363), (96.7674, -267.719), (146.293, -281.869), (150.068, -298.743)))
(((138.75, -442.375), (116.511, -497.973), (75.9157, -491.014), (75.603, -468.813), (106.083, -424.182), (133.137, -426.812), (138.75, -442.375)))
(((133.137, -426.812), (106.083, -424.182), (88.1273, -404.593), (101.525, -365.294), (134.302, -369.105), (152.63, -405.76), (133.137, -426.812)))
(((126.389, 151.666), (112.1, 150.672), (84.9502, 161.075), (67.1596, 208.347), (133.284, 291.327), (153.631, 171.509), (126.389, 151.666)))
(((147.046, -77.0422), (127.156, -78.8924), (86.7859, -61.082), (78.1404, -45.6436), (124.748, 6.29036), (153.996, -18.4585), (147.046, -77.0422)))
(((164.698, -622.704), (108.709, -642.976), (106.339, -569.512), (120.552, -564.902), (161.144, -587.606), (164.698, -622.704)))
(((144.797, -351.455), (134.302, -369.105), (101.525, -365.294), (89.5814, -344.392), (94.6283, -327.924), (136.735, -316.52), (144.797, -351.455)))
(((146.293, -281.869), (96.7674, -267.719), (92.6096, -256.873), (115.147, -222.128), (133.779, -222.831), (148.108, -278.354), (146.293, -281.869)))
(((162.883, -204.075), (133.779, -222.831), (115.147, -222.128), (87.5115, -184.964), (108.921, -157.969), (143.946, -159.862), (163.262, -202.209), (162.883, -204.075)))
(((168.588, 65.5172), (117.695, 40.7233), (95.839, 51.0763), (112.1, 150.672), (126.389, 151.666), (175.031, 78.7033), (168.588, 65.5172)))
(((165.528, -93.8311), (156.909, -145.549), (143.946, -159.862), (108.921, -157.969), (99.5394, -137.194), (127.156, -78.8924), (147.046, -77.0422), (162.325, -86.9063), (165.528, -93.8311)))
(((173.861, -713.366), (147.072, -737.384), (125.567, -739.134), (99.0435, -686.087), (103.693, -669.923), (169.494, -686.374), (173.861, -713.366)))
(((213.764, -847.144), (173.902, -876.106), (112.098, -876.106), (62.0983, -839.779), (59.3838, -831.424), (82.6631, -781.323), (125.567, -739.134), (147.072, -737.384), (213.479, -844.109), (213.764, -847.144)))
(((185.408, -640.904), (169.494, -686.374), (103.693, -669.923), (100.99, -650.018), (108.709, -642.976), (164.698, -622.704), (185.408, -640.904)))
(((177.049, -506.831), (134.247, -512.86), (116.511, -497.973), (138.75, -442.375), (175.609, -468.996), (182.547, -500.481), (177.049, -506.831)))
(((188.878, -246.757), (148.108, -278.354), (133.779, -222.831), (162.883, -204.075), (189.773, -244.409), (188.878, -246.757)))
(((189.615, -561.926), (161.144, -587.606), (120.552, -564.902), (134.247, -512.86), (177.049, -506.831), (189.615, -561.926)))
(((173.365, -402.255), (152.63, -405.76), (134.302, -369.105), (144.797, -351.455), (185.12, -354.056), (173.365, -402.255)))
(((193.915, -345.69), (185.12, -354.056), (144.797, -351.455), (136.735, -316.52), (150.068, -298.743), (185.221, -313.809), (193.915, -345.69)))
(((216.286, -2.6223), (153.996, -18.4585), (124.748, 6.29036), (117.695, 40.7233), (168.588, 65.5172), (216.286, -2.6223)))
(((209.99, -419.667), (175.609, -468.996), (138.75, -442.375), (133.137, -426.812), (152.63, -405.76), (173.365, -402.255), (209.99, -419.667)))
(((140.751, 312.126), (142.098, 313.106), (203.902, 313.106), (244.945, 283.286), (182.775, 173.452), (153.631, 171.509), (133.284, 291.327), (140.751, 312.126)))
(((254.798, 117.033), (175.031, 78.7033), (126.389, 151.666), (153.631, 171.509), (182.775, 173.452), (254.798, 117.033)))
(((240.319, -11.5709), (223.548, -44.6333), (162.325, -86.9063), (147.046, -77.0422), (153.996, -18.4585), (216.286, -2.6223), (240.319, -11.5709)))
(((218.61, -173.244), (206.78, -184.164), (163.262, -202.209), (143.946, -159.862), (156.909, -145.549), (209.053, -155.155), (218.61, -173.244)))
(((185.221, -313.809), (150.068, -298.743), (146.293, -281.869), (148.108, -278.354), (188.878, -246.757), (212.204, -293.407), (185.221, -313.809)))
(((213.479, -844.109), (147.072, -737.384), (173.861, -713.366), (190.813, -717.297), (226.041, -778.946), (213.479, -844.109)))
(((209.053, -155.155), (156.909, -145.549), (165.528, -93.8311), (217.57, -115.977), (209.053, -155.155)))
(((189.773, -244.409), (162.883, -204.075), (163.262, -202.209), (206.78, -184.164), (212.331, -236.89), (189.773, -244.409)))
(((233.498, -370.77), (216.072, -419.378), (209.99, -419.667), (173.365, -402.255), (185.12, -354.056), (193.915, -345.69), (229.286, -355.796), (233.498, -370.77)))
(((256.718, -620.266), (250.541, -632.058), (231.265, -639.85), (185.408, -640.904), (164.698, -622.704), (161.144, -587.606), (189.615, -561.926), (195.437, -562.927), (256.508, -618.088), (256.718, -620.266)))
(((218.277, -706.648), (190.813, -717.297), (173.861, -713.366), (169.494, -686.374), (185.408, -640.904), (231.265, -639.85), (218.277, -706.648)))
(((242.327, -485.673), (233.23, -494.77), (182.547, -500.481), (175.609, -468.996), (209.99, -419.667), (216.072, -419.378), (241.692, -438.691), (242.327, -485.673)))
(((234.669, -108.177), (217.57, -115.977), (165.528, -93.8311), (162.325, -86.9063), (223.548, -44.6333), (234.669, -108.177)))
(((241.603, -539.144), (195.437, -562.927), (189.615, -561.926), (177.049, -506.831), (182.547, -500.481), (233.23, -494.77), (241.603, -539.144)))
(((300.854, 4.38387), (240.319, -11.5709), (216.286, -2.6223), (168.588, 65.5172), (175.031, 78.7033), (254.798, 117.033), (290.504, 114.427), (296.902, 109.779), (316, 51), (316, 51), (300.854, 4.38387)))
(((250.431, -329.087), (229.286, -355.796), (193.915, -345.69), (185.221, -313.809), (212.204, -293.407), (247.194, -294.021), (250.431, -329.087)))
(((247.194, -294.021), (212.204, -293.407), (188.878, -246.757), (189.773, -244.409), (212.331, -236.89), (230.56, -237.215), (257.266, -281.382), (247.194, -294.021)))
(((248.681, -211.846), (230.56, -237.215), (212.331, -236.89), (206.78, -184.164), (218.61, -173.244), (236.675, -177.828), (248.681, -211.846)))
(((259.317, -734.577), (226.041, -778.946), (190.813, -717.297), (218.277, -706.648), (253.369, -720.852), (259.317, -734.577)))
(((286.9, 114.69), (254.798, 117.033), (182.775, 173.452), (244.843, 283.106), (256.902, 283.106), (306.902, 246.779), (326, 188), (326, 188), (306.902, 129.221), (286.9, 114.69)))
(((256.508, -618.088), (195.437, -562.927), (241.603, -539.144), (271.423, -564.11), (256.508, -618.088)))
(((267.868, -156.184), (236.675, -177.828), (218.61, -173.244), (209.053, -155.155), (217.57, -115.977), (234.669, -108.177), (264.467, -114.696), (267.868, -156.184)))
(((272.422, -669.648), (253.369, -720.852), (218.277, -706.648), (231.265, -639.85), (250.541, -632.058), (272.422, -669.648)))
(((299.062, 3.91162), (309.908, -3.96888), (284.674, -98.599), (264.467, -114.696), (234.669, -108.177), (223.548, -44.6333), (240.319, -11.5709), (299.062, 3.91162)))
(((310.032, -411.995), (241.692, -438.691), (216.072, -419.378), (233.498, -370.77), (292.067, -388.182), (310.032, -411.995)))
(((288.579, -272.842), (257.266, -281.382), (230.56, -237.215), (248.681, -211.846), (279.6, -217.644), (285.672, -223.419), (288.579, -272.842)))
(((292.067, -388.182), (233.498, -370.77), (229.286, -355.796), (250.431, -329.087), (286.16, -342.891), (292.067, -388.182)))
(((309.974, -540.017), (271.423, -564.11), (241.603, -539.144), (233.23, -494.77), (242.327, -485.673), (288.403, -495.334), (309.974, -540.017)))
(((291.216, -167.858), (279.6, -217.644), (248.681, -211.846), (236.675, -177.828), (267.868, -156.184), (291.216, -167.858)))
(((331.12, -842.877), (301.902, -864.106), (240.098, -864.106), (213.545, -844.814), (213.479, -844.109), (226.041, -778.946), (259.317, -734.577), (280.341, -738.647), (331.12, -842.877)))
(((330.103, -440.143), (288.403, -495.334), (242.327, -485.673), (241.692, -438.691), (310.032, -411.995), (312.293, -412.672), (330.103, -440.143)))
(((308.351, -295.307), (307.112, -326.902), (286.16, -342.891), (250.431, -329.087), (247.194, -294.021), (257.266, -281.382), (288.579, -272.842), (291.95, -274.106), (308.351, -295.307)))
(((318.808, -714.492), (280.341, -738.647), (259.317, -734.577), (253.369, -720.852), (272.422, -669.648), (300.467, -681.886), (318.808, -714.492)))
(((318.172, -166.533), (291.216, -167.858), (267.868, -156.184), (264.467, -114.696), (284.674, -98.599), (320.906, -124.612), (318.172, -166.533)))
(((320.933, -168.579), (327.589, -210.182), (285.672, -223.419), (279.6, -217.644), (291.216, -167.858), (318.172, -166.533), (320.933, -168.579)))
(((323.021, -619.246), (256.718, -620.266), (256.508, -618.088), (271.423, -564.11), (309.974, -540.017), (393.857, -556.429), (323.021, -619.246)))
(((332.254, -654.64), (300.467, -681.886), (272.422, -669.648), (250.541, -632.058), (256.718, -620.266), (323.021, -619.246), (332.254, -654.64)))
(((332.205, -845.106), (280.341, -738.647), (318.808, -714.492), (341.954, -721.436), (337.964, -845.106), (332.205, -845.106)))
(((312.293, -412.672), (310.032, -411.995), (292.067, -388.182), (286.16, -342.891), (307.112, -326.902), (357.179, -357.498), (312.293, -412.672)))
(((334.199, -249.19), (291.95, -274.106), (288.579, -272.842), (285.672, -223.419), (327.589, -210.182), (338.073, -218.843), (334.199, -249.19)))
(((404.064, -554.387), (393.857, -556.429), (309.974, -540.017), (288.403, -495.334), (330.103, -440.143), (420.743, -484.975), (424, -495), (424, -495), (404.902, -553.779), (404.064, -554.387)))
(((419.866, -82.2001), (320.906, -124.612), (284.674, -98.599), (310.195, -2.89435), (355.902, -2.89435), (405.902, -39.2215), (419.866, -82.2001)))
(((359.208, -711.611), (341.954, -721.436), (318.808, -714.492), (300.467, -681.886), (332.254, -654.64), (357.614, -668.588), (359.208, -711.611)))
(((430.686, -325.12), (357.179, -357.498), (307.112, -326.902), (308.351, -295.307), (403.708, -299.742), (429.989, -308.733), (433, -318), (433, -318), (430.686, -325.12)))
(((403.708, -299.742), (308.351, -295.307), (291.95, -274.106), (334.199, -249.19), (403.708, -299.742)))
(((439.089, -152.038), (320.933, -168.579), (318.172, -166.533), (320.906, -124.612), (423.252, -80.7493), (423.902, -81.2215), (443, -140), (443, -140), (439.089, -152.038)))
(((446.739, -200.036), (338.073, -218.843), (327.589, -210.182), (320.933, -168.579), (437.727, -152.228), (450, -190), (450, -190), (446.739, -200.036)))
(((439.801, -599.378), (357.614, -668.588), (332.254, -654.64), (323.021, -619.246), (393.857, -556.429), (398.499, -555.5), (433.902, -581.221), (439.801, -599.378)))
(((429.285, -308.492), (403.708, -299.742), (334.199, -249.19), (338.073, -218.843), (445.438, -200.261), (459, -242), (459, -242), (439.902, -300.779), (429.285, -308.492)))
(((418.872, -484.05), (330.103, -440.143), (312.293, -412.672), (357.179, -357.498), (427.761, -326.409), (450.902, -343.221), (470, -402), (470, -402), (450.902, -460.779), (418.872, -484.05)))
(((337.973, -844.835), (341.954, -721.436), (359.208, -711.611), (464.91, -730.18), (472, -752), (472, -752), (452.902, -810.779), (402.902, -847.106), (341.098, -847.106), (337.973, -844.835)))
(((467.876, -730.701), (359.208, -711.611), (357.614, -668.588), (439.24, -599.851), (465.902, -619.221), (485, -678), (485, -678), (467.876, -730.701)))
