(((-253.504, -228.965), (-268.902, -217.779), (-288, -159), (-268.902, -100.221), (-224.722, -68.1227), (-141.292, -134.867), (-223.212, -226.617), (-253.504, -228.965)))
(((-132.572, -372.552), (-147.098, -383.106), (-208.902, -383.106), (-258.902, -346.779), (-278, -288), (-258.956, -229.388), (-223.212, -226.617), (-208.141, -229.226), (-130.041, -290.979), (-131.722, -371.661), (-132.572, -372.552)))
(((-125.535, -151.197), (-131.132, -209.026), (-208.141, -229.226), (-223.212, -226.617), (-141.292, -134.867), (-135.102, -136.847), (-125.535, -151.197)))
(((-130.041, -290.979), (-208.141, -229.226), (-131.132, -209.026), (-130.068, -209.916), (-114.728, -269.881), (-130.041, -290.979)))
(((-223.229, -69.3167), (-208.902, -25.2215), (-158.902, 11.1057), (-117.427, 11.1057), (-103.303, -5.9073), (-99.7731, -102.991), (-135.102, -136.847), (-141.292, -134.867), (-223.229, -69.3167)))
(((-159.637, 444.694), (-198.902, 473.221), (-218, 532), (-198.902, 590.779), (-148.902, 627.106), (-87.0983, 627.106), (-51.5131, 601.251), (-50.5469, 471.778), (-159.637, 444.694)))
(((-69.5465, -254.551), (-114.728, -269.881), (-130.068, -209.916), (-72.9994, -213.807), (-69.5465, -254.551)))
(((-72.9994, -213.807), (-130.068, -209.916), (-131.132, -209.026), (-125.535, -151.197), (-75.5505, -164.986), (-68.2749, -207.023), (-72.9994, -213.807)))
(((-131.496, -371.596), (-131.717, -371.435), (-130.041, -290.979), (-114.728, -269.881), (-69.5465, -254.551), (-55.5168, -263.751), (-48.7712, -313.5), (-92.3276, -360.224), (-131.496, -371.596)))
(((-48.2532, -144.931), (-75.5505, -164.986), (-125.535, -151.197), (-135.102, -136.847), (-99.7731, -102.991), (-59.1549, -110.302), (-48.2532, -144.931)))
(((-135.262, 308.14), (-162.902, 328.221), (-182, 387), (-163.572, 443.717), (-50.5469, 471.778), (-48.6124, 470.48), (-41.9365, 382.581), (-79.5935, 327.037), (-135.262, 308.14)))
(((-69.9769, -25.6706), (-42.3822, -87.4303), (-59.1549, -110.302), (-99.7731, -102.991), (-103.303, -5.9073), (-69.9769, -25.6706)))
(((-89.5495, -603.729), (-134.902, -570.779), (-154, -512), (-135.803, -455.996), (-29.5629, -464.668), (-2.75155, -485.342), (2.59673, -506.162), (-89.5495, -603.729)))
(((-132.261, -456.285), (-146, -414), (-132.512, -372.489), (-131.722, -371.661), (-92.3276, -360.224), (-9.02459, -387.992), (-29.5629, -464.668), (-132.261, -456.285)))
(((-22.1527, -203.179), (-68.2749, -207.023), (-75.5505, -164.986), (-48.2532, -144.931), (-36.5086, -148.134), (-22.0379, -202.801), (-22.1527, -203.179)))
(((-128.692, 227.81), (-145, 278), (-135.2, 308.161), (-79.5935, 327.037), (-6.63392, 303.775), (-15.5272, 255.602), (-58.6493, 230.022), (-128.692, 227.81)))
(((1.53829, -243.298), (-55.5168, -263.751), (-69.5465, -254.551), (-72.9994, -213.807), (-68.2749, -207.023), (-22.1527, -203.179), (1.48812, -242.835), (1.53829, -243.298)))
(((-122.595, 123.998), (-122.902, 124.221), (-142, 183), (-127.427, 227.85), (-58.6493, 230.022), (2.48389, 175.681), (-36.5441, 129.628), (-122.595, 123.998)))
(((-118.049, 23.8314), (-135, 76), (-119.335, 124.212), (-36.5441, 129.628), (12.0475, 85.2988), (12.7211, 78.9), (-15.4943, 42.3482), (-118.049, 23.8314)))
(((-12, -141.254), (-36.5086, -148.134), (-48.2532, -144.931), (-59.1549, -110.302), (-42.3822, -87.4303), (-12, -88.5556), (-12, -141.254)))
(((-1.54494, -82.7472), (-12, -88.5556), (-42.3822, -87.4303), (-69.9769, -25.6706), (-38.4891, -27.6084), (2.73404, -59.2128), (-1.54494, -82.7472)))
(((6.92149, -381.727), (-9.02459, -387.992), (-92.3276, -360.224), (-48.7712, -313.5), (-9.02083, -313.5), (22.1086, -353.884), (6.92149, -381.727)))
(((3.73445, -245.565), (5.22165, -287.206), (-9.02083, -313.5), (-48.7712, -313.5), (-55.5168, -263.751), (1.53829, -243.298), (3.73445, -245.565)))
(((-2.68642, 305.87), (-6.63392, 303.775), (-79.5935, 327.037), (-41.9365, 382.581), (24.1984, 353.827), (-2.68642, 305.87)))
(((-119.054, 13.0656), (-115.401, 24.3095), (-15.4943, 42.3482), (11.6892, -0.368726), (-38.4891, -27.6084), (-69.9769, -25.6706), (-103.303, -5.9073), (-119.054, 13.0656)))
(((12.3373, -173.715), (-22.0379, -202.801), (-36.5086, -148.134), (-12, -141.254), (3.15379, -145.508), (12.3373, -173.715)))
(((31.6573, 210.72), (7.82762, 177.359), (2.48389, 175.681), (-58.6493, 230.022), (-15.5272, 255.602), (30.7206, 226.083), (31.6573, 210.72)))
(((27.1468, -39.6826), (2.73404, -59.2128), (-38.4891, -27.6084), (11.6892, -0.368726), (28.7473, -7.13783), (27.1468, -39.6826)))
(((24.1984, 353.827), (-41.9365, 382.581), (-48.6124, 470.48), (-8.16941, 464.991), (27.6711, 431.17), (36.7227, 360.768), (24.1984, 353.827)))
(((97.0919, -571.95), (80.9017, -621.779), (30.9017, -658.106), (-30.9017, -658.106), (-80.9017, -621.779), (-87.4788, -601.536), (2.59673, -506.162), (97.0919, -571.95)))
(((44.4875, -119.554), (3.15379, -145.508), (-12, -141.254), (-12, -88.5556), (-1.54494, -82.7472), (41.031, -106.938), (44.4875, -119.554)))
(((34.8966, -454.539), (-2.75155, -485.342), (-29.5629, -464.668), (-9.02459, -387.992), (6.92149, -381.727), (41.344, -417.789), (34.8966, -454.539)))
(((1.48812, -242.835), (-22.1527, -203.179), (-22.0379, -202.801), (12.3373, -173.715), (40.171, -188.327), (1.48812, -242.835)))
(((-51.515, 601.505), (-14.9017, 628.106), (46.9017, 628.106), (90.6352, 596.331), (60.7116, 512.908), (-8.16941, 464.991), (-48.6124, 470.48), (-50.5469, 471.778), (-51.515, 601.505)))
(((12.0475, 85.2988), (-36.5441, 129.628), (2.48389, 175.681), (7.82762, 177.359), (61.3266, 130.384), (12.0475, 85.2988)))
(((63.4271, 266.576), (30.7206, 226.083), (-15.5272, 255.602), (-6.63392, 303.775), (-2.68642, 305.87), (61.7426, 272.191), (63.4271, 266.576)))
(((47.716, 3.20871), (28.7473, -7.13783), (11.6892, -0.368726), (-15.4943, 42.3482), (12.7211, 78.9), (45.57, 55.784), (47.716, 3.20871)))
(((34.7661, -349.238), (22.1086, -353.884), (-9.02083, -313.5), (5.22165, -287.206), (56, -301.714), (34.7661, -349.238)))
(((41.031, -106.938), (-1.54494, -82.7472), (2.73404, -59.2128), (27.1468, -39.6826), (61.2816, -66.4369), (41.031, -106.938)))
(((44.7699, -119.761), (58.1211, -177.171), (48.9964, -186.904), (40.171, -188.327), (12.3373, -173.715), (3.15379, -145.508), (44.4875, -119.554), (44.7699, -119.761)))
(((56, -301.714), (5.22165, -287.206), (3.73445, -245.565), (45.0327, -251.071), (58.2385, -299.933), (56, -301.714)))
(((70.9722, -236.026), (45.0327, -251.071), (3.73445, -245.565), (1.53829, -243.298), (1.48812, -242.835), (40.171, -188.327), (48.9964, -186.904), (70.9722, -236.026)))
(((83.7689, 334.966), (61.7426, 272.191), (-2.68642, 305.87), (24.1984, 353.827), (36.7227, 360.768), (68.4699, 352.486), (83.7689, 334.966)))
(((81.4036, 131.981), (61.3266, 130.384), (7.82762, 177.359), (31.6573, 210.72), (91.7834, 187.872), (81.4036, 131.981)))
(((89.6325, -405.717), (41.344, -417.789), (6.92149, -381.727), (22.1086, -353.884), (34.7661, -349.238), (86.4044, -365.263), (94.4215, -400.839), (89.6325, -405.717)))
(((96.4069, -571.473), (2.59673, -506.162), (-2.75155, -485.342), (34.8966, -454.539), (86.6505, -468.34), (128.4, -520.77), (136.216, -541.812), (135.902, -542.779), (96.4069, -571.473)))
(((71.4742, -63.2621), (61.2816, -66.4369), (27.1468, -39.6826), (28.7473, -7.13783), (47.716, 3.20871), (62.4016, 0.401163), (96.4053, -41.0409), (71.4742, -63.2621)))
(((88.6483, 125.895), (63.8029, 59.641), (45.57, 55.784), (12.7211, 78.9), (12.0475, 85.2988), (61.3266, 130.384), (81.4036, 131.981), (88.6483, 125.895)))
(((121.594, 435.714), (27.6711, 431.17), (-8.16941, 464.991), (60.7116, 512.908), (123.17, 436.57), (121.594, 435.714)))
(((86.6505, -468.34), (34.8966, -454.539), (41.344, -417.789), (89.6325, -405.717), (86.6505, -468.34)))
(((68.4699, 352.486), (36.7227, 360.768), (27.6711, 431.17), (121.594, 435.714), (68.4699, 352.486)))
(((112.155, -272.759), (76.7604, -299.305), (58.2385, -299.933), (45.0327, -251.071), (70.9722, -236.026), (91.4908, -238.782), (104.867, -251.186), (112.155, -272.759)))
(((111.99, 36.2147), (62.4016, 0.401163), (47.716, 3.20871), (45.57, 55.784), (63.8029, 59.641), (111.551, 45.2055), (111.99, 36.2147)))
(((86.4044, -365.263), (34.7661, -349.238), (56, -301.714), (58.2385, -299.933), (76.7604, -299.305), (100.232, -347.814), (86.4044, -365.263)))
(((119.348, 210.187), (91.7834, 187.872), (31.6573, 210.72), (30.7206, 226.083), (63.4271, 266.576), (102.238, 250.111), (119.348, 210.187)))
(((84.906, -174.736), (58.1211, -177.171), (44.7699, -119.761), (94.9961, -122.604), (84.906, -174.736)))
(((99.5988, -120.419), (94.9961, -122.604), (44.7699, -119.761), (44.4875, -119.554), (41.031, -106.938), (61.2816, -66.4369), (71.4742, -63.2621), (103.203, -109.797), (99.5988, -120.419)))
(((91.4908, -238.782), (70.9722, -236.026), (48.9964, -186.904), (58.1211, -177.171), (84.906, -174.736), (106.514, -186.201), (91.4908, -238.782)))
(((111.551, 45.2055), (63.8029, 59.641), (88.6483, 125.895), (95.8432, 122.555), (120.609, 61.2308), (111.551, 45.2055)))
(((133.443, 6.1799), (99.2609, -40.9677), (96.4053, -41.0409), (62.4016, 0.401163), (111.99, 36.2147), (133.443, 6.1799)))
(((125.714, -87.2857), (103.203, -109.797), (71.4742, -63.2621), (96.4053, -41.0409), (99.2609, -40.9677), (123.604, -59.8456), (125.714, -87.2857)))
(((138.918, 292.904), (102.238, 250.111), (63.4271, 266.576), (61.7426, 272.191), (83.7689, 334.966), (129.668, 327.13), (138.918, 292.904)))
(((147.978, -311.134), (134.921, -334.425), (100.232, -347.814), (76.7604, -299.305), (112.155, -272.759), (132.282, -284.718), (147.978, -311.134)))
(((146.802, -154.085), (136.562, -178.32), (106.514, -186.201), (84.906, -174.736), (94.9961, -122.604), (99.5988, -120.419), (146.746, -153.423), (146.802, -154.085)))
(((90.1955, 595.106), (138.902, 595.106), (146.85, 589.331), (153.77, 558.331), (130.736, 441.389), (124.638, 436.639), (123.17, 436.57), (60.7116, 512.908), (90.1955, 595.106)))
(((128.4, -520.77), (86.6505, -468.34), (89.6325, -405.717), (94.4215, -400.839), (137.043, -410.581), (128.4, -520.77)))
(((124.638, 436.639), (162.407, 358.813), (129.668, 327.13), (83.7689, 334.966), (68.4699, 352.486), (121.594, 435.714), (123.17, 436.57), (124.638, 436.639)))
(((155.676, -212.232), (104.867, -251.186), (91.4908, -238.782), (106.514, -186.201), (136.562, -178.32), (155.676, -212.232)))
(((158.711, 135.528), (95.8432, 122.555), (88.6483, 125.895), (81.4036, 131.981), (91.7834, 187.872), (119.348, 210.187), (135.902, 206.805), (158.711, 135.528)))
(((154.288, -402.425), (137.043, -410.581), (94.4215, -400.839), (86.4044, -365.263), (100.232, -347.814), (134.921, -334.425), (160.333, -390.333), (154.288, -402.425)))
(((171.448, -112.253), (146.746, -153.423), (99.5988, -120.419), (103.203, -109.797), (125.714, -87.2857), (168.395, -107.503), (171.448, -112.253)))
(((177.004, 121.941), (155.961, 71.2473), (120.609, 61.2308), (95.8432, 122.555), (158.711, 135.528), (168.788, 130.808), (177.004, 121.941)))
(((176.122, -39.9825), (171.69, -44.8853), (123.604, -59.8456), (99.2609, -40.9677), (133.443, 6.1799), (145.617, 3.35691), (176.043, -33.83), (176.122, -39.9825)))
(((194.027, 230.206), (135.902, 206.805), (119.348, 210.187), (102.238, 250.111), (138.918, 292.904), (180.613, 269.078), (194.257, 231.07), (194.027, 230.206)))
(((175.038, -241.962), (132.282, -284.718), (112.155, -272.759), (104.867, -251.186), (155.676, -212.232), (160.692, -214.863), (175.038, -241.962)))
(((168.395, -107.503), (125.714, -87.2857), (123.604, -59.8456), (171.69, -44.8853), (168.395, -107.503)))
(((188.514, 39.7542), (145.617, 3.35691), (133.443, 6.1799), (111.99, 36.2147), (111.551, 45.2055), (120.609, 61.2308), (155.961, 71.2473), (188.475, 40.4448), (188.514, 39.7542)))
(((245.102, -490.85), (240.902, -503.779), (190.902, -540.106), (135.582, -540.106), (128.4, -520.77), (137.043, -410.581), (154.288, -402.425), (245.102, -490.85)))
(((264.807, -338.096), (160.333, -390.333), (134.921, -334.425), (147.978, -311.134), (257.414, -315.343), (264.807, -338.096)))
(((258.232, -315.374), (147.978, -311.134), (132.282, -284.718), (175.038, -241.962), (245.908, -271.598), (266.483, -289.978), (258.232, -315.374)))
(((208.202, 207.172), (168.788, 130.808), (158.711, 135.528), (135.902, 206.805), (194.027, 230.206), (208.202, 207.172)))
(((215.176, 325.86), (180.613, 269.078), (138.918, 292.904), (129.668, 327.13), (162.407, 358.813), (190.216, 356.471), (215.176, 325.86)))
(((221.971, 475.772), (178.469, 446.046), (130.736, 441.389), (153.77, 558.331), (221.971, 475.772)))
(((208.082, -188.381), (160.692, -214.863), (155.676, -212.232), (136.562, -178.32), (146.802, -154.085), (211.071, -174.929), (208.082, -188.381)))
(((217.324, 6.27199), (176.043, -33.83), (145.617, 3.35691), (188.514, 39.7542), (217.324, 6.27199)))
(((190.216, 356.471), (162.407, 358.813), (124.638, 436.639), (130.736, 441.389), (178.469, 446.046), (215.4, 390.65), (190.216, 356.471)))
(((229, -157), (211.071, -174.929), (146.802, -154.085), (146.746, -153.423), (171.448, -112.253), (208.02, -112.783), (222.107, -122.536), (229, -157)))
(((208.02, -112.783), (171.448, -112.253), (168.395, -107.503), (171.69, -44.8853), (176.122, -39.9825), (212.83, -59.8664), (208.02, -112.783)))
(((233.242, 86.5287), (188.475, 40.4448), (155.961, 71.2473), (177.004, 121.941), (192.599, 119.188), (233.242, 86.5287)))
(((245.908, -271.598), (175.038, -241.962), (160.692, -214.863), (208.082, -188.381), (245.908, -271.598)))
(((244.372, -490.139), (154.288, -402.425), (160.333, -390.333), (264.309, -338.346), (277.902, -348.221), (297, -407), (297, -407), (277.902, -465.779), (244.372, -490.139)))
(((248.817, 177.345), (192.599, 119.188), (177.004, 121.941), (168.788, 130.808), (208.202, 207.172), (248.817, 177.345)))
(((313.394, -25.0561), (212.83, -59.8664), (176.122, -39.9825), (176.043, -33.83), (217.324, 6.27199), (306.851, -4.91883), (313.394, -25.0561)))
(((264.165, 408.937), (215.4, 390.65), (178.469, 446.046), (221.971, 475.772), (288.124, 472.397), (264.165, 408.937)))
(((264.269, 269.146), (194.257, 231.07), (180.613, 269.078), (215.176, 325.86), (228.118, 322.824), (264.269, 269.146)))
(((307.172, 485.518), (288.124, 472.397), (221.971, 475.772), (153.77, 558.331), (146.835, 589.4), (189.098, 620.106), (250.902, 620.106), (300.902, 583.779), (320, 525), (320, 525), (307.172, 485.518)))
(((308.681, -5.1476), (217.324, 6.27199), (188.514, 39.7542), (188.475, 40.4448), (233.242, 86.5287), (312.389, 77.7345), (324, 42), (324, 42), (308.681, -5.1476)))
(((325.93, -60.2418), (222.107, -122.536), (208.02, -112.783), (212.83, -59.8664), (314.386, -24.7125), (325.93, -60.2418)))
(((316.229, 77.3078), (233.242, 86.5287), (192.599, 119.188), (248.817, 177.345), (323.715, 163.654), (334, 132), (334, 132), (316.229, 77.3078)))
(((269.947, -293.073), (245.908, -271.598), (208.082, -188.381), (211.071, -174.929), (229, -157), (287.708, -178.348), (286.65, -280.937), (269.947, -293.073)))
(((283.056, 357.16), (228.118, 322.824), (215.176, 325.86), (190.216, 356.471), (215.4, 390.65), (264.165, 408.937), (283.056, 357.16)))
(((327.433, 162.975), (248.817, 177.345), (208.202, 207.172), (194.027, 230.206), (194.257, 231.07), (264.269, 269.146), (341.687, 253.663), (351, 225), (351, 225), (331.902, 166.221), (327.433, 162.975)))
(((354.436, -105.644), (287.708, -178.348), (229, -157), (222.107, -122.536), (325.989, -60.2068), (343.902, -73.2215), (354.436, -105.644)))
(((345.367, 252.927), (264.269, 269.146), (228.118, 322.824), (283.056, 357.16), (366.746, 308.062), (349.902, 256.221), (345.367, 252.927)))
(((364.135, 309.594), (283.056, 357.16), (264.165, 408.937), (288.124, 472.397), (306.573, 485.106), (343.902, 485.106), (393.902, 448.779), (413, 390), (413, 390), (393.902, 331.221), (364.135, 309.594)))
(((286.653, -280.704), (287.708, -178.348), (356.042, -103.894), (366.902, -103.894), (416.902, -140.221), (436, -199), (436, -199), (416.902, -257.779), (366.902, -294.106), (305.098, -294.106), (286.653, -280.704)))
