(((-213.997, 458.894), (-222.902, 458.894), (-272.902, 495.221), (-292, 554), (-272.902, 612.779), (-222.902, 649.106), (-164.73, 649.106), (-151.256, 535.325), (-213.997, 458.894)))
(((-234.337, -399.891), (-268.902, -374.779), (-288, -316), (-275.328, -277), (-171.56, -277), (-157.185, -294.74), (-172.375, -355.5), (-234.337, -399.891)))
(((-275.328, -277), (-288, -238), (-268.902, -179.221), (-253.914, -168.332), (-247.992, -169.539), (-168.104, -204.419), (-158.62, -252.789), (-171.56, -277), (-275.328, -277)))
(((-263.178, -133.696), (-279, -85), (-259.902, -26.2215), (-209.902, 10.1057), (-148.098, 10.1057), (-145.514, 8.22827), (-151.283, -101.371), (-263.178, -133.696)))
(((-253.519, -168.413), (-264.66, -134.124), (-151.283, -101.371), (-140.873, -112.276), (-153.322, -146.511), (-247.992, -169.539), (-253.519, -168.413)))
(((-130.385, -192.052), (-168.104, -204.419), (-247.992, -169.539), (-153.322, -146.511), (-120.438, -178.08), (-130.385, -192.052)))
(((-161.194, -478.106), (-170.902, -478.106), (-220.902, -441.779), (-234.479, -399.992), (-172.375, -355.5), (-116.05, -355.5), (-97.6778, -405.606), (-127.535, -453.026), (-161.194, -478.106)))
(((-116.05, -355.5), (-172.375, -355.5), (-157.185, -294.74), (-117.55, -301.458), (-116.354, -302.473), (-104.998, -335.406), (-116.05, -355.5)))
(((-107.717, -244.098), (-158.62, -252.789), (-168.104, -204.419), (-130.385, -192.052), (-105.844, -242.425), (-107.717, -244.098)))
(((-110.924, -173.11), (-120.438, -178.08), (-153.322, -146.511), (-140.873, -112.276), (-114.623, -117.623), (-101.997, -153.272), (-110.924, -173.11)))
(((-117.55, -301.458), (-157.185, -294.74), (-171.56, -277), (-158.62, -252.789), (-107.717, -244.098), (-117.55, -301.458)))
(((-173.734, 416.85), (-205.902, 440.221), (-212.544, 460.665), (-151.256, 535.325), (-77.6048, 524.968), (-73.821, 471.995), (-91.2707, 447.773), (-173.734, 416.85)))
(((-145.573, 7.10565), (-117.203, 7.10565), (-112.644, 3.86916), (-90.3933, -82.3511), (-93.9884, -96.9884), (-114.623, -117.623), (-140.873, -112.276), (-151.283, -101.371), (-145.573, 7.10565)))
(((-164.299, 645.466), (-146.902, 658.106), (-90.3323, 658.106), (-68.7656, 538.77), (-77.6048, 524.968), (-151.256, 535.325), (-164.299, 645.466)))
(((-81.2286, -241.306), (-105.844, -242.425), (-130.385, -192.052), (-120.438, -178.08), (-110.924, -173.11), (-71.0556, -198.028), (-77.6194, -238.231), (-81.2286, -241.306)))
(((-69.3286, -283.948), (-116.354, -302.473), (-117.55, -301.458), (-107.717, -244.098), (-105.844, -242.425), (-81.2286, -241.306), (-69.3286, -283.948)))
(((-66.6636, -143.636), (-101.997, -153.272), (-114.623, -117.623), (-93.9884, -96.9884), (-64.558, -122.58), (-66.6636, -143.636)))
(((-159.86, 325.285), (-163.902, 328.221), (-183, 387), (-173.241, 417.035), (-91.2707, 447.773), (-40.4506, 390.177), (-75.2675, 346.433), (-159.86, 325.285)))
(((-53.4303, -333.46), (-104.998, -335.406), (-116.354, -302.473), (-69.3286, -283.948), (-52.767, -294.989), (-53.4303, -333.46)))
(((-47.6578, -339.676), (-74.121, -398.829), (-97.6778, -405.606), (-116.05, -355.5), (-104.998, -335.406), (-53.4303, -333.46), (-47.6578, -339.676)))
(((-116.568, -653.262), (-159.902, -621.779), (-179, -563), (-160.751, -506.836), (-41.5273, -529.764), (-23.5501, -551.393), (-22.1062, -562.174), (-116.568, -653.262)))
(((-46.2105, -185.605), (-71.0556, -198.028), (-110.924, -173.11), (-101.997, -153.272), (-66.6636, -143.636), (-54.9046, -151.867), (-43.6926, -178.651), (-46.2105, -185.605)))
(((-32.4668, -98.8087), (-64.558, -122.58), (-93.9884, -96.9884), (-90.3933, -82.3511), (-33.2128, -91.8812), (-32.4668, -98.8087)))
(((-156.649, -507.625), (-164, -485), (-161.941, -478.662), (-127.535, -453.026), (-26.4375, -462.938), (-41.5273, -529.764), (-156.649, -507.625)))
(((-139.177, 244.789), (-143.902, 248.221), (-163, 307), (-156.811, 326.047), (-75.2675, 346.433), (-26.2053, 311.731), (-64.8391, 261.024), (-139.177, 244.789)))
(((-33.2128, -91.8812), (-90.3933, -82.3511), (-112.644, 3.86916), (-103.855, 1.5), (-26.2395, -73.6899), (-33.2128, -91.8812)))
(((-26.4375, -462.938), (-127.535, -453.026), (-97.6778, -405.606), (-74.121, -398.829), (-33.8181, -411.064), (-14.764, -452.701), (-26.4375, -462.938)))
(((-26.2778, -248.778), (-37.6687, -285.798), (-52.767, -294.989), (-69.3286, -283.948), (-81.2286, -241.306), (-77.6194, -238.231), (-33.0279, -241.139), (-26.2778, -248.778)))
(((-33.0279, -241.139), (-77.6194, -238.231), (-71.0556, -198.028), (-46.2105, -185.605), (-26.8077, -210.038), (-33.0279, -241.139)))
(((-13.6373, -123.73), (-54.9046, -151.867), (-66.6636, -143.636), (-64.558, -122.58), (-32.4668, -98.8087), (-13.6373, -123.73)))
(((-111.382, 151.399), (-124.902, 161.221), (-144, 220), (-135.699, 245.549), (-64.8391, 261.024), (5.58804, 231.572), (22.5267, 198.448), (16.1141, 190.966), (-111.382, 151.399)))
(((-13.8736, -365.23), (-18.7837, -389.29), (-33.8181, -411.064), (-74.121, -398.829), (-47.6578, -339.676), (-23.7015, -345.926), (-13.8736, -365.23)))
(((4.9712, 372.523), (-15.7647, 313.59), (-26.2053, 311.731), (-75.2675, 346.433), (-40.4506, 390.177), (-2.69983, 389.279), (4.9712, 372.523)))
(((-89.6609, 654.39), (-63.9017, 673.106), (-2.0983, 673.106), (28.2118, 651.084), (14.0676, 550.054), (7.95349, 545.163), (-68.7656, 538.77), (-89.6609, 654.39)))
(((-2.69983, 389.279), (-40.4506, 390.177), (-91.2707, 447.773), (-73.821, 471.995), (-2.80055, 467.196), (25.9592, 439.743), (-2.69983, 389.279)))
(((0.25, -161.75), (-43.6926, -178.651), (-54.9046, -151.867), (-13.6373, -123.73), (-3.76995, -129.016), (0.25, -161.75)))
(((2.91007, -58.3201), (-26.2395, -73.6899), (-103.855, 1.5), (-40.569, 1.5), (7.71263, -50.358), (2.91007, -58.3201)))
(((-117.378, 7.22989), (-129, 43), (-110.584, 99.6779), (-18.8557, 87.4474), (-8.36051, 18.1794), (-40.569, 1.5), (-103.855, 1.5), (-112.644, 3.86916), (-117.378, 7.22989)))
(((-2.80055, 467.196), (-73.821, 471.995), (-77.6048, 524.968), (-68.7656, 538.77), (7.95349, 545.163), (-2.80055, 467.196)))
(((69.2227, -636.781), (55.9017, -677.779), (5.9017, -714.106), (-55.9017, -714.106), (-105.902, -677.779), (-114.512, -651.279), (-22.1062, -562.174), (69.2227, -636.781)))
(((-4.40292, -328.51), (-23.7015, -345.926), (-47.6578, -339.676), (-53.4303, -333.46), (-52.767, -294.989), (-37.6687, -285.798), (-2.86864, -297.057), (-4.40292, -328.51)))
(((5.58804, 231.572), (-64.8391, 261.024), (-26.2053, 311.731), (-15.7647, 313.59), (14.6531, 290.495), (5.58804, 231.572)))
(((-105.973, 99.0631), (-117, 133), (-110.982, 151.523), (16.1141, 190.966), (16.592, 179.657), (0.184657, 92.1515), (-18.8557, 87.4474), (-105.973, 99.0631)))
(((16.4655, -194.397), (8.9435, -203.91), (-26.8077, -210.038), (-46.2105, -185.605), (-43.6926, -178.651), (0.25, -161.75), (7.91667, -168.75), (16.4655, -194.397)))
(((23.8131, -274.822), (-2.86864, -297.057), (-37.6687, -285.798), (-26.2778, -248.778), (10.2351, -251.699), (13.0323, -253.948), (23.6625, -273.836), (23.8131, -274.822)))
(((10.2351, -251.699), (-26.2778, -248.778), (-33.0279, -241.139), (-26.8077, -210.038), (8.9435, -203.91), (10.2351, -251.699)))
(((25.1074, -516.638), (-23.5501, -551.393), (-41.5273, -529.764), (-26.4375, -462.938), (-14.764, -452.701), (4.80317, -453.126), (31.7527, -499.591), (25.1074, -516.638)))
(((40.0488, -426.272), (4.80317, -453.126), (-14.764, -452.701), (-33.8181, -411.064), (-18.7837, -389.29), (31.3759, -407.77), (40.1371, -422.697), (40.0488, -426.272)))
(((21.8904, -114.877), (-3.76995, -129.016), (-13.6373, -123.73), (-32.4668, -98.8087), (-33.2128, -91.8812), (-26.2395, -73.6899), (2.91007, -58.3201), (23.75, -100), (21.8904, -114.877)))
(((26.7855, -40.3814), (7.71263, -50.358), (-40.569, 1.5), (-8.36051, 18.1794), (16.9625, 16.5189), (32.9545, -27.0152), (26.7855, -40.3814)))
(((48.5387, 49.5638), (16.9625, 16.5189), (-8.36051, 18.1794), (-18.8557, 87.4474), (0.184657, 92.1515), (36.7799, 79.1506), (48.5387, 49.5638)))
(((31.3759, -407.77), (-18.7837, -389.29), (-13.8736, -365.23), (23.8724, -371.19), (31.3759, -407.77)))
(((46.6451, -346.14), (23.8724, -371.19), (-13.8736, -365.23), (-23.7015, -345.926), (-4.40292, -328.51), (47.0139, -333.783), (46.6451, -346.14)))
(((47.0139, -333.783), (-4.40292, -328.51), (-2.86864, -297.057), (23.8131, -274.822), (47.8401, -296.293), (53.7016, -323.507), (47.0139, -333.783)))
(((56.3577, 306.134), (14.6531, 290.495), (-15.7647, 313.59), (4.9712, 372.523), (68.4426, 340.231), (56.3577, 306.134)))
(((56.4116, -147.966), (7.91667, -168.75), (0.25, -161.75), (-3.76995, -129.016), (21.8904, -114.877), (61.2091, -134.079), (56.4116, -147.966)))
(((48.3455, -223.931), (13.0323, -253.948), (10.2351, -251.699), (8.9435, -203.91), (16.4655, -194.397), (36.0325, -198.536), (48.3455, -223.931)))
(((36.7799, 79.1506), (0.184657, 92.1515), (16.592, 179.657), (57.0464, 102.119), (36.7799, 79.1506)))
(((103.583, 486.475), (52.801, 444.057), (25.9592, 439.743), (-2.80055, 467.196), (7.95349, 545.163), (14.0676, 550.054), (109.306, 498.106), (103.583, 486.475)))
(((70.816, -638.082), (-22.1062, -562.174), (-23.5501, -551.393), (25.1074, -516.638), (82.5716, -569.681), (100.921, -616.21), (70.816, -638.082)))
(((60.2134, -77.8049), (23.75, -100), (2.91007, -58.3201), (7.71263, -50.358), (26.7855, -40.3814), (62.3896, -71.9165), (60.2134, -77.8049)))
(((63.4845, -181.759), (36.0325, -198.536), (16.4655, -194.397), (7.91667, -168.75), (56.4116, -147.966), (63.4845, -181.759)))
(((55.087, 200.972), (22.5267, 198.448), (5.58804, 231.572), (14.6531, 290.495), (56.3577, 306.134), (95.3197, 246.609), (55.087, 200.972)))
(((66.1964, -244.062), (23.6625, -273.836), (13.0323, -253.948), (48.3455, -223.931), (64.9834, -231.326), (66.1964, -244.062)))
(((72.3575, -383.81), (40.1371, -422.697), (31.3759, -407.77), (23.8724, -371.19), (46.6451, -346.14), (73.4426, -378.68), (72.3575, -383.81)))
(((89.8696, -479.466), (79.2392, -491.372), (31.7527, -499.591), (4.80317, -453.126), (40.0488, -426.272), (82.0452, -448.992), (89.8696, -479.466)))
(((61.2091, -134.079), (21.8904, -114.877), (23.75, -100), (60.2134, -77.8049), (69.8739, -129.327), (61.2091, -134.079)))
(((80.9767, -11.0078), (32.9545, -27.0152), (16.9625, 16.5189), (48.5387, 49.5638), (58.6481, 45.0556), (81.8492, 0.509524), (80.9767, -11.0078)))
(((68.4426, 340.231), (4.9712, 372.523), (-2.69983, 389.279), (25.9592, 439.743), (52.801, 444.057), (97.1046, 357.091), (68.4426, 340.231)))
(((87.986, 117.318), (57.0464, 102.119), (16.592, 179.657), (16.1141, 190.966), (22.5267, 198.448), (55.087, 200.972), (94.3767, 159.147), (87.986, 117.318)))
(((82.5716, -569.681), (25.1074, -516.638), (31.7527, -499.591), (79.2392, -491.372), (82.5716, -569.681)))
(((84.7058, -270.599), (47.8401, -296.293), (23.8131, -274.822), (23.6625, -273.836), (66.1964, -244.062), (84.973, -265.968), (84.7058, -270.599)))
(((89.3953, -211.491), (64.9834, -231.326), (48.3455, -223.931), (36.0325, -198.536), (63.4845, -181.759), (90.594, -194.411), (89.3953, -211.491)))
(((89.8524, -63.9945), (62.3896, -71.9165), (26.7855, -40.3814), (32.9545, -27.0152), (80.9767, -11.0078), (98.8817, -31.8276), (89.8524, -63.9945)))
(((28.5689, 653.635), (32.5981, 656.563), (133.587, 515.178), (109.306, 498.106), (14.0676, 550.054), (28.5689, 653.635)))
(((104.707, -364.25), (73.4426, -378.68), (46.6451, -346.14), (47.0139, -333.783), (53.7016, -323.507), (95.1376, -325.014), (104.707, -364.25)))
(((115.775, -94.2377), (82.946, -128.943), (69.8739, -129.327), (60.2134, -77.8049), (62.3896, -71.9165), (89.8524, -63.9945), (115.775, -94.2377)))
(((82.0452, -448.992), (40.0488, -426.272), (40.1371, -422.697), (72.3575, -383.81), (111.219, -420.512), (82.0452, -448.992)))
(((95.1376, -325.014), (53.7016, -323.507), (47.8401, -296.293), (84.7058, -270.599), (119.318, -304.058), (95.1376, -325.014)))
(((103.333, -185.051), (90.594, -194.411), (63.4845, -181.759), (56.4116, -147.966), (61.2091, -134.079), (69.8739, -129.327), (82.946, -128.943), (113.716, -161.577), (103.333, -185.051)))
(((115.709, 62.523), (58.6481, 45.0556), (48.5387, 49.5638), (36.7799, 79.1506), (57.0464, 102.119), (87.986, 117.318), (123.458, 83.3877), (115.709, 62.523)))
(((113.585, -240.535), (84.973, -265.968), (66.1964, -244.062), (64.9834, -231.326), (89.3953, -211.491), (113.019, -237.646), (113.585, -240.535)))
(((129.648, 29.189), (81.8492, 0.509524), (58.6481, 45.0556), (115.709, 62.523), (129.648, 29.189)))
(((122.4, -416.04), (111.219, -420.512), (72.3575, -383.81), (73.4426, -378.68), (104.707, -364.25), (118.991, -370.955), (132.178, -402.351), (122.4, -416.04)))
(((125.312, 252.724), (95.3197, 246.609), (56.3577, 306.134), (68.4426, 340.231), (97.1046, 357.091), (129.008, 356.236), (125.312, 252.724)))
(((131.925, 357.592), (129.008, 356.236), (97.1046, 357.091), (52.801, 444.057), (103.583, 486.475), (148.069, 380.096), (131.925, 357.592)))
(((100.485, -615.106), (82.5716, -569.681), (79.2392, -491.372), (89.8696, -479.466), (145.428, -493.959), (103.653, -615.106), (100.485, -615.106)))
(((199.466, 564.657), (147.418, 519.38), (133.587, 515.178), (32.8402, 656.224), (78.0983, 689.106), (139.902, 689.106), (189.902, 652.779), (209, 594), (209, 594), (199.466, 564.657)))
(((130.936, -302.508), (119.318, -304.058), (84.7058, -270.599), (84.973, -265.968), (113.585, -240.535), (136.585, -257.319), (130.936, -302.508)))
(((138.993, 22.6653), (137.932, -27.1945), (98.8817, -31.8276), (80.9767, -11.0078), (81.8492, 0.509524), (129.648, 29.189), (138.993, 22.6653)))
(((140.342, -153.494), (113.716, -161.577), (82.946, -128.943), (115.775, -94.2377), (123.449, -94.7781), (144.538, -145.392), (140.342, -153.494)))
(((113.019, -237.646), (89.3953, -211.491), (90.594, -194.411), (103.333, -185.051), (140.03, -207.634), (113.019, -237.646)))
(((151.098, 230.844), (128.762, 161.974), (94.3767, 159.147), (55.087, 200.972), (95.3197, 246.609), (125.312, 252.724), (135.04, 249.353), (151.098, 230.844)))
(((149.104, -341.918), (118.991, -370.955), (104.707, -364.25), (95.1376, -325.014), (119.318, -304.058), (130.936, -302.508), (142.357, -308.798), (149.104, -341.918)))
(((163.799, -485.703), (145.428, -493.959), (89.8696, -479.466), (82.0452, -448.992), (111.219, -420.512), (122.4, -416.04), (164.528, -483.445), (163.799, -485.703)))
(((159.939, -42.3717), (140.063, -85.5815), (123.449, -94.7781), (115.775, -94.2377), (89.8524, -63.9945), (98.8817, -31.8276), (137.932, -27.1945), (159.939, -42.3717)))
(((165.686, 98.6366), (123.458, 83.3877), (87.986, 117.318), (94.3767, 159.147), (128.762, 161.974), (154.906, 148.687), (165.686, 98.6366)))
(((151.278, -206.611), (140.03, -207.634), (103.333, -185.051), (113.716, -161.577), (140.342, -153.494), (165.702, -190.126), (151.278, -206.611)))
(((160.977, -245.407), (136.585, -257.319), (113.585, -240.535), (113.019, -237.646), (140.03, -207.634), (151.278, -206.611), (160.977, -245.407)))
(((183.428, -366.715), (156.861, -399.923), (132.178, -402.351), (118.991, -370.955), (149.104, -341.918), (183.367, -365.639), (183.428, -366.715)))
(((195.465, 59.2722), (181.3, 30.5), (138.993, 22.6653), (129.648, 29.189), (115.709, 62.523), (123.458, 83.3877), (165.686, 98.6366), (173.722, 94.9923), (195.465, 59.2722)))
(((159.744, -138.48), (144.538, -145.392), (123.449, -94.7781), (140.063, -85.5815), (176.705, -106.679), (159.744, -138.48)))
(((164.528, -483.445), (122.4, -416.04), (132.178, -402.351), (156.861, -399.923), (195.234, -444.912), (164.528, -483.445)))
(((201.182, 301.321), (135.04, 249.353), (125.312, 252.724), (129.008, 356.236), (131.925, 357.592), (201.182, 301.321)))
(((216.725, 193.407), (154.906, 148.687), (128.762, 161.974), (151.098, 230.844), (216.944, 202.095), (216.725, 193.407)))
(((179.575, 393.194), (148.069, 380.096), (103.583, 486.475), (109.306, 498.106), (133.587, 515.178), (147.418, 519.38), (205.595, 421.312), (179.575, 393.194)))
(((164.153, -302.785), (142.357, -308.798), (130.936, -302.508), (136.585, -257.319), (160.977, -245.407), (166.09, -246.882), (186.768, -271.125), (164.153, -302.785)))
(((251.979, -570.842), (242.902, -598.779), (192.902, -635.106), (131.098, -635.106), (103.637, -615.154), (145.428, -493.959), (163.799, -485.703), (251.979, -570.842)))
(((190.29, -38.6246), (159.939, -42.3717), (137.932, -27.1945), (138.993, 22.6653), (181.3, 30.5), (205.653, -30.3815), (190.29, -38.6246)))
(((188.366, -104.061), (176.705, -106.679), (140.063, -85.5815), (159.939, -42.3717), (190.29, -38.6246), (188.366, -104.061)))
(((195.5, -165.5), (170.959, -190.041), (165.702, -190.126), (140.342, -153.494), (144.538, -145.392), (159.744, -138.48), (195.5, -151.25), (195.5, -165.5)))
(((202.501, -216.804), (166.09, -246.882), (160.977, -245.407), (151.278, -206.611), (165.702, -190.126), (170.959, -190.041), (202.501, -216.804)))
(((183.367, -365.639), (149.104, -341.918), (142.357, -308.798), (164.153, -302.785), (211.623, -330.116), (183.367, -365.639)))
(((213.578, -128.653), (195.5, -151.25), (159.744, -138.48), (176.705, -106.679), (188.366, -104.061), (211.063, -114.937), (213.578, -128.653)))
(((241.256, -427.654), (195.234, -444.912), (156.861, -399.923), (183.428, -366.715), (236.397, -412.328), (241.256, -427.654)))
(((216.944, 202.095), (151.098, 230.844), (135.04, 249.353), (201.182, 301.321), (205.252, 301.05), (240.99, 230.691), (216.944, 202.095)))
(((243.161, 142.337), (173.722, 94.9923), (165.686, 98.6366), (154.906, 148.687), (216.725, 193.407), (243.161, 142.337)))
(((218.24, -255.413), (203.652, -270.812), (186.768, -271.125), (166.09, -246.882), (202.501, -216.804), (211.637, -218.272), (218.24, -255.413)))
(((219.344, -327.278), (211.623, -330.116), (164.153, -302.785), (186.768, -271.125), (203.652, -270.812), (224.814, -314.312), (219.344, -327.278)))
(((229.687, 325.063), (205.252, 301.05), (201.182, 301.321), (131.925, 357.592), (148.069, 380.096), (179.575, 393.194), (230.469, 336.645), (229.687, 325.063)))
(((211.637, -218.272), (202.501, -216.804), (170.959, -190.041), (195.5, -165.5), (225.297, -181.94), (213.292, -217.031), (211.637, -218.272)))
(((233.487, -33.3256), (231.071, -94.9286), (211.063, -114.937), (188.366, -104.061), (190.29, -38.6246), (205.653, -30.3815), (233.487, -33.3256)))
(((201.131, 566.106), (231.154, 566.106), (269.744, 483.893), (232.233, 423.509), (205.595, 421.312), (147.418, 519.38), (201.131, 566.106)))
(((308.552, -4.9991), (233.487, -33.3256), (205.653, -30.3815), (181.3, 30.5), (195.465, 59.2722), (306.515, 53.2695), (317, 21), (317, 21), (308.552, -4.9991)))
(((254.36, -573.14), (163.799, -485.703), (164.528, -483.445), (195.234, -444.912), (241.256, -427.654), (311.546, -462.136), (318, -482), (318, -482), (298.902, -540.779), (254.36, -573.14)))
(((235.065, -176.823), (225.297, -181.94), (195.5, -165.5), (195.5, -151.25), (213.578, -128.653), (236.911, -143.609), (235.065, -176.823)))
(((236.397, -412.328), (183.428, -366.715), (183.367, -365.639), (211.623, -330.116), (219.344, -327.278), (247.771, -354.319), (236.397, -412.328)))
(((307.425, 53.2203), (195.465, 59.2722), (173.722, 94.9923), (243.161, 142.337), (320.646, 93.909), (307.425, 53.2203)))
(((267.259, 387.231), (230.469, 336.645), (179.575, 393.194), (205.595, 421.312), (232.233, 423.509), (267.259, 387.231)))
(((267.95, -288.43), (224.814, -314.312), (203.652, -270.812), (218.24, -255.413), (240.355, -258.932), (267.95, -288.43)))
(((262.297, -223.825), (240.355, -258.932), (218.24, -255.413), (211.637, -218.272), (213.292, -217.031), (260.578, -219.733), (262.297, -223.825)))
(((260.578, -219.733), (213.292, -217.031), (225.297, -181.94), (235.065, -176.823), (269.571, -188.9), (260.578, -219.733)))
(((257.717, -138.027), (236.911, -143.609), (213.578, -128.653), (211.063, -114.937), (231.071, -94.9286), (262.222, -107.389), (257.717, -138.027)))
(((350.162, 286.42), (339.612, 253.951), (240.99, 230.691), (205.252, 301.05), (229.687, 325.063), (350.162, 286.42)))
(((269.571, -188.9), (235.065, -176.823), (236.911, -143.609), (257.717, -138.027), (269.35, -145.46), (276.093, -184.793), (269.571, -188.9)))
(((350.012, -63.4939), (262.222, -107.389), (231.071, -94.9286), (233.487, -33.3256), (308.644, -4.96452), (337.902, -26.2215), (350.012, -63.4939)))
(((314.838, -338.538), (247.771, -354.319), (219.344, -327.278), (224.814, -314.312), (267.95, -288.43), (282.446, -289.213), (314.838, -338.538)))
(((282.446, -289.213), (267.95, -288.43), (240.355, -258.932), (262.297, -223.825), (285.601, -240.656), (289.685, -274.011), (282.446, -289.213)))
(((349.962, 286.484), (229.687, 325.063), (230.469, 336.645), (267.259, 387.231), (357.994, 372.796), (368, 342), (368, 342), (349.962, 286.484)))
(((312.562, -462.634), (241.256, -427.654), (236.397, -412.328), (247.771, -354.319), (314.838, -338.538), (367.788, -369.193), (370, -376), (370, -376), (350.902, -434.779), (312.562, -462.634)))
(((317.708, 95.7453), (243.161, 142.337), (216.725, 193.407), (216.944, 202.095), (240.99, 230.691), (340.016, 254.046), (356.902, 241.779), (376, 183), (376, 183), (356.902, 124.221), (317.708, 95.7453)))
(((352.462, -62.2691), (357.902, -66.2215), (365.095, -88.3588), (344.439, -115.424), (269.35, -145.46), (257.717, -138.027), (262.222, -107.389), (352.462, -62.2691)))
(((363.147, 371.977), (267.259, 387.231), (232.233, 423.509), (269.744, 483.893), (377.349, 444.314), (382, 430), (382, 430), (363.147, 371.977)))
(((325.825, -209.817), (285.601, -240.656), (262.297, -223.825), (260.578, -219.733), (269.571, -188.9), (276.093, -184.793), (313.815, -185.422), (325.825, -209.817)))
(((313.815, -185.422), (276.093, -184.793), (269.35, -145.46), (344.439, -115.424), (313.815, -185.422)))
(((372.847, -241.671), (289.685, -274.011), (285.601, -240.656), (325.825, -209.817), (372.847, -241.671)))
(((376.294, 444.702), (269.744, 483.893), (230.446, 567.615), (233.098, 575.779), (283.098, 612.106), (344.902, 612.106), (394.902, 575.779), (414, 517), (414, 517), (394.902, 458.221), (376.294, 444.702)))
(((366.468, -368.429), (314.838, -338.538), (282.446, -289.213), (289.685, -274.011), (372.847, -241.671), (416.25, -254.072), (425, -281), (425, -281), (405.902, -339.779), (366.468, -368.429)))
(((416.775, -254.222), (372.847, -241.671), (325.825, -209.817), (313.815, -185.422), (344.439, -115.424), (365.449, -87.8943), (383.902, -87.8943), (433.902, -124.221), (453, -183), (453, -183), (433.902, -241.779), (416.775, -254.222)))
