(((-291.455, -152.83), (-292.902, -151.779), (-312, -93), (-292.902, -34.2215), (-242.902, 2.10565), (-207.14, 2.10565), (-186.559, -118.438), (-291.455, -152.83)))
(((-292.643, -549.953), (-304, -515), (-284.902, -456.221), (-277.822, -451.078), (-272.785, -452.185), (-169.919, -509.031), (-181.38, -535.441), (-292.643, -549.953)))
(((-285.674, -598.934), (-298, -561), (-294.489, -550.194), (-181.38, -535.441), (-169.192, -560.346), (-178.779, -594.218), (-285.674, -598.934)))
(((-269.163, -692.674), (-275.902, -687.779), (-295, -629), (-285.225, -598.914), (-178.779, -594.218), (-159.821, -612.103), (-192.274, -659.308), (-269.163, -692.674)))
(((-279.168, -410.572), (-293, -368), (-273.902, -309.221), (-264.775, -302.591), (-219.752, -308.786), (-162.616, -360.063), (-165.346, -392.279), (-279.168, -410.572)))
(((-266.573, -217.376), (-272.902, -212.779), (-292, -154), (-291.639, -152.89), (-186.559, -118.438), (-163.84, -125.454), (-151.346, -160.854), (-158.639, -187.044), (-197.428, -208.157), (-266.573, -217.376)))
(((-275, -451.698), (-284, -424), (-279.663, -410.651), (-165.346, -392.279), (-146.835, -410.426), (-146.159, -435.803), (-158.808, -450.034), (-272.785, -452.185), (-275, -451.698)))
(((-154.029, -500.695), (-169.919, -509.031), (-272.785, -452.185), (-158.808, -450.034), (-154.029, -500.695)))
(((-263.793, -302.726), (-278, -259), (-264.381, -217.084), (-197.428, -208.157), (-140.928, -271.177), (-154.246, -290.07), (-219.752, -308.786), (-263.793, -302.726)))
(((-246.163, -745.674), (-252.902, -740.779), (-268.61, -692.434), (-192.274, -659.308), (-117.885, -680.904), (-118.228, -690.156), (-246.163, -745.674)))
(((-207.625, 4.94732), (-201.902, 9.10565), (-156.686, 9.10565), (-148.263, -108.815), (-163.84, -125.454), (-186.559, -118.438), (-207.625, 4.94732)))
(((-117.885, -680.904), (-192.274, -659.308), (-159.821, -612.103), (-159.441, -612.194), (-117.384, -679.486), (-117.885, -680.904)))
(((-122.546, -338.207), (-162.616, -360.063), (-219.752, -308.786), (-154.246, -290.07), (-122.546, -338.207)))
(((-116.671, -552.053), (-169.192, -560.346), (-181.38, -535.441), (-169.919, -509.031), (-154.029, -500.695), (-131.7, -507.8), (-116.671, -552.053)))
(((-161.465, -830.106), (-179.902, -830.106), (-229.902, -793.779), (-245.61, -745.434), (-118.228, -690.156), (-105.701, -711.886), (-161.465, -830.106)))
(((-106.091, -241.292), (-120.553, -261.728), (-140.928, -271.177), (-197.428, -208.157), (-158.639, -187.044), (-116.311, -213.777), (-106.091, -241.292)))
(((-99.2459, -585.708), (-159.441, -612.194), (-159.821, -612.103), (-178.779, -594.218), (-169.192, -560.346), (-116.671, -552.053), (-107.636, -559.636), (-99.0079, -585.188), (-99.2459, -585.708)))
(((-104.595, -346.956), (-112.061, -392.684), (-146.835, -410.426), (-165.346, -392.279), (-162.616, -360.063), (-122.546, -338.207), (-110.047, -341.2), (-104.595, -346.956)))
(((-97.6737, -485.116), (-131.7, -507.8), (-154.029, -500.695), (-158.808, -450.034), (-146.159, -435.803), (-95.9628, -456.886), (-97.6737, -485.116)))
(((-156.9, 12.1057), (-118.242, 12.1057), (-104.924, 1.51435), (-82.3359, -68.5087), (-92.471, -102.88), (-148.263, -108.815), (-156.9, 12.1057)))
(((-79.0914, -143.576), (-151.346, -160.854), (-163.84, -125.454), (-148.263, -108.815), (-92.471, -102.88), (-79.0914, -143.576)))
(((-86.728, -649.341), (-117.384, -679.486), (-159.441, -612.194), (-99.2459, -585.708), (-86.728, -649.341)))
(((-110.047, -341.2), (-122.546, -338.207), (-154.246, -290.07), (-140.928, -271.177), (-120.553, -261.728), (-93.0456, -301.195), (-110.047, -341.2)))
(((-73.9127, -148.163), (-76.3699, -169.97), (-116.311, -213.777), (-158.639, -187.044), (-151.346, -160.854), (-79.0914, -143.576), (-73.9127, -148.163)))
(((-95.9628, -456.886), (-146.159, -435.803), (-146.835, -410.426), (-112.061, -392.684), (-95.5505, -402.348), (-81.413, -444.761), (-95.9628, -456.886)))
(((-61.2564, -513.256), (-107.636, -559.636), (-116.671, -552.053), (-131.7, -507.8), (-97.6737, -485.116), (-61.2564, -513.256)))
(((-54.4021, -847.334), (-65.0983, -855.106), (-126.902, -855.106), (-161.426, -830.022), (-105.701, -711.886), (-71.0159, -726.885), (-54.4021, -847.334)))
(((-50.745, -383.808), (-95.5505, -402.348), (-112.061, -392.684), (-104.595, -346.956), (-66.4064, -351.883), (-50.745, -383.808)))
(((-52.3878, -285.569), (-62.3856, -295.83), (-93.0456, -301.195), (-120.553, -261.728), (-106.091, -241.292), (-53.0321, -244.977), (-52.3878, -285.569)))
(((-53.0321, -244.977), (-106.091, -241.292), (-116.311, -213.777), (-76.3699, -169.97), (-47.2743, -216.776), (-48.0278, -240.889), (-53.0321, -244.977)))
(((-66.4064, -351.883), (-104.595, -346.956), (-110.047, -341.2), (-93.0456, -301.195), (-62.3856, -295.83), (-59.4275, -343.159), (-66.4064, -351.883)))
(((-39.9082, -391.887), (-60.3643, -441.891), (-81.413, -444.761), (-95.5505, -402.348), (-50.745, -383.808), (-39.9082, -391.887)))
(((-52.672, -516.436), (-48.3222, -568.633), (-58.6618, -581.406), (-99.0079, -585.188), (-107.636, -559.636), (-61.2564, -513.256), (-57.1859, -513.476), (-52.672, -516.436)))
(((-32.8942, -711.867), (-71.0159, -726.885), (-105.701, -711.886), (-118.228, -690.156), (-117.885, -680.904), (-117.384, -679.486), (-86.728, -649.341), (-52.435, -650.293), (-23.2521, -693.626), (-32.8942, -711.867)))
(((-61.2564, -513.256), (-97.6737, -485.116), (-95.9628, -456.886), (-81.413, -444.761), (-60.3643, -441.891), (-37.3859, -458.646), (-57.1859, -513.476), (-61.2564, -513.256)))
(((-52.435, -650.293), (-86.728, -649.341), (-99.2459, -585.708), (-99.0079, -585.188), (-58.6618, -581.406), (-26.8998, -619.52), (-52.435, -650.293)))
(((-41.5939, -144.434), (-73.9127, -148.163), (-79.0914, -143.576), (-92.471, -102.88), (-82.3359, -68.5087), (-19.4501, -86.3066), (-41.5939, -144.434)))
(((-16.6037, -328.509), (-59.4275, -343.159), (-62.3856, -295.83), (-52.3878, -285.569), (-12.5448, -310.088), (-16.6037, -328.509)))
(((-7.22766, -173.526), (-47.2743, -216.776), (-76.3699, -169.97), (-73.9127, -148.163), (-41.5939, -144.434), (-9.4187, -161.559), (-7.22766, -173.526)))
(((-2.44033, -843.721), (-7.0983, -847.106), (-54.4337, -847.106), (-71.0159, -726.885), (-32.8942, -711.867), (2.33988, -765.326), (-2.44033, -843.721)))
(((-19.4501, -86.3066), (-82.3359, -68.5087), (-104.924, 1.51435), (-29.5138, -4.70504), (-6.02239, -81.0522), (-19.4501, -86.3066)))
(((-0.410918, -560.864), (-48.3222, -568.633), (-52.672, -516.436), (-15.5546, -518.996), (-0.410918, -560.864)))
(((-16.9222, -390.942), (-39.9082, -391.887), (-50.745, -383.808), (-66.4064, -351.883), (-59.4275, -343.159), (-16.6037, -328.509), (2.40252, -363.481), (-16.9222, -390.942)))
(((-5.01036, -408.299), (-15.5342, -458.287), (-37.3859, -458.646), (-60.3643, -441.891), (-39.9082, -391.887), (-16.9222, -390.942), (-5.01036, -408.299)))
(((9.99595, -492.199), (-15.5546, -518.996), (-52.672, -516.436), (-57.1859, -513.476), (-37.3859, -458.646), (-15.5342, -458.287), (8.63269, -475.159), (9.99595, -492.199)))
(((-117.426, 11.457), (-128, 44), (-108.902, 102.779), (-72.088, 129.525), (15.9318, 36.7476), (-9.02147, 2.76864), (-29.5138, -4.70504), (-104.924, 1.51435), (-117.426, 11.457)))
(((10.8587, -569.42), (-20.6142, -618.518), (-26.8998, -619.52), (-58.6618, -581.406), (-48.3222, -568.633), (-0.410918, -560.864), (10.8587, -569.42)))
(((-12.5448, -310.088), (-52.3878, -285.569), (-53.0321, -244.977), (-48.0278, -240.889), (-40.3855, -241.553), (2.58252, -261.605), (-8.5578, -307.404), (-12.5448, -310.088)))
(((19.2667, -680.87), (-23.2521, -693.626), (-52.435, -650.293), (-26.8998, -619.52), (-20.6142, -618.518), (11.965, -639.25), (19.2667, -680.87)))
(((19.3044, -204.247), (-40.3855, -241.553), (-48.0278, -240.889), (-47.2743, -216.776), (-7.22766, -173.526), (19.3044, -204.247)))
(((-1.07143, -81.7857), (23.0511, -136.379), (-9.4187, -161.559), (-41.5939, -144.434), (-19.4501, -86.3066), (-6.02239, -81.0522), (-1.07143, -81.7857)))
(((38.4694, -240.884), (15.9719, -257.638), (2.58252, -261.605), (-40.3855, -241.553), (19.3044, -204.247), (30.1091, -209.301), (38.4694, -240.884)))
(((36.8333, -62.8333), (-1.07143, -81.7857), (-6.02239, -81.0522), (-29.5138, -4.70504), (-9.02147, 2.76864), (42.2459, -41.753), (36.8333, -62.8333)))
(((27.3333, -684.5), (34.7645, -729.087), (2.33988, -765.326), (-32.8942, -711.867), (-23.2521, -693.626), (19.2667, -680.87), (27.3333, -684.5)))
(((44.4287, -427.09), (36.1007, -452.951), (8.63269, -475.159), (-15.5342, -458.287), (-5.01036, -408.299), (41.7601, -422.439), (44.4287, -427.09)))
(((-72.9411, 130.424), (-69.9017, 139.779), (-19.9017, 176.106), (41.9017, 176.106), (63.8294, 160.174), (28.354, 40.4446), (15.9318, 36.7476), (-72.9411, 130.424)))
(((60.6905, -597.69), (11.965, -639.25), (-20.6142, -618.518), (10.8587, -569.42), (51.9063, -570.46), (60.6905, -597.69)))
(((26.5909, -360.409), (2.40252, -363.481), (-16.6037, -328.509), (-12.5448, -310.088), (-8.5578, -307.404), (29.2127, -309.161), (49.2353, -337.765), (26.5909, -360.409)))
(((71.334, -534.38), (51.9063, -570.46), (10.8587, -569.42), (-0.410918, -560.864), (-15.5546, -518.996), (9.99595, -492.199), (71.0579, -533.773), (71.334, -534.38)))
(((29.2127, -309.161), (-8.5578, -307.404), (2.58252, -261.605), (15.9719, -257.638), (32.1824, -301.638), (29.2127, -309.161)))
(((41.7601, -422.439), (-5.01036, -408.299), (-16.9222, -390.942), (2.40252, -363.481), (26.5909, -360.409), (46.3387, -394.968), (41.7601, -422.439)))
(((57.3321, -185.172), (30.1091, -209.301), (19.3044, -204.247), (-7.22766, -173.526), (-9.4187, -161.559), (23.0511, -136.379), (38.29, -137.499), (62.9408, -162.737), (57.3321, -185.172)))
(((68.0312, -94.0312), (38.29, -137.499), (23.0511, -136.379), (-1.07143, -81.7857), (36.8333, -62.8333), (68.0312, -94.0312)))
(((56.5259, -280.614), (32.1824, -301.638), (15.9719, -257.638), (38.4694, -240.884), (55.8067, -249.686), (56.5259, -280.614)))
(((85.2995, -10.7846), (42.2459, -41.753), (-9.02147, 2.76864), (15.9318, 36.7476), (28.354, 40.4446), (69.6016, 22.8537), (85.2995, -10.7846)))
(((71.622, -608.622), (45.4876, -679.898), (27.3333, -684.5), (19.2667, -680.87), (11.965, -639.25), (60.6905, -597.69), (71.622, -608.622)))
(((-2.2707, -840.939), (2.33988, -765.326), (34.7645, -729.087), (80.2578, -746.015), (34.2183, -852.106), (13.0983, -852.106), (-2.2707, -840.939)))
(((71.0579, -533.773), (9.99595, -492.199), (8.63269, -475.159), (36.1007, -452.951), (76.3, -483.1), (71.0579, -533.773)))
(((67.5864, -336.989), (49.2353, -337.765), (29.2127, -309.161), (32.1824, -301.638), (56.5259, -280.614), (86.3801, -311.766), (67.5864, -336.989)))
(((88.8745, -375.219), (46.3387, -394.968), (26.5909, -360.409), (49.2353, -337.765), (67.5864, -336.989), (88.2227, -367.006), (88.8745, -375.219)))
(((110.645, -713.766), (104.819, -732.245), (80.2578, -746.015), (34.7645, -729.087), (27.3333, -684.5), (45.4876, -679.898), (90.0969, -688.819), (107.6, -703.652), (110.645, -713.766)))
(((63.8091, 160.106), (95.9017, 160.106), (134.618, 131.977), (125.433, 100.679), (69.6016, 22.8537), (28.354, 40.4446), (63.8091, 160.106)))
(((76.3, -483.1), (36.1007, -452.951), (44.4287, -427.09), (76.9004, -428.293), (97.9865, -459.5), (76.3, -483.1)))
(((101.866, -242.49), (55.8067, -249.686), (38.4694, -240.884), (30.1091, -209.301), (57.3321, -185.172), (107.576, -221.555), (101.866, -242.49)))
(((103.063, -396.717), (76.9004, -428.293), (44.4287, -427.09), (41.7601, -422.439), (46.3387, -394.968), (88.8745, -375.219), (103.063, -396.717)))
(((91.9646, -617.844), (90.0969, -688.819), (45.4876, -679.898), (71.622, -608.622), (91.9646, -617.844)))
(((104.714, -97.151), (96.6364, -152.687), (62.9408, -162.737), (38.29, -137.499), (68.0312, -94.0312), (104.257, -96.6563), (104.714, -97.151)))
(((104.257, -96.6563), (68.0312, -94.0312), (36.8333, -62.8333), (42.2459, -41.753), (85.2995, -10.7846), (112.804, -20.9493), (104.257, -96.6563)))
(((102.293, -243.154), (103.514, -304.182), (86.3801, -311.766), (56.5259, -280.614), (55.8067, -249.686), (101.866, -242.49), (102.293, -243.154)))
(((107.576, -221.555), (57.3321, -185.172), (62.9408, -162.737), (96.6364, -152.687), (115.207, -167.089), (111.081, -217.629), (107.576, -221.555)))
(((131.147, -872.748), (127.902, -875.106), (66.0983, -875.106), (34.2718, -851.982), (80.2578, -746.015), (104.819, -732.245), (139.517, -783.822), (131.147, -872.748)))
(((130.85, -468.458), (126.851, -533.763), (71.334, -534.38), (71.0579, -533.773), (76.3, -483.1), (97.9865, -459.5), (125.411, -459.5), (130.85, -468.458)))
(((141.66, -423.101), (125.411, -459.5), (97.9865, -459.5), (76.9004, -428.293), (103.063, -396.717), (129.696, -403.16), (141.66, -423.101)))
(((143.512, -323.324), (137.057, -340.844), (88.2227, -367.006), (67.5864, -336.989), (86.3801, -311.766), (103.514, -304.182), (142.127, -318.507), (143.512, -323.324)))
(((145.132, -543.849), (125.432, -616.083), (91.9646, -617.844), (71.622, -608.622), (60.6905, -597.69), (51.9063, -570.46), (71.334, -534.38), (126.851, -533.763), (145.132, -543.849)))
(((153.696, -639.713), (107.6, -703.652), (90.0969, -688.819), (91.9646, -617.844), (125.432, -616.083), (153.696, -639.713)))
(((125.39, -17.3898), (112.804, -20.9493), (85.2995, -10.7846), (69.6016, 22.8537), (125.433, 100.679), (139.027, -3.53656), (125.39, -17.3898)))
(((129.696, -403.16), (103.063, -396.717), (88.8745, -375.219), (88.2227, -367.006), (137.057, -340.844), (143.47, -379.321), (129.696, -403.16)))
(((165.083, -156.738), (115.207, -167.089), (96.6364, -152.687), (104.714, -97.151), (119.053, -99.609), (160.647, -129.319), (165.083, -156.738)))
(((142.127, -318.507), (103.514, -304.182), (102.293, -243.154), (144.237, -260.132), (149.522, -307.699), (142.127, -318.507)))
(((175.207, -181.174), (161.054, -210.024), (111.081, -217.629), (115.207, -167.089), (165.083, -156.738), (174.567, -165.185), (175.207, -181.174)))
(((172.957, -64.9565), (119.053, -99.609), (104.714, -97.151), (104.257, -96.6563), (112.804, -20.9493), (125.39, -17.3898), (172.957, -64.9565)))
(((175.946, -244.277), (144.237, -260.132), (102.293, -243.154), (101.866, -242.49), (107.576, -221.555), (111.081, -217.629), (161.054, -210.024), (175.946, -244.277)))
(((183.45, -754.533), (139.517, -783.822), (104.819, -732.245), (110.645, -713.766), (169.666, -714.801), (183.45, -754.533)))
(((196.56, -682.528), (169.666, -714.801), (110.645, -713.766), (107.6, -703.652), (153.696, -639.713), (173.324, -641.419), (196.56, -682.528)))
(((176.043, -541.727), (145.132, -543.849), (126.851, -533.763), (130.85, -468.458), (180.968, -477.94), (186.13, -535.762), (176.043, -541.727)))
(((190.702, -92.4779), (160.647, -129.319), (119.053, -99.609), (172.957, -64.9565), (182.267, -67.5752), (190.702, -92.4779)))
(((214.046, 114.11), (177.539, 6.51022), (139.027, -3.53656), (125.433, 100.679), (134.949, 133.106), (187.902, 133.106), (214.046, 114.11)))
(((173.324, -641.419), (153.696, -639.713), (125.432, -616.083), (145.132, -543.849), (176.043, -541.727), (190.935, -621.151), (173.324, -641.419)))
(((180.968, -477.94), (130.85, -468.458), (125.411, -459.5), (141.66, -423.101), (176.864, -425.409), (196.929, -453.5), (180.968, -477.94)))
(((197.652, -374.395), (143.47, -379.321), (137.057, -340.844), (143.512, -323.324), (195.937, -350.728), (197.652, -374.395)))
(((195.397, -285.294), (149.522, -307.699), (144.237, -260.132), (175.946, -244.277), (180.91, -246.587), (195.788, -284.175), (195.397, -285.294)))
(((201.987, -381.926), (176.864, -425.409), (141.66, -423.101), (129.696, -403.16), (143.47, -379.321), (197.652, -374.395), (201.987, -381.926)))
(((182.267, -67.5752), (172.957, -64.9565), (125.39, -17.3898), (139.027, -3.53656), (177.539, 6.51022), (221.797, -27.126), (182.267, -67.5752)))
(((235.518, -866.674), (212.902, -883.106), (151.098, -883.106), (131.512, -868.875), (139.517, -783.822), (183.45, -754.533), (196.155, -758.427), (235.518, -866.674)))
(((195.937, -350.728), (143.512, -323.324), (142.127, -318.507), (149.522, -307.699), (195.397, -285.294), (216.177, -326.855), (195.937, -350.728)))
(((209.398, -231.247), (180.91, -246.587), (175.946, -244.277), (161.054, -210.024), (175.207, -181.174), (218.895, -214.317), (209.398, -231.247)))
(((225.748, -150.083), (174.567, -165.185), (165.083, -156.738), (160.647, -129.319), (190.702, -92.4779), (230.598, -110.891), (227.286, -148.429), (225.748, -150.083)))
(((231.116, -739.426), (196.155, -758.427), (183.45, -754.533), (169.666, -714.801), (196.56, -682.528), (224.947, -690.074), (231.116, -739.426)))
(((245, -544.082), (245, -579.638), (224.124, -614.192), (190.935, -621.151), (176.043, -541.727), (186.13, -535.762), (231.864, -536.228), (245, -544.082)))
(((240.716, -456.555), (231.864, -536.228), (186.13, -535.762), (180.968, -477.94), (196.929, -453.5), (237.345, -453.5), (240.716, -456.555)))
(((239.872, -404.633), (237.345, -453.5), (196.929, -453.5), (176.864, -425.409), (201.987, -381.926), (234.319, -392.534), (239.872, -404.633)))
(((239.072, -268.34), (195.788, -284.175), (180.91, -246.587), (209.398, -231.247), (239.072, -268.34)))
(((237.528, -207.509), (218.895, -214.317), (175.207, -181.174), (174.567, -165.185), (225.748, -150.083), (237.528, -207.509)))
(((308.387, 4.80342), (265.302, -24.3192), (221.797, -27.126), (177.539, 6.51022), (214.045, 114.106), (243.902, 114.106), (293.902, 77.7785), (313, 19), (313, 19), (308.387, 4.80342)))
(((249.055, -96.8896), (230.598, -110.891), (190.702, -92.4779), (182.267, -67.5752), (221.797, -27.126), (265.302, -24.3192), (249.055, -96.8896)))
(((269.637, -668.35), (224.947, -690.074), (196.56, -682.528), (173.324, -641.419), (190.935, -621.151), (224.124, -614.192), (271.367, -664.299), (269.637, -668.35)))
(((235.675, -867.106), (196.155, -758.427), (231.116, -739.426), (257.546, -754.885), (246.133, -867.106), (235.675, -867.106)))
(((259.491, -323.967), (216.177, -326.855), (195.397, -285.294), (195.788, -284.175), (239.072, -268.34), (250.457, -269.338), (263.157, -317.596), (259.491, -323.967)))
(((267.702, -355.442), (234.319, -392.534), (201.987, -381.926), (197.652, -374.395), (195.937, -350.728), (216.177, -326.855), (259.491, -323.967), (267.702, -355.442)))
(((269.089, -246.27), (250.457, -269.338), (239.072, -268.34), (209.398, -231.247), (218.895, -214.317), (237.528, -207.509), (257.512, -214.171), (269.089, -246.27)))
(((291.783, -177.195), (257.512, -214.171), (237.528, -207.509), (225.748, -150.083), (227.286, -148.429), (289.411, -162.969), (291.783, -177.195)))
(((290.753, -709.901), (269.884, -749.03), (257.546, -754.885), (231.116, -739.426), (224.947, -690.074), (269.637, -668.35), (290.753, -709.901)))
(((286.407, -651.901), (271.367, -664.299), (224.124, -614.192), (245, -579.638), (292.848, -619.236), (286.407, -651.901)))
(((289.411, -162.969), (227.286, -148.429), (230.598, -110.891), (249.055, -96.8896), (307.17, -127.974), (289.411, -162.969)))
(((359.048, -477.758), (314.367, -531.264), (245, -544.082), (231.864, -536.228), (240.716, -456.555), (339.165, -462.181), (356.987, -471.416), (359.048, -477.758)))
(((339.165, -462.181), (240.716, -456.555), (237.345, -453.5), (239.872, -404.633), (300.134, -410.465), (339.165, -462.181)))
(((300.134, -410.465), (239.872, -404.633), (234.319, -392.534), (267.702, -355.442), (292.64, -368.835), (300.134, -410.465)))
(((322.072, -587.294), (292.848, -619.236), (245, -579.638), (245, -544.082), (314.367, -531.264), (322.072, -587.294)))
(((316.181, -302.712), (263.157, -317.596), (250.457, -269.338), (269.089, -246.27), (293.69, -249.73), (319.619, -291.616), (316.181, -302.712)))
(((246.113, -867.304), (257.546, -754.885), (269.884, -749.03), (302.651, -764.945), (305.656, -873.106), (254.098, -873.106), (246.113, -867.304)))
(((310.314, 6.10565), (316.902, 6.10565), (322.155, 2.28903), (325.27, -117.632), (307.17, -127.974), (249.055, -96.8896), (265.302, -24.3192), (310.314, 6.10565)))
(((321.674, -198.881), (304.342, -240.479), (293.69, -249.73), (269.089, -246.27), (257.512, -214.171), (291.783, -177.195), (321.674, -198.881)))
(((328.226, -321.641), (323.74, -354.321), (292.64, -368.835), (267.702, -355.442), (259.491, -323.967), (263.157, -317.596), (316.181, -302.712), (328.226, -321.641)))
(((332.947, -748.015), (302.651, -764.945), (269.884, -749.03), (290.753, -709.901), (313.208, -716.433), (332.947, -748.015)))
(((348.372, -688.302), (313.208, -716.433), (290.753, -709.901), (269.637, -668.35), (271.367, -664.299), (286.407, -651.901), (340.55, -660.925), (348.372, -688.302)))
(((411.357, -806.677), (401.902, -835.779), (351.902, -872.106), (305.628, -872.106), (302.651, -764.945), (332.947, -748.015), (369.76, -761.118), (411.357, -806.677)))
(((359.393, -472.663), (339.165, -462.181), (300.134, -410.465), (292.64, -368.835), (323.74, -354.321), (408.561, -421.285), (401.902, -441.779), (359.393, -472.663)))
(((319.619, -291.616), (293.69, -249.73), (304.342, -240.479), (386.517, -251.198), (319.619, -291.616)))
(((340.55, -660.925), (286.407, -651.901), (292.848, -619.236), (322.072, -587.294), (378.181, -621.583), (340.55, -660.925)))
(((386.517, -251.198), (304.342, -240.479), (321.674, -198.881), (347.477, -199.272), (389.759, -250.011), (386.517, -251.198)))
(((347.477, -199.272), (321.674, -198.881), (291.783, -177.195), (289.411, -162.969), (307.17, -127.974), (325.27, -117.632), (330.694, -119.897), (358.73, -170.872), (347.477, -199.272)))
(((369.76, -761.118), (332.947, -748.015), (313.208, -716.433), (348.372, -688.302), (364.635, -699.615), (369.76, -761.118)))
(((408.199, -420.999), (323.74, -354.321), (328.226, -321.641), (447.088, -332.961), (451, -345), (451, -345), (431.902, -403.779), (408.199, -420.999)))
(((445.32, -332.792), (328.226, -321.641), (316.181, -302.712), (319.619, -291.616), (386.517, -251.198), (389.759, -250.011), (441.87, -262.589), (455, -303), (455, -303), (445.32, -332.792)))
(((448.573, -612.245), (378.181, -621.583), (322.072, -587.294), (314.367, -531.264), (358.099, -478.894), (391.902, -478.894), (441.902, -515.221), (461, -574), (461, -574), (448.573, -612.245)))
(((457.366, -104.341), (330.694, -119.897), (325.27, -117.632), (322.191, 0.907371), (332.098, 8.10565), (393.902, 8.10565), (443.902, -28.2215), (463, -87), (463, -87), (457.366, -104.341)))
(((457.124, -104.371), (467.998, -137.838), (358.73, -170.872), (330.694, -119.897), (457.124, -104.371)))
(((469.938, -659.5), (364.635, -699.615), (348.372, -688.302), (340.55, -660.925), (378.181, -621.583), (452.789, -611.686), (454.902, -613.221), (469.938, -659.5)))
(((441.04, -262.389), (389.759, -250.011), (347.477, -199.272), (358.73, -170.872), (467.113, -138.105), (483, -187), (483, -187), (463.902, -245.779), (441.04, -262.389)))
(((413.575, -809.106), (369.76, -761.118), (364.635, -699.615), (472.033, -658.702), (490, -714), (490, -714), (470.902, -772.779), (420.902, -809.106), (413.575, -809.106)))
