(((-290.456, -339.45), (-301, -307), (-281.902, -248.221), (-279.702, -246.623), (-254.519, -247.972), (-177.796, -284.913), (-171.025, -299.236), (-178.424, -326.719), (-290.456, -339.45)))
(((-278.594, -509.002), (-278.902, -508.779), (-298, -450), (-281.363, -398.796), (-207.736, -400.283), (-169.751, -458.165), (-170.626, -483.09), (-278.594, -509.002)))
(((-280.464, -398.814), (-296, -351), (-292.316, -339.661), (-178.424, -326.719), (-166.578, -345.278), (-190.134, -393.513), (-207.736, -400.283), (-280.464, -398.814)))
(((-278.201, -246.704), (-295, -195), (-286.867, -169.97), (-170.447, -175.649), (-156.637, -190.101), (-157.93, -214.665), (-254.519, -247.972), (-278.201, -246.704)))
(((-251.726, -639.616), (-274.902, -622.779), (-294, -564), (-277.149, -512.139), (-165, -552.397), (-165, -578.723), (-251.726, -639.616)))
(((-287.826, -169.923), (-293, -154), (-278.845, -110.436), (-184.442, -120.013), (-172.641, -128.475), (-170.447, -175.649), (-287.826, -169.923)))
(((-277.698, -110.552), (-286, -85), (-266.902, -26.2215), (-216.902, 10.1057), (-155.098, 10.1057), (-137.627, -2.58782), (-137.914, -29.8653), (-184.442, -120.013), (-277.698, -110.552)))
(((-275.96, -512.566), (-274.481, -508.016), (-170.626, -483.09), (-166.533, -485.277), (-147.176, -532.288), (-165, -552.397), (-275.96, -512.566)))
(((-138.366, -244.075), (-177.796, -284.913), (-254.519, -247.972), (-157.93, -214.665), (-142.446, -230.723), (-138.366, -244.075)))
(((-140.602, -426.481), (-169.751, -458.165), (-207.736, -400.283), (-190.134, -393.513), (-152.512, -402.094), (-140.602, -426.481)))
(((-243.781, -663.994), (-251.707, -639.602), (-165, -578.723), (-142.001, -590.957), (-140.328, -656.207), (-243.781, -663.994)))
(((-118.182, -123.136), (-172.641, -128.475), (-184.442, -120.013), (-137.914, -29.8653), (-117.266, -117.965), (-118.182, -123.136)))
(((-222.333, -771.91), (-234.902, -762.779), (-254, -704), (-240.932, -663.78), (-140.328, -656.207), (-124.606, -661.56), (-94.9201, -720.207), (-222.333, -771.91)))
(((-128.675, -382.229), (-152.512, -402.094), (-190.134, -393.513), (-166.578, -345.278), (-138.224, -347.502), (-128.675, -382.229)))
(((-110.387, -159.595), (-156.637, -190.101), (-170.447, -175.649), (-172.641, -128.475), (-118.182, -123.136), (-106.246, -147.008), (-110.387, -159.595)))
(((-114.792, -326.413), (-138.224, -347.502), (-166.578, -345.278), (-178.424, -326.719), (-171.025, -299.236), (-110.465, -303.778), (-114.792, -326.413)))
(((-104.115, -295.99), (-110.465, -303.778), (-171.025, -299.236), (-177.796, -284.913), (-138.366, -244.075), (-112.739, -266.115), (-104.188, -292.932), (-104.115, -295.99)))
(((-121.718, -474.935), (-166.533, -485.277), (-170.626, -483.09), (-169.751, -458.165), (-140.602, -426.481), (-116.458, -436.358), (-121.718, -474.935)))
(((-179.753, 392.052), (-219.902, 421.221), (-239, 480), (-227.512, 515.355), (-69.5337, 507.711), (-104.693, 422.814), (-179.753, 392.052)))
(((-102.577, -539.839), (-124.15, -585.524), (-142.001, -590.957), (-165, -578.723), (-165, -552.397), (-147.176, -532.288), (-105.287, -537.175), (-102.577, -539.839)))
(((-227.34, 515.347), (-236, 542), (-216.902, 600.779), (-166.902, 637.106), (-105.098, 637.106), (-83.2799, 621.254), (-65.2993, 511.658), (-69.5337, 507.711), (-227.34, 515.347)))
(((-105.287, -537.175), (-147.176, -532.288), (-166.533, -485.277), (-121.718, -474.935), (-103.31, -487.741), (-105.287, -537.175)))
(((-101.85, -868.106), (-156.902, -868.106), (-206.902, -831.779), (-225.886, -773.352), (-94.9201, -720.207), (-90.2887, -722.438), (-101.85, -868.106)))
(((-89.8991, -422.548), (-116.458, -436.358), (-140.602, -426.481), (-152.512, -402.094), (-128.675, -382.229), (-102.865, -387.72), (-85.2192, -409.288), (-89.8991, -422.548)))
(((-88.1932, -627.896), (-124.606, -661.56), (-140.328, -656.207), (-142.001, -590.957), (-124.15, -585.524), (-84.7302, -615.429), (-88.1932, -627.896)))
(((-88.7411, -203.871), (-142.446, -230.723), (-157.93, -214.665), (-156.637, -190.101), (-110.387, -159.595), (-88.7411, -203.871)))
(((-102.865, -387.72), (-128.675, -382.229), (-138.224, -347.502), (-114.792, -326.413), (-91.8339, -353.623), (-102.865, -387.72)))
(((-77.3845, -233.286), (-112.739, -266.115), (-138.366, -244.075), (-142.446, -230.723), (-88.7411, -203.871), (-84.2836, -206.264), (-77.3845, -233.286)))
(((-84.7302, -615.429), (-124.15, -585.524), (-102.577, -539.839), (-90.9612, -543.091), (-57.0069, -587.14), (-84.7302, -615.429)))
(((-67.38, -474.268), (-103.31, -487.741), (-121.718, -474.935), (-116.458, -436.358), (-89.8991, -422.548), (-65.2905, -462.3), (-67.38, -474.268)))
(((-137.624, -2.31756), (-123.709, 7.79233), (-112.818, 3.78375), (-57.6126, -68.5969), (-68.2162, -92.5946), (-117.266, -117.965), (-137.914, -29.8653), (-137.624, -2.31756)))
(((-62.8788, 262.894), (-119.902, 262.894), (-169.902, 299.221), (-189, 358), (-177.657, 392.911), (-104.693, 422.814), (-2.3135, 360.881), (-0.725069, 359.15), (-23.3875, 291.59), (-57.3182, 264.445), (-62.8788, 262.894)))
(((-44.6525, -334.195), (-55.7775, -351.725), (-91.8339, -353.623), (-114.792, -326.413), (-110.465, -303.778), (-104.115, -295.99), (-55.8587, -311.783), (-44.6525, -334.195)))
(((-49, -513.276), (-90.9612, -543.091), (-102.577, -539.839), (-105.287, -537.175), (-103.31, -487.741), (-67.38, -474.268), (-49, -496.622), (-49, -513.276)))
(((-51.375, -395.75), (-85.2192, -409.288), (-102.865, -387.72), (-91.8339, -353.623), (-55.7775, -351.725), (-51.375, -395.75)))
(((-44.0102, -250.807), (-104.188, -292.932), (-112.739, -266.115), (-77.3845, -233.286), (-44.0102, -250.807)))
(((-64.3554, -145.657), (-106.246, -147.008), (-118.182, -123.136), (-117.266, -117.965), (-68.2162, -92.5946), (-53.8508, -132.818), (-64.3554, -145.657)))
(((-41.049, -187.735), (-84.2836, -206.264), (-88.7411, -203.871), (-110.387, -159.595), (-106.246, -147.008), (-64.3554, -145.657), (-39.903, -185.157), (-41.049, -187.735)))
(((-27.6562, -674.831), (-69.7192, -720.649), (-90.2887, -722.438), (-94.9201, -720.207), (-124.606, -661.56), (-88.1932, -627.896), (-29.9031, -668.522), (-27.6562, -674.831)))
(((-1.74515, -851.053), (-32.0983, -873.106), (-93.9017, -873.106), (-101.792, -867.373), (-90.2887, -722.438), (-69.7192, -720.649), (1.94114, -782.593), (-1.74515, -851.053)))
(((-29.4658, -271.178), (-55.8587, -311.783), (-104.115, -295.99), (-104.188, -292.932), (-44.0102, -250.807), (-39.9183, -251.285), (-29.4658, -271.178)))
(((-39.9183, -251.285), (-44.0102, -250.807), (-77.3845, -233.286), (-84.2836, -206.264), (-41.049, -187.735), (-27.953, -229.83), (-39.9183, -251.285)))
(((-14.9738, -433.742), (-65.2905, -462.3), (-89.8991, -422.548), (-85.2192, -409.288), (-51.375, -395.75), (-34.5, -402.5), (-14.9738, -433.742)))
(((-57.0069, -587.14), (-90.9612, -543.091), (-49, -513.276), (-25.0027, -534.116), (-53.0249, -587.047), (-57.0069, -587.14)))
(((-29.9031, -668.522), (-88.1932, -627.896), (-84.7302, -615.429), (-57.0069, -587.14), (-53.0249, -587.047), (-20.6308, -602.291), (-29.9031, -668.522)))
(((-31.4976, -125.043), (-53.8508, -132.818), (-68.2162, -92.5946), (-57.6126, -68.5969), (-40, -73), (-18.2021, -109.33), (-31.4976, -125.043)))
(((-25.7416, 501.449), (-2.3135, 360.881), (-104.693, 422.814), (-69.5337, 507.711), (-65.2993, 511.658), (-25.7416, 501.449)))
(((-121.412, 6.9467), (-138, 58), (-119.641, 114.503), (-50.3274, 113.242), (-3.37225, 92.3105), (-5.31208, 49.6342), (-65.4868, 6.65232), (-112.818, 3.78375), (-121.412, 6.9467)))
(((-118.612, 114.484), (-136, 168), (-116.902, 226.779), (-69.8809, 260.941), (-62.1212, 263.106), (-56.3612, 263.106), (2.12088, 181.231), (-50.3274, 113.242), (-118.612, 114.484)))
(((-8.1397, -437.064), (-16.4619, -483.43), (-49, -496.622), (-67.38, -474.268), (-65.2905, -462.3), (-14.9738, -433.742), (-8.1397, -437.064)))
(((-39.903, -185.157), (-64.3554, -145.657), (-53.8508, -132.818), (-31.4976, -125.043), (-5.15743, -171.645), (-39.903, -185.157)))
(((4.84375, -46.0938), (-40, -73), (-57.6126, -68.5969), (-112.818, 3.78375), (-65.4868, 6.65232), (-2.28378, -19.9595), (4.84375, -46.0938)))
(((14.3523, -353.648), (-34.5, -402.5), (-51.375, -395.75), (-55.7775, -351.725), (-44.6525, -334.195), (1.10383, -338.623), (14.2731, -346.757), (14.3523, -353.648)))
(((1.10383, -338.623), (-44.6525, -334.195), (-55.8587, -311.783), (-29.4658, -271.178), (-9, -278), (1.10383, -338.623)))
(((8.13877, -514.252), (-7.59943, -533.805), (-25.0027, -534.116), (-49, -513.276), (-49, -496.622), (-16.4619, -483.43), (4.56417, -500.251), (8.13877, -514.252)))
(((1.31377, -597.025), (-20.6308, -602.291), (-53.0249, -587.047), (-25.0027, -534.116), (-7.59943, -533.805), (16.1601, -575.126), (1.31377, -597.025)))
(((34.9162, -685.763), (5.43882, -778.407), (1.94114, -782.593), (-69.7192, -720.649), (-27.6562, -674.831), (32.9814, -683.705), (34.9162, -685.763)))
(((16.58, -222.58), (-27.953, -229.83), (-41.049, -187.735), (-39.903, -185.157), (-5.15743, -171.645), (3.1888, -171.894), (14.289, -182.106), (16.58, -222.58)))
(((22.3293, -122.354), (3.1888, -171.894), (-5.15743, -171.645), (-31.4976, -125.043), (-18.2021, -109.33), (7.66418, -109.784), (22.3293, -122.354)))
(((18.2038, -55.7682), (7.66418, -109.784), (-18.2021, -109.33), (-40, -73), (4.84375, -46.0938), (18.2038, -55.7682)))
(((-2.28378, -19.9595), (-65.4868, 6.65232), (-5.31208, 49.6342), (31.1154, 16.0089), (-2.28378, -19.9595)))
(((-83.9556, 625.372), (-38.9017, 658.106), (-20.4649, 658.106), (41.769, 526.17), (14.7557, 507.035), (-25.7416, 501.449), (-65.2993, 511.658), (-83.9556, 625.372)))
(((29.1462, -235.146), (12.0405, -270.986), (-9, -278), (-29.4658, -271.178), (-39.9183, -251.285), (-27.953, -229.83), (16.58, -222.58), (29.1462, -235.146)))
(((27.5169, 102.727), (-3.37225, 92.3105), (-50.3274, 113.242), (2.12088, 181.231), (36.6012, 167.822), (33.2347, 107.225), (27.5169, 102.727)))
(((32.9814, -683.705), (-27.6562, -674.831), (-29.9031, -668.522), (-20.6308, -602.291), (1.31377, -597.025), (35.6019, -637.191), (32.9814, -683.705)))
(((42.2768, -404.993), (-6.72256, -436.992), (-8.1397, -437.064), (-14.9738, -433.742), (-34.5, -402.5), (14.3523, -353.648), (42.2768, -404.993)))
(((28.4095, -469.782), (4.56417, -500.251), (-16.4619, -483.43), (-8.1397, -437.064), (-6.72256, -436.992), (28.4095, -469.782)))
(((36.6067, 375.187), (-0.725069, 359.15), (-2.3135, 360.881), (-25.7416, 501.449), (14.7557, 507.035), (53.8563, 405.374), (36.6067, 375.187)))
(((14.2731, -346.757), (1.10383, -338.623), (-9, -278), (12.0405, -270.986), (39.5537, -295.748), (26.8823, -338.288), (14.2731, -346.757)))
(((43.5938, -566.853), (16.1601, -575.126), (-7.59943, -533.805), (8.13877, -514.252), (44.0098, -519.035), (53.4297, -528.914), (43.5938, -566.853)))
(((-56.6076, 263.451), (-55.9212, 265.563), (-23.3875, 291.59), (55.3182, 255.659), (75.8759, 190.56), (36.6012, 167.822), (2.12088, 181.231), (-56.6076, 263.451)))
(((44.0098, -519.035), (8.13877, -514.252), (4.56417, -500.251), (28.4095, -469.782), (49.1013, -471.938), (44.0098, -519.035)))
(((42.0602, 16.8508), (31.1154, 16.0089), (-5.31208, 49.6342), (-3.37225, 92.3105), (27.5169, 102.727), (56.4713, 23.7602), (42.0602, 16.8508)))
(((67.3796, -414.832), (69.843, -459.174), (49.1013, -471.938), (28.4095, -469.782), (-6.72256, -436.992), (42.2768, -404.993), (65.8988, -412.375), (67.3796, -414.832)))
(((46.6458, -121.617), (22.3293, -122.354), (7.66418, -109.784), (18.2038, -55.7682), (43.5502, -56.1523), (48.387, -119.031), (46.6458, -121.617)))
(((43.5502, -56.1523), (18.2038, -55.7682), (4.84375, -46.0938), (-2.28378, -19.9595), (31.1154, 16.0089), (42.0602, 16.8508), (53.9467, -52.0911), (43.5502, -56.1523)))
(((55.586, -134.35), (57.5079, -175.669), (14.289, -182.106), (3.1888, -171.894), (22.3293, -122.354), (46.6458, -121.617), (55.586, -134.35)))
(((70.3013, -281.772), (39.5537, -295.748), (12.0405, -270.986), (29.1462, -235.146), (42.2807, -235.538), (70.3013, -281.772)))
(((79.0254, -603.788), (35.6019, -637.191), (1.31377, -597.025), (16.1601, -575.126), (43.5938, -566.853), (64.2273, -581.591), (79.0254, -603.788)))
(((57.5383, -175.691), (66.3346, -219.673), (42.2807, -235.538), (29.1462, -235.146), (16.58, -222.58), (14.289, -182.106), (57.5079, -175.669), (57.5383, -175.691)))
(((-20.4257, 658.022), (14.0983, 683.106), (75.9017, 683.106), (125.902, 646.779), (142.087, 596.965), (64.0793, 528.935), (41.769, 526.17), (-20.4257, 658.022)))
(((107.4, -736.766), (80.666, -756.674), (5.43882, -778.407), (34.9162, -685.763), (47.7553, -687.968), (106.568, -729.977), (107.4, -736.766)))
(((65.8988, -412.375), (42.2768, -404.993), (14.3523, -353.648), (14.2731, -346.757), (26.8823, -338.288), (61.1774, -339.582), (87.4777, -377.718), (65.8988, -412.375)))
(((76.6687, 24.9624), (56.4713, 23.7602), (27.5169, 102.727), (33.2347, 107.225), (99.634, 95.067), (76.6687, 24.9624)))
(((86.4724, -94.0038), (48.387, -119.031), (43.5502, -56.1523), (53.9467, -52.0911), (61.6179, -52.5358), (85.4583, -75.7488), (86.4724, -94.0038)))
(((96.3795, -310.78), (61.1774, -339.582), (26.8823, -338.288), (39.5537, -295.748), (70.3013, -281.772), (85.8805, -284.937), (96.3795, -310.78)))
(((113.217, 444.7), (53.8563, 405.374), (14.7557, 507.035), (41.769, 526.17), (64.0793, 528.935), (113.217, 444.7)))
(((104.023, -7.39524), (61.6179, -52.5358), (53.9467, -52.0911), (42.0602, 16.8508), (56.4713, 23.7602), (76.6687, 24.9624), (105.871, 1.15164), (104.023, -7.39524)))
(((92.763, -475.545), (72.6429, -525.071), (53.4297, -528.914), (44.0098, -519.035), (49.1013, -471.938), (69.843, -459.174), (92.763, -475.545)))
(((-1.82588, -852.552), (1.94114, -782.593), (5.43882, -778.407), (80.666, -756.674), (69.4449, -880.106), (36.0983, -880.106), (-1.82588, -852.552)))
(((147.954, 311.084), (133.656, 294.828), (55.3182, 255.659), (-23.3875, 291.59), (-0.725069, 359.15), (36.6067, 375.187), (145.873, 316.556), (147.954, 311.084)))
(((86.5204, -605.944), (91.5676, -653.892), (47.7553, -687.968), (34.9162, -685.763), (32.9814, -683.705), (35.6019, -637.191), (79.0254, -603.788), (86.5204, -605.944)))
(((122.968, 174.722), (118.719, 104.609), (99.634, 95.067), (33.2347, 107.225), (36.6012, 167.822), (75.8759, 190.56), (121.526, 175.952), (122.968, 174.722)))
(((85.8805, -284.937), (70.3013, -281.772), (42.2807, -235.538), (66.3346, -219.673), (92.3352, -223.928), (99.7161, -266.368), (85.8805, -284.937)))
(((102.989, -540.245), (64.2273, -581.591), (43.5938, -566.853), (53.4297, -528.914), (72.6429, -525.071), (102.989, -540.245)))
(((109.667, -142.333), (78.3378, -173.662), (57.5383, -175.691), (57.5079, -175.669), (55.586, -134.35), (109.46, -141.301), (109.667, -142.333)))
(((112.922, -207.721), (92.3352, -223.928), (66.3346, -219.673), (57.5383, -175.691), (78.3378, -173.662), (114.746, -204.609), (112.922, -207.721)))
(((109.46, -141.301), (55.586, -134.35), (46.6458, -121.617), (48.387, -119.031), (86.4724, -94.0038), (116.249, -118.295), (109.46, -141.301)))
(((122.355, -361.924), (87.4777, -377.718), (61.1774, -339.582), (96.3795, -310.78), (119.668, -325.385), (122.355, -361.924)))
(((178.128, -820.46), (169.902, -845.779), (119.902, -882.106), (69.2631, -882.106), (80.666, -756.674), (107.4, -736.766), (178.128, -820.46)))
(((115.695, -598.756), (86.5204, -605.944), (79.0254, -603.788), (64.2273, -581.591), (102.989, -540.245), (114.942, -541.293), (116.136, -597.409), (115.695, -598.756)))
(((122.456, -57.7787), (85.4583, -75.7488), (61.6179, -52.5358), (104.023, -7.39524), (122.456, -57.7787)))
(((114.942, -541.293), (102.989, -540.245), (72.6429, -525.071), (92.763, -475.545), (116.5, -478.297), (116.5, -540.125), (114.942, -541.293)))
(((106.568, -729.977), (47.7553, -687.968), (91.5676, -653.892), (118.659, -660.665), (130.313, -701.008), (106.568, -729.977)))
(((132.725, -190.959), (114.746, -204.609), (78.3378, -173.662), (109.667, -142.333), (135.149, -175.311), (132.725, -190.959)))
(((121.526, 175.952), (75.8759, 190.56), (55.3182, 255.659), (133.656, 294.828), (121.526, 175.952)))
(((140.316, -432.774), (116.638, -478.235), (116.5, -478.297), (92.763, -475.545), (69.843, -459.174), (67.3796, -414.832), (134.979, -424.265), (140.316, -432.774)))
(((145.659, -625.664), (118.659, -660.665), (91.5676, -653.892), (86.5204, -605.944), (115.695, -598.756), (145.659, -625.664)))
(((134.979, -424.265), (67.3796, -414.832), (65.8988, -412.375), (87.4777, -377.718), (122.355, -361.924), (140.48, -375.675), (134.979, -424.265)))
(((147.198, -101.715), (116.249, -118.295), (86.4724, -94.0038), (85.4583, -75.7488), (122.456, -57.7787), (127.407, -60.1556), (147.198, -101.715)))
(((175.777, 421.22), (145.873, 316.556), (36.6067, 375.187), (53.8563, 405.374), (113.217, 444.7), (156.571, 442.061), (175.777, 421.22)))
(((125.514, 100.241), (146.593, 11.7093), (105.871, 1.15164), (76.6687, 24.9624), (99.634, 95.067), (118.719, 104.609), (125.514, 100.241)))
(((140.242, -261.963), (99.7161, -266.368), (92.3352, -223.928), (112.922, -207.721), (141.794, -254.36), (140.242, -261.963)))
(((142.248, 597.106), (150.902, 597.106), (185.317, 572.101), (156.571, 442.061), (113.217, 444.7), (64.0793, 528.935), (142.248, 597.106)))
(((152.487, -306.544), (119.668, -325.385), (96.3795, -310.78), (85.8805, -284.937), (99.7161, -266.368), (140.242, -261.963), (158.759, -284.594), (152.487, -306.544)))
(((177.902, -536.836), (116.5, -540.125), (116.5, -478.297), (116.638, -478.235), (162.552, -495.975), (178.991, -536), (177.902, -536.836)))
(((164.75, 4), (149.476, -46.9146), (127.407, -60.1556), (122.456, -57.7787), (104.023, -7.39524), (105.871, 1.15164), (146.593, 11.7093), (159.796, 8.66242), (164.75, 4)))
(((169.988, -561.508), (116.136, -597.409), (114.942, -541.293), (116.5, -540.125), (177.902, -536.836), (169.988, -561.508)))
(((171.596, -218.079), (141.794, -254.36), (112.922, -207.721), (114.746, -204.609), (132.725, -190.959), (171.596, -218.079)))
(((157.935, -103.903), (161.216, -159.67), (135.149, -175.311), (109.667, -142.333), (109.46, -141.301), (116.249, -118.295), (147.198, -101.715), (157.569, -103.353), (157.935, -103.903)))
(((168.661, -691.269), (130.313, -701.008), (118.659, -660.665), (145.659, -625.664), (162.882, -627.703), (168.661, -691.269)))
(((199.948, 188.441), (122.968, 174.722), (121.526, 175.952), (133.656, 294.828), (147.954, 311.084), (197.832, 287.913), (199.948, 188.441)))
(((175.71, -621.468), (162.882, -627.703), (145.659, -625.664), (115.695, -598.756), (116.136, -597.409), (169.988, -561.508), (176.074, -620.847), (175.71, -621.468)))
(((180.317, -462.982), (162.552, -495.975), (116.638, -478.235), (140.316, -432.774), (162.358, -436.684), (180.317, -462.982)))
(((170.061, -371.515), (140.48, -375.675), (122.355, -361.924), (119.668, -325.385), (152.487, -306.544), (190.851, -340.645), (170.061, -371.515)))
(((157.569, -103.353), (147.198, -101.715), (127.407, -60.1556), (149.476, -46.9146), (189.524, -69.7996), (157.569, -103.353)))
(((200.133, 84.0745), (159.796, 8.66242), (146.593, 11.7093), (125.514, 100.241), (195.523, 88.8882), (200.133, 84.0745)))
(((193.236, -820.41), (190.902, -822.106), (179.519, -822.106), (107.4, -736.766), (106.568, -729.977), (130.313, -701.008), (168.661, -691.269), (215.406, -710.804), (218.274, -715.25), (193.236, -820.41)))
(((196.928, -406.181), (162.358, -436.684), (140.316, -432.774), (134.979, -424.265), (140.48, -375.675), (170.061, -371.515), (196.928, -406.181)))
(((194.651, -67.2783), (189.524, -69.7996), (149.476, -46.9146), (164.75, 4), (180.763, -3.07068), (200.799, -54.1623), (194.651, -67.2783)))
(((198.128, -251.255), (182.877, -276.108), (158.759, -284.594), (140.242, -261.963), (141.794, -254.36), (171.596, -218.079), (181.692, -218.385), (198.128, -251.255)))
(((205.472, -192.34), (181.692, -218.385), (171.596, -218.079), (132.725, -190.959), (135.149, -175.311), (161.216, -159.67), (189.089, -163.822), (205.472, -192.34)))
(((205.249, 184.53), (195.523, 88.8882), (125.514, 100.241), (118.719, 104.609), (122.968, 174.722), (199.948, 188.441), (205.249, 184.53)))
(((189.089, -163.822), (161.216, -159.67), (157.935, -103.903), (205.159, -131.682), (189.089, -163.822)))
(((190.851, -340.645), (152.487, -306.544), (158.759, -284.594), (182.877, -276.108), (207.277, -298.701), (196.873, -339.162), (190.851, -340.645)))
(((215.406, -710.804), (168.661, -691.269), (162.882, -627.703), (175.71, -621.468), (221.115, -657.792), (215.406, -710.804)))
(((213.683, -598.832), (176.074, -620.847), (169.988, -561.508), (177.902, -536.836), (178.991, -536), (207.4, -536), (213.683, -598.832)))
(((216.279, -532.14), (207.4, -536), (178.991, -536), (162.552, -495.975), (180.317, -462.982), (202.021, -463.868), (220.203, -522.05), (216.279, -532.14)))
(((219.444, -450.466), (202.021, -463.868), (180.317, -462.982), (162.358, -436.684), (196.928, -406.181), (208.303, -407.931), (219.444, -450.466)))
(((209.919, -129.919), (205.159, -131.682), (157.935, -103.903), (157.569, -103.353), (189.524, -69.7996), (194.651, -67.2783), (229.539, -105.543), (209.919, -129.919)))
(((300.564, 32.6596), (180.763, -3.07068), (164.75, 4), (159.796, 8.66242), (200.133, 84.0745), (294.127, 55.1533), (301, 34), (301, 34), (300.564, 32.6596)))
(((220.445, -400.736), (208.303, -407.931), (196.928, -406.181), (170.061, -371.515), (190.851, -340.645), (196.873, -339.162), (232.293, -349.788), (220.445, -400.736)))
(((296.917, 315.657), (197.832, 287.913), (147.954, 311.084), (145.873, 316.556), (175.777, 421.22), (292.022, 417.409), (311, 359), (311, 359), (296.917, 315.657)))
(((239.386, -265.677), (232.444, -291.71), (207.277, -298.701), (182.877, -276.108), (198.128, -251.255), (233.221, -254.008), (239.386, -265.677)))
(((289.397, 417.495), (175.777, 421.22), (156.571, 442.061), (186.202, 576.106), (245.902, 576.106), (295.902, 539.779), (315, 481), (315, 481), (295.902, 422.221), (289.397, 417.495)))
(((243.19, -638.345), (221.115, -657.792), (175.71, -621.468), (176.074, -620.847), (213.683, -598.832), (233.88, -606.013), (244.271, -623.199), (243.19, -638.345)))
(((241.908, -235.5), (233.221, -254.008), (198.128, -251.255), (181.692, -218.385), (205.472, -192.34), (217.015, -192.507), (237.924, -202.962), (241.908, -235.5)))
(((217.015, -192.507), (205.472, -192.34), (189.089, -163.822), (205.159, -131.682), (209.919, -129.919), (235.05, -155.05), (217.015, -192.507)))
(((299.972, 32.483), (306.195, 13.3319), (272.239, -35.5879), (200.799, -54.1623), (180.763, -3.07068), (299.972, 32.483)))
(((257.748, -340.697), (232.293, -349.788), (196.873, -339.162), (207.277, -298.701), (232.444, -291.71), (260.042, -331.958), (257.748, -340.697)))
(((252.115, -488.458), (220.203, -522.05), (202.021, -463.868), (219.444, -450.466), (244.096, -456.383), (252.115, -488.458)))
(((294.507, 55.0364), (200.133, 84.0745), (195.523, 88.8882), (205.249, 184.53), (315.231, 167.377), (329, 125), (329, 125), (309.902, 66.2215), (294.507, 55.0364)))
(((266.685, -80.0174), (249.51, -103.358), (229.539, -105.543), (194.651, -67.2783), (200.799, -54.1623), (272.239, -35.5879), (266.685, -80.0174)))
(((264.287, -562.803), (233.88, -606.013), (213.683, -598.832), (207.4, -536), (216.279, -532.14), (263.977, -555.988), (264.287, -562.803)))
(((272.62, -429.36), (244.096, -456.383), (219.444, -450.466), (208.303, -407.931), (220.445, -400.736), (265.188, -411.922), (272.62, -429.36)))
(((260.957, -150.478), (235.05, -155.05), (209.919, -129.919), (229.539, -105.543), (249.51, -103.358), (266.854, -135.271), (260.957, -150.478)))
(((267.094, -190.71), (237.924, -202.962), (217.015, -192.507), (235.05, -155.05), (260.957, -150.478), (271.953, -181.998), (267.094, -190.71)))
(((315.95, 167.265), (205.249, 184.53), (199.948, 188.441), (197.832, 287.913), (295.831, 315.353), (326.902, 292.779), (346, 234), (346, 234), (326.902, 175.221), (315.95, 167.265)))
(((281.309, -367.142), (265.188, -411.922), (220.445, -400.736), (232.293, -349.788), (257.748, -340.697), (281.309, -367.142)))
(((228.235, -713.843), (218.274, -715.25), (215.406, -710.804), (221.115, -657.792), (243.19, -638.345), (299.357, -666.429), (228.235, -713.843)))
(((303.025, -288.975), (260.042, -331.958), (232.444, -291.71), (239.386, -265.677), (297.663, -277.333), (304.319, -284.628), (303.025, -288.975)))
(((287.732, -604.366), (244.271, -623.199), (233.88, -606.013), (264.287, -562.803), (287.732, -604.366)))
(((274.203, -550.288), (263.977, -555.988), (216.279, -532.14), (220.203, -522.05), (252.115, -488.458), (299.439, -496.03), (274.203, -550.288)))
(((322.903, -827.488), (295.902, -847.106), (234.098, -847.106), (193.843, -817.859), (218.274, -715.25), (228.235, -713.843), (306.826, -743.086), (322.903, -827.488)))
(((297.663, -277.333), (239.386, -265.677), (233.221, -254.008), (241.908, -235.5), (287.418, -235.5), (297.663, -277.333)))
(((287.418, -235.5), (241.908, -235.5), (237.924, -202.962), (267.094, -190.71), (290.811, -225.721), (287.418, -235.5)))
(((316.983, -630.59), (299.559, -666.406), (299.357, -666.429), (243.19, -638.345), (244.271, -623.199), (287.732, -604.366), (318.333, -619.667), (316.983, -630.59)))
(((299.439, -496.03), (252.115, -488.458), (244.096, -456.383), (272.62, -429.36), (296.323, -438.618), (305.095, -493.202), (299.439, -496.03)))
(((306.826, -743.086), (228.235, -713.843), (299.357, -666.429), (299.559, -666.406), (323.33, -701.521), (306.826, -743.086)))
(((294.44, -133.39), (266.854, -135.271), (249.51, -103.358), (266.685, -80.0174), (308.632, -106.584), (294.44, -133.39)))
(((315.709, -173.048), (271.953, -181.998), (260.957, -150.478), (266.854, -135.271), (294.44, -133.39), (316.395, -159.567), (315.709, -173.048)))
(((323.05, -182), (320.064, -211.865), (290.811, -225.721), (267.094, -190.71), (271.953, -181.998), (315.709, -173.048), (323.05, -182)))
(((323.952, -423.045), (296.323, -438.618), (272.62, -429.36), (265.188, -411.922), (281.309, -367.142), (314.454, -369.616), (323.952, -423.045)))
(((318.333, -619.667), (287.732, -604.366), (264.287, -562.803), (263.977, -555.988), (274.203, -550.288), (319, -560.122), (319, -619), (318.333, -619.667)))
(((314.454, -369.616), (281.309, -367.142), (257.748, -340.697), (260.042, -331.958), (303.025, -288.975), (336.66, -354.561), (314.454, -369.616)))
(((386.501, -31.2201), (334.946, -98.3605), (308.632, -106.584), (266.685, -80.0174), (272.239, -35.5879), (306.038, 13.1057), (333.902, 13.1057), (383.902, -23.2215), (386.501, -31.2201)))
(((337.222, -545.456), (319, -560.122), (274.203, -550.288), (299.439, -496.03), (305.095, -493.202), (318.131, -496.668), (337.222, -545.456)))
(((331.298, -275.168), (304.319, -284.628), (297.663, -277.333), (287.418, -235.5), (290.811, -225.721), (320.064, -211.865), (340.382, -231.567), (331.298, -275.168)))
(((339.67, -137.094), (316.395, -159.567), (294.44, -133.39), (308.632, -106.584), (334.946, -98.3605), (339.67, -137.094)))
(((341.578, -487.058), (318.131, -496.668), (305.095, -493.202), (296.323, -438.618), (323.952, -423.045), (330.605, -424.523), (357.359, -456.812), (341.578, -487.058)))
(((350.269, -608.577), (319, -619), (319, -560.122), (337.222, -545.456), (352.256, -548.768), (363.02, -581.061), (350.269, -608.577)))
(((428.524, -353.398), (336.66, -354.561), (303.025, -288.975), (304.319, -284.628), (331.298, -275.168), (439.029, -308.935), (441, -315), (441, -315), (428.524, -353.398)))
(((431.641, -362.119), (330.605, -424.523), (323.952, -423.045), (314.454, -369.616), (336.66, -354.561), (428.807, -353.395), (431.641, -362.119)))
(((323.33, -701.521), (299.559, -666.406), (316.983, -630.59), (427.842, -697.105), (323.33, -701.521)))
(((442.309, -193.641), (340.382, -231.567), (320.064, -211.865), (323.05, -182), (438.527, -182), (442.309, -193.641)))
(((438.527, -182), (323.05, -182), (315.709, -173.048), (316.395, -159.567), (339.67, -137.094), (440.581, -175.678), (438.527, -182)))
(((323.592, -831.106), (306.826, -743.086), (323.33, -701.521), (427.842, -697.105), (436.723, -698.215), (449, -736), (449, -736), (429.902, -794.779), (379.902, -831.106), (323.592, -831.106)))
(((352.256, -548.768), (337.222, -545.456), (318.131, -496.668), (341.578, -487.058), (401.383, -521.001), (352.256, -548.768)))
(((442.318, -176.342), (339.67, -137.094), (334.946, -98.3605), (387.519, -29.8943), (389.902, -29.8943), (439.902, -66.2215), (459, -125), (459, -125), (442.318, -176.342)))
(((455.647, -656.476), (441.902, -698.779), (441.803, -698.85), (427.842, -697.105), (316.983, -630.59), (318.333, -619.667), (319, -619), (350.269, -608.577), (455.647, -656.476)))
(((439.661, -309.133), (331.298, -275.168), (340.382, -231.567), (444.119, -192.967), (462, -248), (462, -248), (442.902, -306.779), (439.661, -309.133)))
(((460.601, -435.385), (357.359, -456.812), (330.605, -424.523), (432.984, -361.289), (443.902, -369.221), (463, -428), (463, -428), (460.601, -435.385)))
(((462.193, -517.338), (401.383, -521.001), (341.578, -487.058), (357.359, -456.812), (459.269, -435.661), (474, -481), (474, -481), (462.193, -517.338)))
(((475.746, -574.016), (363.02, -581.061), (352.256, -548.768), (401.383, -521.001), (463.807, -517.241), (479, -564), (479, -564), (475.746, -574.016)))
(((458.057, -657.572), (350.269, -608.577), (363.02, -581.061), (473.895, -574.132), (481, -596), (481, -596), (461.902, -654.779), (458.057, -657.572)))
