(((-292.85, -360.316), (-304, -326), (-284.902, -267.221), (-277.515, -261.855), (-171.019, -303.755), (-165.257, -317.583), (-185.24, -345.301), (-292.85, -360.316)))
(((-288.342, -518.114), (-303, -473), (-284.788, -416.948), (-200.64, -420.993), (-199.046, -422.085), (-174.704, -480.235), (-288.342, -518.114)))
(((-282.383, -417.063), (-298, -369), (-295.289, -360.657), (-185.24, -345.301), (-173.479, -381.566), (-200.64, -420.993), (-282.383, -417.063)))
(((-267.588, -566.366), (-273.902, -561.779), (-288.114, -518.038), (-174.704, -480.235), (-161.969, -488.99), (-166.367, -508.413), (-248.748, -562.475), (-267.588, -566.366)))
(((-231.588, -735.615), (-269.902, -707.779), (-289, -649), (-272.054, -596.846), (-177.947, -622.987), (-168.437, -653.244), (-231.588, -735.615)))
(((-278.812, -261.344), (-260.902, -206.221), (-252.719, -200.276), (-210.616, -202.347), (-147.588, -267.475), (-171.019, -303.755), (-278.812, -261.344)))
(((-273.534, -596.435), (-274, -595), (-264.488, -565.726), (-248.748, -562.475), (-152.985, -565.667), (-136.973, -594.189), (-138.098, -604.452), (-177.947, -622.987), (-273.534, -596.435)))
(((-255.433, -200.143), (-274, -143), (-255.978, -87.5335), (-147.557, -120.447), (-151.507, -186.285), (-210.616, -202.347), (-255.433, -200.143)))
(((-152.985, -565.667), (-248.748, -562.475), (-166.367, -508.413), (-142.929, -545.914), (-152.985, -565.667)))
(((-135.353, -374.473), (-173.479, -381.566), (-185.24, -345.301), (-165.257, -317.583), (-141.262, -328.99), (-135.333, -374.448), (-135.353, -374.473)))
(((-129.788, -478.263), (-161.969, -488.99), (-174.704, -480.235), (-199.046, -422.085), (-145.049, -428.957), (-129.788, -478.263)))
(((-223.825, -742.459), (-232.181, -736.388), (-168.437, -653.244), (-110.241, -661.803), (-107.212, -672.988), (-223.825, -742.459)))
(((-256.92, -87.2476), (-257, -87), (-237.902, -28.2215), (-187.902, 8.10565), (-158.702, 8.10565), (-122.647, -100.059), (-125.109, -107.891), (-147.557, -120.447), (-256.92, -87.2476)))
(((-110.241, -661.803), (-168.437, -653.244), (-177.947, -622.987), (-138.098, -604.452), (-109.064, -648.417), (-110.241, -661.803)))
(((-131.069, -417.308), (-145.049, -428.957), (-199.046, -422.085), (-200.64, -420.993), (-173.479, -381.566), (-135.353, -374.473), (-131.069, -417.308)))
(((-119.328, -259.6), (-147.588, -267.475), (-210.616, -202.347), (-151.507, -186.285), (-131.816, -191.816), (-110.146, -218.585), (-119.328, -259.6)))
(((-105.753, -528.101), (-142.929, -545.914), (-166.367, -508.413), (-161.969, -488.99), (-129.788, -478.263), (-115.627, -482.53), (-105.753, -528.101)))
(((-94.3116, -309.632), (-98.1502, -315.665), (-141.262, -328.99), (-165.257, -317.583), (-171.019, -303.755), (-147.588, -267.475), (-119.328, -259.6), (-94.6206, -286.456), (-94.3116, -309.632)))
(((-134.448, -814.106), (-161.902, -814.106), (-211.902, -777.779), (-223.45, -742.236), (-107.212, -672.988), (-89.2247, -689.743), (-134.448, -814.106)))
(((-131.816, -191.816), (-151.507, -186.285), (-147.557, -120.447), (-125.109, -107.891), (-86.5, -146.5), (-131.816, -191.816)))
(((-86.345, -463.985), (-115.627, -482.53), (-129.788, -478.263), (-145.049, -428.957), (-131.069, -417.308), (-88.4126, -421.944), (-86.345, -463.985)))
(((-83.1355, -572.654), (-136.973, -594.189), (-152.985, -565.667), (-142.929, -545.914), (-105.753, -528.101), (-104.296, -528.984), (-81.4424, -562.919), (-83.1355, -572.654)))
(((-91.6982, -372.509), (-135.333, -374.448), (-141.262, -328.99), (-98.1502, -315.665), (-85.5088, -363.313), (-91.6982, -372.509)))
(((-88.4126, -421.944), (-131.069, -417.308), (-135.353, -374.473), (-135.333, -374.448), (-91.6982, -372.509), (-83.1753, -415.124), (-88.4126, -421.944)))
(((-158.697, 8.09085), (-137.62, 23.4044), (-82.4586, -21.1488), (-78.5477, -82.4191), (-122.647, -100.059), (-158.697, 8.09085)))
(((-64.1016, -608.683), (-109.064, -648.417), (-138.098, -604.452), (-136.973, -594.189), (-83.1355, -572.654), (-64.1016, -608.683)))
(((-61.4256, -131.632), (-77.4559, -146.379), (-86.5, -146.5), (-125.109, -107.891), (-122.647, -100.059), (-78.5477, -82.4191), (-60.7263, -95.2671), (-61.4256, -131.632)))
(((-47.6549, -200.021), (-82.708, -216.922), (-110.146, -218.585), (-131.816, -191.816), (-86.5, -146.5), (-77.4559, -146.379), (-47.6549, -200.021)))
(((-94.6206, -286.456), (-119.328, -259.6), (-110.146, -218.585), (-82.708, -216.922), (-60.6751, -267.597), (-94.6206, -286.456)))
(((-37.8333, -500.5), (-104.296, -528.984), (-105.753, -528.101), (-115.627, -482.53), (-86.345, -463.985), (-52.4078, -476.375), (-36.6514, -498.727), (-37.8333, -500.5)))
(((-33.2257, -825.48), (-45.0983, -834.106), (-106.902, -834.106), (-134.444, -814.095), (-89.2247, -689.743), (-63.9714, -693.273), (-33.2257, -825.48)))
(((-48.4452, -548.253), (-81.4424, -562.919), (-104.296, -528.984), (-37.8333, -500.5), (-48.4452, -548.253)))
(((-41.5, -360.562), (-85.5088, -363.313), (-98.1502, -315.665), (-94.3116, -309.632), (-43.5833, -320.25), (-32.8947, -352.316), (-41.5, -360.562)))
(((-42.301, -685.44), (-63.9714, -693.273), (-89.2247, -689.743), (-107.212, -672.988), (-110.241, -661.803), (-109.064, -648.417), (-64.1016, -608.683), (-41.8491, -613.384), (-23.9574, -644.958), (-42.301, -685.44)))
(((-41.5, -410.406), (-83.1753, -415.124), (-91.6982, -372.509), (-85.5088, -363.313), (-41.5, -360.562), (-41.5, -410.406)))
(((-26.2642, -246.637), (-45.6837, -267.052), (-60.6751, -267.597), (-82.708, -216.922), (-47.6549, -200.021), (-36.7505, -202.444), (-26.2642, -246.637)))
(((-24.0857, -422.563), (-52.4078, -476.375), (-86.345, -463.985), (-88.4126, -421.944), (-83.1753, -415.124), (-41.5, -410.406), (-24.0857, -422.563)))
(((-43.5833, -320.25), (-94.3116, -309.632), (-94.6206, -286.456), (-60.6751, -267.597), (-45.6837, -267.052), (-31.7206, -301.087), (-43.5833, -320.25)))
(((-25.7202, -78.5596), (-60.7263, -95.2671), (-78.5477, -82.4191), (-82.4586, -21.1488), (-9.27495, -36.7613), (-25.7202, -78.5596)))
(((-17.875, -584.226), (-41.8491, -613.384), (-64.1016, -608.683), (-83.1355, -572.654), (-81.4424, -562.919), (-48.4452, -548.253), (-23.8954, -565.789), (-17.875, -584.226)))
(((-36.7505, -202.444), (-47.6549, -200.021), (-77.4559, -146.379), (-61.4256, -131.632), (-31.2461, -135.327), (-16.6313, -190.133), (-36.7505, -202.444)))
(((-135.798, 21.9329), (-121.798, 65.0192), (-37.6497, 63.4752), (12.3315, -9.47028), (0.727053, -32.215), (-9.27495, -36.7613), (-82.4586, -21.1488), (-135.798, 21.9329)))
(((-93.0002, 206.676), (-119.902, 226.221), (-139, 285), (-119.902, 343.779), (-89.9285, 365.555), (8.14365, 287.498), (12.517, 276.018), (-39.9314, 220.947), (-93.0002, 206.676)))
(((-120.779, 65.0005), (-138, 118), (-118.902, 176.779), (-98.8774, 191.327), (22.2183, 113.119), (14.3314, 101.017), (-37.6497, 63.4752), (-120.779, 65.0005)))
(((-5.01415, -119.972), (-31.2461, -135.327), (-61.4256, -131.632), (-60.7263, -95.2671), (-25.7202, -78.5596), (-5.01415, -119.972)))
(((10.4177, -815.012), (-2.0983, -824.106), (-33.5452, -824.106), (-63.9714, -693.273), (-42.301, -685.44), (1.94137, -713.296), (10.4177, -815.012)))
(((8.92092, -524.337), (-23.8954, -565.789), (-48.4452, -548.253), (-37.8333, -500.5), (-36.6514, -498.727), (-2.67095, -500.405), (8.92092, -524.337)))
(((6.30435, -383.283), (-15.3369, -422.443), (-24.0857, -422.563), (-41.5, -410.406), (-41.5, -360.562), (-32.8947, -352.316), (-10.4023, -354.046), (6.30435, -383.283)))
(((-2.67095, -500.405), (-36.6514, -498.727), (-52.4078, -476.375), (-24.0857, -422.563), (-15.3369, -422.443), (8.25284, -439.228), (11.3641, -483.563), (-2.67095, -500.405)))
(((4.59689, -298.493), (-31.7206, -301.087), (-45.6837, -267.052), (-26.2642, -246.637), (0.421942, -255.7), (4.59689, -298.493)))
(((23.8969, -323.093), (-10.4023, -354.046), (-32.8947, -352.316), (-43.5833, -320.25), (-31.7206, -301.087), (4.59689, -298.493), (23.1759, -313.841), (23.8969, -323.093)))
(((11.4474, -124.289), (2.9375, -187.262), (-16.6313, -190.133), (-31.2461, -135.327), (-5.01415, -119.972), (11.4474, -124.289)))
(((-98.7892, 191.27), (-93.8584, 206.446), (-39.9314, 220.947), (37.2148, 180.413), (32.9288, 118.98), (22.2183, 113.119), (-98.7892, 191.27)))
(((26.9471, -641.726), (-23.9574, -644.958), (-41.8491, -613.384), (-17.875, -584.226), (19.5836, -587.053), (25.503, -593.099), (33.0057, -631.863), (26.9471, -641.726)))
(((22.0131, -198.374), (9.16667, -251.595), (0.421942, -255.7), (-26.2642, -246.637), (-36.7505, -202.444), (-16.6313, -190.133), (2.9375, -187.262), (20.5435, -193.802), (22.0131, -198.374)))
(((-89.7843, 365.441), (-80.9017, 392.779), (-30.9017, 429.106), (30.9017, 429.106), (55.0201, 411.583), (8.14365, 287.498), (-89.7843, 365.441)))
(((39.6008, -683.483), (1.94137, -713.296), (-42.301, -685.44), (-23.9574, -644.958), (26.9471, -641.726), (39.6008, -683.483)))
(((19.5836, -587.053), (-17.875, -584.226), (-23.8954, -565.789), (8.92092, -524.337), (26.2459, -538.197), (19.5836, -587.053)))
(((31.6625, -117.857), (11.4474, -124.289), (-5.01415, -119.972), (-25.7202, -78.5596), (-9.27495, -36.7613), (0.727053, -32.215), (48.4256, -83.8073), (31.6625, -117.857)))
(((12.3315, -9.47028), (-37.6497, 63.4752), (14.3314, 101.017), (49.101, 9.12581), (12.3315, -9.47028)))
(((53.0272, -391.747), (43.8642, -424.39), (8.25284, -439.228), (-15.3369, -422.443), (6.30435, -383.283), (49.5, -387.122), (53.0272, -391.747)))
(((49.5, -387.122), (6.30435, -383.283), (-10.4023, -354.046), (23.8969, -323.093), (49.5, -344.883), (49.5, -387.122)))
(((54.1981, -283.594), (23.1759, -313.841), (4.59689, -298.493), (0.421942, -255.7), (9.16667, -251.595), (45.25, -256.75), (54.1981, -283.594)))
(((84.4965, 220.42), (37.2148, 180.413), (-39.9314, 220.947), (12.517, 276.018), (62.9192, 264.513), (84.4965, 220.42)))
(((68.8235, -165.948), (20.5435, -193.802), (2.9375, -187.262), (11.4474, -124.289), (31.6625, -117.857), (68.8235, -165.948)))
(((45.25, -256.75), (9.16667, -251.595), (22.0131, -198.374), (56.8056, -235.95), (45.25, -256.75)))
(((77.7438, -479.875), (11.3641, -483.563), (8.25284, -439.228), (43.8642, -424.39), (78.2362, -464.133), (79.1453, -478.495), (77.7438, -479.875)))
(((10.6755, -818.106), (1.94137, -713.296), (39.6008, -683.483), (53.6306, -689.26), (79.0562, -777.271), (61.5013, -818.106), (10.6755, -818.106)))
(((67.7616, -535.231), (26.2459, -538.197), (8.92092, -524.337), (-2.67095, -500.405), (11.3641, -483.563), (77.7438, -479.875), (67.7616, -535.231)))
(((84.4213, -556.334), (74.2692, -573.592), (25.503, -593.099), (19.5836, -587.053), (26.2459, -538.197), (67.7616, -535.231), (84.4213, -556.334)))
(((128.327, 368.313), (62.9192, 264.513), (12.517, 276.018), (8.14365, 287.498), (55.2177, 412.106), (75.9017, 412.106), (125.902, 375.779), (128.327, 368.313)))
(((89.6256, 101.852), (56.6972, 9.65228), (49.101, 9.12581), (14.3314, 101.017), (22.2183, 113.119), (32.9288, 118.98), (87.2973, 103.757), (89.6256, 101.852)))
(((73.816, -166.761), (69.5082, -231.377), (56.8056, -235.95), (22.0131, -198.374), (20.5435, -193.802), (68.8235, -165.948), (73.816, -166.761)))
(((100.372, -32.9322), (56.9628, -82.5426), (48.4256, -83.8073), (0.727053, -32.215), (12.3315, -9.47028), (49.101, 9.12581), (56.6972, 9.65228), (80.297, 0.0477151), (100.372, -32.9322)))
(((81.1964, -624.853), (33.0057, -631.863), (25.503, -593.099), (74.2692, -573.592), (81.1964, -624.853)))
(((88.3887, -332.472), (49.5, -344.883), (23.8969, -323.093), (23.1759, -313.841), (54.1981, -283.594), (74.2041, -287.806), (95.532, -319.798), (88.3887, -332.472)))
(((108.136, -662.811), (103.655, -673.798), (53.6306, -689.26), (39.6008, -683.483), (26.9471, -641.726), (33.0057, -631.863), (81.1964, -624.853), (106.55, -637.107), (108.136, -662.811)))
(((116.137, -131.07), (86.0109, -164.543), (73.816, -166.761), (68.8235, -165.948), (31.6625, -117.857), (48.4256, -83.8073), (56.9628, -82.5426), (106.537, -112.718), (116.137, -131.07)))
(((102.769, -258.256), (74.2041, -287.806), (54.1981, -283.594), (45.25, -256.75), (56.8056, -235.95), (69.5082, -231.377), (92.9277, -237.232), (102.769, -258.256)))
(((108.622, -416.865), (78.2362, -464.133), (43.8642, -424.39), (53.0272, -391.747), (86.8458, -392.856), (108.622, -416.865)))
(((86.8458, -392.856), (53.0272, -391.747), (49.5, -387.122), (49.5, -344.883), (88.3887, -332.472), (101.568, -365.419), (86.8458, -392.856)))
(((116.087, 209.321), (87.2973, 103.757), (32.9288, 118.98), (37.2148, 180.413), (84.4965, 220.42), (116.087, 209.321)))
(((79.0562, -777.271), (53.6306, -689.26), (103.655, -673.798), (125.775, -728.177), (79.0562, -777.271)))
(((117.068, -204.735), (92.9277, -237.232), (69.5082, -231.377), (73.816, -166.761), (86.0109, -164.543), (117.068, -204.735)))
(((131.827, 39.8663), (80.297, 0.0477151), (56.6972, 9.65228), (89.6256, 101.852), (121.733, 92.5001), (131.827, 39.8663)))
(((106.55, -637.107), (81.1964, -624.853), (74.2692, -573.592), (84.4213, -556.334), (107.441, -558.175), (112.666, -631.325), (106.55, -637.107)))
(((128.926, -43.6864), (106.537, -112.718), (56.9628, -82.5426), (100.372, -32.9322), (128.926, -43.6864)))
(((120.938, -554.108), (107.441, -558.175), (84.4213, -556.334), (67.7616, -535.231), (77.7438, -479.875), (79.1453, -478.495), (116.015, -486.396), (136.452, -504.829), (120.938, -554.108)))
(((144.068, -287.743), (124.876, -313.332), (95.532, -319.798), (74.2041, -287.806), (102.769, -258.256), (140.268, -270.756), (144.068, -287.743)))
(((141.255, -445.215), (116.015, -486.396), (79.1453, -478.495), (78.2362, -464.133), (108.622, -416.865), (126.548, -417.137), (141.255, -445.215)))
(((136.741, -364.494), (101.568, -365.419), (88.3887, -332.472), (95.532, -319.798), (124.876, -313.332), (141.586, -345.919), (136.741, -364.494)))
(((152.945, -392.54), (126.548, -417.137), (108.622, -416.865), (86.8458, -392.856), (101.568, -365.419), (136.741, -364.494), (152.945, -392.54)))
(((126.936, 366.106), (138.133, 366.106), (152.107, 228.7), (126.748, 209.754), (116.087, 209.321), (84.4965, 220.42), (62.9192, 264.513), (126.936, 366.106)))
(((140.268, -270.756), (102.769, -258.256), (92.9277, -237.232), (117.068, -204.735), (130.885, -206.808), (146.508, -259.927), (140.268, -270.756)))
(((165.334, 113.566), (121.733, 92.5001), (89.6256, 101.852), (87.2973, 103.757), (116.087, 209.321), (126.748, 209.754), (174.509, 130.151), (165.334, 113.566)))
(((161.877, -610.604), (112.666, -631.325), (107.441, -558.175), (120.938, -554.108), (159.517, -576.153), (161.877, -610.604)))
(((153.615, -41.4672), (128.926, -43.6864), (100.372, -32.9322), (80.297, 0.0477151), (131.827, 39.8663), (161.417, 19.9697), (153.615, -41.4672)))
(((162.398, -191.051), (130.885, -206.808), (117.068, -204.735), (86.0109, -164.543), (116.137, -131.07), (136.476, -132.226), (164.541, -182.958), (162.398, -191.051)))
(((170.848, -77.2826), (153.033, -121.01), (136.476, -132.226), (116.137, -131.07), (106.537, -112.718), (128.926, -43.6864), (153.615, -41.4672), (158.87, -45.0354), (170.848, -77.2826)))
(((176.684, -698.199), (136.083, -727.804), (125.775, -728.177), (103.655, -673.798), (108.136, -662.811), (169.618, -671.35), (176.684, -698.199)))
(((209.004, -840.782), (176.902, -864.106), (115.098, -864.106), (65.0983, -827.779), (61.7599, -817.504), (79.0562, -777.271), (125.775, -728.177), (136.083, -727.804), (206.073, -791.796), (209.004, -840.782)))
(((186.342, -629.939), (169.618, -671.35), (108.136, -662.811), (106.55, -637.107), (112.666, -631.325), (161.877, -610.604), (186.342, -629.939)))
(((173.622, -500.456), (136.452, -504.829), (116.015, -486.396), (141.255, -445.215), (178.844, -455.3), (187.903, -484.289), (173.622, -500.456)))
(((186.628, -237.132), (146.508, -259.927), (130.885, -206.808), (162.398, -191.051), (190.59, -228.934), (186.628, -237.132)))
(((188.692, -552.699), (159.517, -576.153), (120.938, -554.108), (136.452, -504.829), (173.622, -500.456), (188.692, -552.699)))
(((190.147, -335.296), (141.586, -345.919), (124.876, -313.332), (144.068, -287.743), (177.906, -302.245), (190.147, -335.296)))
(((178.844, -455.3), (141.255, -445.215), (126.548, -417.137), (152.945, -392.54), (165.375, -393.25), (195.478, -413.318), (178.844, -455.3)))
(((193.043, -337.914), (165.375, -393.25), (152.945, -392.54), (136.741, -364.494), (141.586, -345.919), (190.147, -335.296), (193.043, -337.914)))
(((218.245, 40.6347), (161.417, 19.9697), (131.827, 39.8663), (121.733, 92.5001), (165.334, 113.566), (218.245, 40.6347)))
(((210.791, -160.884), (164.541, -182.958), (136.476, -132.226), (153.033, -121.01), (203.722, -136.217), (213.488, -158.597), (210.791, -160.884)))
(((138.113, 366.304), (146.098, 372.106), (207.902, 372.106), (257.902, 335.779), (258.543, 333.805), (177.573, 230.343), (152.107, 228.7), (138.113, 366.304)))
(((206.073, -791.796), (136.083, -727.804), (176.684, -698.199), (194.084, -704.275), (213.686, -768.684), (206.073, -791.796)))
(((204.895, -279.754), (177.906, -302.245), (144.068, -287.743), (140.268, -270.756), (146.508, -259.927), (186.628, -237.132), (204.895, -279.754)))
(((174.509, 130.151), (126.748, 209.754), (152.107, 228.7), (177.573, 230.343), (268.564, 166.49), (174.509, 130.151)))
(((218.693, -95.9826), (203.722, -136.217), (153.033, -121.01), (170.848, -77.2826), (215.868, -92.2895), (218.693, -95.9826)))
(((279.762, 24.509), (283.109, 14.2098), (233.235, -24.7542), (158.87, -45.0354), (153.615, -41.4672), (161.417, 19.9697), (218.245, 40.6347), (279.762, 24.509)))
(((228.986, -362.457), (216.016, -408.663), (195.478, -413.318), (165.375, -393.25), (193.043, -337.914), (222.913, -344.503), (228.986, -362.457)))
(((247.197, -617.837), (226.358, -628.493), (186.342, -629.939), (161.877, -610.604), (159.517, -576.153), (188.692, -552.699), (203.549, -555.175), (250.649, -610.587), (247.197, -617.837)))
(((190.59, -228.934), (162.398, -191.051), (164.541, -182.958), (210.791, -160.884), (203.633, -225.299), (190.59, -228.934)))
(((218.776, -692.181), (194.084, -704.275), (176.684, -698.199), (169.618, -671.35), (186.342, -629.939), (226.358, -628.493), (218.776, -692.181)))
(((215.868, -92.2895), (170.848, -77.2826), (158.87, -45.0354), (233.235, -24.7542), (215.868, -92.2895)))
(((236.534, -525.282), (203.549, -555.175), (188.692, -552.699), (173.622, -500.456), (187.903, -484.289), (229.363, -486.561), (236.534, -525.282)))
(((241.753, -322.313), (222.913, -344.503), (193.043, -337.914), (190.147, -335.296), (177.906, -302.245), (204.895, -279.754), (242.361, -283.428), (241.753, -322.313)))
(((238.491, -479.317), (229.363, -486.561), (187.903, -484.289), (178.844, -455.3), (195.478, -413.318), (216.016, -408.663), (245.267, -428.495), (238.491, -479.317)))
(((242.361, -283.428), (204.895, -279.754), (186.628, -237.132), (190.59, -228.934), (203.633, -225.299), (222.719, -225.622), (254.225, -269.965), (242.361, -283.428)))
(((245.145, -199.692), (222.719, -225.622), (203.633, -225.299), (210.791, -160.884), (213.488, -158.597), (232.663, -162.98), (245.145, -199.692)))
(((280.234, 24.3852), (218.245, 40.6347), (165.334, 113.566), (174.509, 130.151), (268.564, 166.49), (282.58, 165.91), (297.902, 154.779), (317, 96), (317, 96), (297.902, 37.2215), (280.234, 24.3852)))
(((281.512, 165.955), (268.564, 166.49), (177.573, 230.343), (258.008, 333.122), (303.902, 299.779), (323, 241), (323, 241), (303.902, 182.221), (281.512, 165.955)))
(((264.124, -721.849), (213.686, -768.684), (194.084, -704.275), (218.776, -692.181), (258.52, -708.44), (264.124, -721.849)))
(((257.929, -146.772), (232.663, -162.98), (213.488, -158.597), (203.722, -136.217), (218.693, -95.9826), (260.414, -102.051), (257.929, -146.772)))
(((266.543, -598.288), (250.649, -610.587), (203.549, -555.175), (236.534, -525.282), (276.517, -549.082), (266.543, -598.288)))
(((304.734, -0.475053), (272.282, -92.6381), (260.414, -102.051), (218.693, -95.9826), (215.868, -92.2895), (233.235, -24.7542), (283.79, 14.742), (304.734, -0.475053)))
(((274.188, -660.455), (258.52, -708.44), (218.776, -692.181), (226.358, -628.493), (247.197, -617.837), (274.188, -660.455)))
(((308.347, -409.665), (245.267, -428.495), (216.016, -408.663), (228.986, -362.457), (285.635, -378.435), (308.347, -409.665)))
(((273.328, -264.887), (254.225, -269.965), (222.719, -225.622), (245.145, -199.692), (266.083, -205.246), (279.5, -221.694), (279.5, -255.988), (273.328, -264.887)))
(((309.698, -520.558), (276.517, -549.082), (236.534, -525.282), (229.363, -486.561), (238.491, -479.317), (287.587, -488.243), (309.698, -520.558)))
(((322.052, -836.653), (293.902, -857.106), (232.098, -857.106), (208.976, -840.306), (206.073, -791.796), (213.686, -768.684), (264.124, -721.849), (277.354, -727.141), (322.052, -836.653)))
(((285.635, -378.435), (228.986, -362.457), (222.913, -344.503), (241.753, -322.313), (284.603, -333.026), (285.635, -378.435)))
(((296.947, -162.379), (266.083, -205.246), (245.145, -199.692), (232.663, -162.98), (257.929, -146.772), (296.947, -162.379)))
(((313.737, -411.428), (287.587, -488.243), (238.491, -479.317), (245.267, -428.495), (308.347, -409.665), (313.737, -411.428)))
(((293.571, -326.143), (284.603, -333.026), (241.753, -322.313), (242.361, -283.428), (254.225, -269.965), (273.328, -264.887), (299.794, -295.029), (293.571, -326.143)))
(((296.947, -162.379), (257.929, -146.772), (260.414, -102.051), (272.282, -92.6381), (311.459, -122.317), (300.606, -162.11), (296.947, -162.379)))
(((325.966, -706.724), (277.354, -727.141), (264.124, -721.849), (258.52, -708.44), (274.188, -660.455), (302.022, -666.125), (325.966, -706.724)))
(((321.406, -201.416), (279.5, -221.694), (266.083, -205.246), (296.947, -162.379), (300.606, -162.11), (313.727, -171.247), (321.406, -201.416)))
(((330.419, -640.476), (302.022, -666.125), (274.188, -660.455), (247.197, -617.837), (250.649, -610.587), (266.543, -598.288), (322.52, -605.59), (330.419, -640.476)))
(((333.676, -212.324), (325.349, -246.392), (279.5, -255.988), (279.5, -221.694), (321.406, -201.416), (333.676, -212.324)))
(((313.737, -411.428), (308.347, -409.665), (285.635, -378.435), (284.603, -333.026), (293.571, -326.143), (349.833, -346), (314.567, -411.347), (313.737, -411.428)))
(((339.367, -524.102), (353.004, -565.011), (347.016, -586.681), (322.52, -605.59), (266.543, -598.288), (276.517, -549.082), (309.698, -520.558), (337.687, -522.891), (339.367, -524.102)))
(((342.239, -1.1397), (345.158, -100.376), (339.586, -110.441), (311.459, -122.317), (272.282, -92.6381), (304.586, -0.894348), (341.902, -0.894348), (342.239, -1.1397)))
(((322.237, -837.106), (277.354, -727.141), (325.966, -706.724), (344.282, -711.241), (328.549, -837.106), (322.237, -837.106)))
(((363.545, -289.363), (299.794, -295.029), (273.328, -264.887), (279.5, -255.988), (325.349, -246.392), (363.545, -289.363)))
(((354.143, -434.026), (337.687, -522.891), (309.698, -520.558), (287.587, -488.243), (313.737, -411.428), (314.567, -411.347), (354.143, -434.026)))
(((403.313, -305.89), (349.833, -346), (293.571, -326.143), (299.794, -295.029), (363.545, -289.363), (403.313, -305.89)))
(((344.282, -711.241), (325.966, -706.724), (302.022, -666.125), (330.419, -640.476), (355, -654.767), (355, -706.15), (344.282, -711.241)))
(((356.437, -154.976), (313.727, -171.247), (300.606, -162.11), (311.459, -122.317), (339.586, -110.441), (356.437, -154.976)))
(((439.543, -202.871), (333.676, -212.324), (321.406, -201.416), (313.727, -171.247), (356.437, -154.976), (444.389, -187.958), (439.543, -202.871)))
(((424.571, -303.104), (403.313, -305.89), (363.545, -289.363), (325.349, -246.392), (333.676, -212.324), (439.269, -202.896), (451, -239), (451, -239), (431.902, -297.779), (424.571, -303.104)))
(((396.482, -630.65), (355, -654.767), (330.419, -640.476), (322.52, -605.59), (347.016, -586.681), (396.482, -630.65)))
(((444.727, -188.085), (356.437, -154.976), (339.586, -110.441), (345.158, -100.376), (461.862, -142.813), (447.902, -185.779), (444.727, -188.085)))
(((328.459, -837.829), (344.282, -711.241), (355, -706.15), (459.153, -721.773), (468, -749), (468, -749), (448.902, -807.779), (398.902, -844.106), (337.098, -844.106), (328.459, -837.829)))
(((454.736, -430.978), (354.143, -434.026), (314.567, -411.347), (349.833, -346), (403.313, -305.89), (421.088, -303.561), (450.902, -325.221), (470, -384), (470, -384), (454.736, -430.978)))
(((471.055, -488.985), (339.367, -524.102), (337.687, -522.891), (354.143, -434.026), (456.084, -430.937), (473, -483), (473, -483), (471.055, -488.985)))
(((463.005, -143.229), (345.158, -100.376), (342.297, -3.109), (348.098, 1.10565), (409.902, 1.10565), (459.902, -35.2215), (479, -94), (479, -94), (463.005, -143.229)))
(((462.681, -722.302), (355, -706.15), (355, -654.767), (396.482, -630.65), (469.646, -637.133), (480, -669), (480, -669), (462.681, -722.302)))
(((471.628, -637.309), (396.482, -630.65), (347.016, -586.681), (353.004, -565.011), (480.645, -570.442), (487, -590), (487, -590), (471.628, -637.309)))
(((480.091, -570.419), (353.004, -565.011), (339.367, -524.102), (471.418, -488.889), (489, -543), (489, -543), (480.091, -570.419)))
