(((-291.921, -236.72), (-311, -178), (-291.902, -119.221), (-289.339, -117.36), (-251.854, -122.282), (-204.831, -148.614), (-178.073, -193.212), (-179.25, -197.486), (-215.828, -226.083), (-291.921, -236.72)))
(((-279.266, -328.659), (-298, -271), (-286.621, -235.979), (-215.828, -226.083), (-181.578, -253.123), (-176.473, -290.898), (-279.266, -328.659)))
(((-285.367, -117.881), (-298, -79), (-278.902, -20.2215), (-228.902, 16.1057), (-167.098, 16.1057), (-151.763, 4.96359), (-150.263, -20.5237), (-177.691, -99.5788), (-251.854, -122.282), (-285.367, -117.881)))
(((-159.899, -137.769), (-204.831, -148.614), (-251.854, -122.282), (-177.691, -99.5788), (-154.164, -124.576), (-159.899, -137.769)))
(((-272.23, -343.914), (-277.408, -327.977), (-176.473, -290.898), (-151.863, -299.557), (-160.021, -331.447), (-272.23, -343.914)))
(((-239.258, -582.777), (-259.902, -567.779), (-279, -509), (-260.584, -452.322), (-258.172, -452.644), (-145.142, -489.635), (-137.025, -499.051), (-175.435, -552.591), (-239.258, -582.777)))
(((-261.274, -395.399), (-277, -347), (-276.139, -344.349), (-160.021, -331.447), (-152.049, -351.377), (-207.933, -387.991), (-261.274, -395.399)))
(((-152.183, -171.206), (-178.073, -193.212), (-204.831, -148.614), (-159.899, -137.769), (-152.183, -171.206)))
(((-146.881, -245.763), (-181.578, -253.123), (-215.828, -226.083), (-179.25, -197.486), (-137.735, -227.469), (-146.881, -245.763)))
(((-256.179, -452.302), (-267, -419), (-259.24, -395.117), (-207.933, -387.991), (-152.42, -399.61), (-144.948, -433.234), (-256.179, -452.302)))
(((-138.642, -437.634), (-145.142, -489.635), (-258.172, -452.644), (-144.948, -433.234), (-138.642, -437.634)))
(((-140.068, -295.202), (-151.863, -299.557), (-176.473, -290.898), (-181.578, -253.123), (-146.881, -245.763), (-136.504, -280.669), (-140.068, -295.202)))
(((-135.171, -386.303), (-152.42, -399.61), (-207.933, -387.991), (-152.049, -351.377), (-144.811, -354.755), (-135.171, -386.303)))
(((-124.953, -117.835), (-154.164, -124.576), (-177.691, -99.5788), (-150.263, -20.5237), (-118.236, -94.3258), (-124.953, -117.835)))
(((-190.494, -666.777), (-224.902, -641.779), (-243.431, -584.751), (-175.435, -552.591), (-98.9073, -573.122), (-94.1966, -577.076), (-177.15, -661.915), (-190.494, -666.777)))
(((-124.436, -223.342), (-137.735, -227.469), (-179.25, -197.486), (-178.073, -193.212), (-152.183, -171.206), (-125.298, -173.949), (-116.017, -212.929), (-124.436, -223.342)))
(((-107.155, -338.142), (-144.811, -354.755), (-152.049, -351.377), (-160.021, -331.447), (-151.863, -299.557), (-140.068, -295.202), (-116.73, -308.218), (-107.155, -338.142)))
(((-120.37, -123.437), (-116.919, -166), (-125.298, -173.949), (-152.183, -171.206), (-159.899, -137.769), (-154.164, -124.576), (-124.953, -117.835), (-120.37, -123.437)))
(((-215.548, 446.964), (-215.902, 447.221), (-235, 506), (-215.902, 564.779), (-184.765, 587.401), (-64.9327, 492.918), (-64.6955, 490.613), (-65.5732, 489.494), (-215.548, 446.964)))
(((-129.306, -500.167), (-98.9073, -573.122), (-175.435, -552.591), (-137.025, -499.051), (-129.306, -500.167)))
(((-104.896, -403.253), (-135.389, -436.956), (-138.642, -437.634), (-144.948, -433.234), (-152.42, -399.61), (-135.171, -386.303), (-107.508, -391.716), (-104.896, -403.253)))
(((-101.154, -257.102), (-136.504, -280.669), (-146.881, -245.763), (-137.735, -227.469), (-124.436, -223.342), (-101.154, -257.102)))
(((-92.6297, -372.462), (-107.508, -391.716), (-135.171, -386.303), (-144.811, -354.755), (-107.155, -338.142), (-95.9384, -345.993), (-92.6297, -372.462)))
(((-77.3906, -481.844), (-129.306, -500.167), (-137.025, -499.051), (-145.142, -489.635), (-138.642, -437.634), (-135.389, -436.956), (-85.6729, -455.814), (-77.3906, -481.844)))
(((-106.4, 343.894), (-146.902, 343.894), (-196.902, 380.221), (-216, 439), (-213.196, 447.631), (-65.5732, 489.494), (-86.1378, 358.197), (-106.4, 343.894)))
(((-85.6729, -455.814), (-135.389, -436.956), (-104.896, -403.253), (-81.5352, -427.367), (-85.6729, -455.814)))
(((-85.466, -289.98), (-116.73, -308.218), (-140.068, -295.202), (-136.504, -280.669), (-101.154, -257.102), (-90.678, -260.197), (-85.466, -289.98)))
(((-99.3686, -796.106), (-131.902, -796.106), (-181.902, -759.779), (-201, -701), (-189.798, -666.524), (-177.15, -661.915), (-76.5449, -664.634), (-60.6667, -680), (-99.3686, -796.106)))
(((-77.004, -175.625), (-91.5801, -210.383), (-116.017, -212.929), (-125.298, -173.949), (-116.919, -166), (-87.2121, -166), (-77.004, -175.625)))
(((-87.2121, -166), (-116.919, -166), (-120.37, -123.437), (-80, -132), (-87.2121, -166)))
(((-59.6969, -583.201), (-76.5449, -664.634), (-177.15, -661.915), (-94.1966, -577.076), (-71.7598, -577.525), (-59.6969, -583.201)))
(((-75.889, -482.552), (-71.7598, -577.525), (-94.1966, -577.076), (-98.9073, -573.122), (-129.306, -500.167), (-77.3906, -481.844), (-75.889, -482.552)))
(((-151.711, 4.0809), (-129.583, 20.1575), (-89.7251, -3.03267), (-89.3105, -3.66316), (-64.6321, -90.0375), (-64.7083, -90.2083), (-118.236, -94.3258), (-150.263, -20.5237), (-151.711, 4.0809)))
(((-61.969, -239.248), (-90.678, -260.197), (-101.154, -257.102), (-124.436, -223.342), (-116.017, -212.929), (-91.5801, -210.383), (-62.9154, -231.677), (-61.969, -239.248)))
(((-184.512, 587.202), (-174.902, 616.779), (-124.902, 653.106), (-63.0983, 653.106), (-14.8729, 618.068), (-64.9327, 492.918), (-184.512, 587.202)))
(((-62.0131, -120.309), (-80, -132), (-120.37, -123.437), (-124.953, -117.835), (-118.236, -94.3258), (-64.7083, -90.2083), (-60.5132, -116.218), (-62.0131, -120.309)))
(((-58.4619, -327.691), (-95.9384, -345.993), (-107.155, -338.142), (-116.73, -308.218), (-85.466, -289.98), (-64.1173, -299.413), (-58.4619, -327.691)))
(((-54.7478, -411.569), (-81.5352, -427.367), (-104.896, -403.253), (-107.508, -391.716), (-92.6297, -372.462), (-58.1207, -382.562), (-54.7478, -411.569)))
(((-62.9154, -231.677), (-91.5801, -210.383), (-77.004, -175.625), (-66.8364, -176.048), (-50.4901, -214.19), (-62.9154, -231.677)))
(((-58.4525, -242.139), (-48.7742, -285), (-64.1173, -299.413), (-85.466, -289.98), (-90.678, -260.197), (-61.969, -239.248), (-58.4525, -242.139)))
(((-45.6124, -165.709), (-66.8364, -176.048), (-77.004, -175.625), (-87.2121, -166), (-80, -132), (-62.0131, -120.309), (-42.1698, -157.79), (-45.6124, -165.709)))
(((-32.8384, -360.791), (-58.1207, -382.562), (-92.6297, -372.462), (-95.9384, -345.993), (-58.4619, -327.691), (-53.2323, -330.552), (-32.8384, -360.791)))
(((-82.1195, 151.894), (-87.9017, 151.894), (-137.902, 188.221), (-157, 247), (-137.902, 305.779), (-112.746, 324.055), (-16.8713, 260.71), (-51.7983, 160.691), (-82.1195, 151.894)))
(((-56.8382, -481.676), (-75.889, -482.552), (-77.3906, -481.844), (-85.6729, -455.814), (-81.5352, -427.367), (-54.7478, -411.569), (-44.3303, -416.304), (-40.5469, -449.094), (-56.8382, -481.676)))
(((-10.3537, -520.418), (-37.9373, -581.293), (-59.6969, -583.201), (-71.7598, -577.525), (-75.889, -482.552), (-56.8382, -481.676), (-21.541, -495.597), (-10.3537, -520.418)))
(((-21.2731, -200.393), (-50.4901, -214.19), (-66.8364, -176.048), (-45.6124, -165.709), (-21.2458, -200.335), (-21.2731, -200.393)))
(((-20.8403, -73.7429), (-64.6321, -90.0375), (-89.3105, -3.66316), (-11.0486, -58.9069), (-20.8403, -73.7429)))
(((21.4248, -793.203), (-10.0983, -816.106), (-71.9017, -816.106), (-99.3804, -796.141), (-60.6667, -680), (-45.2027, -680), (3.67829, -723.062), (21.4248, -793.203)))
(((-7.07697, -644.734), (-45.2027, -680), (-60.6667, -680), (-76.5449, -664.634), (-59.6969, -583.201), (-37.9373, -581.293), (-6.43829, -601.304), (-7.07697, -644.734)))
(((-17.7196, -309.836), (-53.2323, -330.552), (-58.4619, -327.691), (-64.1173, -299.413), (-48.7742, -285), (-38.4167, -285), (-17.7196, -309.836)))
(((-8.73394, -263.628), (-38.4167, -285), (-48.7742, -285), (-58.4525, -242.139), (-10.4732, -249.715), (-8.73394, -263.628)))
(((-9.10326, -411.149), (-44.3303, -416.304), (-54.7478, -411.569), (-58.1207, -382.562), (-32.8384, -360.791), (-22.26, -362.744), (0.888203, -391.523), (-9.10326, -411.149)))
(((-7.51255, -146.846), (-42.1698, -157.79), (-62.0131, -120.309), (-60.5132, -116.218), (-11.7092, -119.268), (-7.51255, -146.846)))
(((23.7019, 442.74), (-43.5321, 362.7), (-86.1378, 358.197), (-65.5732, 489.494), (-64.6955, 490.613), (11.0326, 463.222), (23.7019, 442.74)))
(((-125.815, 17.9652), (-132, 37), (-112.902, 95.7785), (-106.704, 100.281), (-6.71728, 54.4538), (-0.559949, 35.2976), (-36.6557, 4.67095), (-89.7251, -3.03267), (-125.815, 17.9652)))
(((-10.4732, -249.715), (-58.4525, -242.139), (-61.969, -239.248), (-62.9154, -231.677), (-50.4901, -214.19), (-21.2731, -200.393), (-6.26239, -242.923), (-10.4732, -249.715)))
(((-11.7092, -119.268), (-60.5132, -116.218), (-64.7083, -90.2083), (-64.6321, -90.0375), (-20.8403, -73.7429), (-8.9031, -114.329), (-11.7092, -119.268)))
(((-2.24529, -436.999), (-40.5469, -449.094), (-44.3303, -416.304), (-9.10326, -411.149), (-2.24529, -436.999)))
(((8.05799, -462.962), (-21.541, -495.597), (-56.8382, -481.676), (-40.5469, -449.094), (-2.24529, -436.999), (8.76691, -451.796), (8.05799, -462.962)))
(((-5.11637, -341.927), (-22.26, -362.744), (-32.8384, -360.791), (-53.2323, -330.552), (-17.7196, -309.836), (-5.9989, -311.039), (-5.11637, -341.927)))
(((6.41549, -52.1298), (-11.0486, -58.9069), (-89.3105, -3.66316), (-89.7251, -3.03267), (-36.6557, 4.67095), (9.33258, -25.4593), (6.41549, -52.1298)))
(((7.37592, -184.36), (-21.2458, -200.335), (-45.6124, -165.709), (-42.1698, -157.79), (-7.51255, -146.846), (4.76106, -156.119), (7.37592, -184.36)))
(((-113.086, 324.28), (-106.806, 343.608), (-86.1378, 358.197), (-43.5321, 362.7), (24.1719, 331.773), (10.4, 269.8), (-16.8713, 260.71), (-113.086, 324.28)))
(((7.52757, -300.004), (-5.9989, -311.039), (-17.7196, -309.836), (-38.4167, -285), (-8.73394, -263.628), (8.41694, -283.995), (7.52757, -300.004)))
(((-105.251, 99.6152), (-90.9017, 143.779), (-78.1436, 153.048), (-51.7983, 160.691), (-39.3844, 159.273), (21.8822, 86.8665), (-6.71728, 54.4538), (-105.251, 99.6152)))
(((3.67829, -723.062), (-45.2027, -680), (-7.07697, -644.734), (27.0521, -671.862), (3.67829, -723.062)))
(((38.3745, 10.8431), (9.33258, -25.4593), (-36.6557, 4.67095), (-0.559949, 35.2976), (35.4317, 15.5375), (38.3745, 10.8431)))
(((-16.0577, 615.106), (30.4245, 615.106), (48.9411, 533.464), (11.0326, 463.222), (-64.6955, 490.613), (-64.9327, 492.918), (-16.0577, 615.106)))
(((27.1515, -196.72), (16.355, -234.507), (-6.26239, -242.923), (-21.2731, -200.393), (-21.2458, -200.335), (7.37592, -184.36), (27.1515, -196.72)))
(((17.1977, -58.9585), (25.378, -104.535), (-8.9031, -114.329), (-20.8403, -73.7429), (-11.0486, -58.9069), (6.41549, -52.1298), (17.1977, -58.9585)))
(((54.6087, 237), (-3.17045, 167.057), (-39.3844, 159.273), (-51.7983, 160.691), (-16.8713, 260.71), (10.4, 269.8), (54.6087, 237)))
(((28.8843, -387.647), (0.888203, -391.523), (-22.26, -362.744), (-5.11637, -341.927), (37.5417, -343.398), (28.8843, -387.647)))
(((39.9013, -340.604), (37.5417, -343.398), (-5.11637, -341.927), (-5.9989, -311.039), (7.52757, -300.004), (42.0623, -322.698), (39.9013, -340.604)))
(((46.6053, -544.816), (25.4853, -596.107), (-6.43829, -601.304), (-37.9373, -581.293), (-10.3537, -520.418), (40.4148, -526.244), (46.6053, -544.816)))
(((33.869, -141.565), (4.76106, -156.119), (-7.51255, -146.846), (-11.7092, -119.268), (-8.9031, -114.329), (25.378, -104.535), (35.2736, -111.367), (33.869, -141.565)))
(((40.9515, 434.792), (47.8231, 340.307), (24.1719, 331.773), (-43.5321, 362.7), (23.7019, 442.74), (40.9515, 434.792)))
(((29.6695, -274.28), (8.41694, -283.995), (-8.73394, -263.628), (-10.4732, -249.715), (-6.26239, -242.923), (16.355, -234.507), (41.4793, -248.973), (29.6695, -274.28)))
(((40.4148, -526.244), (-10.3537, -520.418), (-21.541, -495.597), (8.05799, -462.962), (44.734, -483.919), (48.8018, -513.556), (40.4148, -526.244)))
(((47.6281, -430.207), (8.76691, -451.796), (-2.24529, -436.999), (-9.10326, -411.149), (0.888203, -391.523), (28.8843, -387.647), (36.1327, -392.436), (47.6281, -430.207)))
(((35.4317, 15.5375), (-0.559949, 35.2976), (-6.71728, 54.4538), (21.8822, 86.8665), (51.3525, 84.5276), (35.4317, 15.5375)))
(((70.5, -649.5), (55.1667, -664.833), (27.0521, -671.862), (-7.07697, -644.734), (-6.43829, -601.304), (25.4853, -596.107), (49.1394, -609.572), (71.0388, -643.573), (70.5, -649.5)))
(((51.3525, 84.5276), (21.8822, 86.8665), (-39.3844, 159.273), (-3.17045, 167.057), (56.0795, 147.307), (65.154, 91.045), (51.3525, 84.5276)))
(((36.3088, -195.93), (27.1515, -196.72), (7.37592, -184.36), (4.76106, -156.119), (33.869, -141.565), (54.8318, -154.253), (36.3088, -195.93)))
(((54.1753, -312.604), (42.0623, -322.698), (7.52757, -300.004), (8.41694, -283.995), (29.6695, -274.28), (55.7093, -291.64), (54.1753, -312.604)))
(((57.6454, -245.189), (41.4793, -248.973), (16.355, -234.507), (27.1515, -196.72), (36.3088, -195.93), (55.4783, -205.098), (57.6454, -245.189)))
(((78.6694, -446.348), (44.734, -483.919), (8.05799, -462.962), (8.76691, -451.796), (47.6281, -430.207), (78.6694, -446.348)))
(((62.4181, -58.1053), (17.1977, -58.9585), (6.41549, -52.1298), (9.33258, -25.4593), (38.3745, 10.8431), (63.8219, 3.66561), (62.4181, -58.1053)))
(((78.425, -791.093), (72.9017, -795.106), (21.9062, -795.106), (3.67829, -723.062), (27.0521, -671.862), (55.1667, -664.833), (78.425, -791.093)))
(((81.8842, -96.5368), (35.2736, -111.367), (25.378, -104.535), (17.1977, -58.9585), (62.4181, -58.1053), (88.0665, -79.3146), (81.8842, -96.5368)))
(((72.2624, -273.017), (55.7093, -291.64), (29.6695, -274.28), (41.4793, -248.973), (57.6454, -245.189), (70.4326, -251.974), (72.2624, -273.017)))
(((54.8222, 237), (89.406, 169.336), (56.0795, 147.307), (-3.17045, 167.057), (54.6087, 237), (54.8222, 237)))
(((97.232, 261.785), (54.8222, 237), (54.6087, 237), (10.4, 269.8), (24.1719, 331.773), (47.8231, 340.307), (79.0894, 334.116), (102.943, 298.335), (97.232, 261.785)))
(((84.6124, -107.449), (65.1048, -153.432), (54.8318, -154.253), (33.869, -141.565), (35.2736, -111.367), (81.8842, -96.5368), (84.6124, -107.449)))
(((78.4665, -383.364), (36.1327, -392.436), (28.8843, -387.647), (37.5417, -343.398), (39.9013, -340.604), (80.3964, -357.586), (84.125, -372.5), (78.4665, -383.364)))
(((78.7501, -197.165), (55.4783, -205.098), (36.3088, -195.93), (54.8318, -154.253), (65.1048, -153.432), (81.0658, -166.289), (78.7501, -197.165)))
(((109.824, 57.0135), (78.7579, 7.82498), (63.8219, 3.66561), (38.3745, 10.8431), (35.4317, 15.5375), (51.3525, 84.5276), (65.154, 91.045), (93.6158, 81.3263), (109.824, 57.0135)))
(((90.0064, -576.273), (49.1394, -609.572), (25.4853, -596.107), (46.6053, -544.816), (96.8152, -562.331), (90.0064, -576.273)))
(((100.286, 439.636), (40.9515, 434.792), (23.7019, 442.74), (11.0326, 463.222), (48.9411, 533.464), (122.124, 489.032), (100.286, 439.636)))
(((80.2756, -446.245), (78.6694, -446.348), (47.6281, -430.207), (36.1327, -392.436), (78.4665, -383.364), (98.8837, -430.204), (80.2756, -446.245)))
(((96.2757, -328.334), (80.3964, -357.586), (39.9013, -340.604), (42.0623, -322.698), (54.1753, -312.604), (89.5795, -318.051), (96.2757, -328.334)))
(((80.2756, -446.245), (99.5465, -489.605), (86.5, -507), (48.8018, -513.556), (44.734, -483.919), (78.6694, -446.348), (80.2756, -446.245)))
(((127.644, 397.134), (79.0894, 334.116), (47.8231, 340.307), (40.9515, 434.792), (100.286, 439.636), (127.644, 397.134)))
(((99.5008, -221.81), (91.5924, -242.57), (70.4326, -251.974), (57.6454, -245.189), (55.4783, -205.098), (78.7501, -197.165), (95.4058, -207.321), (99.5008, -221.81)))
(((89.5795, -318.051), (54.1753, -312.604), (55.7093, -291.64), (72.2624, -273.017), (97.8133, -290.355), (89.5795, -318.051)))
(((103.877, -559.241), (96.8152, -562.331), (46.6053, -544.816), (40.4148, -526.244), (48.8018, -513.556), (86.5, -507), (106.281, -546.562), (103.877, -559.241)))
(((161.41, -750.214), (160.902, -751.779), (110.902, -788.106), (77.8747, -788.106), (55.1667, -664.833), (70.5, -649.5), (139.038, -702.808), (161.41, -750.214)))
(((100.9, -73.7), (88.0665, -79.3146), (62.4181, -58.1053), (63.8219, 3.66561), (78.7579, 7.82498), (123.467, -28.5661), (100.9, -73.7)))
(((71.0388, -643.573), (49.1394, -609.572), (90.0064, -576.273), (103.405, -623.168), (71.0388, -643.573)))
(((106.792, -159.033), (81.0658, -166.289), (65.1048, -153.432), (84.6124, -107.449), (117.677, -141.616), (106.792, -159.033)))
(((122.239, 123.366), (93.6158, 81.3263), (65.154, 91.045), (56.0795, 147.307), (89.406, 169.336), (104.649, 168.221), (122.239, 123.366)))
(((117.992, -281.042), (97.8133, -290.355), (72.2624, -273.017), (70.4326, -251.974), (91.5924, -242.57), (116.665, -261.591), (117.992, -281.042)))
(((147.641, 199.425), (104.649, 168.221), (89.406, 169.336), (54.8222, 237), (97.232, 261.785), (140.881, 225.881), (147.641, 199.425)))
(((31.329, 611.118), (67.0983, 637.106), (73.8552, 637.106), (163.159, 514.573), (122.124, 489.032), (48.9411, 533.464), (31.329, 611.118)))
(((120.88, -188.215), (95.4058, -207.321), (78.7501, -197.165), (81.0658, -166.289), (106.792, -159.033), (120.88, -188.215)))
(((106.197, -429.131), (98.8837, -430.204), (78.4665, -383.364), (84.125, -372.5), (114.4, -372.5), (132.381, -398.187), (106.197, -429.131)))
(((129.782, -343.659), (114.4, -372.5), (84.125, -372.5), (80.3964, -357.586), (96.2757, -328.334), (113.377, -331.245), (129.782, -343.659)))
(((143.808, -616.953), (103.405, -623.168), (90.0064, -576.273), (96.8152, -562.331), (103.877, -559.241), (164.542, -593.58), (143.808, -616.953)))
(((141.719, -512.438), (106.281, -546.562), (86.5, -507), (99.5465, -489.605), (131.921, -492.842), (141.719, -512.438)))
(((133.636, -290.727), (113.377, -331.245), (96.2757, -328.334), (89.5795, -318.051), (97.8133, -290.355), (117.992, -281.042), (133.636, -290.727)))
(((139.038, -702.808), (70.5, -649.5), (71.0388, -643.573), (103.405, -623.168), (143.808, -616.953), (139.038, -702.808)))
(((148.446, -460.481), (131.921, -492.842), (99.5465, -489.605), (80.2756, -446.245), (98.8837, -430.204), (106.197, -429.131), (147.137, -456.425), (148.446, -460.481)))
(((138.762, -242.893), (116.665, -261.591), (91.5924, -242.57), (99.5008, -221.81), (136.023, -226.848), (138.762, -242.893)))
(((144.375, -137.248), (117.677, -141.616), (84.6124, -107.449), (81.8842, -96.5368), (88.0665, -79.3146), (100.9, -73.7), (139.68, -91.1891), (150.978, -129.926), (144.375, -137.248)))
(((172.335, 4.56267), (153.958, -18.8258), (123.467, -28.5661), (78.7579, 7.82498), (109.824, 57.0135), (127.636, 53.2855), (167.111, 17.3993), (172.335, 4.56267)))
(((136.023, -226.848), (99.5008, -221.81), (95.4058, -207.321), (120.88, -188.215), (128.718, -189.708), (142.863, -215.345), (136.023, -226.848)))
(((151.648, -171.189), (128.718, -189.708), (120.88, -188.215), (106.792, -159.033), (117.677, -141.616), (144.375, -137.248), (151.648, -171.189)))
(((157.535, -342.612), (129.782, -343.659), (113.377, -331.245), (133.636, -290.727), (159.453, -293.706), (157.535, -342.612)))
(((186.565, 316.514), (102.943, 298.335), (79.0894, 334.116), (127.644, 397.134), (136.023, 395.018), (186.696, 323.558), (186.565, 316.514)))
(((160.091, -345.068), (149.509, -395.332), (132.381, -398.187), (114.4, -372.5), (129.782, -343.659), (157.535, -342.612), (160.091, -345.068)))
(((185.111, -539.093), (169.042, -592.247), (164.542, -593.58), (103.877, -559.241), (106.281, -546.562), (141.719, -512.438), (183.505, -532.937), (185.111, -539.093)))
(((190.011, 117.672), (127.636, 53.2855), (109.824, 57.0135), (93.6158, 81.3263), (122.239, 123.366), (189.884, 118.163), (190.011, 117.672)))
(((170.325, -284.646), (159.453, -293.706), (133.636, -290.727), (117.992, -281.042), (116.665, -261.591), (138.762, -242.893), (169.941, -260.845), (170.325, -284.646)))
(((189.884, 118.163), (122.239, 123.366), (104.649, 168.221), (147.641, 199.425), (180.292, 182.14), (198.012, 153.386), (189.884, 118.163)))
(((172.188, -69.2246), (139.68, -91.1891), (100.9, -73.7), (123.467, -28.5661), (153.958, -18.8258), (172.188, -69.2246)))
(((168.316, -423.693), (147.137, -456.425), (106.197, -429.131), (132.381, -398.187), (149.509, -395.332), (158.298, -400.872), (168.316, -423.693)))
(((205.387, 290.387), (140.881, 225.881), (97.232, 261.785), (102.943, 298.335), (186.565, 316.514), (205.387, 290.387)))
(((174.228, -208.741), (142.863, -215.345), (128.718, -189.708), (151.648, -171.189), (170.5, -182.5), (176.814, -205.652), (174.228, -208.741)))
(((73.907, 637.035), (76.0983, 643.779), (126.098, 680.106), (187.902, 680.106), (212.354, 662.34), (196.998, 519.532), (187.195, 514.914), (163.159, 514.573), (73.907, 637.035)))
(((169.941, -260.845), (138.762, -242.893), (136.023, -226.848), (142.863, -215.345), (174.228, -208.741), (176.687, -251.779), (169.941, -260.845)))
(((187.195, 514.914), (191.702, 420.248), (136.023, 395.018), (127.644, 397.134), (100.286, 439.636), (122.124, 489.032), (163.159, 514.573), (187.195, 514.914)))
(((183.505, -532.937), (141.719, -512.438), (131.921, -492.842), (148.446, -460.481), (185.518, -473.12), (188.597, -521.349), (183.505, -532.937)))
(((185.582, -74.6817), (182.227, -128.364), (150.978, -129.926), (139.68, -91.1891), (172.188, -69.2246), (185.582, -74.6817)))
(((179.689, -746.106), (159.471, -746.106), (139.038, -702.808), (143.808, -616.953), (164.542, -593.58), (169.042, -592.247), (193.467, -608.332), (179.689, -746.106)))
(((209.133, 93.0401), (167.111, 17.3993), (127.636, 53.2855), (190.011, 117.672), (209.133, 93.0401)))
(((202.483, -150.517), (170.5, -182.5), (151.648, -171.189), (144.375, -137.248), (150.978, -129.926), (182.227, -128.364), (203.051, -138.776), (202.483, -150.517)))
(((199.852, -383.063), (158.298, -400.872), (149.509, -395.332), (160.091, -345.068), (180.893, -348.946), (201.574, -376.045), (199.852, -383.063)))
(((185.518, -473.12), (148.446, -460.481), (147.137, -456.425), (168.316, -423.693), (195.531, -428.455), (194.421, -466.171), (185.518, -473.12)))
(((209.5, -323.2), (180.893, -348.946), (160.091, -345.068), (157.535, -342.612), (159.453, -293.706), (170.325, -284.646), (200.78, -294.059), (209.5, -306.594), (209.5, -323.2)))
(((211.878, -417.69), (195.531, -428.455), (168.316, -423.693), (158.298, -400.872), (199.852, -383.063), (212.149, -416.675), (211.878, -417.69)))
(((247.882, 268.739), (180.292, 182.14), (147.641, 199.425), (140.881, 225.881), (205.387, 290.387), (247.882, 268.739)))
(((233.345, 383.86), (186.696, 323.558), (136.023, 395.018), (191.702, 420.248), (235.29, 398.129), (233.345, 383.86)))
(((228.705, -39.0641), (190.34, -73.8321), (185.582, -74.6817), (172.188, -69.2246), (153.958, -18.8258), (172.335, 4.56267), (174.696, 4.14286), (228.705, -39.0641)))
(((222.543, -240.99), (176.687, -251.779), (174.228, -208.741), (176.814, -205.652), (195.131, -206.034), (224.057, -233.888), (222.543, -240.99)))
(((217.374, -179.555), (195.131, -206.034), (176.814, -205.652), (170.5, -182.5), (202.483, -150.517), (217.374, -179.555)))
(((215.719, -131.922), (203.051, -138.776), (182.227, -128.364), (185.582, -74.6817), (190.34, -73.8321), (225.039, -101.301), (215.719, -131.922)))
(((229.315, -258.081), (200.78, -294.059), (170.325, -284.646), (169.941, -260.845), (176.687, -251.779), (222.543, -240.99), (229.315, -258.081)))
(((286.536, 53.8491), (174.696, 4.14286), (172.335, 4.56267), (167.111, 17.3993), (209.133, 93.0401), (286.536, 53.8491)))
(((260.188, -735.367), (239.902, -750.106), (179.289, -750.106), (193.467, -608.332), (214.656, -611.781), (260.188, -735.367)))
(((240.116, -490.759), (188.597, -521.349), (185.518, -473.12), (194.421, -466.171), (230.823, -467.991), (240.116, -490.759)))
(((242.967, -351.306), (238.827, -362.74), (201.574, -376.045), (180.893, -348.946), (209.5, -323.2), (241.645, -348.916), (242.967, -351.306)))
(((230.823, -467.991), (194.421, -466.171), (195.531, -428.455), (211.878, -417.69), (239.24, -448.21), (230.823, -467.991)))
(((248.224, -212.741), (224.057, -233.888), (195.131, -206.034), (217.374, -179.555), (243.059, -188.325), (248.224, -212.741)))
(((244.302, -87.6146), (225.039, -101.301), (190.34, -73.8321), (228.705, -39.0641), (245.224, -40.5658), (244.302, -87.6146)))
(((294.125, 438.345), (235.29, 398.129), (191.702, 420.248), (187.195, 514.914), (196.998, 519.532), (244.862, 509.062), (294.125, 438.345)))
(((261.797, -596.068), (214.656, -611.781), (193.467, -608.332), (169.042, -592.247), (185.111, -539.093), (246.747, -546.49), (261.797, -596.068)))
(((249.082, -383.739), (245.514, -399.993), (212.149, -416.675), (199.852, -383.063), (201.574, -376.045), (238.827, -362.74), (249.082, -383.739)))
(((309.718, 50.11), (323.292, 8.33334), (317.999, 0.486531), (245.224, -40.5658), (228.705, -39.0641), (174.696, 4.14286), (286.536, 53.8491), (309.718, 50.11)))
(((321.942, 182.357), (198.012, 153.386), (180.292, 182.14), (247.882, 268.739), (303.821, 263.47), (308.902, 259.779), (328, 201), (328, 201), (321.942, 182.357)))
(((262.859, -522.078), (246.747, -546.49), (185.111, -539.093), (183.505, -532.937), (188.597, -521.349), (240.116, -490.759), (257.341, -500.697), (262.859, -522.078)))
(((250.109, -300.249), (209.5, -306.594), (200.78, -294.059), (229.315, -258.081), (249.413, -269.043), (253.409, -297.682), (250.109, -300.249)))
(((266.348, -158.826), (243.059, -188.325), (217.374, -179.555), (202.483, -150.517), (203.051, -138.776), (215.719, -131.922), (257.139, -143.379), (266.348, -158.826)))
(((241.645, -348.916), (209.5, -323.2), (209.5, -306.594), (250.109, -300.249), (241.645, -348.916)))
(((269.483, -436.376), (239.24, -448.21), (211.878, -417.69), (212.149, -416.675), (245.514, -399.993), (270.251, -430.62), (269.483, -436.376)))
(((320.226, 279.004), (299.416, 263.885), (247.882, 268.739), (205.387, 290.387), (186.565, 316.514), (186.696, 323.558), (233.345, 383.86), (320.226, 279.004)))
(((257.139, -143.379), (215.719, -131.922), (225.039, -101.301), (244.302, -87.6146), (272.51, -105.912), (257.139, -143.379)))
(((306.759, 50.5872), (286.536, 53.8491), (209.133, 93.0401), (190.011, 117.672), (189.884, 118.163), (198.012, 153.386), (326.134, 183.336), (326.902, 182.779), (346, 124), (346, 124), (326.902, 65.2215), (306.759, 50.5872)))
(((329.724, -694.171), (327.902, -699.779), (277.902, -736.106), (260.46, -736.106), (214.656, -611.781), (261.797, -596.068), (275.208, -600.889), (329.724, -694.171)))
(((212.688, 665.448), (219.098, 670.106), (280.902, 670.106), (330.902, 633.779), (342.195, 599.021), (244.862, 509.062), (196.998, 519.532), (212.688, 665.448)))
(((282.6, -252.45), (249.413, -269.043), (229.315, -258.081), (222.543, -240.99), (224.057, -233.888), (248.224, -212.741), (268.071, -219.357), (282.6, -252.45)))
(((284.648, -341.55), (242.967, -351.306), (241.645, -348.916), (250.109, -300.249), (253.409, -297.682), (281.184, -307.601), (284.648, -341.55)))
(((280.452, -448.5), (279.682, -480.838), (257.341, -500.697), (240.116, -490.759), (230.823, -467.991), (239.24, -448.21), (269.483, -436.376), (280.452, -448.5)))
(((270.251, -430.62), (245.514, -399.993), (249.082, -383.739), (280.826, -385.855), (291.951, -405.178), (270.251, -430.62)))
(((293.334, -350.604), (280.826, -385.855), (249.082, -383.739), (238.827, -362.74), (242.967, -351.306), (284.648, -341.55), (292.755, -347.474), (293.334, -350.604)))
(((312.159, -67.9253), (288.705, -101.329), (272.51, -105.912), (244.302, -87.6146), (245.224, -40.5658), (317.999, 0.486531), (312.159, -67.9253)))
(((292.553, -201.553), (268.071, -219.357), (248.224, -212.741), (243.059, -188.325), (266.348, -158.826), (283.248, -162.705), (297.248, -183.945), (292.553, -201.553)))
(((300.701, -289.666), (281.184, -307.601), (253.409, -297.682), (249.413, -269.043), (282.6, -252.45), (287.582, -254.407), (300.701, -289.666)))
(((318.379, 281.233), (233.345, 383.86), (235.29, 398.129), (294.125, 438.345), (358.321, 422.41), (376, 368), (376, 368), (356.902, 309.221), (318.379, 281.233)))
(((275.208, -600.889), (261.797, -596.068), (246.747, -546.49), (262.859, -522.078), (296.5, -530.316), (296.5, -579.114), (275.208, -600.889)))
(((310.877, -136.803), (283.248, -162.705), (266.348, -158.826), (257.139, -143.379), (272.51, -105.912), (288.705, -101.329), (310.877, -136.803)))
(((319.298, -519.615), (296.5, -530.316), (262.859, -522.078), (257.341, -500.697), (279.682, -480.838), (314.695, -490.841), (319.298, -519.615)))
(((309.965, -242.656), (287.582, -254.407), (282.6, -252.45), (268.071, -219.357), (292.553, -201.553), (314.273, -223.273), (309.965, -242.656)))
(((314.307, -404.712), (291.951, -405.178), (280.826, -385.855), (293.334, -350.604), (325.251, -385.561), (314.307, -404.712)))
(((334.669, -461.25), (314.695, -490.841), (279.682, -480.838), (280.452, -448.5), (333.544, -448.5), (334.669, -461.25)))
(((333.544, -448.5), (280.452, -448.5), (269.483, -436.376), (270.251, -430.62), (291.951, -405.178), (314.307, -404.712), (336.443, -442.527), (333.544, -448.5)))
(((332.663, -332.271), (292.755, -347.474), (284.648, -341.55), (281.184, -307.601), (300.701, -289.666), (322.815, -293.421), (335.828, -318.881), (332.663, -332.271)))
(((354.819, 423.279), (294.125, 438.345), (244.862, 509.062), (345.146, 601.749), (391.902, 567.779), (411, 509), (411, 509), (391.902, 450.221), (354.819, 423.279)))
(((396.788, -556.321), (296.5, -579.114), (296.5, -530.316), (319.298, -519.615), (396.788, -556.321)))
(((324.653, -183.277), (297.248, -183.945), (283.248, -162.705), (310.877, -136.803), (330.368, -137.553), (324.653, -183.277)))
(((322.815, -293.421), (300.701, -289.666), (287.582, -254.407), (309.965, -242.656), (349.627, -261.247), (322.815, -293.421)))
(((348.138, -205.756), (314.273, -223.273), (292.553, -201.553), (297.248, -183.945), (324.653, -183.277), (350.009, -198.624), (348.138, -205.756)))
(((339.921, -133.731), (330.368, -137.553), (310.877, -136.803), (288.705, -101.329), (312.159, -67.9253), (345.386, -112.654), (339.921, -133.731)))
(((338.093, -380.139), (325.251, -385.561), (293.334, -350.604), (292.755, -347.474), (332.663, -332.271), (352.91, -359.5), (338.093, -380.139)))
(((327.932, -691.106), (275.208, -600.889), (296.5, -579.114), (396.788, -556.321), (411.936, -558.87), (424, -596), (424, -596), (404.902, -654.779), (354.902, -691.106), (327.932, -691.106)))
(((349.627, -261.247), (309.965, -242.656), (314.273, -223.273), (348.138, -205.756), (362.58, -256.86), (349.627, -261.247)))
(((359.945, -191.631), (350.009, -198.624), (324.653, -183.277), (330.368, -137.553), (339.921, -133.731), (363.387, -152.046), (359.945, -191.631)))
(((426.617, -539.266), (421.902, -553.779), (414.337, -559.275), (396.788, -556.321), (319.298, -519.615), (314.695, -490.841), (334.669, -461.25), (426.617, -539.266)))
(((336.443, -442.527), (314.307, -404.712), (325.251, -385.561), (338.093, -380.139), (375.427, -424.061), (336.443, -442.527)))
(((449.5, -287.306), (335.828, -318.881), (322.815, -293.421), (349.627, -261.247), (362.58, -256.86), (448.963, -285.654), (449.5, -287.306)))
(((445.53, -65.086), (345.386, -112.654), (312.159, -67.9253), (317.999, 0.486531), (324.488, 10.1057), (382.902, 10.1057), (432.902, -26.2215), (445.53, -65.086)))
(((452.657, -416.755), (375.427, -424.061), (338.093, -380.139), (352.91, -359.5), (452.74, -359.5), (462, -388), (462, -388), (452.657, -416.755)))
(((452.74, -359.5), (352.91, -359.5), (332.663, -332.271), (335.828, -318.881), (447.943, -287.738), (462, -331), (462, -331), (452.74, -359.5)))
(((425.62, -538.42), (334.669, -461.25), (333.544, -448.5), (336.443, -442.527), (375.427, -424.061), (454.25, -416.605), (469, -462), (469, -462), (449.902, -520.779), (425.62, -538.42)))
(((469.102, -119.157), (363.387, -152.046), (339.921, -133.731), (345.386, -112.654), (448.438, -63.7046), (451.902, -66.2215), (469.102, -119.157)))
(((448.603, -285.534), (362.58, -256.86), (348.138, -205.756), (350.009, -198.624), (359.945, -191.631), (473.696, -209.831), (477, -220), (477, -220), (457.902, -278.779), (448.603, -285.534)))
(((472.139, -209.582), (359.945, -191.631), (363.387, -152.046), (468.537, -119.333), (485, -170), (485, -170), (472.139, -209.582)))
