(((-216.302, -373.815), (-265.902, -337.779), (-285, -279), (-265.902, -220.221), (-265.034, -219.591), (-224.478, -224.052), (-148.698, -266.489), (-158.395, -314.974), (-216.302, -373.815)))
(((-269.359, -164.06), (-284, -119), (-264.902, -60.2215), (-214.902, -23.8943), (-198.842, -23.8943), (-153.178, -138.055), (-154.938, -144.99), (-269.359, -164.06)))
(((-240.896, 497.14), (-258.902, 510.221), (-278, 569), (-258.902, 627.779), (-208.902, 664.106), (-147.098, 664.106), (-137.652, 657.242), (-141.026, 529.013), (-240.896, 497.14)))
(((-260.655, -220.073), (-274, -179), (-269.133, -164.022), (-154.938, -144.99), (-133.564, -173.322), (-133.32, -193.059), (-224.478, -224.052), (-260.655, -220.073)))
(((-128.836, -198.686), (-136.409, -259.272), (-148.698, -266.489), (-224.478, -224.052), (-133.32, -193.059), (-128.836, -198.686)))
(((-155.031, 379.894), (-178.902, 379.894), (-228.902, 416.221), (-248, 475), (-240.796, 497.171), (-141.026, 529.013), (-96.066, 506.533), (-111.289, 414.179), (-155.031, 379.894)))
(((-198.41, -24.9743), (-183.063, -13.8239), (-111.452, -103.915), (-153.178, -138.055), (-198.41, -24.9743)))
(((-155.265, -434.389), (-202.902, -399.779), (-212.57, -370.023), (-158.395, -314.974), (-101.095, -317.312), (-78.9359, -348.089), (-78.0195, -363.668), (-125.483, -420.319), (-155.265, -434.389)))
(((-101.095, -317.312), (-158.395, -314.974), (-148.698, -266.489), (-136.409, -259.272), (-87.9106, -268.631), (-101.095, -317.312)))
(((-88.6486, -147.656), (-133.564, -173.322), (-154.938, -144.99), (-153.178, -138.055), (-111.452, -103.915), (-97.8975, -106.457), (-88.6486, -147.656)))
(((-87.9106, -268.631), (-136.409, -259.272), (-128.836, -198.686), (-93.2934, -208.663), (-80.9387, -264.946), (-87.9106, -268.631)))
(((-184.406, -12.1346), (-135.902, 23.1057), (-121.037, 23.1057), (-89.0428, -1.50555), (-72.245, -88.5484), (-97.8975, -106.457), (-111.452, -103.915), (-184.406, -12.1346)))
(((-4.84992, 558.229), (-28.2426, 535.057), (-96.066, 506.533), (-141.026, 529.013), (-137.614, 658.682), (-132.902, 662.106), (-71.0983, 662.106), (-21.0983, 625.779), (-2.42264, 568.301), (-2.34007, 565.953), (-4.84992, 558.229)))
(((-66.2297, -194.568), (-93.2934, -208.663), (-128.836, -198.686), (-133.32, -193.059), (-133.564, -173.322), (-88.6486, -147.656), (-78.9275, -152.242), (-66.2297, -194.568)))
(((-92.2474, -641.106), (-109.902, -641.106), (-159.902, -604.779), (-179, -546), (-159.991, -487.496), (-45.4012, -512.47), (-19.7951, -543.624), (-92.2474, -641.106)))
(((-78.9359, -348.089), (-101.095, -317.312), (-87.9106, -268.631), (-80.9387, -264.946), (-76.2611, -265.183), (-42.1701, -306.579), (-78.9359, -348.089)))
(((-42.922, -245.572), (-76.2611, -265.183), (-80.9387, -264.946), (-93.2934, -208.663), (-66.2297, -194.568), (-49.3, -198.8), (-42.922, -245.572)))
(((-35.3684, -136.306), (-78.9275, -152.242), (-88.6486, -147.656), (-97.8975, -106.457), (-72.245, -88.5484), (-48.3236, -96.0239), (-33.4503, -132.531), (-35.3684, -136.306)))
(((-155.336, -488.51), (-162, -468), (-150.32, -432.053), (-125.483, -420.319), (-22.8841, -442.417), (-45.4012, -512.47), (-155.336, -488.51)))
(((-109.54, 281.709), (-141.902, 305.221), (-161, 364), (-156.11, 379.049), (-111.289, 414.179), (-51.6737, 411.695), (-30.5027, 327.011), (-109.54, 281.709)))
(((-26.3632, 422.29), (-51.6737, 411.695), (-111.289, 414.179), (-96.066, 506.533), (-28.2426, 535.057), (-26.3632, 422.29)))
(((-24.6593, -185.567), (-49.3, -198.8), (-66.2297, -194.568), (-78.9275, -152.242), (-35.3684, -136.306), (-24.6593, -185.567)))
(((-22.8841, -442.417), (-125.483, -420.319), (-78.0195, -363.668), (-33.1522, -371.035), (-6.80058, -434.279), (-22.8841, -442.417)))
(((-48.3236, -96.0239), (-72.245, -88.5484), (-89.0428, -1.50555), (-66.6352, -7.04721), (-21.6907, -74.4639), (-48.3236, -96.0239)))
(((-11.9995, -306.068), (-42.1701, -306.579), (-76.2611, -265.183), (-42.922, -245.572), (-21.5319, -250.826), (-6.04695, -292.726), (-11.9995, -306.068)))
(((-1.53569, -328.391), (-7.17159, -350.582), (-33.1522, -371.035), (-78.0195, -363.668), (-78.9359, -348.089), (-42.1701, -306.579), (-11.9995, -306.068), (-1.53569, -328.391)))
(((-122.468, 24.2058), (-125, 32), (-105.902, 90.7785), (-71.4975, 115.775), (-29.6153, 88.7717), (1.32521, 15.8406), (-14.6681, -6.37231), (-66.6352, -7.04721), (-89.0428, -1.50555), (-122.468, 24.2058)))
(((9.52358, -225.981), (-21.5319, -250.826), (-42.922, -245.572), (-49.3, -198.8), (-24.6593, -185.567), (-14.7678, -188.194), (9.52358, -225.981)))
(((-7.43548, -15.0161), (-0.462025, -70.8038), (-21.6907, -74.4639), (-66.6352, -7.04721), (-14.6681, -6.37231), (-7.43548, -15.0161)))
(((-68.1022, 135.212), (-103.902, 161.221), (-123, 220), (-108.674, 264.09), (23.1534, 244.954), (32.1913, 218.114), (0.665517, 164.069), (-68.1022, 135.212)))
(((20.4214, 402.636), (15.5164, 348.681), (-3.47467, 329.067), (-30.5027, 327.011), (-51.6737, 411.695), (-26.3632, 422.29), (13.9056, 411.181), (20.4214, 402.636)))
(((19.6738, -113.572), (6.26505, -127.286), (-33.4503, -132.531), (-48.3236, -96.0239), (-21.6907, -74.4639), (-0.462025, -70.8038), (9.88764, -75.7322), (19.6738, -113.572)))
(((-108.156, 264.015), (-113.22, 279.599), (-30.5027, 327.011), (-3.47467, 329.067), (30.5397, 267.622), (23.1534, 244.954), (-108.156, 264.015)))
(((15.7992, -167.541), (-14.7678, -188.194), (-24.6593, -185.567), (-35.3684, -136.306), (-33.4503, -132.531), (6.26505, -127.286), (15.7992, -167.541)))
(((26.0862, -486.621), (-11.8703, -543.555), (-19.7951, -543.624), (-45.4012, -512.47), (-22.8841, -442.417), (-6.80058, -434.279), (0.000267237, -434.675), (27.0886, -470.583), (26.0862, -486.621)))
(((-92.0536, -640.845), (-19.7951, -543.624), (-11.8703, -543.555), (94.1705, -598.447), (95, -601), (95, -601), (75.9017, -659.779), (25.9017, -696.106), (-35.9017, -696.106), (-85.9017, -659.779), (-92.0536, -640.845)))
(((33.9049, -405.856), (0.000267237, -434.675), (-6.80058, -434.279), (-33.1522, -371.035), (-7.17159, -350.582), (36.0213, -386.808), (33.9049, -405.856)))
(((1.95104, 556.106), (45.97, 480.243), (13.9056, 411.181), (-26.3632, 422.29), (-28.2426, 535.057), (-6.99334, 556.106), (1.95104, 556.106)))
(((12.6546, -226.448), (30.3281, -277.701), (-6.04695, -292.726), (-21.5319, -250.826), (9.52358, -225.981), (12.6546, -226.448)))
(((23.6038, 23.4153), (1.32521, 15.8406), (-29.6153, 88.7717), (35.7273, 71.9091), (23.6038, 23.4153)))
(((42.1063, -56.938), (9.88764, -75.7322), (-0.462025, -70.8038), (-7.43548, -15.0161), (40.3071, -26.9518), (42.1063, -56.938)))
(((29.9375, -220.688), (12.6546, -226.448), (9.52358, -225.981), (-14.7678, -188.194), (15.7992, -167.541), (34.3457, -172.782), (44.7143, -200), (29.9375, -220.688)))
(((-73.1315, 116.828), (-67.0094, 135.67), (0.665517, 164.069), (55.4706, 131.882), (40.9091, 73.6364), (35.7273, 71.9091), (-29.6153, 88.7717), (-73.1315, 116.828)))
(((57.2443, -5.90861), (40.3071, -26.9518), (-7.43548, -15.0161), (-14.6681, -6.37231), (1.32521, 15.8406), (23.6038, 23.4153), (56.5972, 4.44408), (57.2443, -5.90861)))
(((36.0213, -386.808), (-7.17159, -350.582), (-1.53569, -328.391), (44.6418, -329.394), (43.285, -378.241), (36.0213, -386.808)))
(((44.6418, -329.394), (-1.53569, -328.391), (-11.9995, -306.068), (-6.04695, -292.726), (30.3281, -277.701), (46.5122, -280.591), (52.2626, -323.719), (44.6418, -329.394)))
(((34.3457, -172.782), (15.7992, -167.541), (6.26505, -127.286), (19.6738, -113.572), (28.362, -115.487), (51.4185, -156.279), (34.3457, -172.782)))
(((65.6498, -267.195), (46.5122, -280.591), (30.3281, -277.701), (12.6546, -226.448), (29.9375, -220.688), (65.0573, -250.604), (65.6498, -267.195)))
(((90.1729, -596.378), (-11.8703, -543.555), (26.0862, -486.621), (89.0951, -532.666), (112.235, -580.348), (90.1729, -596.378)))
(((82.0835, 295.971), (30.5397, 267.622), (-3.47467, 329.067), (15.5164, 348.681), (77.6927, 332.561), (82.0835, 295.971)))
(((71.25, -93.45), (63.6036, -107.825), (28.362, -115.487), (19.6738, -113.572), (9.88764, -75.7322), (42.1063, -56.938), (68.8957, -68.4942), (71.25, -93.45)))
(((83.6713, 35.2785), (56.5972, 4.44408), (23.6038, 23.4153), (35.7273, 71.9091), (40.9091, 73.6364), (80.7907, 57.6837), (83.6713, 35.2785)))
(((88.5968, -449.565), (79.119, -462.833), (27.0886, -470.583), (0.000267237, -434.675), (33.9049, -405.856), (81, -424.875), (88.5968, -449.565)))
(((71.3123, -153.503), (51.4185, -156.279), (28.362, -115.487), (63.6036, -107.825), (80.3442, -137.321), (71.3123, -153.503)))
(((114.434, 382.365), (77.6927, 332.561), (15.5164, 348.681), (20.4214, 402.636), (99.9192, 399.129), (114.434, 382.365)))
(((89.0951, -532.666), (26.0862, -486.621), (27.0886, -470.583), (79.119, -462.833), (89.0951, -532.666)))
(((99.9192, 399.129), (20.4214, 402.636), (13.9056, 411.181), (45.97, 480.243), (97.5091, 462.593), (99.9192, 399.129)))
(((82.4269, -227.677), (65.0573, -250.604), (29.9375, -220.688), (44.7143, -200), (72.7027, -200), (82.4269, -227.677)))
(((72.7027, -200), (44.7143, -200), (34.3457, -172.782), (51.4185, -156.279), (71.3123, -153.503), (86.973, -184), (72.7027, -200)))
(((100.944, 185.472), (65.3345, 133.329), (55.4706, 131.882), (0.665517, 164.069), (32.1913, 218.114), (103.106, 206.006), (100.944, 185.472)))
(((82.3189, -367.969), (43.285, -378.241), (44.6418, -329.394), (52.2626, -323.719), (80.3212, -329.013), (82.3189, -367.969)))
(((95.704, -50.4277), (68.8957, -68.4942), (42.1063, -56.938), (40.3071, -26.9518), (57.2443, -5.90861), (98.4484, -31.522), (95.704, -50.4277)))
(((81, -424.875), (33.9049, -405.856), (36.0213, -386.808), (43.285, -378.241), (82.3189, -367.969), (108.554, -386.989), (81, -424.875)))
(((103.254, -315.973), (80.3212, -329.013), (52.2626, -323.719), (46.5122, -280.591), (65.6498, -267.195), (103.784, -282.596), (103.254, -315.973)))
(((120.617, 93.6052), (80.7907, 57.6837), (40.9091, 73.6364), (55.4706, 131.882), (65.3345, 133.329), (121.893, 97.228), (120.617, 93.6052)))
(((103.106, 206.006), (32.1913, 218.114), (23.1534, 244.954), (30.5397, 267.622), (82.0835, 295.971), (109.917, 279.029), (117.49, 215.915), (103.106, 206.006)))
(((0.463468, 558.669), (0.483355, 558.731), (114.903, 536.193), (107.734, 470.481), (97.5091, 462.593), (45.97, 480.243), (0.463468, 558.669)))
(((120.048, -13.2095), (98.4484, -31.522), (57.2443, -5.90861), (56.5972, 4.44408), (83.6713, 35.2785), (111.695, 17.2189), (120.048, -13.2095)))
(((119.77, -114.472), (106.188, -133.875), (80.3442, -137.321), (63.6036, -107.825), (71.25, -93.45), (115.379, -102.276), (119.77, -114.472)))
(((132, -234.235), (132, -260.236), (103.784, -282.596), (65.6498, -267.195), (65.0573, -250.604), (82.4269, -227.677), (130.676, -232.755), (132, -234.235)))
(((130.676, -232.755), (82.4269, -227.677), (72.7027, -200), (86.973, -184), (118.717, -184), (130.676, -232.755)))
(((118.717, -184), (86.973, -184), (71.3123, -153.503), (80.3442, -137.321), (106.188, -133.875), (126.179, -173.859), (118.717, -184)))
(((115.379, -102.276), (71.25, -93.45), (68.8957, -68.4942), (95.704, -50.4277), (123.23, -73.49), (115.379, -102.276)))
(((2.0624, 558.42), (-2.57736, 572.699), (-2.65993, 575.047), (16.0983, 632.779), (66.0983, 669.106), (127.902, 669.106), (177.902, 632.779), (194.246, 582.477), (114.903, 536.193), (2.0624, 558.42)))
(((128.358, -382.863), (108.554, -386.989), (82.3189, -367.969), (80.3212, -329.013), (103.254, -315.973), (121.455, -328.349), (135.512, -375.207), (128.358, -382.863)))
(((121.893, 97.228), (65.3345, 133.329), (100.944, 185.472), (142.58, 112.611), (121.893, 97.228)))
(((111.147, -578.106), (89.0951, -532.666), (79.119, -462.833), (88.5968, -449.565), (148.998, -458.625), (127.721, -578.106), (111.147, -578.106)))
(((148.998, -458.625), (88.5968, -449.565), (81, -424.875), (108.554, -386.989), (128.358, -382.863), (152.159, -455.854), (148.998, -458.625)))
(((157.223, 305.048), (109.917, 279.029), (82.0835, 295.971), (77.6927, 332.561), (114.434, 382.365), (142.997, 377.195), (157.223, 305.048)))
(((145.55, 41.2451), (111.695, 17.2189), (83.6713, 35.2785), (80.7907, 57.6837), (120.617, 93.6052), (145.55, 41.2451)))
(((161.373, -63.3704), (123.23, -73.49), (95.704, -50.4277), (98.4484, -31.522), (120.048, -13.2095), (141.066, -17.4133), (161.373, -63.3704)))
(((157.91, -127.528), (137.272, -170.095), (126.179, -173.859), (106.188, -133.875), (119.77, -114.472), (156.674, -122.494), (157.91, -127.528)))
(((161.536, -310.026), (121.455, -328.349), (103.254, -315.973), (103.784, -282.596), (132, -260.236), (155.149, -275.959), (161.536, -310.026)))
(((176.071, 200.214), (147.234, 113.703), (142.58, 112.611), (100.944, 185.472), (103.106, 206.006), (117.49, 215.915), (172.517, 208.69), (176.071, 200.214)))
(((177.501, 394.109), (142.997, 377.195), (114.434, 382.365), (99.9192, 399.129), (97.5091, 462.593), (107.734, 470.481), (189.879, 469.197), (177.501, 394.109)))
(((191.911, 581.115), (219.485, 561.081), (231.942, 517.117), (189.879, 469.197), (107.734, 470.481), (114.903, 536.193), (191.911, 581.115)))
(((168.549, 3.36658), (141.066, -17.4133), (120.048, -13.2095), (111.695, 17.2189), (145.55, 41.2451), (161.601, 34.9506), (168.549, 3.36658)))
(((162.055, -63.6712), (165.085, -110.14), (156.674, -122.494), (119.77, -114.472), (115.379, -102.276), (123.23, -73.49), (161.373, -63.3704), (162.055, -63.6712)))
(((179.438, -190.334), (157.484, -223.742), (132, -234.235), (130.676, -232.755), (118.717, -184), (126.179, -173.859), (137.272, -170.095), (177.072, -184.025), (179.438, -190.334)))
(((208.375, 256.5), (172.517, 208.69), (117.49, 215.915), (109.917, 279.029), (157.223, 305.048), (188.466, 289.004), (208.375, 256.5)))
(((181.951, -324.874), (155.853, -372.099), (135.512, -375.207), (121.455, -328.349), (161.536, -310.026), (181.951, -324.874)))
(((192.396, 58.0472), (161.601, 34.9506), (145.55, 41.2451), (120.617, 93.6052), (121.893, 97.228), (142.58, 112.611), (147.234, 113.703), (190.404, 100.541), (192.396, 58.0472)))
(((161.44, -453.955), (152.159, -455.854), (128.358, -382.863), (135.512, -375.207), (155.853, -372.099), (218.007, -405.004), (161.44, -453.955)))
(((177.072, -184.025), (137.272, -170.095), (157.91, -127.528), (190.747, -153.797), (177.072, -184.025)))
(((194.061, -265.347), (155.149, -275.959), (132, -260.236), (132, -234.235), (157.484, -223.742), (197.112, -243.556), (194.061, -265.347)))
(((201.614, -33.2273), (173.125, -60.9462), (162.055, -63.6712), (161.373, -63.3704), (141.066, -17.4133), (168.549, 3.36658), (186.618, -3.23529), (201.614, -33.2273)))
(((267.754, -533.69), (260.902, -554.779), (210.902, -591.106), (149.098, -591.106), (128.12, -575.864), (148.998, -458.625), (152.159, -455.854), (161.44, -453.955), (267.754, -533.69)))
(((198.539, -323.343), (181.951, -324.874), (161.536, -310.026), (155.149, -275.959), (194.061, -265.347), (209.161, -280.855), (198.539, -323.343)))
(((215.34, -224.808), (197.112, -243.556), (157.484, -223.742), (179.438, -190.334), (205.493, -202.769), (215.34, -224.808)))
(((205.723, 108.104), (190.404, 100.541), (147.234, 113.703), (176.071, 200.214), (216.635, 167.026), (205.723, 108.104)))
(((216.939, -108.659), (165.085, -110.14), (162.055, -63.6712), (173.125, -60.9462), (216.058, -91.6125), (216.939, -108.659)))
(((223.442, -118.413), (207.214, -147.748), (190.747, -153.797), (157.91, -127.528), (156.674, -122.494), (165.085, -110.14), (216.939, -108.659), (223.442, -118.413)))
(((234.922, 367.048), (188.466, 289.004), (157.223, 305.048), (142.997, 377.195), (177.501, 394.109), (234.922, 367.048)))
(((276.738, -394.74), (218.007, -405.004), (155.853, -372.099), (181.951, -324.874), (198.539, -323.343), (254.224, -362.528), (276.91, -394.21), (276.738, -394.74)))
(((227.166, 30.5549), (186.618, -3.23529), (168.549, 3.36658), (161.601, 34.9506), (192.396, 58.0472), (227.166, 30.5549)))
(((229.409, -175.733), (205.493, -202.769), (179.438, -190.334), (177.072, -184.025), (190.747, -153.797), (207.214, -147.748), (229.409, -175.733)))
(((267.569, -533.551), (161.44, -453.955), (218.007, -405.004), (277.228, -394.654), (280.771, -396.041), (287.902, -401.221), (307, -460), (307, -460), (287.902, -518.779), (267.569, -533.551)))
(((216.058, -91.6125), (173.125, -60.9462), (201.614, -33.2273), (250.14, -39.8071), (216.058, -91.6125)))
(((310.72, -18.1713), (250.14, -39.8071), (201.614, -33.2273), (186.618, -3.23529), (227.166, 30.5549), (306.631, 20.7579), (315, -5), (315, -5), (310.72, -18.1713)))
(((264.009, -256.388), (246.195, -276.226), (209.161, -280.855), (194.061, -265.347), (197.112, -243.556), (215.34, -224.808), (256.373, -232.868), (264.009, -256.388)))
(((308.572, 20.5185), (227.166, 30.5549), (192.396, 58.0472), (190.404, 100.541), (205.723, 108.104), (318.969, 83.4851), (324, 68), (324, 68), (308.572, 20.5185)))
(((254.224, -362.528), (198.539, -323.343), (209.161, -280.855), (246.195, -276.226), (254.224, -362.528)))
(((253.55, 502.158), (289.431, 395.671), (256.685, 367.243), (234.922, 367.048), (177.501, 394.109), (189.879, 469.197), (231.942, 517.117), (253.55, 502.158)))
(((323.441, 181.815), (216.635, 167.026), (176.071, 200.214), (172.517, 208.69), (208.375, 256.5), (286.5, 256.5), (318.538, 237.277), (330, 202), (330, 202), (323.441, 181.815)))
(((286.5, 256.5), (208.375, 256.5), (188.466, 289.004), (234.922, 367.048), (256.685, 367.243), (286.5, 256.5)))
(((256.373, -232.868), (215.34, -224.808), (205.493, -202.769), (229.409, -175.733), (249.685, -177.056), (263.343, -218.028), (256.373, -232.868)))
(((270.345, -149.064), (249.685, -177.056), (229.409, -175.733), (207.214, -147.748), (223.442, -118.413), (260.643, -124.225), (270.345, -149.064)))
(((321.438, 82.9484), (205.723, 108.104), (216.635, 167.026), (324.396, 181.947), (339, 137), (339, 137), (321.438, 82.9484)))
(((326.719, -32.7357), (260.643, -124.225), (223.442, -118.413), (216.939, -108.659), (216.058, -91.6125), (250.14, -39.8071), (309.779, -18.5075), (325.902, -30.2215), (326.719, -32.7357)))
(((369.886, -299.352), (350.902, -357.779), (300.902, -394.106), (276.835, -394.106), (254.224, -362.528), (246.195, -276.226), (264.009, -256.388), (369.886, -299.352)))
(((347.775, -179.483), (263.343, -218.028), (249.685, -177.056), (270.345, -149.064), (347.775, -179.483)))
(((366.333, -297.91), (264.009, -256.388), (256.373, -232.868), (263.343, -218.028), (347.775, -179.483), (381.694, -179.816), (398, -230), (398, -230), (378.902, -288.779), (366.333, -297.91)))
(((382.163, -179.82), (347.775, -179.483), (270.345, -149.064), (260.643, -124.225), (326.604, -32.8943), (329.902, -32.8943), (379.902, -69.2215), (399, -128), (399, -128), (382.163, -179.82)))
(((319.176, 236.894), (286.5, 256.5), (256.685, 367.243), (289.431, 395.671), (390.822, 384.867), (408, 332), (408, 332), (388.902, 273.221), (338.902, 236.894), (319.176, 236.894)))
(((403.464, 505.186), (253.55, 502.158), (231.942, 517.117), (220.482, 557.562), (238.098, 611.779), (288.098, 648.106), (349.902, 648.106), (399.902, 611.779), (419, 553), (419, 553), (403.464, 505.186)))
(((388.056, 385.162), (289.431, 395.671), (253.55, 502.158), (404.363, 505.204), (421, 454), (421, 454), (401.902, 395.221), (388.056, 385.162)))
