(((-267.472, -223.262), (-281.902, -212.779), (-301, -154), (-281.902, -95.2215), (-237.722, -63.1227), (-151.264, -132.289), (-149.299, -142.018), (-267.472, -223.262)))
(((-154.735, -385.03), (-163.098, -391.106), (-224.902, -391.106), (-274.902, -354.779), (-294, -296), (-274.902, -237.221), (-265.311, -230.253), (-236.494, -234.183), (-148.232, -287.473), (-154.735, -385.03)))
(((-264.589, -230.351), (-266.999, -222.937), (-149.299, -142.018), (-143.602, -150.832), (-147.983, -207.785), (-236.494, -234.183), (-264.589, -230.351)))
(((-148.232, -287.473), (-236.494, -234.183), (-147.983, -207.785), (-133.599, -221.062), (-134.545, -274.019), (-148.232, -287.473)))
(((-190.496, 474.412), (-232.902, 505.221), (-252, 564), (-232.902, 622.779), (-182.902, 659.106), (-121.098, 659.106), (-114.543, 654.343), (-99.6638, 535.311), (-190.496, 474.412)))
(((-236.229, -64.3167), (-221.902, -20.2215), (-171.902, 16.1057), (-124.089, 16.1057), (-118.188, 9.75458), (-109.207, -98.0202), (-151.264, -132.289), (-236.229, -64.3167)))
(((-89, -214.33), (-133.599, -221.062), (-147.983, -207.785), (-143.602, -150.832), (-89, -166.836), (-89, -214.33)))
(((-80.9468, -220.712), (-79.9385, -272.136), (-134.545, -274.019), (-133.599, -221.062), (-89, -214.33), (-80.9468, -220.712)))
(((-144.636, -390.033), (-154.587, -382.804), (-148.232, -287.473), (-134.545, -274.019), (-79.9385, -272.136), (-65.6217, -284.026), (-60.8976, -321.819), (-95.7496, -370.87), (-144.636, -390.033)))
(((-71.0158, -156.604), (-89, -166.836), (-143.602, -150.832), (-149.299, -142.018), (-151.264, -132.289), (-109.207, -98.0202), (-72.9661, -107.848), (-71.0158, -156.604)))
(((-132.04, 386.807), (-173.902, 417.221), (-192.128, 473.317), (-99.6638, 535.311), (-29.5308, 509.361), (-39.2796, 412.686), (-44.311, 408.447), (-132.04, 386.807)))
(((-110.944, 5.91512), (-56.183, -53.9395), (-68.2903, -105.059), (-72.9661, -107.848), (-109.207, -98.0202), (-118.188, 9.75458), (-110.944, 5.91512)))
(((-68.3145, -623.106), (-103.902, -623.106), (-153.902, -586.779), (-173, -528), (-153.902, -469.221), (-145.343, -463.003), (-45.979, -480.712), (-15.16, -509.16), (-11.6994, -521.429), (-68.3145, -623.106)))
(((-43.1559, -214.171), (-80.9468, -220.712), (-89, -214.33), (-89, -166.836), (-71.0158, -156.604), (-44.561, -164.099), (-38.4823, -204.045), (-43.1559, -214.171)))
(((-127.261, 260.217), (-136.902, 267.221), (-156, 326), (-136.902, 384.779), (-135.174, 386.034), (-44.311, 408.447), (-18.4596, 329.768), (-62.5522, 268.306), (-127.261, 260.217)))
(((-114.162, 651.3), (-86.9017, 671.106), (-25.0983, 671.106), (-16.8431, 665.108), (-28.9793, 509.765), (-29.5308, 509.361), (-99.6638, 535.311), (-114.162, 651.3)))
(((-143.176, -463.389), (-155, -427), (-142.748, -389.293), (-95.7496, -370.87), (-12.6538, -402.47), (-45.979, -480.712), (-143.176, -463.389)))
(((-17.4953, -253.579), (-65.6217, -284.026), (-79.9385, -272.136), (-80.9468, -220.712), (-43.1559, -214.171), (-17.4953, -253.579)))
(((-28.0301, -155.054), (-44.561, -164.099), (-71.0158, -156.604), (-72.9661, -107.848), (-68.2903, -105.059), (-11.4059, -109.8), (-28.0301, -155.054)))
(((-11.4059, -109.8), (-68.2903, -105.059), (-56.183, -53.9395), (-27.4885, -58.9058), (-9.12901, -108.247), (-11.4059, -109.8)))
(((-124.677, 160.684), (-142, 214), (-126.971, 260.254), (-62.5522, 268.306), (-11.0134, 247.429), (-9.5326, 200.043), (-41.8978, 169.055), (-124.677, 160.684)))
(((-2.41452, -35.2248), (-27.4885, -58.9058), (-56.183, -53.9395), (-110.944, 5.91512), (-10.4573, -4.66239), (-2.41452, -35.2248)))
(((-115.521, 71.206), (-133, 125), (-121.294, 161.026), (-41.8978, 169.055), (8.05461, 126.239), (7.97148, 122.831), (-37.5981, 75.1415), (-115.521, 71.206)))
(((6.46498, -396.978), (-12.6538, -402.47), (-95.7496, -370.87), (-60.8976, -321.819), (-13.6992, -324.769), (10.9113, -387.662), (6.46498, -396.978)))
(((-125.159, 17.2571), (-128, 26), (-113.275, 71.3195), (-37.5981, 75.1415), (10.6937, 40.6474), (14.0089, 25.0465), (-10.4573, -4.66239), (-110.944, 5.91512), (-118.188, 9.75458), (-125.159, 17.2571)))
(((-12.147, -254.412), (1.88496, -310.54), (-13.6992, -324.769), (-60.8976, -321.819), (-65.6217, -284.026), (-17.4953, -253.579), (-12.147, -254.412)))
(((2.0811, -196.194), (-38.4823, -204.045), (-44.561, -164.099), (-28.0301, -155.054), (0.102362, -171.13), (2.0811, -196.194)))
(((-0.973036, -249.742), (-12.147, -254.412), (-17.4953, -253.579), (-43.1559, -214.171), (-38.4823, -204.045), (2.0811, -196.194), (13.6075, -207.042), (-0.973036, -249.742)))
(((9.27501, 255.861), (-11.0134, 247.429), (-62.5522, 268.306), (-18.4596, 329.768), (37.1786, 305.923), (9.27501, 255.861)))
(((30.7154, -463.285), (-15.16, -509.16), (-45.979, -480.712), (-12.6538, -402.47), (6.46498, -396.978), (28.7733, -423.147), (30.7154, -463.285)))
(((31.4816, -68.5796), (-6.96804, -108.194), (-9.12901, -108.247), (-27.4885, -58.9058), (-2.41452, -35.2248), (32.0471, -50.7663), (31.4816, -68.5796)))
(((37.1937, -143.504), (34.1841, -151.959), (0.102362, -171.13), (-28.0301, -155.054), (-11.4059, -109.8), (-9.12901, -108.247), (-6.96804, -108.194), (33.8711, -134.865), (37.1937, -143.504)))
(((39.6111, 159.23), (8.05461, 126.239), (-41.8978, 169.055), (-9.5326, 200.043), (37.3808, 181.852), (39.6111, 159.23)))
(((-16.7652, 666.106), (38.9017, 666.106), (74.7197, 640.082), (53.6539, 523.666), (-28.9793, 509.765), (-16.7652, 666.106)))
(((10.6937, 40.6474), (-37.5981, 75.1415), (7.97148, 122.831), (52.044, 83.0579), (10.6937, 40.6474)))
(((37.1786, 305.923), (-18.4596, 329.768), (-44.311, 408.447), (-39.2796, 412.686), (24.9721, 405.981), (29.9724, 399.928), (46.5323, 309.769), (37.1786, 305.923)))
(((-69.3911, -625.039), (-11.6994, -521.429), (111.049, -564.841), (115, -577), (115, -577), (95.9017, -635.779), (45.9017, -672.106), (-15.9017, -672.106), (-65.9017, -635.779), (-69.3911, -625.039)))
(((32.0797, -309.461), (1.88496, -310.54), (-12.147, -254.412), (-0.973036, -249.742), (42.5871, -260.427), (32.0797, -309.461)))
(((35.5365, -370.424), (10.9113, -387.662), (-13.6992, -324.769), (1.88496, -310.54), (32.0797, -309.461), (45.268, -320.686), (35.5365, -370.424)))
(((47.2692, -200.731), (13.6075, -207.042), (2.0811, -196.194), (0.102362, -171.13), (34.1841, -151.959), (47.2692, -200.731)))
(((59.2219, 208.894), (37.3808, 181.852), (-9.5326, 200.043), (-11.0134, 247.429), (9.27501, 255.861), (55.78, 224.497), (59.2219, 208.894)))
(((32.0471, -50.7663), (-2.41452, -35.2248), (-10.4573, -4.66239), (14.0089, 25.0465), (37.7459, 13.3791), (50.8327, -36.5885), (32.0471, -50.7663)))
(((78.4369, 458.524), (24.9721, 405.981), (-39.2796, 412.686), (-29.5308, 509.361), (-28.9793, 509.765), (53.6539, 523.666), (86.7764, 490.92), (78.4369, 458.524)))
(((51.5449, -203.05), (55.727, -254.281), (42.5871, -260.427), (-0.973036, -249.742), (13.6075, -207.042), (47.2692, -200.731), (51.5449, -203.05)))
(((33.8711, -134.865), (-6.96804, -108.194), (31.4816, -68.5796), (61.5925, -96.7478), (33.8711, -134.865)))
(((110.126, -564.514), (-11.6994, -521.429), (-15.16, -509.16), (30.7154, -463.285), (80.2354, -480.823), (122.573, -555.471), (110.126, -564.514)))
(((69.3676, 83.7075), (52.044, 83.0579), (7.97148, 122.831), (8.05461, 126.239), (39.6111, 159.23), (84.1751, 137.385), (69.3676, 83.7075)))
(((93.1858, 276.598), (55.78, 224.497), (9.27501, 255.861), (37.1786, 305.923), (46.5323, 309.769), (75.7092, 306.232), (93.1858, 276.598)))
(((84.501, 70.7022), (61.351, 19.7721), (37.7459, 13.3791), (14.0089, 25.0465), (10.6937, 40.6474), (52.044, 83.0579), (69.3676, 83.7075), (84.501, 70.7022)))
(((101.668, -280.547), (76.661, -317.322), (45.268, -320.686), (32.0797, -309.461), (42.5871, -260.427), (55.727, -254.281), (96.4411, -266.619), (97.4714, -267.806), (101.668, -280.547)))
(((92.0287, -421.857), (28.7733, -423.147), (6.46498, -396.978), (10.9113, -387.662), (35.5365, -370.424), (89.1293, -374.628), (95.9757, -418.445), (92.0287, -421.857)))
(((80.2354, -480.823), (30.7154, -463.285), (28.7733, -423.147), (92.0287, -421.857), (80.2354, -480.823)))
(((88.2607, -191.701), (51.5449, -203.05), (47.2692, -200.731), (34.1841, -151.959), (37.1937, -143.504), (89.7372, -150.357), (88.2607, -191.701)))
(((96.4793, -79.8527), (79.7958, -95.4239), (61.5925, -96.7478), (31.4816, -68.5796), (32.0471, -50.7663), (50.8327, -36.5885), (63.1156, -36.9724), (96.8143, -74.1571), (96.4793, -79.8527)))
(((75.7092, 306.232), (46.5323, 309.769), (29.9724, 399.928), (120.62, 362.158), (75.7092, 306.232)))
(((89.1293, -374.628), (35.5365, -370.424), (45.268, -320.686), (76.661, -317.322), (98.4754, -360.951), (89.1293, -374.628)))
(((63.1156, -36.9724), (50.8327, -36.5885), (37.7459, 13.3791), (61.351, 19.7721), (101.166, -4.35799), (63.1156, -36.9724)))
(((89.7372, -150.357), (37.1937, -143.504), (33.8711, -134.865), (61.5925, -96.7478), (79.7958, -95.4239), (93.2806, -146.666), (89.7372, -150.357)))
(((115.474, 152.8), (84.1751, 137.385), (39.6111, 159.23), (37.3808, 181.852), (59.2219, 208.894), (102.64, 196.706), (115.474, 152.8)))
(((96.4411, -266.619), (55.727, -254.281), (51.5449, -203.05), (88.2607, -191.701), (105.515, -204.398), (96.4411, -266.619)))
(((126.303, 364.747), (120.62, 362.158), (29.9724, 399.928), (24.9721, 405.981), (78.4369, 458.524), (135.188, 380.491), (126.303, 364.747)))
(((101.166, -4.35799), (61.351, 19.7721), (84.501, 70.7022), (100.086, 66.3621), (115.339, -2.27373), (101.166, -4.35799)))
(((133.652, 236.696), (102.64, 196.706), (59.2219, 208.894), (55.78, 224.497), (93.1858, 276.598), (125.455, 259.591), (133.652, 236.696)))
(((116.189, -2.65541), (129.897, -38.067), (96.8143, -74.1571), (63.1156, -36.9724), (101.166, -4.35799), (115.339, -2.27373), (116.189, -2.65541)))
(((135.997, -115.988), (114.413, -142.294), (93.2806, -146.666), (79.7958, -95.4239), (96.4793, -79.8527), (132.498, -102.694), (135.997, -115.988)))
(((128.141, 148.087), (135.145, 78.0484), (100.086, 66.3621), (84.501, 70.7022), (69.3676, 83.7075), (84.1751, 137.385), (115.474, 152.8), (128.141, 148.087)))
(((150.647, -330.775), (132.174, -352.392), (98.4754, -360.951), (76.661, -317.322), (101.668, -280.547), (137.964, -301.036), (150.647, -330.775)))
(((149.792, -546.373), (141.902, -552.106), (120.664, -552.106), (80.2354, -480.823), (92.0287, -421.857), (95.9757, -418.445), (140.301, -426.796), (149.792, -546.373)))
(((75.066, 641.996), (82.0983, 647.106), (143.902, 647.106), (193.902, 610.779), (211.118, 557.791), (162.026, 500.161), (86.7764, 490.92), (53.6539, 523.666), (75.066, 641.996)))
(((138.477, -199.453), (105.515, -204.398), (88.2607, -191.701), (89.7372, -150.357), (93.2806, -146.666), (114.413, -142.294), (151.218, -180.514), (138.477, -199.453)))
(((140.301, -426.796), (95.9757, -418.445), (89.1293, -374.628), (98.4754, -360.951), (132.174, -352.392), (157.262, -413.545), (140.301, -426.796)))
(((156.475, -235.449), (97.4714, -267.806), (96.4411, -266.619), (105.515, -204.398), (138.477, -199.453), (156.475, -235.449)))
(((167.866, 475.208), (145.458, 387.069), (135.188, 380.491), (78.4369, 458.524), (86.7764, 490.92), (162.026, 500.161), (167.866, 475.208)))
(((174, 304.9), (125.455, 259.591), (93.1858, 276.598), (75.7092, 306.232), (120.62, 362.158), (126.303, 364.747), (174, 305.125), (174, 304.9)))
(((165.777, 66.1192), (152.391, 15.4457), (116.189, -2.65541), (115.339, -2.27373), (100.086, 66.3621), (135.145, 78.0484), (164.648, 67.2839), (165.777, 66.1192)))
(((161.319, -68.3316), (132.498, -102.694), (96.4793, -79.8527), (96.8143, -74.1571), (129.897, -38.067), (148.403, -46.5083), (161.319, -68.3316)))
(((184.981, 160.718), (128.141, 148.087), (115.474, 152.8), (102.64, 196.706), (133.652, 236.696), (174.559, 217.158), (189.887, 178.59), (184.981, 160.718)))
(((180.667, -258.333), (137.964, -301.036), (101.668, -280.547), (97.4714, -267.806), (156.475, -235.449), (174.325, -245.035), (180.667, -258.333)))
(((173.688, -170.528), (151.218, -180.514), (114.413, -142.294), (135.997, -115.988), (167.336, -127.991), (179.884, -142.85), (173.688, -170.528)))
(((184.147, -17.1471), (148.403, -46.5083), (129.897, -38.067), (116.189, -2.65541), (152.391, 15.4457), (183.458, -4.74784), (184.147, -17.1471)))
(((189.583, 153.424), (164.648, 67.2839), (135.145, 78.0484), (128.141, 148.087), (184.981, 160.718), (189.583, 153.424)))
(((184.675, -75.9754), (167.336, -127.991), (135.997, -115.988), (132.498, -102.694), (161.319, -68.3316), (184.675, -75.9754)))
(((167.92, -412.08), (157.262, -413.545), (132.174, -352.392), (150.647, -330.775), (234.826, -345.174), (167.92, -412.08)))
(((211.73, 264.655), (174.559, 217.158), (133.652, 236.696), (125.455, 259.591), (174, 304.9), (211.73, 264.655)))
(((205.443, -196.329), (174.325, -245.035), (156.475, -235.449), (138.477, -199.453), (151.218, -180.514), (173.688, -170.528), (205.443, -196.329)))
(((258.409, -499.983), (254.902, -510.779), (204.902, -547.106), (149.85, -547.106), (140.301, -426.796), (157.262, -413.545), (167.92, -412.08), (258.409, -499.983)))
(((268.753, -318.304), (262.391, -337.884), (234.826, -345.174), (150.647, -330.775), (137.964, -301.036), (180.667, -258.333), (230.071, -283.036), (268.753, -318.304)))
(((198.328, -74.0554), (184.675, -75.9754), (161.319, -68.3316), (148.403, -46.5083), (184.147, -17.1471), (202.043, -35.0435), (198.328, -74.0554)))
(((224.571, 26.3643), (183.458, -4.74784), (152.391, 15.4457), (165.777, 66.1192), (186.268, 62.9257), (224.571, 26.3643)))
(((212.951, 336.109), (174, 305.125), (126.303, 364.747), (135.188, 380.491), (145.458, 387.069), (196.045, 385.701), (212.951, 336.109)))
(((196.045, 385.701), (145.458, 387.069), (167.866, 475.208), (233.957, 412.69), (196.045, 385.701)))
(((210, -80.475), (210, -130.349), (179.884, -142.85), (167.336, -127.991), (184.675, -75.9754), (198.328, -74.0554), (210, -80.475)))
(((243.326, 114.797), (186.268, 62.9257), (165.777, 66.1192), (164.648, 67.2839), (189.583, 153.424), (243.326, 114.797)))
(((257.202, -498.81), (167.92, -412.08), (234.826, -345.174), (261.305, -338.171), (288.902, -358.221), (308, -417), (308, -417), (288.902, -475.779), (257.202, -498.81)))
(((218.585, -196.884), (230.071, -283.036), (180.667, -258.333), (174.325, -245.035), (205.443, -196.329), (218.585, -196.884)))
(((238.831, -188.725), (218.585, -196.884), (205.443, -196.329), (173.688, -170.528), (179.884, -142.85), (210, -130.349), (234.993, -139.78), (238.831, -188.725)))
(((307.403, -1.9304), (202.043, -35.0435), (184.147, -17.1471), (183.458, -4.74784), (224.571, 26.3643), (302.591, 12.8793), (307.403, -1.9304)))
(((256.215, 205.57), (189.887, 178.59), (174.559, 217.158), (211.73, 264.655), (226.859, 264.281), (256.215, 205.57)))
(((271.481, 300.292), (226.859, 264.281), (211.73, 264.655), (174, 304.9), (174, 305.125), (212.951, 336.109), (264.189, 328.293), (271.481, 300.292)))
(((309.67, 425.131), (299.026, 417.434), (233.957, 412.69), (167.866, 475.208), (162.026, 500.161), (208.831, 555.106), (251.902, 555.106), (301.902, 518.779), (321, 460), (321, 460), (309.67, 425.131)))
(((316.646, -64.4781), (210, -80.475), (198.328, -74.0554), (202.043, -35.0435), (307.066, -2.03654), (322, -48), (322, -48), (316.646, -64.4781)))
(((306.851, 12.143), (224.571, 26.3643), (186.268, 62.9257), (243.326, 114.797), (313.559, 103.212), (325, 68), (325, 68), (306.851, 12.143)))
(((264.189, 328.293), (212.951, 336.109), (196.045, 385.701), (233.957, 412.69), (299.026, 417.434), (264.189, 328.293)))
(((316.849, -64.4477), (323.195, -83.9787), (234.993, -139.78), (210, -130.349), (210, -80.475), (316.849, -64.4477)))
(((271.75, -321.036), (230.071, -283.036), (218.585, -196.884), (238.831, -188.725), (289.444, -205.833), (302.465, -298.72), (271.75, -321.036)))
(((316.982, 102.647), (243.326, 114.797), (189.583, 153.424), (184.981, 160.718), (189.887, 178.59), (256.215, 205.57), (335.243, 182.719), (341, 165), (341, 165), (321.902, 106.221), (316.982, 102.647)))
(((349.126, -117.376), (289.444, -205.833), (238.831, -188.725), (234.993, -139.78), (323.25, -83.9438), (342.902, -98.2215), (349.126, -117.376)))
(((336.465, 182.365), (256.215, 205.57), (226.859, 264.281), (271.481, 300.292), (363.717, 244.051), (345.902, 189.221), (336.465, 182.365)))
(((360.883, 245.779), (271.481, 300.292), (264.189, 328.293), (299.026, 417.434), (309.635, 425.106), (345.902, 425.106), (395.902, 388.779), (415, 330), (415, 330), (395.902, 271.221), (360.883, 245.779)))
(((302.611, -299.76), (289.444, -205.833), (348.776, -117.894), (375.902, -117.894), (425.902, -154.221), (445, -213), (445, -213), (425.902, -271.779), (375.902, -308.106), (314.098, -308.106), (302.611, -299.76)))
