(((-293.576, -229.702), (-312, -173), (-292.902, -114.221), (-289.245, -111.565), (-198.611, -148.167), (-184.451, -190.648), (-210.782, -214.178), (-293.576, -229.702)))
(((-296.073, -406.786), (-309, -367), (-289.902, -308.221), (-281.043, -301.785), (-253.719, -304.661), (-187.683, -338.744), (-184.3, -371.217), (-226.098, -401.485), (-296.073, -406.786)))
(((-286.511, -486.824), (-304, -433), (-295.468, -406.74), (-226.098, -401.485), (-173.762, -424.116), (-175.746, -453.386), (-286.511, -486.824)))
(((-281.153, -301.773), (-297, -253), (-289.161, -228.874), (-210.782, -214.178), (-172.92, -245.156), (-181.425, -276.856), (-253.719, -304.661), (-281.153, -301.773)))
(((-268.381, -59.6638), (-161.395, -107.213), (-165.776, -133.012), (-198.611, -148.167), (-288.086, -112.032), (-271.902, -62.2215), (-268.381, -59.6638)))
(((-287.623, -487.16), (-175.746, -453.386), (-154.925, -471.657), (-177.359, -532.728), (-247.236, -560.52), (-268.902, -544.779), (-287.623, -487.16)))
(((-173.762, -424.116), (-226.098, -401.485), (-184.3, -371.217), (-168.898, -383.449), (-164.386, -414.282), (-173.762, -424.116)))
(((-159.34, -330.788), (-187.683, -338.744), (-253.719, -304.661), (-181.425, -276.856), (-154.448, -290.673), (-159.34, -330.788)))
(((-147.669, -154.136), (-173.352, -190.093), (-184.451, -190.648), (-198.611, -148.167), (-165.776, -133.012), (-147.669, -154.136)))
(((-208.904, 453.529), (-253.902, 486.221), (-273, 545), (-253.902, 603.779), (-203.902, 640.106), (-166.441, 640.106), (-120.814, 556.301), (-208.904, 453.529)))
(((-266.031, -60.7083), (-251.902, -17.2215), (-201.902, 19.1057), (-140.784, 19.1057), (-126.986, 0.0237526), (-146.231, -97.9464), (-161.395, -107.213), (-266.031, -60.7083)))
(((-140.94, -234.981), (-172.92, -245.156), (-210.782, -214.178), (-184.451, -190.648), (-173.352, -190.093), (-137.955, -212.216), (-140.94, -234.981)))
(((-131.783, -364.892), (-168.898, -383.449), (-184.3, -371.217), (-187.683, -338.744), (-159.34, -330.788), (-148.772, -335.869), (-131.783, -364.892)))
(((-132.286, -246.279), (-138.87, -283.9), (-154.448, -290.673), (-181.425, -276.856), (-172.92, -245.156), (-140.94, -234.981), (-132.286, -246.279)))
(((-236.318, -625.342), (-253, -574), (-248.825, -561.152), (-177.359, -532.728), (-141.634, -539.873), (-123.375, -582.158), (-236.318, -625.342)))
(((-116.105, -395.992), (-126.444, -412.668), (-164.386, -414.282), (-168.898, -383.449), (-131.783, -364.892), (-120.453, -370.775), (-116.105, -395.992)))
(((-115.964, -444.107), (-150.623, -471.272), (-154.925, -471.657), (-175.746, -453.386), (-173.762, -424.116), (-164.386, -414.282), (-126.444, -412.668), (-115.964, -444.107)))
(((-137.955, -212.216), (-173.352, -190.093), (-147.669, -154.136), (-130.953, -156.477), (-127.846, -204.635), (-137.955, -212.216)))
(((-192.551, -687.377), (-220.902, -666.779), (-234.581, -624.678), (-123.375, -582.158), (-99.9305, -595.871), (-142.522, -674.969), (-192.551, -687.377)))
(((-97.587, -513.963), (-141.634, -539.873), (-177.359, -532.728), (-154.925, -471.657), (-150.623, -471.272), (-97.0269, -512.363), (-97.587, -513.963)))
(((-110.757, -146.379), (-130.953, -156.477), (-147.669, -154.136), (-165.776, -133.012), (-161.395, -107.213), (-146.231, -97.9464), (-104.164, -120.447), (-110.757, -146.379)))
(((-112.847, -315.341), (-148.772, -335.869), (-159.34, -330.788), (-154.448, -290.673), (-138.87, -283.9), (-114.533, -296.381), (-112.847, -315.341)))
(((-200.029, 440.681), (-204.902, 444.221), (-208.195, 454.356), (-120.814, 556.301), (-68.9897, 532.951), (-86.0327, 463.23), (-200.029, 440.681)))
(((-86.0558, -345.386), (-120.453, -370.775), (-131.783, -364.892), (-148.772, -335.869), (-112.847, -315.341), (-86.6269, -339.104), (-86.0558, -345.386)))
(((-83.6719, -499.238), (-97.0269, -512.363), (-150.623, -471.272), (-115.964, -444.107), (-107.745, -447.054), (-82.8323, -487.82), (-83.6719, -499.238)))
(((-114.533, -296.381), (-138.87, -283.9), (-132.286, -246.279), (-111.64, -249.64), (-86.7881, -276.563), (-114.533, -296.381)))
(((-112.241, -10.3679), (-83.9821, -105.239), (-84.8465, -108.456), (-104.164, -120.447), (-146.231, -97.9464), (-126.986, 0.0237526), (-112.241, -10.3679)))
(((-92.1213, -197.971), (-97.0802, -201.558), (-127.846, -204.635), (-130.953, -156.477), (-110.757, -146.379), (-88.6087, -169.87), (-92.1213, -197.971)))
(((-35.6491, -797.265), (-78.0983, -828.106), (-139.902, -828.106), (-189.902, -791.779), (-209, -733), (-194.318, -687.815), (-142.522, -674.969), (-66.5025, -691.427), (-35.8605, -791.261), (-35.6491, -797.265)))
(((-99.9305, -595.871), (-123.375, -582.158), (-141.634, -539.873), (-97.587, -513.963), (-64.1737, -586.601), (-99.9305, -595.871)))
(((-93.9375, -231.938), (-111.64, -249.64), (-132.286, -246.279), (-140.94, -234.981), (-137.955, -212.216), (-127.846, -204.635), (-97.0802, -201.558), (-93.9375, -231.938)))
(((-146.133, 323.601), (-186.902, 353.221), (-206, 412), (-196.451, 441.389), (-86.0327, 463.23), (-49.4316, 425.037), (-80.7876, 352.156), (-146.133, 323.601)))
(((-73.4189, -428.23), (-107.745, -447.054), (-115.964, -444.107), (-126.444, -412.668), (-116.105, -395.992), (-76.1343, -403.791), (-73.4189, -428.23)))
(((-86.6269, -339.104), (-112.847, -315.341), (-114.533, -296.381), (-86.7881, -276.563), (-83.4642, -276.619), (-71.2736, -317.255), (-86.6269, -339.104)))
(((-77.7277, -273.292), (-83.4642, -276.619), (-86.7881, -276.563), (-111.64, -249.64), (-93.9375, -231.938), (-66.6012, -244.363), (-77.7277, -273.292)))
(((-61.9764, -389.24), (-76.1343, -403.791), (-116.105, -395.992), (-120.453, -370.775), (-86.0558, -345.386), (-67.553, -358.878), (-61.9764, -389.24)))
(((-66.5025, -691.427), (-142.522, -674.969), (-99.9305, -595.871), (-64.1737, -586.601), (-56.2309, -588.815), (-57.7141, -680.775), (-66.5025, -691.427)))
(((-167.429, 641.921), (-163.902, 652.779), (-113.902, 689.106), (-52.0983, 689.106), (-2.0983, 652.779), (3.84108, 634.499), (-65.9342, 534.276), (-68.9897, 532.951), (-120.814, 556.301), (-167.429, 641.921)))
(((-50.5573, -449.568), (-82.8323, -487.82), (-107.745, -447.054), (-73.4189, -428.23), (-51.2655, -445.46), (-50.5573, -449.568)))
(((-66.6012, -244.363), (-93.9375, -231.938), (-97.0802, -201.558), (-92.1213, -197.971), (-63.7028, -207.675), (-60.1851, -239.334), (-66.6012, -244.363)))
(((-62.1698, -161.057), (-88.6087, -169.87), (-110.757, -146.379), (-104.164, -120.447), (-84.8465, -108.456), (-52.5265, -133.504), (-62.1698, -161.057)))
(((-47.8567, -82.6604), (-83.9821, -105.239), (-112.241, -10.3679), (-55.3447, -27.2494), (-47.8567, -82.6604)))
(((-42.9656, -195.344), (-63.7028, -207.675), (-92.1213, -197.971), (-88.6087, -169.87), (-62.1698, -161.057), (-45.8014, -178.734), (-42.9656, -195.344)))
(((-29.138, -301.267), (-38.2718, -310.654), (-71.2736, -317.255), (-83.4642, -276.619), (-77.7277, -273.292), (-38.141, -284.603), (-28.8521, -297.607), (-29.138, -301.267)))
(((-45.4708, -585.434), (-56.2309, -588.815), (-64.1737, -586.601), (-97.587, -513.963), (-97.0269, -512.363), (-83.6719, -499.238), (-36.7328, -508.98), (-29.4241, -561.185), (-45.4708, -585.434)))
(((-39.5441, -348.824), (-67.553, -358.878), (-86.0558, -345.386), (-86.6269, -339.104), (-71.2736, -317.255), (-38.2718, -310.654), (-39.5441, -348.824)))
(((-126.819, 228.349), (-134.902, 234.221), (-154, 293), (-143.713, 324.659), (-80.7876, 352.156), (-9.97099, 322.793), (-5.44914, 317.259), (-36.7299, 253.618), (-126.819, 228.349)))
(((-20.9299, -410.458), (-51.2655, -445.46), (-73.4189, -428.23), (-76.1343, -403.791), (-61.9764, -389.24), (-25.2647, -399.029), (-20.9299, -410.458)))
(((-38.141, -284.603), (-77.7277, -273.292), (-66.6012, -244.363), (-60.1851, -239.334), (-31.8244, -244.176), (-38.141, -284.603)))
(((-6.90458, -483.691), (-36.7328, -508.98), (-83.6719, -499.238), (-82.8323, -487.82), (-50.5573, -449.568), (-9.5625, -478.375), (-6.90458, -483.691)))
(((-52.5265, -133.504), (-84.8465, -108.456), (-83.9821, -105.239), (-47.8567, -82.6604), (-36.5, -87.8784), (-36.5, -130.833), (-52.5265, -133.504)))
(((-28.3776, -242.303), (-31.8244, -244.176), (-60.1851, -239.334), (-63.7028, -207.675), (-42.9656, -195.344), (-19.845, -205.328), (-28.3776, -242.303)))
(((-140.685, 18.9689), (-121.902, 76.7785), (-104.658, 89.3071), (-31.6662, 83.1781), (-19.2139, 69.8363), (-9.01986, -2.79603), (-38.1005, -25.2442), (-55.3447, -27.2494), (-112.241, -10.3679), (-126.986, 0.0237526), (-140.685, 18.9689)))
(((-25.2647, -399.029), (-61.9764, -389.24), (-67.553, -358.878), (-39.5441, -348.824), (-21.1429, -356.571), (-23.2812, -395.062), (-25.2647, -399.029)))
(((-11.3491, -151.938), (-45.8014, -178.734), (-62.1698, -161.057), (-52.5265, -133.504), (-36.5, -130.833), (-20.3221, -135.028), (-11.3491, -151.938)))
(((40.0388, 478.387), (6.99249, 432.49), (-49.4316, 425.037), (-86.0327, 463.23), (-68.9897, 532.951), (-65.9342, 534.276), (39.6876, 479.644), (40.0388, 478.387)))
(((-5.90605, -82.9172), (-36.5, -87.8784), (-47.8567, -82.6604), (-55.3447, -27.2494), (-38.1005, -25.2442), (-0.942134, -68.8092), (-5.90605, -82.9172)))
(((-120.456, 178.549), (-131, 211), (-125.217, 228.799), (-36.7299, 253.618), (11.2466, 221.031), (2.83249, 180.538), (-120.456, 178.549)))
(((-110.295, 89.7805), (-110.902, 90.2215), (-130, 149), (-120.399, 178.55), (2.83249, 180.538), (25.4745, 143.129), (-31.6662, 83.1781), (-110.295, 89.7805)))
(((-12.7151, -668.313), (-57.7141, -680.775), (-56.2309, -588.815), (-45.4708, -585.434), (11.1317, -618.452), (-12.7151, -668.313)))
(((1.67161, -197.209), (-19.845, -205.328), (-42.9656, -195.344), (-45.8014, -178.734), (-11.3491, -151.938), (-7.09543, -155.322), (1.67161, -197.209)))
(((2.79787, -106.128), (-20.3221, -135.028), (-36.5, -130.833), (-36.5, -87.8784), (-5.90605, -82.9172), (2.79787, -106.128)))
(((-3.6875, -347.844), (-21.1429, -356.571), (-39.5441, -348.824), (-38.2718, -310.654), (-29.138, -301.267), (0.857357, -327.392), (-3.6875, -347.844)))
(((-9.5625, -478.375), (-50.5573, -449.568), (-51.2655, -445.46), (-20.9299, -410.458), (-0.253165, -422.519), (-9.5625, -478.375)))
(((16.6643, 408.026), (-9.97099, 322.793), (-80.7876, 352.156), (-49.4316, 425.037), (6.99249, 432.49), (16.6643, 408.026)))
(((-2.05546, -280.763), (-28.8521, -297.607), (-38.141, -284.603), (-31.8244, -244.176), (-28.3776, -242.303), (3.50198, -254.366), (-2.05546, -280.763)))
(((33.2819, -539.479), (-29.4241, -561.185), (-36.7328, -508.98), (-6.90458, -483.691), (-2.30043, -485.066), (31.9276, -529.753), (33.2819, -539.479)))
(((-35.8605, -791.261), (-66.5025, -691.427), (-57.7141, -680.775), (-12.7151, -668.313), (26.0845, -693.578), (-35.8605, -791.261)))
(((14.9664, -248.251), (3.50198, -254.366), (-28.3776, -242.303), (-19.845, -205.328), (1.67161, -197.209), (6.16147, -198.874), (20.5327, -216.941), (14.9664, -248.251)))
(((24.5889, -372.267), (-23.2812, -395.062), (-21.1429, -356.571), (-3.6875, -347.844), (24.5248, -371.354), (24.5889, -372.267)))
(((3.56723, 634.106), (26.9017, 634.106), (63.7763, 607.315), (39.6876, 479.644), (-65.9342, 534.276), (3.56723, 634.106)))
(((24.0774, -317.198), (0.857357, -327.392), (-29.138, -301.267), (-28.8521, -297.607), (-2.05546, -280.763), (30.317, -299.947), (24.0774, -317.198)))
(((30.6471, -55.6471), (-0.942134, -68.8092), (-38.1005, -25.2442), (-9.01986, -2.79603), (13.4205, -7.28409), (34.4821, -30.506), (30.6471, -55.6471)))
(((41.866, 239.225), (11.2466, 221.031), (-36.7299, 253.618), (-5.44914, 317.259), (43.6333, 305.499), (41.866, 239.225)))
(((33.7842, -389.554), (22.8675, -419.094), (-0.253165, -422.519), (-20.9299, -410.458), (-25.2647, -399.029), (-23.2812, -395.062), (24.5889, -372.267), (33.7842, -389.554)))
(((47.5098, -563.837), (27.9883, -616.191), (11.1317, -618.452), (-45.4708, -585.434), (-29.4241, -561.185), (33.2819, -539.479), (43.1426, -549.027), (47.5098, -563.837)))
(((47.1401, -142.925), (-7.09543, -155.322), (-11.3491, -151.938), (-20.3221, -135.028), (2.79787, -106.128), (26.8092, -112.913), (45.5017, -134.355), (47.1401, -142.925)))
(((33.3214, -464.214), (-2.30043, -485.066), (-6.90458, -483.691), (-9.5625, -478.375), (-0.253165, -422.519), (22.8675, -419.094), (40.1613, -436.855), (33.3214, -464.214)))
(((58.1536, 44.3311), (13.4205, -7.28409), (-9.01986, -2.79603), (-19.2139, 69.8363), (52.6292, 48.9786), (58.1536, 44.3311)))
(((53.6092, -161.971), (6.16147, -198.874), (1.67161, -197.209), (-7.09543, -155.322), (47.1401, -142.925), (54.3279, -151.91), (53.6092, -161.971)))
(((30.317, -299.947), (-2.05546, -280.763), (3.50198, -254.366), (14.9664, -248.251), (32.3101, -258.095), (42.9671, -291.035), (30.317, -299.947)))
(((52.4658, -688.608), (26.0845, -693.578), (-12.7151, -668.313), (11.1317, -618.452), (27.9883, -616.191), (42.5979, -627.878), (64.7979, -674.575), (52.4658, -688.608)))
(((24.5248, -371.354), (-3.6875, -347.844), (0.857357, -327.392), (24.0774, -317.198), (46.5066, -344.3), (24.5248, -371.354)))
(((46.1053, -71.1053), (26.8092, -112.913), (2.79787, -106.128), (-5.90605, -82.9172), (-0.942134, -68.8092), (30.6471, -55.6471), (46.1053, -71.1053)))
(((59.6024, 313.973), (43.6333, 305.499), (-5.44914, 317.259), (-9.97099, 322.793), (16.6643, 408.026), (73.095, 364.263), (59.6024, 313.973)))
(((78.2212, -812.702), (63.9017, -823.106), (2.0983, -823.106), (-35.7064, -795.639), (-35.8605, -791.261), (26.0845, -693.578), (52.4658, -688.608), (78.2212, -812.702)))
(((50.0178, 140.377), (52.6292, 48.9786), (-19.2139, 69.8363), (-31.6662, 83.1781), (25.4745, 143.129), (50.0178, 140.377)))
(((31.9276, -529.753), (-2.30043, -485.066), (33.3214, -464.214), (66.0719, -486.048), (31.9276, -529.753)))
(((64.1216, -185.384), (52.7716, -216.191), (20.5327, -216.941), (6.16147, -198.874), (53.6092, -161.971), (64.1216, -185.384)))
(((70.6068, -238.947), (32.3101, -258.095), (14.9664, -248.251), (20.5327, -216.941), (52.7716, -216.191), (70.6068, -238.947)))
(((80.9854, 15.7537), (64.4231, -20.5256), (34.4821, -30.506), (13.4205, -7.28409), (58.1536, 44.3311), (61.8233, 43.3828), (80.9854, 15.7537)))
(((50.0178, 140.377), (25.4745, 143.129), (2.83249, 180.538), (11.2466, 221.031), (41.866, 239.225), (93.3416, 213.103), (51.1741, 140.627), (50.0178, 140.377)))
(((74.3289, -94.5458), (45.5017, -134.355), (26.8092, -112.913), (46.1053, -71.1053), (72.3585, -77.7973), (74.3289, -94.5458)))
(((71.1725, -323.673), (55.6272, -343.752), (46.5066, -344.3), (24.0774, -317.198), (30.317, -299.947), (42.9671, -291.035), (63.7104, -292.166), (71.1725, -323.673)))
(((69.8305, -433.146), (40.1613, -436.855), (22.8675, -419.094), (33.7842, -389.554), (63.9168, -390.272), (69.8305, -433.146)))
(((63.9168, -390.272), (33.7842, -389.554), (24.5889, -372.267), (24.5248, -371.354), (46.5066, -344.3), (55.6272, -343.752), (84.6429, -375), (63.9168, -390.272)))
(((71.4362, -239.309), (83.9277, -276.783), (63.7104, -292.166), (42.9671, -291.035), (32.3101, -258.095), (70.6068, -238.947), (71.4362, -239.309)))
(((96.289, -456.817), (78.6277, -483.309), (66.0719, -486.048), (33.3214, -464.214), (40.1613, -436.855), (69.8305, -433.146), (83.3667, -439.133), (96.289, -456.817)))
(((89.6926, -63.1596), (72.3585, -77.7973), (46.1053, -71.1053), (30.6471, -55.6471), (34.4821, -30.506), (64.4231, -20.5256), (93.8189, -53.1877), (89.6926, -63.1596)))
(((118.756, 392.56), (73.095, 364.263), (16.6643, 408.026), (6.99249, 432.49), (40.0388, 478.387), (88.8774, 462.404), (139.792, 423.935), (118.756, 392.56)))
(((99.6761, -603.942), (42.5979, -627.878), (27.9883, -616.191), (47.5098, -563.837), (93.1247, -583.097), (101.377, -602.471), (99.6761, -603.942)))
(((94.9111, 71.4355), (61.8233, 43.3828), (58.1536, 44.3311), (52.6292, 48.9786), (50.0178, 140.377), (51.1741, 140.627), (100.149, 119.449), (94.9111, 71.4355)))
(((89.2197, -529.444), (43.1426, -549.027), (33.2819, -539.479), (31.9276, -529.753), (66.0719, -486.048), (78.6277, -483.309), (97.0596, -517.539), (89.2197, -529.444)))
(((104.427, -219.007), (71.4362, -239.309), (70.6068, -238.947), (52.7716, -216.191), (64.1216, -185.384), (110.026, -199.411), (104.427, -219.007)))
(((101.985, -142.918), (54.3279, -151.91), (47.1401, -142.925), (45.5017, -134.355), (74.3289, -94.5458), (113.871, -126.765), (101.985, -142.918)))
(((102.658, 215.079), (93.3416, 213.103), (41.866, 239.225), (43.6333, 305.499), (59.6024, 313.973), (122.823, 289.017), (102.658, 215.079)))
(((77.4396, -673.848), (64.7979, -674.575), (42.5979, -627.878), (99.6761, -603.942), (77.6549, -673.676), (77.4396, -673.848)))
(((102.911, -379.995), (103.307, -397.828), (83.3667, -439.133), (69.8305, -433.146), (63.9168, -390.272), (84.6429, -375), (92.625, -375), (100.106, -377.302), (102.911, -379.995)))
(((84.6429, -375), (55.6272, -343.752), (71.1725, -323.673), (90.2611, -327.722), (92.625, -375), (84.6429, -375)))
(((164.875, -777.251), (116.902, -812.106), (78.0974, -812.106), (52.4658, -688.608), (64.7979, -674.575), (77.4396, -673.848), (145.244, -737.987), (164.875, -777.251)))
(((93.1247, -583.097), (47.5098, -563.837), (43.1426, -549.027), (89.2197, -529.444), (106.637, -561.6), (93.1247, -583.097)))
(((115.036, -317.657), (90.2611, -327.722), (71.1725, -323.673), (63.7104, -292.166), (83.9277, -276.783), (90.3283, -278.125), (115.036, -317.657)))
(((110.026, -199.411), (64.1216, -185.384), (53.6092, -161.971), (54.3279, -151.91), (101.985, -142.918), (118.102, -192.421), (110.026, -199.411)))
(((122.389, -37.5023), (93.8189, -53.1877), (64.4231, -20.5256), (80.9854, 15.7537), (125.728, 4.56809), (122.389, -37.5023)))
(((140.85, -643.515), (77.6549, -673.676), (99.6761, -603.942), (101.377, -602.471), (154.904, -622.098), (140.85, -643.515)))
(((113.871, -126.765), (74.3289, -94.5458), (72.3585, -77.7973), (89.6926, -63.1596), (124.517, -96.3253), (128.058, -120.102), (113.871, -126.765)))
(((126.779, -327.512), (100.106, -377.302), (92.625, -375), (90.2611, -327.722), (115.036, -317.657), (121.462, -320.005), (126.779, -327.512)))
(((113.907, -267.459), (90.3283, -278.125), (83.9277, -276.783), (71.4362, -239.309), (104.427, -219.007), (123.591, -245.67), (113.907, -267.459)))
(((147.8, 190), (106.579, 121.298), (100.149, 119.449), (51.1741, 140.627), (93.3416, 213.103), (102.658, 215.079), (147.8, 190)))
(((64.0981, 609.02), (71.0983, 614.106), (132.177, 614.106), (130.69, 529.303), (88.8774, 462.404), (40.0388, 478.387), (39.6876, 479.644), (64.0981, 609.02)))
(((142.909, 16.2712), (125.728, 4.56809), (80.9854, 15.7537), (61.8233, 43.3828), (94.9111, 71.4355), (137.538, 54.3846), (145.909, 29.2727), (142.909, 16.2712)))
(((135.269, -515.947), (97.0596, -517.539), (78.6277, -483.309), (96.289, -456.817), (109.05, -456.994), (146.634, -496.789), (135.269, -515.947)))
(((109.05, -456.994), (96.289, -456.817), (83.3667, -439.133), (103.307, -397.828), (135.734, -432.416), (109.05, -456.994)))
(((122.823, 289.017), (59.6024, 313.973), (73.095, 364.263), (118.756, 392.56), (144.709, 297.399), (122.823, 289.017)))
(((143.069, -550.15), (106.637, -561.6), (89.2197, -529.444), (97.0596, -517.539), (135.269, -515.947), (143.069, -550.15)))
(((121.462, -320.005), (115.036, -317.657), (90.3283, -278.125), (113.907, -267.459), (142.481, -286.142), (121.462, -320.005)))
(((145.786, -55.3048), (124.517, -96.3253), (89.6926, -63.1596), (93.8189, -53.1877), (122.389, -37.5023), (145.786, -55.3048)))
(((145.244, -737.987), (77.4396, -673.848), (77.6549, -673.676), (140.85, -643.515), (145.244, -737.987)))
(((175.449, -613.639), (154.904, -622.098), (101.377, -602.471), (93.1247, -583.097), (106.637, -561.6), (143.069, -550.15), (178.786, -584.378), (175.449, -613.639)))
(((137.538, 54.3846), (94.9111, 71.4355), (100.149, 119.449), (106.579, 121.298), (158.211, 99.8651), (137.538, 54.3846)))
(((146.933, -428.401), (135.734, -432.416), (103.307, -397.828), (102.911, -379.995), (154.475, -383.152), (146.933, -428.401)))
(((154.475, -383.152), (102.911, -379.995), (100.106, -377.302), (126.779, -327.512), (164.354, -342.849), (155.244, -382.544), (154.475, -383.152)))
(((152.282, -135.026), (145, -186), (137.211, -191.842), (118.102, -192.421), (101.985, -142.918), (113.871, -126.765), (128.058, -120.102), (135.729, -121.783), (152.282, -135.026)))
(((154.36, -242.514), (123.591, -245.67), (104.427, -219.007), (110.026, -199.411), (118.102, -192.421), (137.211, -191.842), (159.701, -234.325), (154.36, -242.514)))
(((160.419, 426.704), (139.792, 423.935), (88.8774, 462.404), (130.69, 529.303), (194.115, 445.849), (160.419, 426.704)))
(((160.947, -281.105), (142.481, -286.142), (113.907, -267.459), (123.591, -245.67), (154.36, -242.514), (162.125, -278.75), (160.947, -281.105)))
(((172.309, -450.459), (151.062, -495.312), (146.634, -496.789), (109.05, -456.994), (135.734, -432.416), (146.933, -428.401), (168.78, -442.48), (172.309, -450.459)))
(((193.235, 170.324), (159.619, 100.289), (158.211, 99.8651), (106.579, 121.298), (147.8, 190), (178.912, 190), (190.104, 177.108), (193.235, 170.324)))
(((178.912, 190), (147.8, 190), (102.658, 215.079), (122.823, 289.017), (144.709, 297.399), (146.614, 297.256), (190.823, 227.376), (178.912, 190)))
(((179.141, -76.4834), (135.729, -121.783), (128.058, -120.102), (124.517, -96.3253), (145.786, -55.3048), (167.357, -58.181), (180.419, -71.7982), (179.141, -76.4834)))
(((164.354, -342.849), (126.779, -327.512), (121.462, -320.005), (142.481, -286.142), (160.947, -281.105), (183.21, -330.578), (164.354, -342.849)))
(((160.419, 426.704), (192.651, 322.423), (146.614, 297.256), (144.709, 297.399), (118.756, 392.56), (139.792, 423.935), (160.419, 426.704)))
(((167.357, -58.181), (145.786, -55.3048), (122.389, -37.5023), (125.728, 4.56809), (142.909, 16.2712), (183.199, -8.21893), (167.357, -58.181)))
(((132.16, 613.106), (169.927, 613.106), (214.156, 452.485), (194.115, 445.849), (130.69, 529.303), (132.16, 613.106)))
(((179.841, -773.106), (162.803, -773.106), (145.244, -737.987), (140.85, -643.515), (154.904, -622.098), (175.449, -613.639), (197.832, -631.746), (179.841, -773.106)))
(((181.083, -185.161), (145, -186), (152.282, -135.026), (194.15, -138.832), (181.083, -185.161)))
(((188.884, -194.425), (184.677, -228.081), (159.701, -234.325), (137.211, -191.842), (145, -186), (181.083, -185.161), (188.884, -194.425)))
(((178.786, -584.378), (143.069, -550.15), (135.269, -515.947), (146.634, -496.789), (151.062, -495.312), (192.057, -507.37), (185.764, -576.6), (178.786, -584.378)))
(((194.814, 52.4381), (145.909, 29.2727), (137.538, 54.3846), (158.211, 99.8651), (159.619, 100.289), (195.322, 79.8874), (194.814, 52.4381)))
(((194.15, -138.832), (152.282, -135.026), (135.729, -121.783), (179.141, -76.4834), (195.104, -138.34), (194.15, -138.832)))
(((207.317, -402.192), (168.78, -442.48), (146.933, -428.401), (154.475, -383.152), (155.244, -382.544), (207.153, -401.859), (207.317, -402.192)))
(((196.082, -269.048), (162.125, -278.75), (154.36, -242.514), (159.701, -234.325), (184.677, -228.081), (207.47, -242.922), (196.082, -269.048)))
(((213.623, -470.709), (201.297, -502.498), (192.057, -507.37), (151.062, -495.312), (172.309, -450.459), (206.7, -462.202), (213.623, -470.709)))
(((246.922, 1.73785), (183.199, -8.21893), (142.909, 16.2712), (145.909, 29.2727), (194.814, 52.4381), (246.922, 1.73785)))
(((194.579, -330.437), (183.21, -330.578), (160.947, -281.105), (162.125, -278.75), (196.082, -269.048), (210.918, -292.952), (194.579, -330.437)))
(((207.153, -401.859), (155.244, -382.544), (164.354, -342.849), (183.21, -330.578), (194.579, -330.437), (221.333, -346.322), (207.153, -401.859)))
(((243.917, 264.542), (190.823, 227.376), (146.614, 297.256), (192.651, 322.423), (239.103, 315.354), (243.917, 264.542)))
(((272.428, -4.82791), (199.66, -69.9362), (180.419, -71.7982), (167.357, -58.181), (183.199, -8.21893), (246.922, 1.73785), (272.428, -4.82791)))
(((265.299, 116.276), (195.322, 79.8874), (159.619, 100.289), (193.235, 170.324), (265.299, 116.276)))
(((217.522, -409.894), (206.7, -462.202), (172.309, -450.459), (168.78, -442.48), (207.317, -402.192), (217.522, -409.894)))
(((233.618, -113.866), (197.835, -138.23), (195.104, -138.34), (179.141, -76.4834), (180.419, -71.7982), (199.66, -69.9362), (234.594, -110.693), (233.618, -113.866)))
(((225.496, -192.446), (188.884, -194.425), (181.083, -185.161), (194.15, -138.832), (195.104, -138.34), (197.835, -138.23), (223.382, -165.669), (225.496, -192.446)))
(((234.006, -200.106), (212.416, -242.015), (207.47, -242.922), (184.677, -228.081), (188.884, -194.425), (225.496, -192.446), (234.006, -200.106)))
(((216.282, 452.248), (243.839, 319.975), (239.103, 315.354), (192.651, 322.423), (160.419, 426.704), (194.115, 445.849), (214.156, 452.485), (216.282, 452.248)))
(((217.667, -563.167), (185.764, -576.6), (192.057, -507.37), (201.297, -502.498), (237.848, -522.804), (217.667, -563.167)))
(((250.568, -281.624), (210.918, -292.952), (196.082, -269.048), (207.47, -242.922), (212.416, -242.015), (235.285, -253.715), (250.568, -281.624)))
(((287.854, -752.531), (249.902, -780.106), (188.098, -780.106), (179.725, -774.022), (197.832, -631.746), (208.602, -633.654), (287.854, -752.531)))
(((303.627, 5.45267), (293.369, -1.90319), (285.922, -4.05123), (272.428, -4.82791), (246.922, 1.73785), (194.814, 52.4381), (195.322, 79.8874), (265.299, 116.276), (307.513, 106.587), (322, 62), (322, 62), (303.627, 5.45267)))
(((238.172, -467.981), (213.623, -470.709), (206.7, -462.202), (217.522, -409.894), (252.496, -416.415), (238.172, -467.981)))
(((254.985, -284.061), (244.048, -327.81), (222.419, -346.194), (221.333, -346.322), (194.579, -330.437), (210.918, -292.952), (250.568, -281.624), (254.985, -284.061)))
(((170.097, 612.488), (197.098, 632.106), (258.902, 632.106), (299.946, 602.285), (221.622, 453.216), (216.282, 452.248), (214.156, 452.485), (170.097, 612.488)))
(((285.922, -4.05123), (238.392, -107.5), (234.594, -110.693), (199.66, -69.9362), (272.428, -4.82791), (285.922, -4.05123)))
(((259.119, -517.186), (237.848, -522.804), (201.297, -502.498), (213.623, -470.709), (238.172, -467.981), (262.493, -484.564), (259.119, -517.186)))
(((261.7, -151.3), (223.382, -165.669), (197.835, -138.23), (233.618, -113.866), (262.427, -149.077), (261.7, -151.3)))
(((267.926, -620.827), (208.602, -633.654), (197.832, -631.746), (175.449, -613.639), (178.786, -584.378), (185.764, -576.6), (217.667, -563.167), (256.457, -572.864), (267.926, -620.827)))
(((268.301, -379.108), (255.886, -413.739), (253.687, -415.983), (252.496, -416.415), (217.522, -409.894), (207.317, -402.192), (207.153, -401.859), (221.333, -346.322), (222.419, -346.194), (267.18, -377.278), (268.301, -379.108)))
(((298.543, 222.583), (190.104, 177.108), (178.912, 190), (190.823, 227.376), (243.917, 264.542), (298.543, 222.583)))
(((259.348, -229.652), (235.285, -253.715), (212.416, -242.015), (234.006, -200.106), (246.714, -200.774), (259.348, -229.652)))
(((267.475, -186.773), (246.714, -200.774), (234.006, -200.106), (225.496, -192.446), (223.382, -165.669), (261.7, -151.3), (267.475, -186.773)))
(((272.31, -553.185), (256.457, -572.864), (217.667, -563.167), (237.848, -522.804), (259.119, -517.186), (267.859, -525.368), (272.31, -553.185)))
(((305.796, 106.981), (265.299, 116.276), (193.235, 170.324), (190.104, 177.108), (298.543, 222.583), (343.278, 204.689), (350, 184), (350, 184), (330.902, 125.221), (305.796, 106.981)))
(((288.742, -753.863), (208.602, -633.654), (267.926, -620.827), (279.526, -624.921), (334.826, -715.858), (332.902, -721.779), (288.742, -753.863)))
(((325.827, 349.068), (243.839, 319.975), (216.282, 452.248), (221.622, 453.216), (269.535, 442.073), (325.827, 349.068)))
(((295.351, -247.9), (255.796, -283.965), (254.985, -284.061), (250.568, -281.624), (235.285, -253.715), (259.348, -229.652), (295.812, -242.522), (295.351, -247.9)))
(((287.721, -470.436), (262.493, -484.564), (238.172, -467.981), (252.496, -416.415), (253.687, -415.983), (286.931, -457.539), (287.721, -470.436)))
(((267.18, -377.278), (222.419, -346.194), (244.048, -327.81), (277.857, -334.571), (267.18, -377.278)))
(((302.427, -112.575), (291.343, -136.591), (262.427, -149.077), (233.618, -113.866), (234.594, -110.693), (238.392, -107.5), (299.969, -107.5), (302.427, -112.575)))
(((293.369, -1.90319), (299.969, -107.5), (238.392, -107.5), (285.922, -4.05123), (293.369, -1.90319)))
(((286.667, -330.167), (277.857, -334.571), (244.048, -327.81), (254.985, -284.061), (255.796, -283.965), (287.321, -305.291), (286.667, -330.167)))
(((295.812, -242.522), (259.348, -229.652), (246.714, -200.774), (267.475, -186.773), (291.852, -193.599), (297.185, -240.531), (295.812, -242.522)))
(((312.316, -588.853), (279.526, -624.921), (267.926, -620.827), (256.457, -572.864), (272.31, -553.185), (307.232, -566.398), (312.316, -588.853)))
(((316.328, -375.188), (268.301, -379.108), (267.18, -377.278), (277.857, -334.571), (286.667, -330.167), (315.718, -346.767), (317.465, -372.979), (316.328, -375.188)))
(((291.852, -193.599), (267.475, -186.773), (261.7, -151.3), (262.427, -149.077), (291.343, -136.591), (316.097, -177.435), (291.852, -193.599)))
(((309.576, -425.57), (286.931, -457.539), (253.687, -415.983), (255.886, -413.739), (306.752, -418.825), (309.576, -425.57)))
(((299.327, 601.106), (317.902, 601.106), (367.902, 564.779), (386.677, 506.995), (269.535, 442.073), (221.622, 453.216), (299.327, 601.106)))
(((308.563, -519.106), (267.859, -525.368), (259.119, -517.186), (262.493, -484.564), (287.721, -470.436), (309.615, -479.112), (308.563, -519.106)))
(((317.897, -381.676), (306.752, -418.825), (255.886, -413.739), (268.301, -379.108), (316.328, -375.188), (317.897, -381.676)))
(((342.867, 204.853), (298.543, 222.583), (243.917, 264.542), (239.103, 315.354), (243.839, 319.975), (325.827, 349.068), (373.667, 334.269), (390, 284), (390, 284), (370.902, 225.221), (342.867, 204.853)))
(((320.478, -291.081), (287.321, -305.291), (255.796, -283.965), (295.351, -247.9), (322.089, -285.141), (320.478, -291.081)))
(((326.618, -536.156), (307.232, -566.398), (272.31, -553.185), (267.859, -525.368), (308.563, -519.106), (326.226, -533.98), (326.618, -536.156)))
(((334.217, -322.897), (315.718, -346.767), (286.667, -330.167), (287.321, -305.291), (320.478, -291.081), (334.217, -322.897)))
(((344.661, -468.079), (309.615, -479.112), (287.721, -470.436), (286.931, -457.539), (309.576, -425.57), (339.701, -441.923), (344.661, -468.079)))
(((331.008, -230.008), (297.185, -240.531), (291.852, -193.599), (316.097, -177.435), (318.322, -177.538), (341.171, -208.613), (331.008, -230.008)))
(((347.76, -141.265), (333.801, -165.542), (318.322, -177.538), (316.097, -177.435), (291.343, -136.591), (302.427, -112.575), (332.894, -119.222), (347.76, -141.265)))
(((333.152, -713.106), (279.526, -624.921), (312.316, -588.853), (422.739, -607.964), (426, -618), (426, -618), (406.902, -676.779), (356.902, -713.106), (333.152, -713.106)))
(((371.702, -485.135), (326.226, -533.98), (308.563, -519.106), (309.615, -479.112), (344.661, -468.079), (371.702, -485.135)))
(((339.701, -441.923), (309.576, -425.57), (306.752, -418.825), (317.897, -381.676), (357.113, -413.629), (339.701, -441.923)))
(((352.296, -271.411), (322.089, -285.141), (295.351, -247.9), (295.812, -242.522), (297.185, -240.531), (331.008, -230.008), (350.122, -249.122), (352.296, -271.411)))
(((408.67, -28.8738), (332.894, -119.222), (302.427, -112.575), (299.969, -107.5), (293.369, -1.90319), (303.143, 5.10565), (361.902, 5.10565), (408.67, -28.8738)))
(((372.971, 334.484), (325.827, 349.068), (269.535, 442.073), (382.432, 504.643), (413.902, 481.779), (433, 423), (433, 423), (413.902, 364.221), (372.971, 334.484)))
(((421.438, -607.739), (312.316, -588.853), (307.232, -566.398), (326.618, -536.156), (425.135, -596.36), (421.438, -607.739)))
(((359.894, -366.28), (317.465, -372.979), (315.718, -346.767), (334.217, -322.897), (380.822, -326.626), (359.894, -366.28)))
(((380.822, -326.626), (334.217, -322.897), (320.478, -291.081), (322.089, -285.141), (352.296, -271.411), (428.239, -304.636), (380.822, -326.626)))
(((341.171, -208.613), (318.322, -177.538), (333.801, -165.542), (400.004, -200.59), (341.171, -208.613)))
(((357.113, -413.629), (317.897, -381.676), (316.328, -375.188), (317.465, -372.979), (359.894, -366.28), (384.17, -404.61), (357.113, -413.629)))
(((419.868, -201.567), (350.122, -249.122), (331.008, -230.008), (341.171, -208.613), (400.004, -200.59), (419.868, -201.567)))
(((426.401, -597.134), (326.618, -536.156), (326.226, -533.98), (371.702, -485.135), (445.552, -494.768), (457, -530), (457, -530), (437.902, -588.779), (426.401, -597.134)))
(((449.485, -197.285), (419.868, -201.567), (400.004, -200.59), (333.801, -165.542), (347.76, -141.265), (452.272, -147.295), (459, -168), (459, -168), (449.485, -197.285)))
(((451.84, -147.27), (347.76, -141.265), (332.894, -119.222), (406.858, -31.0344), (442.902, -57.2215), (462, -116), (462, -116), (451.84, -147.27)))
(((450.352, -495.394), (371.702, -485.135), (344.661, -468.079), (339.701, -441.923), (357.113, -413.629), (384.17, -404.61), (462.902, -419.232), (469, -438), (469, -438), (450.352, -495.394)))
(((454.371, -302.179), (428.239, -304.636), (352.296, -271.411), (350.122, -249.122), (419.868, -201.567), (453.365, -196.724), (471, -251), (471, -251), (454.371, -302.179)))
(((465.214, -419.661), (384.17, -404.61), (359.894, -366.28), (380.822, -326.626), (428.239, -304.636), (453.342, -302.276), (462.902, -309.221), (482, -368), (482, -368), (465.214, -419.661)))
