(((-173.554, 502.894), (-233.902, 502.894), (-283.902, 539.221), (-303, 598), (-283.902, 656.779), (-233.902, 693.106), (-172.098, 693.106), (-122.098, 656.779), (-103.386, 599.188), (-173.554, 502.894)))
(((-158.281, 455.622), (-173.614, 502.812), (-103.446, 599.106), (-43.0983, 599.106), (-13.3957, 577.525), (-15.6488, 512.186), (-46.3067, 460.655), (-158.281, 455.622)))
(((-128.436, 339.899), (-150.902, 356.221), (-170, 415), (-156.779, 455.69), (-46.3067, 460.655), (-31.7687, 434.694), (-57.9444, 356.167), (-128.436, 339.899)))
(((-56.3759, 202.894), (-73.9017, 202.894), (-123.902, 239.221), (-143, 298), (-129.463, 339.662), (-57.9444, 356.167), (-33.274, 348.614), (3.41379, 228.069), (-56.3759, 202.894)))
(((-68.8106, -15.9064), (-108.902, 13.2215), (-128, 72), (-108.902, 130.779), (-74.3267, 155.899), (28.0888, 88.0831), (-68.8106, -15.9064)))
(((37.7241, 362.138), (-33.274, 348.614), (-57.9444, 356.167), (-31.7687, 434.694), (17.8697, 420.047), (37.7241, 362.138)))
(((44.5698, 254.184), (4.98732, 228.24), (3.41379, 228.069), (-33.274, 348.614), (37.7241, 362.138), (77.8295, 342.085), (44.5698, 254.184)))
(((17.8697, 420.047), (-31.7687, 434.694), (-46.3067, 460.655), (-15.6488, 512.186), (45.8051, 459.307), (17.8697, 420.047)))
(((-60.7737, -30.7777), (-64.9017, -27.7785), (-68.7725, -15.8656), (28.0888, 88.0831), (50.7945, 87.0959), (55.903, 48.5505), (9.75297, -18.8995), (-60.7737, -30.7777)))
(((-75.5257, 156.693), (-61.1697, 200.876), (3.41379, 228.069), (4.98732, 228.24), (84.5314, 126.694), (72.4507, 103.338), (50.7945, 87.0959), (28.0888, 88.0831), (-75.5257, 156.693)))
(((53.1645, -159.106), (1.0983, -159.106), (-48.9017, -122.779), (-68, -64), (-56.9988, -30.1419), (9.75297, -18.8995), (80.4299, -41.4342), (53.1645, -159.106)))
(((-13.4033, 577.304), (11.0983, 595.106), (61.8125, 595.106), (76.1057, 550.254), (66.9497, 463.272), (45.8051, 459.307), (-15.6488, 512.186), (-13.4033, 577.304)))
(((80.4299, -41.4342), (9.75297, -18.8995), (55.903, 48.5505), (112.123, -19.8252), (80.4299, -41.4342)))
(((134.359, 363.566), (77.8295, 342.085), (37.7241, 362.138), (17.8697, 420.047), (45.8051, 459.307), (66.9497, 463.272), (132.3, 426.181), (141.532, 380.944), (134.359, 363.566)))
(((115.804, 143.061), (84.5314, 126.694), (4.98732, 228.24), (44.5698, 254.184), (116.932, 223.172), (115.804, 143.061)))
(((186.833, 4.55343), (181.622, -11.4854), (112.123, -19.8252), (55.903, 48.5505), (50.7945, 87.0959), (72.4507, 103.338), (186.833, 4.55343)))
(((132.3, 426.181), (66.9497, 463.272), (76.1057, 550.254), (152.993, 475.564), (132.3, 426.181)))
(((53.7096, -156.753), (80.4299, -41.4342), (112.123, -19.8252), (177.974, -11.9231), (194.902, -24.2215), (214, -83), (214, -83), (194.902, -141.779), (144.902, -178.106), (83.0983, -178.106), (53.7096, -156.753)))
(((146.997, 345.168), (143.421, 236.077), (116.932, 223.172), (44.5698, 254.184), (77.8295, 342.085), (134.359, 363.566), (146.997, 345.168)))
(((61.8822, 594.887), (102.098, 624.106), (163.902, 624.106), (213.902, 587.779), (224.28, 555.836), (201.075, 518.776), (152.993, 475.564), (76.1057, 550.254), (61.8822, 594.887)))
(((186.773, 4.60514), (72.4507, 103.338), (84.5314, 126.694), (115.804, 143.061), (223.407, 127.834), (237, 86), (237, 86), (217.902, 27.2215), (186.773, 4.60514)))
(((225.147, 127.588), (115.804, 143.061), (116.932, 223.172), (143.421, 236.077), (247.958, 204.44), (252, 192), (252, 192), (232.902, 133.221), (225.147, 127.588)))
(((248.92, 204.149), (143.421, 236.077), (146.997, 345.168), (238.306, 284.296), (256.318, 210.503), (255.902, 209.221), (248.92, 204.149)))
(((238.979, 405.064), (141.532, 380.944), (132.3, 426.181), (152.993, 475.564), (201.075, 518.776), (238.979, 405.064)))
(((313.129, 397.846), (314.078, 394.924), (238.306, 284.296), (146.997, 345.168), (134.359, 363.566), (141.532, 380.944), (238.979, 405.064), (313.129, 397.846)))
(((313.459, 397.814), (238.979, 405.064), (201.075, 518.776), (225.076, 557.106), (270.902, 557.106), (320.902, 520.779), (340, 462), (340, 462), (320.902, 403.221), (313.459, 397.814)))
(((255.093, 215.523), (238.306, 284.296), (313.518, 394.106), (332.902, 394.106), (382.902, 357.779), (402, 299), (402, 299), (382.902, 240.221), (332.902, 203.894), (271.098, 203.894), (255.093, 215.523)))
