(((-292.718, -546.643), (-303, -515), (-283.902, -456.221), (-278.374, -452.205), (-170.566, -509.104), (-183.062, -537.505), (-292.718, -546.643)))
(((-263.946, -705.824), (-281.902, -692.779), (-301, -634), (-288.654, -596.003), (-183.022, -598.978), (-170.5, -611.5), (-190.512, -659.529), (-263.946, -705.824)))
(((-288.273, -596.013), (-299, -563), (-293.712, -546.726), (-183.062, -537.505), (-169.681, -561.18), (-183.022, -598.978), (-288.273, -596.013)))
(((-271.939, -217.384), (-276.902, -213.779), (-296, -155), (-276.902, -96.2215), (-272.405, -92.9545), (-164.117, -130.179), (-155.366, -161.681), (-165.165, -190.701), (-194.793, -206.795), (-271.939, -217.384)))
(((-279.31, -412.135), (-293, -370), (-273.902, -311.221), (-266.459, -305.814), (-226.75, -309.679), (-164.428, -360.816), (-166.167, -393.278), (-279.31, -412.135)))
(((-275.745, -453.593), (-275.065, -451.5), (-160.404, -451.5), (-155.632, -501.123), (-170.566, -509.104), (-275.745, -453.593)))
(((-275.065, -451.5), (-284, -424), (-280.193, -412.282), (-166.167, -393.278), (-147, -410.941), (-147, -437.56), (-160.404, -451.5), (-275.065, -451.5)))
(((-266.129, -305.846), (-282, -257), (-268.997, -216.98), (-194.793, -206.795), (-146.945, -275.15), (-158.42, -290.288), (-226.75, -309.679), (-266.129, -305.846)))
(((-273.486, -92.5831), (-274, -91), (-254.902, -32.2215), (-204.902, 4.10565), (-167.816, 4.10565), (-150.068, -114.214), (-164.117, -130.179), (-273.486, -92.5831)))
(((-253.808, -735.988), (-263.666, -705.648), (-190.512, -659.529), (-126.302, -674.028), (-118.406, -681.318), (-119.47, -700.305), (-253.808, -735.988)))
(((-126.302, -674.028), (-190.512, -659.529), (-170.5, -611.5), (-156.542, -614.99), (-126.302, -674.028)))
(((-126.316, -339.038), (-164.428, -360.816), (-226.75, -309.679), (-158.42, -290.288), (-126.316, -339.038)))
(((-149.122, -839.106), (-185.902, -839.106), (-235.902, -802.779), (-255, -744), (-252.263, -735.578), (-119.47, -700.305), (-113.847, -709.03), (-149.122, -839.106)))
(((-118.199, -555.329), (-169.681, -561.18), (-183.062, -537.505), (-170.566, -509.104), (-155.632, -501.123), (-131.918, -509.027), (-118.199, -555.329)))
(((-109.535, -243.28), (-123.707, -264.215), (-146.945, -275.15), (-194.793, -206.795), (-165.165, -190.701), (-118.107, -218.936), (-109.535, -243.28)))
(((-104.009, -588.164), (-156.542, -614.99), (-170.5, -611.5), (-183.022, -598.978), (-169.681, -561.18), (-118.199, -555.329), (-110.371, -561.722), (-102.422, -584.147), (-104.009, -588.164)))
(((-104.525, -350.942), (-114.387, -393.675), (-147, -410.941), (-166.167, -393.278), (-164.428, -360.816), (-126.316, -339.038), (-111.702, -342.639), (-104.525, -350.942)))
(((-168.341, 7.60684), (-164.902, 10.1057), (-124.558, 10.1057), (-97.2615, -15.9385), (-85.686, -77.6747), (-94.8112, -103.162), (-150.068, -114.214), (-168.341, 7.60684)))
(((-98.4422, -485.523), (-131.918, -509.027), (-155.632, -501.123), (-160.404, -451.5), (-147, -437.56), (-97.2911, -459.432), (-98.4422, -485.523)))
(((-118.406, -681.318), (-126.302, -674.028), (-156.542, -614.99), (-104.009, -588.164), (-87.7119, -650.095), (-118.406, -681.318)))
(((-79.9922, -153.488), (-155.366, -161.681), (-164.117, -130.179), (-150.068, -114.214), (-94.8112, -103.162), (-79.9463, -153.42), (-79.9922, -153.488)))
(((-111.702, -342.639), (-126.316, -339.038), (-158.42, -290.288), (-146.945, -275.15), (-123.707, -264.215), (-95.0056, -303.68), (-111.702, -342.639)))
(((-81.5673, -172.652), (-118.107, -218.936), (-165.165, -190.701), (-155.366, -161.681), (-79.9922, -153.488), (-81.5673, -172.652)))
(((-97.2911, -459.432), (-147, -437.56), (-147, -410.941), (-114.387, -393.675), (-95.9801, -405.474), (-83.2237, -447.222), (-97.2911, -459.432)))
(((-60.9246, -515.367), (-110.371, -561.722), (-118.199, -555.329), (-131.918, -509.027), (-98.4422, -485.523), (-60.9246, -515.367)))
(((-59.3072, -850.898), (-65.0983, -855.106), (-126.902, -855.106), (-149.089, -838.985), (-113.847, -709.03), (-70.1458, -727.338), (-59.3072, -850.898)))
(((-54.5875, -283.842), (-67.8726, -297.866), (-95.0056, -303.68), (-123.707, -264.215), (-109.535, -243.28), (-53.4893, -248.153), (-54.5875, -283.842)))
(((-51.6762, -388.069), (-95.9801, -405.474), (-114.387, -393.675), (-104.525, -350.942), (-66.5795, -355.158), (-51.6762, -388.069)))
(((-53.4893, -248.153), (-109.535, -243.28), (-118.107, -218.936), (-81.5673, -172.652), (-50.7968, -217.526), (-52.7657, -247.552), (-53.4893, -248.153)))
(((-66.5795, -355.158), (-104.525, -350.942), (-111.702, -342.639), (-95.0056, -303.68), (-67.8726, -297.866), (-58.0906, -345.145), (-66.5795, -355.158)))
(((-42.6703, -395.343), (-60.2289, -443.63), (-83.2237, -447.222), (-95.9801, -405.474), (-51.6762, -388.069), (-42.6703, -395.343)))
(((-54.377, -517.235), (-47.3867, -570.361), (-57.3865, -582.646), (-102.422, -584.147), (-110.371, -561.722), (-60.9246, -515.367), (-56.8777, -515.633), (-54.377, -517.235)))
(((-54.6322, -649.189), (-87.7119, -650.095), (-104.009, -588.164), (-102.422, -584.147), (-57.3865, -582.646), (-32.5023, -623.456), (-54.6322, -649.189)))
(((-36.3707, -714.611), (-70.1458, -727.338), (-113.847, -709.03), (-119.47, -700.305), (-118.406, -681.318), (-87.7119, -650.095), (-54.6322, -649.189), (-25.6894, -695.497), (-36.3707, -714.611)))
(((-60.9246, -515.367), (-98.4422, -485.523), (-97.2911, -459.432), (-83.2237, -447.222), (-60.2289, -443.63), (-38.1011, -459.303), (-56.8777, -515.633), (-60.9246, -515.367)))
(((-44.4683, -150.018), (-79.9463, -153.42), (-94.8112, -103.162), (-85.686, -77.6747), (-24.1924, -97.3003), (-44.4683, -150.018)))
(((-19.7308, -330.654), (-58.0906, -345.145), (-67.8726, -297.866), (-54.5875, -283.842), (-15.8482, -314.606), (-19.7308, -330.654)))
(((-10.3381, -179.957), (-50.7968, -217.526), (-81.5673, -172.652), (-79.9922, -153.488), (-79.9463, -153.42), (-44.4683, -150.018), (-11.6531, -168.122), (-10.3381, -179.957)))
(((-6.30387, -848.802), (-8.0983, -850.106), (-59.3767, -850.106), (-70.1458, -727.338), (-36.3707, -714.611), (0.926025, -765.142), (-6.30387, -848.802)))
(((-24.1924, -97.3003), (-85.686, -77.6747), (-97.2615, -15.9385), (-32.2658, -21.6525), (-7.43827, -90.8148), (-24.1924, -97.3003)))
(((-15.4143, -394.542), (-42.6703, -395.343), (-51.6762, -388.069), (-66.5795, -355.158), (-58.0906, -345.145), (-19.7308, -330.654), (2.8913, -364.587), (-15.4143, -394.542)))
(((-0.74821, -564.531), (-47.3867, -570.361), (-54.377, -517.235), (-10.4677, -519.468), (-0.74821, -564.531)))
(((-5.88431, -408.7), (-16.3852, -458.58), (-38.1011, -459.303), (-60.2289, -443.63), (-42.6703, -395.343), (-15.4143, -394.542), (-5.88431, -408.7)))
(((-125.902, 11.3884), (-130, 24), (-110.902, 82.7785), (-72.8382, 110.433), (12.327, 18.3627), (-8.43718, -12.0591), (-32.2658, -21.6525), (-97.2615, -15.9385), (-125.902, 11.3884)))
(((9.37342, -499.627), (-10.4677, -519.468), (-54.377, -517.235), (-56.8777, -515.633), (-38.1011, -459.303), (-16.3852, -458.58), (6.95361, -474.737), (9.37342, -499.627)))
(((8.8127, -573.155), (-23.4558, -622.259), (-32.5023, -623.456), (-57.3865, -582.646), (-47.3867, -570.361), (-0.74821, -564.531), (8.8127, -573.155)))
(((-15.8482, -314.606), (-54.5875, -283.842), (-53.4893, -248.153), (-52.7657, -247.552), (-37.2668, -248.014), (1.73645, -264.972), (-9.17757, -309.841), (-15.8482, -314.606)))
(((10.7286, -206.875), (-37.2668, -248.014), (-52.7657, -247.552), (-50.7968, -217.526), (-10.3381, -179.957), (10.7286, -206.875)))
(((15.0826, -683.505), (-25.6894, -695.497), (-54.6322, -649.189), (-32.5023, -623.456), (-23.4558, -622.259), (8.89259, -640.949), (15.0826, -683.505)))
(((-2.63144, -91.7635), (16.8451, -145.324), (-11.6531, -168.122), (-44.4683, -150.018), (-24.1924, -97.3003), (-7.43827, -90.8148), (-2.63144, -91.7635)))
(((37.8203, -241.044), (11.7963, -261.863), (1.73645, -264.972), (-37.2668, -248.014), (10.7286, -206.875), (32.774, -217.705), (37.8203, -241.044)))
(((37.6122, -72.3124), (-2.63144, -91.7635), (-7.43827, -90.8148), (-32.2658, -21.6525), (-8.43718, -12.0591), (41.1057, -58.6877), (37.6122, -72.3124)))
(((33.0385, -732.184), (0.926025, -765.142), (-36.3707, -714.611), (-25.6894, -695.497), (15.0826, -683.505), (26.025, -688.544), (33.0385, -732.184)))
(((43.1754, -427.649), (35.1355, -452.192), (6.95361, -474.737), (-16.3852, -458.58), (-5.88431, -408.7), (41.0762, -423.99), (43.1754, -427.649)))
(((57.5303, -602.828), (8.89259, -640.949), (-23.4558, -622.259), (8.8127, -573.155), (50.7999, -579.396), (57.5303, -602.828)))
(((-73.6522, 111.313), (-70.9017, 119.779), (-20.9017, 156.106), (40.9017, 156.106), (61.3598, 141.242), (24.8455, 21.9618), (12.327, 18.3627), (-73.6522, 111.313)))
(((26.8333, -361.167), (2.8913, -364.587), (-19.7308, -330.654), (-15.8482, -314.606), (-9.17757, -309.841), (28.502, -311.725), (48.6269, -340.794), (26.8333, -361.167)))
(((28.502, -311.725), (-9.17757, -309.841), (1.73645, -264.972), (11.7963, -261.863), (32.3201, -300.858), (28.502, -311.725)))
(((74.241, -538), (50.7999, -579.396), (8.8127, -573.155), (-0.74821, -564.531), (-10.4677, -519.468), (9.37342, -499.627), (67.0911, -524.812), (74.241, -538)))
(((41.0762, -423.99), (-5.88431, -408.7), (-15.4143, -394.542), (2.8913, -364.587), (26.8333, -361.167), (45.4365, -398.373), (41.0762, -423.99)))
(((56.2976, -191.312), (32.774, -217.705), (10.7286, -206.875), (-10.3381, -179.957), (-11.6531, -168.122), (16.8451, -145.324), (39.4668, -146.695), (59.8838, -172.485), (56.2976, -191.312)))
(((65.2535, -106.173), (39.4668, -146.695), (16.8451, -145.324), (-2.63144, -91.7635), (37.6122, -72.3124), (65.2535, -106.173)))
(((82.5116, -23.416), (41.1057, -58.6877), (-8.43718, -12.0591), (12.327, 18.3627), (24.8455, 21.9618), (69.2395, 4.20418), (82.5116, -23.416)))
(((56.1749, -252.478), (55.4712, -282.74), (32.3201, -300.858), (11.7963, -261.863), (37.8203, -241.044), (56.1749, -252.478)))
(((68.9628, -614.439), (44.8954, -682.63), (26.025, -688.544), (15.0826, -683.505), (8.89259, -640.949), (57.5303, -602.828), (68.9628, -614.439)))
(((-5.95099, -844.719), (0.926025, -765.142), (33.0385, -732.184), (76.9995, -748.085), (41.32, -857.106), (11.0983, -857.106), (-5.95099, -844.719)))
(((67.0911, -524.812), (9.37342, -499.627), (6.95361, -474.737), (35.1355, -452.192), (73.8478, -484.948), (67.0911, -524.812)))
(((65.8053, -339.853), (48.6269, -340.794), (28.502, -311.725), (32.3201, -300.858), (55.4712, -282.74), (84.4272, -315.645), (65.8053, -339.853)))
(((88.1306, -376.172), (45.4365, -398.373), (26.8333, -361.167), (48.6269, -340.794), (65.8053, -339.853), (87.7917, -371.833), (88.1306, -376.172)))
(((109.185, -716.225), (104.144, -732.216), (76.9995, -748.085), (33.0385, -732.184), (26.025, -688.544), (44.8954, -682.63), (93.8179, -694.193), (105.591, -704.545), (109.185, -716.225)))
(((61.3181, 141.106), (89.9017, 141.106), (128.653, 112.951), (128.371, 111.907), (69.2395, 4.20418), (24.8455, 21.9618), (61.3181, 141.106)))
(((95.8188, -462.367), (73.8478, -484.948), (35.1355, -452.192), (43.1754, -427.649), (78.2346, -429.596), (95.8188, -462.367)))
(((102.563, -400.707), (78.2346, -429.596), (43.1754, -427.649), (41.0762, -423.99), (45.4365, -398.373), (88.1306, -376.172), (102.563, -400.707)))
(((88.139, -622.261), (93.8179, -694.193), (44.8954, -682.63), (68.9628, -614.439), (88.139, -622.261)))
(((103.957, -247.426), (102.5, -248.742), (56.1749, -252.478), (37.8203, -241.044), (32.774, -217.705), (56.2976, -191.312), (110.027, -222.809), (103.957, -247.426)))
(((99.475, -160.607), (59.8838, -172.485), (39.4668, -146.695), (65.2535, -106.173), (102.402, -108.905), (99.475, -160.607)))
(((102.5, -307.774), (84.4272, -315.645), (55.4712, -282.74), (56.1749, -252.478), (102.5, -248.742), (102.5, -307.774)))
(((102.402, -108.905), (65.2535, -106.173), (37.6122, -72.3124), (41.1057, -58.6877), (82.5116, -23.416), (111.573, -33.3162), (103.558, -108.123), (102.402, -108.905)))
(((110.027, -222.809), (56.2976, -191.312), (59.8838, -172.485), (99.475, -160.607), (115.609, -173.652), (112.92, -219.361), (110.027, -222.809)))
(((130.074, -873.528), (127.902, -875.106), (66.0983, -875.106), (41.3206, -857.104), (76.9995, -748.085), (104.144, -732.216), (139.431, -785.147), (130.074, -873.528)))
(((144.274, -547.938), (122.314, -618.984), (88.139, -622.261), (68.9628, -614.439), (57.5303, -602.828), (50.7999, -579.396), (74.241, -538), (126.735, -538), (144.274, -547.938)))
(((129.451, -468.738), (126.735, -538), (74.241, -538), (67.0911, -524.812), (73.8478, -484.948), (95.8188, -462.367), (127.062, -464.522), (129.451, -468.738)))
(((143.82, -324.539), (137.529, -343.412), (87.7917, -371.833), (65.8053, -339.853), (84.4272, -315.645), (102.5, -307.774), (143.584, -323.678), (143.82, -324.539)))
(((143.841, -425.37), (127.062, -464.522), (95.8188, -462.367), (78.2346, -429.596), (102.563, -400.707), (130.935, -406.656), (143.841, -425.37)))
(((151.196, -643.739), (105.591, -704.545), (93.8179, -694.193), (88.139, -622.261), (122.314, -618.984), (151.196, -643.739)))
(((129.119, -28.7941), (111.573, -33.3162), (82.5116, -23.416), (69.2395, 4.20418), (128.371, 111.907), (134.376, -23.2036), (129.119, -28.7941)))
(((130.935, -406.656), (102.563, -400.707), (88.1306, -376.172), (87.7917, -371.833), (137.529, -343.412), (144.123, -379.679), (130.935, -406.656)))
(((163.77, -161.13), (115.609, -173.652), (99.475, -160.607), (102.402, -108.905), (103.558, -108.123), (126.993, -111.007), (159.15, -136.105), (163.77, -161.13)))
(((143.584, -323.678), (102.5, -307.774), (102.5, -248.742), (103.957, -247.426), (141.389, -261.889), (150.648, -312.811), (143.584, -323.678)))
(((164.947, -73.0526), (126.993, -111.007), (103.558, -108.123), (111.573, -33.3162), (129.119, -28.7941), (164.947, -73.0526)))
(((176.216, -182.633), (161.221, -213.873), (112.92, -219.361), (115.609, -173.652), (163.77, -161.13), (175.906, -171.308), (176.216, -182.633)))
(((176.071, -247.286), (141.389, -261.889), (103.957, -247.426), (110.027, -222.809), (112.92, -219.361), (161.221, -213.873), (176.071, -247.286)))
(((193.083, -685.834), (169.962, -715.159), (109.185, -716.225), (105.591, -704.545), (151.196, -643.739), (173.937, -645.855), (193.083, -685.834)))
(((182.591, -755.415), (139.431, -785.147), (104.144, -732.216), (109.185, -716.225), (169.962, -715.159), (182.591, -755.415)))
(((177.818, -546.684), (144.274, -547.938), (126.735, -538), (129.451, -468.738), (181.264, -481.691), (185.611, -542.559), (177.818, -546.684)))
(((212.069, 96.0941), (175.687, -9.22125), (134.376, -23.2036), (128.371, 111.907), (129.237, 115.106), (185.902, 115.106), (212.069, 96.0941)))
(((173.937, -645.855), (151.196, -643.739), (122.314, -618.984), (144.274, -547.938), (177.818, -546.684), (186.244, -630.944), (173.937, -645.855)))
(((190.472, -100.463), (159.15, -136.105), (126.993, -111.007), (164.947, -73.0526), (183.904, -78.9358), (190.472, -100.463)))
(((192.806, -287.517), (150.648, -312.811), (141.389, -261.889), (176.071, -247.286), (179.753, -249.127), (192.806, -287.517)))
(((198.336, -456.616), (181.264, -481.691), (129.451, -468.738), (127.062, -464.522), (143.841, -425.37), (177.382, -426.418), (198.336, -456.616)))
(((199.783, -377.824), (144.123, -379.679), (137.529, -343.412), (143.82, -324.539), (197.375, -354.43), (199.783, -377.824)))
(((203.78, -385.061), (177.382, -426.418), (143.841, -425.37), (130.935, -406.656), (144.123, -379.679), (199.783, -377.824), (203.78, -385.061)))
(((183.904, -78.9358), (164.947, -73.0526), (129.119, -28.7941), (134.376, -23.2036), (175.687, -9.22125), (220.532, -41.3924), (183.904, -78.9358)))
(((231.959, -870.26), (212.902, -884.106), (151.098, -884.106), (130.535, -869.166), (139.431, -785.147), (182.591, -755.415), (197.778, -760.395), (231.959, -870.26)))
(((197.375, -354.43), (143.82, -324.539), (143.584, -323.678), (150.648, -312.811), (192.806, -287.517), (197.051, -289.092), (218.928, -328.088), (197.375, -354.43)))
(((209.78, -233.747), (179.753, -249.127), (176.071, -247.286), (161.221, -213.873), (176.216, -182.633), (217.437, -219.098), (209.78, -233.747)))
(((231.173, -145.93), (224.903, -154.159), (175.906, -171.308), (163.77, -161.13), (159.15, -136.105), (190.472, -100.463), (231.746, -123.295), (231.173, -145.93)))
(((231.717, -742.342), (197.778, -760.395), (182.591, -755.415), (169.962, -715.159), (193.083, -685.834), (224.526, -693.8), (231.717, -742.342)))
(((243.682, -549.955), (245.278, -580.278), (225.722, -621.941), (186.244, -630.944), (177.818, -546.684), (185.611, -542.559), (231.695, -543.428), (243.682, -549.955)))
(((239.732, -458.244), (231.695, -543.428), (185.611, -542.559), (181.264, -481.691), (198.336, -456.616), (239.326, -457.858), (239.732, -458.244)))
(((309.542, 2.40957), (260.875, -37.6396), (220.532, -41.3924), (175.687, -9.22125), (212.073, 96.1057), (240.902, 96.1057), (290.902, 59.7785), (309.542, 2.40957)))
(((238.222, -270.09), (197.051, -289.092), (192.806, -287.517), (179.753, -249.127), (209.78, -233.747), (238.222, -270.09)))
(((241.984, -406.469), (239.326, -457.858), (198.336, -456.616), (177.382, -426.418), (203.78, -385.061), (236.105, -394.711), (241.984, -406.469)))
(((240.618, -209.164), (217.437, -219.098), (176.216, -182.633), (175.906, -171.308), (224.903, -154.159), (240.618, -209.164)))
(((251.877, -101.52), (231.746, -123.295), (190.472, -100.463), (183.904, -78.9358), (220.532, -41.3924), (260.875, -37.6396), (251.877, -101.52)))
(((224.526, -693.8), (193.083, -685.834), (173.937, -645.855), (186.244, -630.944), (225.722, -621.941), (270.772, -669.641), (224.526, -693.8)))
(((231.911, -870.106), (197.778, -760.395), (231.717, -742.342), (257.075, -755.712), (251.158, -870.106), (231.911, -870.106)))
(((260.945, -325.952), (218.928, -328.088), (197.051, -289.092), (238.222, -270.09), (253.749, -271.452), (263.956, -320.789), (260.945, -325.952)))
(((268.557, -356.85), (236.105, -394.711), (203.78, -385.061), (199.783, -377.824), (197.375, -354.43), (218.928, -328.088), (260.945, -325.952), (268.557, -356.85)))
(((269.113, -253.356), (253.749, -271.452), (238.222, -270.09), (209.78, -233.747), (217.437, -219.098), (240.618, -209.164), (257.904, -215.115), (269.113, -253.356)))
(((294.617, -184.242), (257.904, -215.115), (240.618, -209.164), (224.903, -154.159), (231.173, -145.93), (291.903, -167.053), (294.617, -184.242)))
(((271.429, -669.648), (290.644, -710.641), (268.885, -749.808), (257.075, -755.712), (231.717, -742.342), (224.526, -693.8), (270.772, -669.641), (271.429, -669.648)))
(((287.749, -655.167), (271.429, -669.648), (270.772, -669.641), (225.722, -621.941), (245.278, -580.278), (292.098, -627.098), (287.749, -655.167)))
(((359.705, -484.86), (317.375, -534.001), (243.682, -549.955), (231.695, -543.428), (239.732, -458.244), (345.195, -469.101), (356.487, -474.956), (359.705, -484.86)))
(((345.195, -469.101), (239.732, -458.244), (239.326, -457.858), (241.984, -406.469), (299.6, -413.247), (345.195, -469.101)))
(((291.903, -167.053), (231.173, -145.93), (231.746, -123.295), (251.877, -101.52), (313.042, -129.75), (291.903, -167.053)))
(((299.6, -413.247), (241.984, -406.469), (236.105, -394.711), (268.557, -356.85), (293.794, -369.706), (299.6, -413.247)))
(((324.345, -589.759), (292.098, -627.098), (245.278, -580.278), (243.682, -549.955), (317.375, -534.001), (324.345, -589.759)))
(((251.115, -870.938), (257.075, -755.712), (268.885, -749.808), (303, -766.348), (303, -873.106), (254.098, -873.106), (251.115, -870.938)))
(((317.816, -306.825), (263.956, -320.789), (253.749, -271.452), (269.113, -253.356), (300.176, -255.861), (322.176, -292.003), (317.816, -306.825)))
(((306.742, 0.105652), (317.41, 0.105652), (330.049, -119.965), (313.042, -129.75), (251.877, -101.52), (260.875, -37.6396), (306.742, 0.105652)))
(((316.526, -199.5), (308.131, -246.268), (300.176, -255.861), (269.113, -253.356), (257.904, -215.115), (294.617, -184.242), (316.526, -199.5)))
(((332.099, -748.713), (303, -766.348), (268.885, -749.808), (290.644, -710.641), (312.811, -718.298), (332.099, -748.713)))
(((327.523, -356.789), (293.794, -369.706), (268.557, -356.85), (260.945, -325.952), (263.956, -320.789), (317.816, -306.825), (330.686, -327.266), (327.523, -356.789)))
(((358.386, -475.941), (345.195, -469.101), (299.6, -413.247), (293.794, -369.706), (327.523, -356.789), (405.372, -428.942), (399.902, -445.779), (358.386, -475.941)))
(((350.027, -690.066), (312.811, -718.298), (290.644, -710.641), (271.429, -669.648), (287.749, -655.167), (342.639, -662.485), (350.027, -690.066)))
(((410.643, -809.875), (401.902, -836.779), (351.902, -873.106), (303, -873.106), (303, -766.348), (332.099, -748.713), (367.809, -761.424), (410.643, -809.875)))
(((342.639, -662.485), (287.749, -655.167), (292.098, -627.098), (324.345, -589.759), (375.119, -627.839), (342.639, -662.485)))
(((381.87, -240.806), (308.131, -246.268), (316.526, -199.5), (347.853, -199.5), (381.87, -240.806)))
(((347.853, -199.5), (316.526, -199.5), (294.617, -184.242), (291.903, -167.053), (313.042, -129.75), (330.049, -119.965), (330.523, -120.164), (359.874, -170.306), (347.853, -199.5)))
(((402.27, -255.293), (322.176, -292.003), (300.176, -255.861), (308.131, -246.268), (381.87, -240.806), (402.27, -255.293)))
(((367.809, -761.424), (332.099, -748.713), (312.811, -718.298), (350.027, -690.066), (365.329, -701.89), (367.809, -761.424)))
(((450.029, -321.299), (330.686, -327.266), (317.816, -306.825), (322.176, -292.003), (402.27, -255.293), (441.463, -264.338), (455, -306), (455, -306), (450.029, -321.299)))
(((405.052, -428.645), (327.523, -356.789), (330.686, -327.266), (448.991, -321.35), (457, -346), (457, -346), (437.902, -404.779), (405.052, -428.645)))
(((452.343, -617.875), (375.119, -627.839), (324.345, -589.759), (317.375, -534.001), (357.952, -486.894), (394.902, -486.894), (444.902, -523.221), (464, -582), (464, -582), (452.343, -617.875)))
(((459.366, -104.341), (330.523, -120.164), (330.049, -119.965), (317.813, -3.72611), (334.098, 8.10565), (395.902, 8.10565), (445.902, -28.2215), (465, -87), (465, -87), (459.366, -104.341)))
(((471.514, -145.497), (359.874, -170.306), (330.523, -120.164), (459.124, -104.371), (472, -144), (472, -144), (471.514, -145.497)))
(((473.068, -665.977), (365.329, -701.89), (350.027, -690.066), (342.639, -662.485), (375.119, -627.839), (457.234, -617.244), (473.068, -665.977)))
(((440.436, -264.101), (402.27, -255.293), (381.87, -240.806), (347.853, -199.5), (359.874, -170.306), (468.111, -146.253), (482, -189), (482, -189), (462.902, -247.779), (440.436, -264.101)))
(((412.615, -812.106), (367.809, -761.424), (365.329, -701.89), (473.387, -665.871), (490, -717), (490, -717), (470.902, -775.779), (420.902, -812.106), (412.615, -812.106)))
