(((-241.897, -402.844), (-281.902, -373.779), (-301, -315), (-281.902, -256.221), (-264.018, -243.228), (-221.01, -250.456), (-197.294, -264.265), (-163.017, -318.895), (-209.726, -382.371), (-241.897, -402.844)))
(((-280.461, -196.826), (-281.902, -195.779), (-301, -137), (-281.902, -78.2215), (-257.692, -60.6318), (-179.493, -108.854), (-187.812, -165.419), (-280.461, -196.826)))
(((-265.749, -242.937), (-280.705, -196.908), (-187.812, -165.419), (-146.672, -176.085), (-143.097, -199.813), (-221.01, -250.456), (-265.749, -242.937)))
(((-134.595, -124.555), (-141.487, -168.97), (-146.672, -176.085), (-187.812, -165.419), (-179.493, -108.854), (-140.826, -110.639), (-134.595, -124.555)))
(((-258.516, -60.1232), (-244.902, -18.2215), (-194.902, 18.1057), (-135.051, 18.1057), (-133.17, -96.6392), (-140.826, -110.639), (-179.493, -108.854), (-258.516, -60.1232)))
(((-134.462, -207.771), (-137.098, -257.861), (-197.294, -264.265), (-221.01, -250.456), (-143.097, -199.813), (-134.462, -207.771)))
(((-134.408, -318.089), (-163.017, -318.895), (-197.294, -264.265), (-137.098, -257.861), (-121.012, -269.658), (-134.408, -318.089)))
(((-109.506, -339.071), (-129.078, -377.433), (-209.726, -382.371), (-163.017, -318.895), (-134.408, -318.089), (-110.805, -336.402), (-109.506, -339.071)))
(((-244.51, -404.507), (-209.726, -382.371), (-129.078, -377.433), (-109.053, -415.815), (-138.618, -472.412), (-176.503, -497.669), (-225.902, -461.779), (-244.51, -404.507)))
(((-96.0358, -263.629), (-121.012, -269.658), (-137.098, -257.861), (-134.462, -207.771), (-94.6395, -214.533), (-90.5088, -255.014), (-96.0358, -263.629)))
(((-96.1393, -167.636), (-141.487, -168.97), (-134.595, -124.555), (-89.8017, -134.892), (-96.1393, -167.636)))
(((-84.5286, -206.107), (-94.6395, -214.533), (-134.462, -207.771), (-143.097, -199.813), (-146.672, -176.085), (-141.487, -168.97), (-96.1393, -167.636), (-82.6105, -182.132), (-84.5286, -206.107)))
(((-77.9247, -293.06), (-110.805, -336.402), (-134.408, -318.089), (-121.012, -269.658), (-96.0358, -263.629), (-77.9247, -293.06)))
(((-135.054, 18.2688), (-133.902, 19.1057), (-115.011, 19.1057), (-101.402, 10.1816), (-74.7602, -63.4005), (-86.5, -92.75), (-133.17, -96.6392), (-135.054, 18.2688)))
(((-69.1722, -124.806), (-89.8017, -134.892), (-134.595, -124.555), (-140.826, -110.639), (-133.17, -96.6392), (-86.5, -92.75), (-69.1722, -124.806)))
(((-80.0714, -405.5), (-109.053, -415.815), (-129.078, -377.433), (-109.506, -339.071), (-66.1667, -356.833), (-80.0714, -405.5)))
(((-167.284, 395.054), (-179.902, 404.221), (-199, 463), (-179.902, 521.779), (-146.488, 546.055), (-79.9576, 510.174), (-60.3873, 441.102), (-167.284, 395.054)))
(((-123.514, -700.028), (-167.902, -667.779), (-187, -609), (-167.902, -550.221), (-166.101, -548.913), (-51.0642, -559.975), (-24.9367, -587.695), (-123.514, -700.028)))
(((-37.2261, -470.899), (-138.618, -472.412), (-109.053, -415.815), (-80.0714, -405.5), (-48.2595, -425.294), (-37.2261, -470.899)))
(((-51.8863, -162.929), (-82.6105, -182.132), (-96.1393, -167.636), (-89.8017, -134.892), (-69.1722, -124.806), (-63.6075, -126.091), (-51.8863, -162.929)))
(((-162.623, -549.248), (-177, -505), (-174.097, -496.064), (-138.618, -472.412), (-37.2261, -470.899), (-27.6494, -478.023), (-51.0642, -559.975), (-162.623, -549.248)))
(((-66.1667, -356.833), (-109.506, -339.071), (-110.805, -336.402), (-77.9247, -293.06), (-54.6957, -298.11), (-48.5287, -311.912), (-64.8039, -356.397), (-66.1667, -356.833)))
(((-146.63, 335.391), (-151.902, 339.221), (-169.704, 394.012), (-60.3873, 441.102), (-17.284, 424.282), (-18.0841, 415.214), (-66.6901, 356.375), (-146.63, 335.391)))
(((-42.4968, -231.154), (-47.4613, -250.599), (-90.5088, -255.014), (-94.6395, -214.533), (-84.5286, -206.107), (-47.3367, -214.56), (-42.4968, -231.154)))
(((-35.4831, -269.675), (-54.6957, -298.11), (-77.9247, -293.06), (-96.0358, -263.629), (-90.5088, -255.014), (-47.4613, -250.599), (-35.4831, -269.675)))
(((-38.7891, -84.8562), (-51.4295, -119.166), (-63.6075, -126.091), (-69.1722, -124.806), (-86.5, -92.75), (-74.7602, -63.4005), (-40.6512, -79.994), (-38.7891, -84.8562)))
(((-23.6016, -184.495), (-47.3367, -214.56), (-84.5286, -206.107), (-82.6105, -182.132), (-51.8863, -162.929), (-23.802, -177.582), (-23.6016, -184.495)))
(((-139.958, 190.549), (-157, 243), (-142.128, 288.772), (-27.4215, 278.066), (-20.0196, 227.733), (-57.8267, 194.827), (-139.958, 190.549)))
(((-114.045, 74.5216), (-132.902, 88.2215), (-152, 147), (-137.814, 190.661), (-57.8267, 194.827), (-10.5556, 147.556), (-55.545, 91.3188), (-114.045, 74.5216)))
(((-149.617, 547.743), (-151, 552), (-131.902, 610.779), (-81.9017, 647.106), (-20.0983, 647.106), (-0.992912, 633.225), (28.0746, 563.947), (25.3571, 547.643), (6.8631, 524.644), (-79.9576, 510.174), (-149.617, 547.743)))
(((-15.719, -374.876), (-20.4419, -393.767), (-48.2595, -425.294), (-80.0714, -405.5), (-66.1667, -356.833), (-64.8039, -356.397), (-16.7872, -370.002), (-15.719, -374.876)))
(((-140.452, 288.616), (-150, 318), (-144.137, 336.045), (-66.6901, 356.375), (-12.2274, 323.957), (-10.2674, 294.164), (-27.4215, 278.066), (-140.452, 288.616)))
(((-16.9257, -43.7813), (-40.6512, -79.994), (-74.7602, -63.4005), (-101.402, 10.1816), (-60.9481, 1.36989), (-16.9257, -43.7813)))
(((0.758373, 438.16), (-17.284, 424.282), (-60.3873, 441.102), (-79.9576, 510.174), (6.8631, 524.644), (0.758373, 438.16)))
(((61.7854, -652.66), (42.9017, -710.779), (-7.0983, -747.106), (-68.9017, -747.106), (-118.902, -710.779), (-122.697, -699.097), (-24.9367, -587.695), (-19.0982, -589.47), (61.7854, -652.66)))
(((-23.802, -177.582), (-51.8863, -162.929), (-63.6075, -126.091), (-51.4295, -119.166), (-11.8776, -128.787), (-14.6979, -168.271), (-23.802, -177.582)))
(((-16.7872, -370.002), (-64.8039, -356.397), (-48.5287, -311.912), (-16.4483, -317.259), (-14.9652, -367.683), (-16.7872, -370.002)))
(((4.03593, -300.871), (-16.4483, -317.259), (-48.5287, -311.912), (-54.6957, -298.11), (-35.4831, -269.675), (-15.0123, -272.037), (-4.77454, -279.894), (4.03593, -300.871)))
(((5.43267, -114.506), (-11.8776, -128.787), (-51.4295, -119.166), (-38.7891, -84.8562), (3.93842, -96.8733), (5.43267, -114.506)))
(((11.9303, 357.255), (-12.2274, 323.957), (-66.6901, 356.375), (-18.0841, 415.214), (11.9303, 357.255)))
(((-114.059, 18.481), (-123, 46), (-113.701, 74.6206), (-55.545, 91.3188), (10.5632, 68.5602), (23.2697, 25.8202), (-60.9481, 1.36989), (-101.402, 10.1816), (-114.059, 18.481)))
(((-15.0123, -272.037), (-35.4831, -269.675), (-47.4613, -250.599), (-42.4968, -231.154), (-1.90506, -232.715), (-15.0123, -272.037)))
(((-1.90506, -232.715), (-42.4968, -231.154), (-47.3367, -214.56), (-23.6016, -184.495), (-3.72234, -203.753), (1.30569, -230.33), (-1.90506, -232.715)))
(((-1.83311, -474.051), (-27.6494, -478.023), (-37.2261, -470.899), (-48.2595, -425.294), (-20.4419, -393.767), (19.2594, -448.357), (-1.83311, -474.051)))
(((3.93842, -96.8733), (-38.7891, -84.8562), (-40.6512, -79.994), (-16.9257, -43.7813), (-12.7083, -44.5812), (11.153, -83.5129), (3.93842, -96.8733)))
(((33.6935, 189.078), (-0.487754, 148.538), (-10.5556, 147.556), (-57.8267, 194.827), (-20.0196, 227.733), (30.8857, 211.03), (33.6935, 189.078)))
(((26.8356, 23.443), (14.2285, -30.7674), (-12.7083, -44.5812), (-16.9257, -43.7813), (-60.9481, 1.36989), (23.2697, 25.8202), (26.8356, 23.443)))
(((10.5632, 68.5602), (-55.545, 91.3188), (-10.5556, 147.556), (-0.487754, 148.538), (38.1042, 105.988), (10.5632, 68.5602)))
(((26.4608, -503.5), (25.3114, -532.81), (-19.0982, -589.47), (-24.9367, -587.695), (-51.0642, -559.975), (-27.6494, -478.023), (-1.83311, -474.051), (26.4608, -503.5)))
(((42.9515, -339.368), (-14.9652, -367.683), (-16.4483, -317.259), (4.03593, -300.871), (23.7209, -308.605), (42.4538, -329.04), (42.9515, -339.368)))
(((19.2594, -448.357), (-20.4419, -393.767), (-15.719, -374.876), (24.9887, -397.944), (33.2925, -439.463), (19.2594, -448.357)))
(((28.5656, -254.131), (-4.77454, -279.894), (-15.0123, -272.037), (-1.90506, -232.715), (1.30569, -230.33), (18.9795, -234.959), (28.5656, -254.131)))
(((23.9706, -165.441), (-14.6979, -168.271), (-11.8776, -128.787), (5.43267, -114.506), (26.0755, -126.433), (30.1098, -154), (23.9706, -165.441)))
(((38.1071, -193.714), (-3.72234, -203.753), (-23.6016, -184.495), (-23.802, -177.582), (-14.6979, -168.271), (23.9706, -165.441), (38.1071, -193.714)))
(((59.0671, 245.592), (30.8857, 211.03), (-20.0196, 227.733), (-27.4215, 278.066), (-10.2674, 294.164), (39.5803, 283.483), (59.0671, 245.592)))
(((45.3769, -69.3769), (11.153, -83.5129), (-12.7083, -44.5812), (14.2285, -30.7674), (46.0249, -55.9853), (45.3769, -69.3769)))
(((49.2647, -203.412), (18.9795, -234.959), (1.30569, -230.33), (-3.72234, -203.753), (38.1071, -193.714), (49.5, -202), (49.2647, -203.412)))
(((46.1955, -343.407), (50.2819, -371.501), (24.9887, -397.944), (-15.719, -374.876), (-16.7872, -370.002), (-14.9652, -367.683), (42.9515, -339.368), (46.1955, -343.407)))
(((45.2129, -262.039), (23.7209, -308.605), (4.03593, -300.871), (-4.77454, -279.894), (28.5656, -254.131), (45.2129, -262.039)))
(((68.9361, 330.97), (39.5803, 283.483), (-10.2674, 294.164), (-12.2274, 323.957), (11.9303, 357.255), (59.0339, 353.687), (68.9361, 330.97)))
(((59.0339, 353.687), (11.9303, 357.255), (-18.0841, 415.214), (-17.284, 424.282), (0.758373, 438.16), (49.4966, 429.559), (78.1196, 397.226), (59.0339, 353.687)))
(((57.8633, -114.206), (26.0755, -126.433), (5.43267, -114.506), (3.93842, -96.8733), (11.153, -83.5129), (45.3769, -69.3769), (49.9194, -73.9194), (60.1874, -108.673), (57.8633, -114.206)))
(((108.272, -621.775), (67.9017, -651.106), (59.7952, -651.106), (-19.0982, -589.47), (25.3114, -532.81), (74.1896, -558.154), (108.272, -621.775)))
(((75.5873, -19.9562), (46.0249, -55.9853), (14.2285, -30.7674), (26.8356, 23.443), (50.2165, 20.2094), (75.7639, -6.70662), (75.5873, -19.9562)))
(((55.9754, 108.279), (38.1042, 105.988), (-0.487754, 148.538), (33.6935, 189.078), (83.3693, 156.881), (55.9754, 108.279)))
(((59.4663, -260.12), (45.2129, -262.039), (28.5656, -254.131), (18.9795, -234.959), (49.2647, -203.412), (68.3201, -251.05), (59.4663, -260.12)))
(((41.6426, -438.934), (33.2925, -439.463), (24.9887, -397.944), (50.2819, -371.501), (75.2463, -398.129), (41.6426, -438.934)))
(((87.3182, 485.682), (49.4966, 429.559), (0.758373, 438.16), (6.8631, 524.644), (25.3571, 547.643), (87.3182, 485.682)))
(((72.7857, -302.5), (42.4538, -329.04), (23.7209, -308.605), (45.2129, -262.039), (59.4663, -260.12), (72.7857, -302.5)))
(((62.3667, -195.328), (49.5, -202), (38.1071, -193.714), (23.9706, -165.441), (30.1098, -154), (70.4028, -154), (62.3667, -195.328)))
(((70.4028, -154), (30.1098, -154), (26.0755, -126.433), (57.8633, -114.206), (75.5865, -148.668), (70.4028, -154)))
(((74.1896, -558.154), (25.3114, -532.81), (26.4608, -503.5), (70.2857, -503.5), (74.1896, -558.154)))
(((85.2162, -490.436), (70.2857, -503.5), (26.4608, -503.5), (-1.83311, -474.051), (19.2594, -448.357), (33.2925, -439.463), (41.6426, -438.934), (82.1504, -461.968), (85.2162, -490.436)))
(((50.2165, 20.2094), (26.8356, 23.443), (23.2697, 25.8202), (10.5632, 68.5602), (38.1042, 105.988), (55.9754, 108.279), (93.3827, 72.4633), (50.2165, 20.2094)))
(((83.3693, 156.881), (33.6935, 189.078), (30.8857, 211.03), (59.0671, 245.592), (89.3602, 243.89), (113.803, 164.042), (83.3693, 156.881)))
(((108.548, -224.499), (90.9297, -248.173), (68.3201, -251.05), (49.2647, -203.412), (49.5, -202), (62.3667, -195.328), (104.798, -202.551), (108.272, -207.126), (108.548, -224.499)))
(((109.457, -71.9348), (49.9194, -73.9194), (45.3769, -69.3769), (46.0249, -55.9853), (75.5873, -19.9562), (112.783, -63.1517), (109.457, -71.9348)))
(((103.928, -384.74), (82.3316, -397.885), (75.2463, -398.129), (50.2819, -371.501), (46.1955, -343.407), (98.8097, -351.106), (103.928, -384.74)))
(((111.353, -96.5863), (105.967, -100.594), (60.1874, -108.673), (49.9194, -73.9194), (109.457, -71.9348), (111.353, -96.5863)))
(((82.1504, -461.968), (41.6426, -438.934), (75.2463, -398.129), (82.3316, -397.885), (103.751, -444.294), (82.1504, -461.968)))
(((110.4, 256.4), (89.3602, 243.89), (59.0671, 245.592), (39.5803, 283.483), (68.9361, 330.97), (127.167, 311.274), (110.4, 256.4)))
(((98.8097, -351.106), (46.1955, -343.407), (42.9515, -339.368), (42.4538, -329.04), (72.7857, -302.5), (81.3696, -302.5), (114.341, -332.834), (98.8097, -351.106)))
(((109.654, -277.48), (81.3696, -302.5), (72.7857, -302.5), (59.4663, -260.12), (68.3201, -251.05), (90.9297, -248.173), (109.654, -277.48)))
(((89.4167, -148.407), (75.5865, -148.668), (57.8633, -114.206), (60.1874, -108.673), (105.967, -100.594), (89.4167, -148.407)))
(((104.798, -202.551), (62.3667, -195.328), (70.4028, -154), (75.5865, -148.668), (89.4167, -148.407), (110.311, -160.279), (104.798, -202.551)))
(((118.385, 402.844), (78.1196, 397.226), (49.4966, 429.559), (87.3182, 485.682), (116.999, 483.208), (143.555, 418.192), (118.385, 402.844)))
(((-1.05532, 633.374), (11.0983, 670.779), (61.0983, 707.106), (122.902, 707.106), (172.902, 670.779), (182.977, 639.769), (144.54, 573.539), (28.0746, 563.947), (-1.05532, 633.374)))
(((107.914, -621.106), (74.1896, -558.154), (70.2857, -503.5), (85.2162, -490.436), (138.106, -512.553), (115.324, -621.106), (107.914, -621.106)))
(((129.891, 146.057), (105.978, 72.6115), (93.3827, 72.4633), (55.9754, 108.279), (83.3693, 156.881), (113.803, 164.042), (120.908, 161.982), (129.891, 146.057)))
(((133.183, 45.1103), (106.627, 1.95677), (75.7639, -6.70662), (50.2165, 20.2094), (93.3827, 72.4633), (105.978, 72.6115), (115.997, 66.6851), (133.183, 45.1103)))
(((153.628, 525.83), (116.999, 483.208), (87.3182, 485.682), (25.3571, 547.643), (28.0746, 563.947), (144.54, 573.539), (153.628, 525.83)))
(((127.167, 311.274), (68.9361, 330.97), (59.0339, 353.687), (78.1196, 397.226), (118.385, 402.844), (127.977, 311.715), (127.167, 311.274)))
(((135.187, -438.681), (103.751, -444.294), (82.3316, -397.885), (103.928, -384.74), (125.807, -392.17), (138.839, -434.742), (135.187, -438.681)))
(((141.948, -324.879), (114.341, -332.834), (81.3696, -302.5), (109.654, -277.48), (126.579, -281.97), (143.939, -300.665), (141.948, -324.879)))
(((138.478, -141.301), (130.484, -151.807), (110.311, -160.279), (89.4167, -148.407), (105.967, -100.594), (111.353, -96.5863), (135.342, -113.079), (138.478, -141.301)))
(((139.862, -48.6456), (112.783, -63.1517), (75.5873, -19.9562), (75.7639, -6.70662), (106.627, 1.95677), (138.178, -20.0335), (139.862, -48.6456)))
(((138.106, -512.553), (85.2162, -490.436), (82.1504, -461.968), (103.751, -444.294), (135.187, -438.681), (142.96, -508.643), (138.106, -512.553)))
(((126.579, -281.97), (109.654, -277.48), (90.9297, -248.173), (108.548, -224.499), (139.854, -243.472), (126.579, -281.97)))
(((156.848, -366.848), (125.807, -392.17), (103.928, -384.74), (98.8097, -351.106), (114.341, -332.834), (141.948, -324.879), (157.985, -341.824), (156.848, -366.848)))
(((167.909, 203.108), (120.908, 161.982), (113.803, 164.042), (89.3602, 243.89), (110.4, 256.4), (151.904, 234.051), (167.909, 203.108)))
(((157.086, -196.143), (108.272, -207.126), (104.798, -202.551), (110.311, -160.279), (130.484, -151.807), (157.086, -196.143)))
(((169.494, 9.19479), (138.178, -20.0335), (106.627, 1.95677), (133.183, 45.1103), (173.705, 33.6956), (169.494, 9.19479)))
(((168.685, 104.006), (115.997, 66.6851), (105.978, 72.6115), (129.891, 146.057), (171.372, 121.025), (168.685, 104.006)))
(((162.929, -238.643), (139.854, -243.472), (108.548, -224.499), (108.272, -207.126), (157.086, -196.143), (161.571, -197.448), (168.081, -233.616), (162.929, -238.643)))
(((200.856, 320.244), (127.977, 311.715), (118.385, 402.844), (143.555, 418.192), (165.278, 414.083), (201.031, 320.385), (200.856, 320.244)))
(((188.053, -86.7235), (135.342, -113.079), (111.353, -96.5863), (109.457, -71.9348), (112.783, -63.1517), (139.862, -48.6456), (177.751, -62.1318), (188.053, -86.7235)))
(((143.939, -300.665), (126.579, -281.97), (139.854, -243.472), (162.929, -238.643), (165.952, -285.5), (143.939, -300.665)))
(((196.443, 294.786), (151.904, 234.051), (110.4, 256.4), (127.167, 311.274), (127.977, 311.715), (200.856, 320.244), (196.443, 294.786)))
(((187.976, -397.976), (153.665, -433.394), (138.839, -434.742), (125.807, -392.17), (156.848, -366.848), (187.976, -397.976)))
(((177.297, -185.824), (161.571, -197.448), (157.086, -196.143), (130.484, -151.807), (138.478, -141.301), (173.326, -148.1), (177.297, -185.824)))
(((173.705, 33.6956), (133.183, 45.1103), (115.997, 66.6851), (168.685, 104.006), (191.476, 43.231), (173.705, 33.6956)))
(((173.642, -503.463), (142.96, -508.643), (135.187, -438.681), (138.839, -434.742), (153.665, -433.394), (206.765, -472.84), (173.642, -503.463)))
(((242.564, 465.921), (165.278, 414.083), (143.555, 418.192), (116.999, 483.208), (153.628, 525.83), (246.302, 475.168), (242.564, 465.921)))
(((198.468, -104.348), (189.885, -134.675), (173.326, -148.1), (138.478, -141.301), (135.342, -113.079), (188.053, -86.7235), (190.908, -88.7961), (198.468, -104.348)))
(((177.751, -62.1318), (139.862, -48.6456), (138.178, -20.0335), (169.494, 9.19479), (192.452, -34.3045), (177.751, -62.1318)))
(((244.314, -609.471), (204.902, -638.106), (143.098, -638.106), (115.903, -618.347), (138.106, -512.553), (142.96, -508.643), (173.642, -503.463), (244.314, -609.471)))
(((203.969, 131.728), (171.372, 121.025), (129.891, 146.057), (120.908, 161.982), (167.909, 203.108), (189.091, 200.892), (211.639, 157.297), (203.969, 131.728)))
(((204.122, -304.821), (185.017, -336.997), (157.985, -341.824), (141.948, -324.879), (143.939, -300.665), (165.952, -285.5), (191.068, -285.5), (204.122, -304.821)))
(((208.631, -255.962), (191.068, -285.5), (165.952, -285.5), (162.929, -238.643), (168.081, -233.616), (194.566, -238.913), (208.631, -255.962)))
(((189.091, 200.892), (167.909, 203.108), (151.904, 234.051), (196.443, 294.786), (211.33, 220.351), (189.091, 200.892)))
(((206.765, -472.84), (153.665, -433.394), (187.976, -397.976), (202.225, -398.624), (242.871, -463.403), (206.765, -472.84)))
(((202.225, -398.624), (187.976, -397.976), (156.848, -366.848), (157.985, -341.824), (185.017, -336.997), (227.841, -362.46), (202.225, -398.624)))
(((213.402, -205.673), (194.566, -238.913), (168.081, -233.616), (161.571, -197.448), (177.297, -185.824), (184.507, -186.401), (208.444, -196.834), (213.402, -205.673)))
(((210.255, -155.971), (184.507, -186.401), (177.297, -185.824), (173.326, -148.1), (189.885, -134.675), (210.255, -155.971)))
(((281.358, 46.9375), (191.476, 43.231), (168.685, 104.006), (171.372, 121.025), (203.969, 131.728), (282.338, 49.9519), (281.358, 46.9375)))
(((283.101, 47.0093), (296.853, 4.6849), (294.649, 2.66037), (192.452, -34.3045), (169.494, 9.19479), (173.705, 33.6956), (191.476, 43.231), (283.101, 47.0093)))
(((184.334, 642.106), (220.799, 642.106), (250.564, 478.397), (246.302, 475.168), (153.628, 525.83), (144.54, 573.539), (184.334, 642.106)))
(((208.444, -196.834), (184.507, -186.401), (210.255, -155.971), (231.412, -162.382), (208.444, -196.834)))
(((245.282, -610.923), (173.642, -503.463), (206.765, -472.84), (242.871, -463.403), (246.701, -464.297), (305.11, -503.951), (310, -519), (310, -519), (290.902, -577.779), (245.282, -610.923)))
(((236.095, -359.437), (227.841, -362.46), (185.017, -336.997), (204.122, -304.821), (220.832, -306.72), (240.608, -347.591), (236.095, -359.437)))
(((242.42, -287.365), (220.832, -306.72), (204.122, -304.821), (191.068, -285.5), (208.631, -255.962), (229.879, -257.121), (242.42, -287.365)))
(((231.412, -162.382), (210.255, -155.971), (189.885, -134.675), (198.468, -104.348), (234.939, -118.207), (238.188, -160.446), (231.412, -162.382)))
(((258.324, -55.0882), (190.908, -88.7961), (188.053, -86.7235), (177.751, -62.1318), (192.452, -34.3045), (294.649, 2.66037), (258.324, -55.0882)))
(((275.113, 353.951), (225.542, 322.187), (201.031, 320.385), (165.278, 414.083), (242.564, 465.921), (275.113, 353.951)))
(((229.879, -257.121), (208.631, -255.962), (194.566, -238.913), (213.402, -205.673), (237.118, -212.195), (241.5, -245.5), (229.879, -257.121)))
(((282.955, 224.759), (211.33, 220.351), (196.443, 294.786), (200.856, 320.244), (201.031, 320.385), (225.542, 322.187), (282.955, 224.759)))
(((244.184, -163.329), (252.42, -200.39), (237.118, -212.195), (213.402, -205.673), (208.444, -196.834), (231.412, -162.382), (238.188, -160.446), (244.184, -163.329)))
(((330.81, 185.338), (211.639, 157.297), (189.091, 200.892), (211.33, 220.351), (282.955, 224.759), (328.178, 200.763), (332, 189), (332, 189), (330.81, 185.338)))
(((257.075, -108.787), (234.939, -118.207), (198.468, -104.348), (190.908, -88.7961), (258.324, -55.0882), (257.075, -108.787)))
(((242.871, -463.403), (202.225, -398.624), (227.841, -362.46), (236.095, -359.437), (266.123, -383.076), (246.701, -464.297), (242.871, -463.403)))
(((272.295, -321.591), (240.608, -347.591), (220.832, -306.72), (242.42, -287.365), (257.669, -292.338), (272.295, -321.591)))
(((283.273, 48.9763), (203.969, 131.728), (211.639, 157.297), (328.775, 184.859), (344, 138), (344, 138), (324.902, 79.2215), (283.273, 48.9763)))
(((276.019, -155.37), (244.184, -163.329), (238.188, -160.446), (234.939, -118.207), (257.075, -108.787), (274.014, -117.257), (276.019, -155.37)))
(((292.506, -258.841), (257.669, -292.338), (242.42, -287.365), (229.879, -257.121), (241.5, -245.5), (282.5, -245.5), (292.506, -258.841)))
(((282.5, -245.5), (241.5, -245.5), (237.118, -212.195), (252.42, -200.39), (285.438, -207.301), (282.5, -245.5)))
(((285.438, -207.301), (252.42, -200.39), (244.184, -163.329), (276.019, -155.37), (278.389, -156.761), (287.76, -205.177), (285.438, -207.301)))
(((351.559, 502.243), (250.564, 478.397), (221.007, 640.962), (239.098, 654.106), (300.902, 654.106), (350.902, 617.779), (370, 559), (370, 559), (351.559, 502.243)))
(((337.031, -372.073), (266.123, -383.076), (236.095, -359.437), (240.608, -347.591), (272.295, -321.591), (300.87, -325.465), (337.031, -372.073)))
(((376.211, -82.4167), (274.014, -117.257), (257.075, -108.787), (258.324, -55.0882), (294.649, 2.66037), (296.223, 4.10565), (309.902, 4.10565), (359.902, -32.2215), (376.211, -82.4167)))
(((300.87, -325.465), (272.295, -321.591), (257.669, -292.338), (292.506, -258.841), (293.033, -259.06), (310.498, -291.079), (300.87, -325.465)))
(((306.811, -505.106), (246.701, -464.297), (266.123, -383.076), (337.031, -372.073), (378.011, -391.568), (384, -410), (384, -410), (364.902, -468.779), (314.902, -505.106), (306.811, -505.106)))
(((327.56, 201.091), (282.955, 224.759), (225.542, 322.187), (275.113, 353.951), (366.907, 339.608), (384, 287), (384, 287), (364.902, 228.221), (327.56, 201.091)))
(((376.844, -82.2007), (388.417, -117.816), (356.915, -148.908), (278.389, -156.761), (276.019, -155.37), (274.014, -117.257), (376.844, -82.2007)))
(((333.298, -194.867), (287.76, -205.177), (278.389, -156.761), (356.915, -148.908), (333.298, -194.867)))
(((362.898, 340.235), (275.113, 353.951), (242.564, 465.921), (246.302, 475.168), (250.564, 478.397), (347.155, 501.203), (384.902, 473.779), (404, 415), (404, 415), (384.902, 356.221), (362.898, 340.235)))
(((344.703, -237.635), (293.033, -259.06), (292.506, -258.841), (282.5, -245.5), (285.438, -207.301), (287.76, -205.177), (333.298, -194.867), (344.703, -237.635)))
(((397.365, -277.363), (310.498, -291.079), (293.033, -259.06), (344.703, -237.635), (397.365, -277.363)))
(((378.249, -391.682), (337.031, -372.073), (300.87, -325.465), (310.498, -291.079), (397.365, -277.363), (427.138, -288.959), (433, -307), (433, -307), (413.902, -365.779), (378.249, -391.682)))
(((426.318, -288.64), (397.365, -277.363), (344.703, -237.635), (333.298, -194.867), (356.915, -148.908), (389.35, -116.894), (400.902, -116.894), (450.902, -153.221), (470, -212), (470, -212), (450.902, -270.779), (426.318, -288.64)))
