(((-80.0034, 407.894), (-123.902, 407.894), (-173.902, 444.221), (-193, 503), (-173.902, 561.779), (-126.931, 595.905), (-28.7931, 460.966), (-47.6138, 429.115), (-80.0034, 407.894)))
(((-126.946, 595.926), (-79.9017, 630.106), (-18.0983, 630.106), (31.9017, 593.779), (40.3964, 567.634), (18.1685, 498.535), (-28.7931, 460.966), (-126.946, 595.926)))
(((-47.8868, 186.894), (-72.9017, 186.894), (-122.902, 223.221), (-142, 282), (-122.902, 340.779), (-93.184, 362.37), (-12.9307, 315.907), (-23.2096, 211.062), (-40.0778, 190.643), (-47.8868, 186.894)))
(((-96.0425, 364.025), (-82.2711, 406.409), (-47.6138, 429.115), (84.3109, 356.261), (68.2595, 322.924), (-12.9307, 315.907), (-96.0425, 364.025)))
(((71.7712, 294.831), (55.2219, 256.354), (-23.2096, 211.062), (-12.9307, 315.907), (68.2595, 322.924), (71.7712, 294.831)))
(((46.0782, 36.8943), (-0.9017, 36.8943), (-50.9017, 73.2215), (-70, 132), (-52.954, 184.462), (-40.0778, 190.643), (79.8665, 158.225), (46.0782, 36.8943)))
(((84.3109, 356.261), (-47.6138, 429.115), (-28.7931, 460.966), (18.1685, 498.535), (89.9316, 436.863), (94.8763, 364.105), (84.3109, 356.261)))
(((79.8665, 158.225), (-40.0778, 190.643), (-23.2096, 211.062), (55.2219, 256.354), (104.644, 173.453), (79.8665, 158.225)))
(((40.3869, 567.605), (63.0983, 584.106), (104.802, 584.106), (129.487, 470.174), (89.9316, 436.863), (18.1685, 498.535), (40.3869, 567.605)))
(((195.636, 217.415), (182.902, 178.221), (182.224, 177.729), (104.644, 173.453), (55.2219, 256.354), (71.7712, 294.831), (195.636, 217.415)))
(((46.3709, 37.9456), (79.8665, 158.225), (104.644, 173.453), (177.91, 177.491), (189.902, 168.779), (209, 110), (209, 110), (189.902, 51.2215), (139.902, 14.8943), (78.0983, 14.8943), (46.3709, 37.9456)))
(((195.17, 217.706), (71.7712, 294.831), (68.2595, 322.924), (84.3109, 356.261), (94.8763, 364.105), (206.46, 360.091), (217.902, 351.779), (237, 293), (237, 293), (217.902, 234.221), (195.17, 217.706)))
(((204.907, 360.147), (94.8763, 364.105), (89.9316, 436.863), (129.487, 470.174), (235.502, 452), (242, 432), (242, 432), (222.902, 373.221), (204.907, 360.147)))
(((237.635, 451.634), (129.487, 470.174), (104.857, 583.853), (117.445, 592.998), (250.554, 512.606), (254, 502), (254, 502), (237.635, 451.634)))
(((251.555, 512.002), (118.446, 592.394), (115, 603), (134.098, 661.779), (184.098, 698.106), (245.902, 698.106), (252.5, 693.312), (252.5, 512.688), (251.555, 512.002)))
(((252.5, 512.688), (252.5, 693.312), (259.098, 698.106), (320.902, 698.106), (370.902, 661.779), (390, 603), (390, 603), (370.902, 544.221), (320.902, 507.894), (259.098, 507.894), (252.5, 512.688)))
