(((-257.406, -651.661), (-288.902, -628.779), (-308, -570), (-288.902, -511.221), (-260.381, -490.5), (-227.797, -510.926), (-180.112, -575.197), (-190.652, -640.779), (-198.005, -646.226), (-257.406, -651.661)))
(((-273.933, -298.568), (-281.902, -292.779), (-301, -234), (-286.295, -188.742), (-194.299, -193.229), (-182.159, -207.104), (-173.309, -248.697), (-258.993, -297.127), (-273.933, -298.568)))
(((-285.042, -188.803), (-297, -152), (-277.902, -93.2215), (-249.981, -72.9357), (-206.059, -98.2059), (-173.01, -169.811), (-194.299, -193.229), (-285.042, -188.803)))
(((-263.784, -789.856), (-274.902, -781.779), (-294, -723), (-274.902, -664.221), (-257.644, -651.683), (-198.005, -646.226), (-153.144, -712.022), (-157.323, -734.408), (-263.784, -789.856)))
(((-272.037, -403.284), (-290, -348), (-273.939, -298.569), (-258.993, -297.127), (-213.934, -307.066), (-164.823, -356.177), (-171.279, -379.696), (-189.171, -391.722), (-272.037, -403.284)))
(((-261.72, -484.104), (-278, -434), (-267.829, -402.697), (-189.171, -391.722), (-147.46, -440.107), (-146.165, -459.523), (-150.667, -464.79), (-261.72, -484.104)))
(((-144.2, -547.141), (-180.112, -575.197), (-227.797, -510.926), (-150.743, -530.189), (-144.2, -547.141)))
(((-149.577, -287.3), (-163.253, -305.079), (-213.934, -307.066), (-258.993, -297.127), (-173.309, -248.697), (-154.977, -255.571), (-149.577, -287.3)))
(((-145.98, -335.511), (-164.823, -356.177), (-213.934, -307.066), (-163.253, -305.079), (-145.98, -335.511)))
(((-139.945, -126.763), (-149.531, -161.684), (-173.01, -169.811), (-206.059, -98.2059), (-149.624, -113.009), (-139.945, -126.763)))
(((-93.357, -833.599), (-138.098, -866.106), (-199.902, -866.106), (-249.902, -829.779), (-263.005, -789.451), (-157.323, -734.408), (-95.531, -825.278), (-93.357, -833.599)))
(((-261.675, -489.689), (-259.749, -483.761), (-150.667, -464.79), (-138.159, -503.878), (-150.743, -530.189), (-227.797, -510.926), (-261.675, -489.689)))
(((-252.549, -71.4579), (-235.902, -20.2215), (-185.902, 16.1057), (-124.098, 16.1057), (-114.462, 9.10449), (-104.351, -2.77991), (-108.964, -45.8321), (-149.624, -113.009), (-206.059, -98.2059), (-252.549, -71.4579)))
(((-119.486, -236.346), (-154.977, -255.571), (-173.309, -248.697), (-182.159, -207.104), (-125.899, -208.863), (-119.486, -236.346)))
(((-119.744, -188.689), (-125.899, -208.863), (-182.159, -207.104), (-194.299, -193.229), (-173.01, -169.811), (-149.531, -161.684), (-119.943, -187.379), (-119.744, -188.689)))
(((-122.532, -559.981), (-150.593, -631.068), (-190.652, -640.779), (-180.112, -575.197), (-144.2, -547.141), (-122.532, -559.981)))
(((-123.329, -404.486), (-147.46, -440.107), (-189.171, -391.722), (-171.279, -379.696), (-131.289, -388.204), (-123.329, -404.486)))
(((-131.289, -388.204), (-171.279, -379.696), (-164.823, -356.177), (-145.98, -335.511), (-133.36, -336.239), (-112.888, -362.443), (-131.289, -388.204)))
(((-133.36, -336.239), (-145.98, -335.511), (-163.253, -305.079), (-149.577, -287.3), (-97.9211, -298.175), (-133.36, -336.239)))
(((-54.3219, 430.879), (-101.098, 396.894), (-162.902, 396.894), (-212.902, 433.221), (-232, 492), (-212.902, 550.779), (-200.747, 559.61), (-52.1774, 508.833), (-35.9544, 494.265), (-54.3219, 430.879)))
(((-85.4007, -701.688), (-153.144, -712.022), (-198.005, -646.226), (-190.652, -640.779), (-150.593, -631.068), (-100.959, -639.34), (-79.5139, -695.25), (-85.4007, -701.688)))
(((-93.5969, -296.777), (-97.9211, -298.175), (-149.577, -287.3), (-154.977, -255.571), (-119.486, -236.346), (-101.958, -245.958), (-84.3588, -278.052), (-93.5969, -296.777)))
(((-83.4111, -531.011), (-119.743, -559.739), (-122.532, -559.981), (-144.2, -547.141), (-150.743, -530.189), (-138.159, -503.878), (-89.7388, -508.975), (-86.0896, -515.61), (-83.4111, -531.011)))
(((-83.1658, -130.157), (-84.5104, -145.619), (-119.943, -187.379), (-149.531, -161.684), (-139.945, -126.763), (-83.3391, -130.029), (-83.1658, -130.157)))
(((-95.531, -825.278), (-157.323, -734.408), (-153.144, -712.022), (-85.4007, -701.688), (-95.531, -825.278)))
(((-112.345, -458.337), (-146.165, -459.523), (-147.46, -440.107), (-123.329, -404.486), (-87.9688, -415.999), (-112.345, -458.337)))
(((-83.3391, -130.029), (-139.945, -126.763), (-149.624, -113.009), (-108.964, -45.8321), (-83.3391, -130.029)))
(((-89.7388, -508.975), (-138.159, -503.878), (-150.667, -464.79), (-146.165, -459.523), (-112.345, -458.337), (-87.0594, -478.965), (-89.7388, -508.975)))
(((-80.3972, -617.677), (-100.959, -639.34), (-150.593, -631.068), (-122.532, -559.981), (-119.743, -559.739), (-78.6822, -603.958), (-80.3972, -617.677)))
(((-81.8806, -319.373), (-89.8208, -361.059), (-112.888, -362.443), (-133.36, -336.239), (-97.9211, -298.175), (-93.5969, -296.777), (-81.8806, -319.373)))
(((-201.368, 559.822), (-205, 571), (-185.902, 629.779), (-135.902, 666.106), (-101.164, 666.106), (-52.1774, 508.833), (-201.368, 559.822)))
(((-76.7882, -412.572), (-87.9688, -415.999), (-123.329, -404.486), (-131.289, -388.204), (-112.888, -362.443), (-89.8208, -361.059), (-70.3223, -379.165), (-76.7882, -412.572)))
(((-61.4512, -205.451), (-101.958, -245.958), (-119.486, -236.346), (-125.899, -208.863), (-119.744, -188.689), (-62.2758, -203.056), (-61.4512, -205.451)))
(((-62.2758, -203.056), (-119.744, -188.689), (-119.943, -187.379), (-84.5104, -145.619), (-60.0243, -185.688), (-62.2758, -203.056)))
(((-78.6822, -603.958), (-119.743, -559.739), (-83.4111, -531.011), (-41.7469, -557.525), (-78.6822, -603.958)))
(((-51.9594, -458.558), (-87.0594, -478.965), (-112.345, -458.337), (-87.9688, -415.999), (-76.7882, -412.572), (-56.0452, -430.411), (-51.9594, -458.558)))
(((-80.7277, -12.383), (-52.1718, -64.2067), (-59.8457, -123.679), (-83.1658, -130.157), (-83.3391, -130.029), (-108.964, -45.8321), (-104.351, -2.77991), (-80.7277, -12.383)))
(((-45.1352, -216.44), (-62.8829, -274.119), (-84.3588, -278.052), (-101.958, -245.958), (-61.4512, -205.451), (-45.1352, -216.44)))
(((-33.1663, -363.339), (-70.3223, -379.165), (-89.8208, -361.059), (-81.8806, -319.373), (-35.0251, -334.992), (-33.1663, -363.339)))
(((-32.0315, -492.442), (-86.0896, -515.61), (-89.7388, -508.975), (-87.0594, -478.965), (-51.9594, -458.558), (-41.8316, -465.764), (-32.0315, -492.442)))
(((-8.19288, -823.37), (-27.0983, -837.106), (-88.9017, -837.106), (-93.2701, -833.932), (-95.531, -825.278), (-85.4007, -701.688), (-79.5139, -695.25), (-39.1767, -696.565), (2.06156, -757.526), (-8.19288, -823.37)))
(((-8.37734, -653.044), (-39.1767, -696.565), (-79.5139, -695.25), (-100.959, -639.34), (-80.3972, -617.677), (-19.0939, -634.634), (-8.37734, -653.044)))
(((-104.062, 82.0884), (-135.902, 105.221), (-155, 164), (-135.902, 222.779), (-126.069, 229.923), (-59.8186, 225.578), (-22.5242, 210.733), (-13.2982, 166.774), (-85.7217, 86.9222), (-104.062, 82.0884)))
(((-35.0251, -334.992), (-81.8806, -319.373), (-93.5969, -296.777), (-84.3588, -278.052), (-62.8829, -274.119), (-43.8787, -278.041), (-17.4727, -308.114), (-35.0251, -334.992)))
(((-39.3748, -557.287), (-41.7469, -557.525), (-83.4111, -531.011), (-86.0896, -515.61), (-32.0315, -492.442), (-12.7911, -512.176), (-39.3748, -557.287)))
(((-25.6597, -164.358), (-60.0243, -185.688), (-84.5104, -145.619), (-83.1658, -130.157), (-59.8457, -123.679), (-56.0572, -124.292), (-24.2595, -152.456), (-25.6597, -164.358)))
(((-128.838, 230.104), (-147, 286), (-127.902, 344.779), (-80.5755, 379.163), (-11.7191, 309.119), (-59.8186, 225.578), (-128.838, 230.104)))
(((-34.8891, 494.894), (-36.6551, 494.894), (-52.1774, 508.833), (-101.144, 666.04), (-74.9017, 685.106), (-13.0983, 685.106), (36.9017, 648.779), (43.4117, 628.743), (-3.45031, 513.462), (-34.8891, 494.894)))
(((-19.0939, -634.634), (-80.3972, -617.677), (-78.6822, -603.958), (-41.7469, -557.525), (-39.3748, -557.287), (-11.0903, -580.61), (-19.0939, -634.634)))
(((2.34266, -403.353), (-56.0452, -430.411), (-76.7882, -412.572), (-70.3223, -379.165), (-33.1663, -363.339), (-5.41307, -381.522), (2.34266, -403.353)))
(((-13.3775, -246.41), (-43.8787, -278.041), (-62.8829, -274.119), (-45.1352, -216.44), (-28.3534, -218.5), (-13.3775, -246.41)))
(((-9.4122, -96.0225), (-56.0572, -124.292), (-59.8457, -123.679), (-52.1718, -64.2067), (-10.4407, -88.4377), (-9.4122, -96.0225)))
(((-28.3534, -218.5), (-45.1352, -216.44), (-61.4512, -205.451), (-62.2758, -203.056), (-60.0243, -185.688), (-25.6597, -164.358), (-4.246, -195.082), (-28.3534, -218.5)))
(((3.98991, -404.734), (-6.51033, -453.298), (-41.8316, -465.764), (-51.9594, -458.558), (-56.0452, -430.411), (2.34266, -403.353), (3.98991, -404.734)))
(((13.2332, -46.2364), (-10.4407, -88.4377), (-52.1718, -64.2067), (-80.7277, -12.383), (-45.6497, -12.7484), (8.8837, -39.553), (13.2332, -46.2364)))
(((-111.427, 5.53679), (-121, 35), (-105.854, 81.6161), (-85.7217, 86.9222), (-21.5, 80.5), (21.1769, 37.8231), (-45.6497, -12.7484), (-80.7277, -12.383), (-104.351, -2.77991), (-111.427, 5.53679)))
(((15.7207, -132.953), (-24.2595, -152.456), (-56.0572, -124.292), (-9.4122, -96.0225), (12.1928, -116.574), (15.7207, -132.953)))
(((18.5111, 229.819), (-22.5242, 210.733), (-59.8186, 225.578), (-11.7191, 309.119), (28.9993, 295.37), (18.5111, 229.819)))
(((2.5754, -305.756), (-17.4727, -308.114), (-43.8787, -278.041), (-13.3775, -246.41), (5.86275, -251.515), (2.5754, -305.756)))
(((36.6703, 130.57), (33.0238, 124.119), (-21.5, 80.5), (-85.7217, 86.9222), (-13.2982, 166.774), (33.0551, 135.32), (36.6703, 130.57)))
(((16.6283, -486.006), (-7.05155, -510.9), (-12.7911, -512.176), (-32.0315, -492.442), (-41.8316, -465.764), (-6.51033, -453.298), (14.9744, -473.956), (16.6283, -486.006)))
(((29.2862, -338.988), (-5.41307, -381.522), (-33.1663, -363.339), (-35.0251, -334.992), (-17.4727, -308.114), (2.5754, -305.756), (23.341, -313.622), (29.2862, -338.988)))
(((24.6383, -140.25), (22.3245, -194.624), (-4.246, -195.082), (-25.6597, -164.358), (-24.2595, -152.456), (15.7207, -132.953), (24.6383, -140.25)))
(((28.5245, -199.717), (18.7399, -246.465), (5.86275, -251.515), (-13.3775, -246.41), (-28.3534, -218.5), (-4.246, -195.082), (22.3245, -194.624), (28.5245, -199.717)))
(((10.8295, -578.249), (-11.0903, -580.61), (-39.3748, -557.287), (-12.7911, -512.176), (-7.05155, -510.9), (35.0746, -542.814), (10.8295, -578.249)))
(((42.3889, 23.7346), (8.8837, -39.553), (-45.6497, -12.7484), (21.1769, 37.8231), (43.7545, 33.1424), (42.3889, 23.7346)))
(((37.7593, -661.204), (21.7694, -741.153), (2.06156, -757.526), (-39.1767, -696.565), (-8.37734, -653.044), (28.4779, -653.911), (37.7593, -661.204)))
(((28.4779, -653.911), (-8.37734, -653.044), (-19.0939, -634.634), (-11.0903, -580.61), (10.8295, -578.249), (42.718, -603.596), (28.4779, -653.911)))
(((-77.5687, 376.104), (-68.9017, 402.779), (-48.3714, 417.695), (54.3545, 383.806), (68.1449, 316.922), (28.9993, 295.37), (-11.7191, 309.119), (-77.5687, 376.104)))
(((41.4178, -437.77), (14.9744, -473.956), (-6.51033, -453.298), (3.98991, -404.734), (17.4003, -408.263), (41.4178, -437.77)))
(((52.086, -78.158), (12.1928, -116.574), (-9.4122, -96.0225), (-10.4407, -88.4377), (13.2332, -46.2364), (45.9478, -57.4821), (52.086, -78.158)))
(((46.8555, -295.64), (23.341, -313.622), (2.5754, -305.756), (5.86275, -251.515), (18.7399, -246.465), (44.7157, -260.69), (46.8555, -295.64)))
(((43.7545, 33.1424), (21.1769, 37.8231), (-21.5, 80.5), (33.0238, 124.119), (49.0857, 35.7786), (43.7545, 33.1424)))
(((47.0231, 216.334), (33.0551, 135.32), (-13.2982, 166.774), (-22.5242, 210.733), (18.5111, 229.819), (47.0231, 216.334)))
(((65.7617, -497.152), (53.3437, -538.789), (35.0746, -542.814), (-7.05155, -510.9), (16.6283, -486.006), (65.0864, -496.541), (65.7617, -497.152)))
(((80.8686, -372.659), (17.4003, -408.263), (3.98991, -404.734), (2.34266, -403.353), (-5.41307, -381.522), (29.2862, -338.988), (80.2327, -367.784), (80.8686, -372.659)))
(((65.0864, -496.541), (16.6283, -486.006), (14.9744, -473.956), (41.4178, -437.77), (55.051, -442.062), (65.0864, -496.541)))
(((45.9478, -57.4821), (13.2332, -46.2364), (8.8837, -39.553), (42.3889, 23.7346), (63.2912, -41.2949), (45.9478, -57.4821)))
(((83.8023, -586.858), (42.718, -603.596), (10.8295, -578.249), (35.0746, -542.814), (53.3437, -538.789), (77.4825, -564.077), (85.0765, -584.96), (83.8023, -586.858)))
(((72.7826, -241.978), (44.7157, -260.69), (18.7399, -246.465), (28.5245, -199.717), (45.5645, -200.503), (72.7826, -241.978)))
(((-48.4344, 417.715), (-53.5628, 433.499), (-35.9544, 494.265), (-3.45031, 513.462), (118.343, 470.404), (127.889, 445.88), (54.3545, 383.806), (-48.4344, 417.715)))
(((59.4507, -139.028), (24.6383, -140.25), (15.7207, -132.953), (12.1928, -116.574), (52.086, -78.158), (68.3598, -91.6015), (61.4821, -137.453), (59.4507, -139.028)))
(((69.5925, -184.666), (45.5645, -200.503), (28.5245, -199.717), (22.3245, -194.624), (24.6383, -140.25), (59.4507, -139.028), (69.5925, -184.666)))
(((100.919, -707.033), (80.9702, -726.613), (21.7694, -741.153), (37.7593, -661.204), (72.8926, -667.96), (98.6284, -690.836), (100.919, -707.033)))
(((74.7815, 131.417), (36.6703, 130.57), (33.0551, 135.32), (47.0231, 216.334), (104.975, 211.932), (74.7815, 131.417)))
(((84.6648, -377.601), (83.7082, -429.258), (55.051, -442.062), (41.4178, -437.77), (17.4003, -408.263), (80.8686, -372.659), (84.6648, -377.601)))
(((94.1203, 68.3433), (52.7289, 36.2294), (49.0857, 35.7786), (33.0238, 124.119), (36.6703, 130.57), (74.7815, 131.417), (107.363, 100.81), (94.1203, 68.3433)))
(((80.2327, -367.784), (29.2862, -338.988), (23.341, -313.622), (46.8555, -295.64), (74.9184, -300.837), (94.5224, -340.045), (80.2327, -367.784)))
(((122.626, 221.872), (104.975, 211.932), (47.0231, 216.334), (18.5111, 229.819), (28.9993, 295.37), (68.1449, 316.922), (128.51, 290.34), (122.626, 221.872)))
(((-8.57564, -825.828), (2.06156, -757.526), (21.7694, -741.153), (80.9702, -726.613), (90.9312, -856.106), (33.0983, -856.106), (-8.57564, -825.828)))
(((89.1495, -623.525), (72.8926, -667.96), (37.7593, -661.204), (28.4779, -653.911), (42.718, -603.596), (83.8023, -586.858), (89.1495, -623.525)))
(((92.6489, -33.6836), (63.2912, -41.2949), (42.3889, 23.7346), (43.7545, 33.1424), (49.0857, 35.7786), (52.7289, 36.2294), (90.0343, 4.66327), (92.6489, -33.6836)))
(((97.2635, -277.095), (74.9184, -300.837), (46.8555, -295.64), (44.7157, -260.69), (72.7826, -241.978), (81.3887, -242.839), (97.2635, -277.095)))
(((98.7727, -227.999), (81.3887, -242.839), (72.7826, -241.978), (45.5645, -200.503), (69.5925, -184.666), (96.9705, -188.352), (98.7727, -227.999)))
(((106.081, -445.308), (75.3528, -495.919), (65.7617, -497.152), (65.0864, -496.541), (55.051, -442.062), (83.7082, -429.258), (106.081, -445.308)))
(((45.118, 632.94), (48.0983, 635.106), (109.902, 635.106), (159.902, 598.779), (162.09, 592.043), (118.343, 470.404), (-3.45031, 513.462), (45.118, 632.94)))
(((101.897, -184.706), (96.9705, -188.352), (69.5925, -184.666), (59.4507, -139.028), (61.4821, -137.453), (93.9889, -138.965), (105.827, -176.846), (101.897, -184.706)))
(((104.77, -90.2011), (68.3598, -91.6015), (52.086, -78.158), (45.9478, -57.4821), (63.2912, -41.2949), (92.6489, -33.6836), (121.955, -49.1078), (104.77, -90.2011)))
(((119.007, -116.221), (93.9889, -138.965), (61.4821, -137.453), (68.3598, -91.6015), (104.77, -90.2011), (119.007, -116.221)))
(((117.251, -512.086), (115.552, -517.548), (77.4825, -564.077), (53.3437, -538.789), (65.7617, -497.152), (75.3528, -495.919), (115.625, -510.356), (117.251, -512.086)))
(((127.75, 16.1875), (90.0343, 4.66327), (52.7289, 36.2294), (94.1203, 68.3433), (132.423, 24.3658), (127.75, 16.1875)))
(((195.203, -781.998), (183.902, -816.779), (133.902, -853.106), (90.7004, -853.106), (80.9702, -726.613), (100.919, -707.033), (192.876, -769.24), (195.203, -781.998)))
(((123.343, -328.722), (94.5224, -340.045), (74.9184, -300.837), (97.2635, -277.095), (125.671, -280.994), (123.343, -328.722)))
(((98.6284, -690.836), (72.8926, -667.96), (89.1495, -623.525), (122.134, -634.02), (114.783, -676.66), (98.6284, -690.836)))
(((126.474, -454.299), (115.625, -510.356), (75.3528, -495.919), (106.081, -445.308), (120.595, -446.46), (126.474, -454.299)))
(((115.116, -583.268), (85.0765, -584.96), (77.4825, -564.077), (115.552, -517.548), (123.919, -565.661), (115.116, -583.268)))
(((133.313, 442.505), (142.976, 299.984), (128.51, 290.34), (68.1449, 316.922), (54.3545, 383.806), (127.889, 445.88), (133.313, 442.505)))
(((145.157, -407.343), (120.595, -446.46), (106.081, -445.308), (83.7082, -429.258), (84.6648, -377.601), (131.205, -390.529), (145.157, -407.343)))
(((148.3, -244.1), (135.391, -274.759), (125.671, -280.994), (97.2635, -277.095), (81.3887, -242.839), (98.7727, -227.999), (141.241, -236.888), (148.3, -244.1)))
(((153.566, -608.409), (122.134, -634.02), (89.1495, -623.525), (83.8023, -586.858), (85.0765, -584.96), (115.116, -583.268), (153.566, -608.409)))
(((132.275, -45.8829), (121.955, -49.1078), (92.6489, -33.6836), (90.0343, 4.66327), (127.75, 16.1875), (139.195, -38.1786), (132.275, -45.8829)))
(((141.081, -158.716), (105.827, -176.846), (93.9889, -138.965), (119.007, -116.221), (126.137, -118.865), (141.081, -158.716)))
(((126.076, 219.246), (159.356, 108.314), (107.363, 100.81), (74.7815, 131.417), (104.975, 211.932), (122.626, 221.872), (126.076, 219.246)))
(((141.241, -236.888), (98.7727, -227.999), (96.9705, -188.352), (101.897, -184.706), (138.63, -203.807), (141.241, -236.888)))
(((154.565, -340.695), (131.205, -390.529), (84.6648, -377.601), (80.8686, -372.659), (80.2327, -367.784), (94.5224, -340.045), (123.343, -328.722), (154.192, -339.577), (154.565, -340.695)))
(((165.074, -538.821), (123.919, -565.661), (115.552, -517.548), (117.251, -512.086), (171.127, -516.502), (165.074, -538.821)))
(((167.369, -171.149), (138.63, -203.807), (101.897, -184.706), (105.827, -176.846), (141.081, -158.716), (167.458, -170.321), (167.369, -171.149)))
(((178.842, 85.599), (137.269, 25.9518), (132.423, 24.3658), (94.1203, 68.3433), (107.363, 100.81), (159.356, 108.314), (161.843, 107.515), (178.897, 90.6684), (178.842, 85.599)))
(((159.43, -609.299), (163.276, -661.23), (114.783, -676.66), (122.134, -634.02), (153.566, -608.409), (159.43, -609.299)))
(((171.127, -516.502), (117.251, -512.086), (115.625, -510.356), (126.474, -454.299), (157.876, -467.009), (176.391, -512.81), (171.127, -516.502)))
(((156.694, -76.633), (150.422, -110.081), (126.137, -118.865), (119.007, -116.221), (104.77, -90.2011), (121.955, -49.1078), (132.275, -45.8829), (156.694, -76.633)))
(((176.098, -310.369), (154.192, -339.577), (123.343, -328.722), (125.671, -280.994), (135.391, -274.759), (174.841, -306.046), (176.098, -310.369)))
(((159.43, -609.299), (153.566, -608.409), (115.116, -583.268), (123.919, -565.661), (165.074, -538.821), (174.907, -600.632), (159.43, -609.299)))
(((192.876, -769.24), (100.919, -707.033), (98.6284, -690.836), (114.783, -676.66), (163.276, -661.23), (212.792, -702.494), (192.876, -769.24)))
(((180.857, -23.8362), (139.195, -38.1786), (127.75, 16.1875), (132.423, 24.3658), (137.269, 25.9518), (190.375, 1.05846), (180.857, -23.8362)))
(((157.876, -467.009), (126.474, -454.299), (120.595, -446.46), (145.157, -407.343), (147.973, -407.514), (177.099, -441.936), (157.876, -467.009)))
(((180.003, -160.858), (167.458, -170.321), (141.081, -158.716), (126.137, -118.865), (150.422, -110.081), (180.781, -121.188), (180.003, -160.858)))
(((191.758, -385.621), (147.973, -407.514), (145.157, -407.343), (131.205, -390.529), (154.565, -340.695), (195.962, -376.342), (191.758, -385.621)))
(((166.866, -241.448), (148.3, -244.1), (141.241, -236.888), (138.63, -203.807), (167.369, -171.149), (185.885, -220.527), (166.866, -241.448)))
(((190.375, 1.05846), (137.269, 25.9518), (178.842, 85.599), (205.624, 14.9923), (190.375, 1.05846)))
(((190.296, -268.002), (174.841, -306.046), (135.391, -274.759), (148.3, -244.1), (166.866, -241.448), (190.296, -268.002)))
(((204.718, 310.44), (142.976, 299.984), (133.313, 442.505), (230.985, 423.866), (204.718, 310.44)))
(((159.356, 108.314), (126.076, 219.246), (220.057, 194.836), (161.843, 107.515), (159.356, 108.314)))
(((180.781, -121.188), (150.422, -110.081), (156.694, -76.633), (188.657, -78.5701), (191.961, -111.605), (180.781, -121.188)))
(((205.338, -56.7117), (188.657, -78.5701), (156.694, -76.633), (132.275, -45.8829), (139.195, -38.1786), (180.857, -23.8362), (205.338, -56.7117)))
(((199.1, -439.98), (177.099, -441.936), (147.973, -407.514), (191.758, -385.621), (206.9, -428.02), (199.1, -439.98)))
(((202.158, -510.931), (176.391, -512.81), (157.876, -467.009), (177.099, -441.936), (199.1, -439.98), (216.022, -487.362), (202.158, -510.931)))
(((212.792, -702.494), (163.276, -661.23), (159.43, -609.299), (174.907, -600.632), (175.99, -600.658), (216.974, -634.812), (213.31, -701.982), (212.792, -702.494)))
(((215.672, -366.336), (195.962, -376.342), (154.565, -340.695), (154.192, -339.577), (176.098, -310.369), (221.113, -320.474), (215.672, -366.336)))
(((220.057, 194.836), (126.076, 219.246), (122.626, 221.872), (128.51, 290.34), (142.976, 299.984), (204.718, 310.44), (230.75, 291.554), (224.538, 195.883), (220.057, 194.836)))
(((210.853, -520.402), (204.983, -583.01), (175.99, -600.658), (174.907, -600.632), (165.074, -538.821), (171.127, -516.502), (176.391, -512.81), (202.158, -510.931), (210.853, -520.402)))
(((275.153, 444.073), (230.985, 423.866), (133.313, 442.505), (127.889, 445.88), (118.343, 470.404), (162.832, 594.106), (223.902, 594.106), (273.902, 557.779), (293, 499), (293, 499), (275.153, 444.073)))
(((225.053, -170.579), (219.53, -214.758), (216.436, -218.305), (185.885, -220.527), (167.369, -171.149), (167.458, -170.321), (180.003, -160.858), (218.395, -166.342), (225.053, -170.579)))
(((221.113, -320.474), (176.098, -310.369), (174.841, -306.046), (190.296, -268.002), (215.221, -269.161), (235.937, -307.768), (221.113, -320.474)))
(((226.297, -248.591), (215.221, -269.161), (190.296, -268.002), (166.866, -241.448), (185.885, -220.527), (216.436, -218.305), (226.297, -248.591)))
(((218.395, -166.342), (180.003, -160.858), (180.781, -121.188), (191.961, -111.605), (220.331, -114.072), (218.395, -166.342)))
(((233.229, -107.76), (220.331, -114.072), (191.961, -111.605), (188.657, -78.5701), (205.338, -56.7117), (238.79, -61.4158), (233.229, -107.76)))
(((303.837, 105.721), (178.897, 90.6684), (161.843, 107.515), (220.057, 194.836), (224.538, 195.883), (308.831, 152.91), (314, 137), (314, 137), (303.837, 105.721)))
(((248.936, -614.323), (216.974, -634.812), (175.99, -600.658), (204.983, -583.01), (231.05, -585.435), (249.642, -609.536), (248.936, -614.323)))
(((307.755, 8.60907), (309.827, 2.23148), (267.603, -44.5396), (238.79, -61.4158), (205.338, -56.7117), (180.857, -23.8362), (190.375, 1.05846), (205.624, 14.9923), (307.755, 8.60907)))
(((244.558, -424.673), (206.9, -428.02), (191.758, -385.621), (195.962, -376.342), (215.672, -366.336), (242.924, -378.552), (251.041, -413.048), (244.558, -424.673)))
(((253.736, -541.48), (231.05, -585.435), (204.983, -583.01), (210.853, -520.402), (253.736, -541.48)))
(((309.222, 8.51739), (205.624, 14.9923), (178.842, 85.599), (178.897, 90.6684), (307.068, 106.111), (324, 54), (324, 54), (309.222, 8.51739)))
(((258.725, -467.175), (216.022, -487.362), (199.1, -439.98), (206.9, -428.02), (244.558, -424.673), (258.725, -467.175)))
(((244.781, -166.374), (225.053, -170.579), (218.395, -166.342), (220.331, -114.072), (233.229, -107.76), (255.73, -122.579), (244.781, -166.374)))
(((252.182, -306.311), (235.937, -307.768), (215.221, -269.161), (226.297, -248.591), (263.491, -252.842), (279.384, -272.474), (252.182, -306.311)))
(((242.835, -691.54), (213.31, -701.982), (216.974, -634.812), (248.936, -614.323), (272.03, -642.036), (242.835, -691.54)))
(((263.491, -252.842), (226.297, -248.591), (216.436, -218.305), (219.53, -214.758), (264.459, -216.042), (263.491, -252.842)))
(((264.459, -216.042), (219.53, -214.758), (225.053, -170.579), (244.781, -166.374), (249.517, -168.469), (271.196, -209.118), (264.459, -216.042)))
(((290.972, -352.439), (242.924, -378.552), (215.672, -366.336), (221.113, -320.474), (235.937, -307.768), (252.182, -306.311), (290.972, -352.439)))
(((271.101, -533.123), (257.954, -541.368), (253.736, -541.48), (210.853, -520.402), (202.158, -510.931), (216.022, -487.362), (258.725, -467.175), (280.127, -473.807), (271.101, -533.123)))
(((257.954, -541.368), (279.319, -588.103), (249.642, -609.536), (231.05, -585.435), (253.736, -541.48), (257.954, -541.368)))
(((272.937, -119.481), (255.73, -122.579), (233.229, -107.76), (238.79, -61.4158), (267.603, -44.5396), (278.633, -112.923), (272.937, -119.481)))
(((346.363, 294.795), (230.75, 291.554), (204.718, 310.44), (230.985, 423.866), (268.667, 441.106), (293.902, 441.106), (343.902, 404.779), (363, 346), (363, 346), (346.363, 294.795)))
(((309.113, 152.766), (224.538, 195.883), (230.75, 291.554), (347.857, 294.837), (366, 239), (366, 239), (346.902, 180.221), (309.113, 152.766)))
(((296.319, -159.368), (249.517, -168.469), (244.781, -166.374), (255.73, -122.579), (272.937, -119.481), (296.319, -159.368)))
(((327.294, -805.11), (303.902, -822.106), (242.098, -822.106), (196.471, -788.956), (192.876, -769.24), (212.792, -702.494), (213.31, -701.982), (242.835, -691.54), (295.366, -700.443), (327.669, -763.935), (327.294, -805.11)))
(((305.545, -411.718), (251.041, -413.048), (242.924, -378.552), (290.972, -352.439), (293.217, -352.953), (310.567, -384.679), (305.545, -411.718)))
(((305.74, -412.198), (281.912, -473.258), (280.127, -473.807), (258.725, -467.175), (244.558, -424.673), (251.041, -413.048), (305.545, -411.718), (305.74, -412.198)))
(((299.302, -205.334), (271.196, -209.118), (249.517, -168.469), (296.319, -159.368), (297.517, -159.865), (304.68, -173.662), (299.302, -205.334)))
(((316, -599.717), (294.545, -640.762), (272.03, -642.036), (248.936, -614.323), (249.642, -609.536), (279.319, -588.103), (316, -594.452), (316, -599.717)))
(((295.366, -700.443), (242.835, -691.54), (272.03, -642.036), (294.545, -640.762), (315.33, -669.167), (295.366, -700.443)))
(((299.077, -270.111), (279.384, -272.474), (263.491, -252.842), (264.459, -216.042), (271.196, -209.118), (299.302, -205.334), (317.766, -225.087), (299.077, -270.111)))
(((316, -594.452), (279.319, -588.103), (257.954, -541.368), (271.101, -533.123), (305.617, -539.097), (316.338, -594.043), (316, -594.452)))
(((336.656, -6.61409), (317.168, -105.824), (278.633, -112.923), (267.603, -44.5396), (311.519, 4.10565), (321.902, 4.10565), (336.656, -6.61409)))
(((299.609, -270.552), (313.848, -333.611), (293.217, -352.953), (290.972, -352.439), (252.182, -306.311), (279.384, -272.474), (299.077, -270.111), (299.609, -270.552)))
(((325.832, -524.395), (305.617, -539.097), (271.101, -533.123), (280.127, -473.807), (281.912, -473.258), (317.194, -482.932), (325.832, -524.395)))
(((327.734, -124.999), (297.517, -159.865), (296.319, -159.368), (272.937, -119.481), (278.633, -112.923), (317.168, -105.824), (327.734, -124.999)))
(((335.788, -471.847), (317.194, -482.932), (281.912, -473.258), (305.74, -412.198), (339.909, -433.942), (335.788, -471.847)))
(((344.357, -325.845), (313.848, -333.611), (299.609, -270.552), (358.239, -287.122), (344.357, -325.845)))
(((344.604, -666.24), (315.33, -669.167), (294.545, -640.762), (316, -599.717), (353.132, -644.921), (344.604, -666.24)))
(((352.569, -172.331), (304.68, -173.662), (297.517, -159.865), (327.734, -124.999), (354.783, -134.696), (352.569, -172.331)))
(((354.822, -175.746), (343.741, -222.289), (317.766, -225.087), (299.302, -205.334), (304.68, -173.662), (352.569, -172.331), (354.822, -175.746)))
(((327.669, -763.935), (295.366, -700.443), (315.33, -669.167), (344.604, -666.24), (366.781, -694.836), (327.669, -763.935)))
(((355.837, -563.069), (341.062, -584.977), (316.338, -594.043), (305.617, -539.097), (325.832, -524.395), (347, -530.667), (355.837, -563.069)))
(((358.239, -287.122), (299.609, -270.552), (299.077, -270.111), (317.766, -225.087), (343.741, -222.289), (402.662, -259.785), (358.239, -287.122)))
(((361.52, -344.438), (350.07, -379.741), (310.567, -384.679), (293.217, -352.953), (313.848, -333.611), (344.357, -325.845), (361.52, -344.438)))
(((391.153, -415.117), (339.909, -433.942), (305.74, -412.198), (305.545, -411.718), (310.567, -384.679), (350.07, -379.741), (391.153, -415.117)))
(((362.515, -520.324), (347, -530.667), (325.832, -524.395), (317.194, -482.932), (335.788, -471.847), (365.757, -481.412), (362.515, -520.324)))
(((441.519, -85.1319), (354.783, -134.696), (327.734, -124.999), (317.168, -105.824), (336.601, -6.89435), (377.902, -6.89435), (427.902, -43.2215), (441.519, -85.1319)))
(((353.132, -644.921), (316, -599.717), (316, -594.452), (316.338, -594.043), (341.062, -584.977), (393.657, -620.606), (353.132, -644.921)))
(((457.4, -442.922), (365.757, -481.412), (335.788, -471.847), (339.909, -433.942), (391.153, -415.117), (451.358, -424.325), (457.4, -442.922)))
(((452.575, -257.705), (402.662, -259.785), (343.741, -222.289), (354.822, -175.746), (469.741, -197.126), (471, -201), (471, -201), (452.575, -257.705)))
(((462.882, -615.141), (393.657, -620.606), (341.062, -584.977), (355.837, -563.069), (467.081, -565.782), (473, -584), (473, -584), (462.882, -615.141)))
(((466.601, -565.771), (355.837, -563.069), (347, -530.667), (362.515, -520.324), (473.941, -543.18), (466.601, -565.771)))
(((455.803, -425.005), (391.153, -415.117), (350.07, -379.741), (361.52, -344.438), (467.454, -348.852), (474, -369), (474, -369), (455.803, -425.005)))
(((466.957, -348.832), (361.52, -344.438), (344.357, -325.845), (358.239, -287.122), (402.662, -259.785), (450.788, -257.78), (456.902, -262.221), (476, -321), (476, -321), (466.957, -348.832)))
(((469.647, -688.785), (366.781, -694.836), (344.604, -666.24), (353.132, -644.921), (393.657, -620.606), (464.386, -615.022), (479, -660), (479, -660), (469.647, -688.785)))
(((466.484, -196.52), (354.822, -175.746), (352.569, -172.331), (354.783, -134.696), (440.954, -85.455), (459.902, -99.2215), (479, -158), (479, -158), (466.484, -196.52)))
(((469.561, -542.282), (362.515, -520.324), (365.757, -481.412), (458.881, -442.3), (462.902, -445.221), (482, -504), (482, -504), (469.561, -542.282)))
(((327.295, -805.085), (327.669, -763.935), (366.781, -694.836), (470.247, -688.75), (483, -728), (483, -728), (463.902, -786.779), (413.902, -823.106), (352.098, -823.106), (327.295, -805.085)))
