(((-216.65, -303.106), (-216.902, -303.106), (-266.902, -266.779), (-286, -208), (-266.902, -149.221), (-216.902, -112.894), (-202.509, -112.894), (-164.132, -144.546), (-143.983, -178.645), (-137.875, -209.862), (-216.65, -303.106)))
(((-157.122, 394.894), (-180.902, 394.894), (-230.902, 431.221), (-250, 490), (-230.902, 548.779), (-180.902, 585.106), (-136.045, 585.106), (-109.282, 555.368), (-107.86, 437.395), (-157.122, 394.894)))
(((-151.759, -352.106), (-158.902, -352.106), (-208.902, -315.779), (-214.028, -300.002), (-137.875, -209.862), (-82.2836, -238.072), (-68.7094, -267.87), (-151.759, -352.106)))
(((-205.748, -110.224), (-186.902, -52.2215), (-136.902, -15.8943), (-127.838, -15.8943), (-81.9959, -84.0702), (-79.3254, -129.469), (-164.132, -144.546), (-205.748, -110.224)))
(((-70.731, -170.027), (-143.983, -178.645), (-164.132, -144.546), (-79.3254, -129.469), (-71.3497, -136.614), (-70.731, -170.027)))
(((-82.2836, -238.072), (-137.875, -209.862), (-143.983, -178.645), (-70.731, -170.027), (-58.6825, -187.239), (-82.2836, -238.072)))
(((-31.9344, 441.081), (-107.86, 437.395), (-109.282, 555.368), (-91.0342, 550.341), (-20.1102, 465.232), (-31.9344, 441.081)))
(((-148.425, 346.22), (-162, 388), (-160.787, 391.733), (-107.86, 437.395), (-31.9344, 441.081), (-16.9656, 416.757), (-34.6958, 352.368), (-148.425, 346.22)))
(((-110.742, 113.036), (-139.902, 134.221), (-159, 193), (-139.902, 251.779), (-136.643, 254.146), (-55.2461, 253.473), (-19.8025, 227.851), (-16.8741, 187.341), (-79.3386, 118.232), (-110.742, 113.036)))
(((-137.43, 254.152), (-138.902, 255.221), (-158, 314), (-147.515, 346.269), (-34.6958, 352.368), (-10.1982, 323.416), (-55.2461, 253.473), (-137.43, 254.152)))
(((-137.117, -386.348), (-137.902, -385.779), (-149.566, -349.881), (-68.7094, -267.87), (-60.8909, -269.208), (-11.1833, -304.616), (-37.775, -378.851), (-137.117, -386.348)))
(((-29.8568, -126.903), (-71.3497, -136.614), (-79.3254, -129.469), (-81.9959, -84.0702), (-24.6718, -95.2166), (-29.8568, -126.903)))
(((-84.5707, -524.713), (-129.902, -491.779), (-149, -433), (-133.76, -386.095), (-37.775, -378.851), (12.3249, -414.898), (-84.5707, -524.713)))
(((-129.141, -13.9573), (-128.902, -13.2215), (-121.304, -7.70166), (-23.136, -48.323), (-19.975, -90.2066), (-24.6718, -95.2166), (-81.9959, -84.0702), (-129.141, -13.9573)))
(((-29.1138, -184.331), (-58.6825, -187.239), (-70.731, -170.027), (-71.3497, -136.614), (-29.8568, -126.903), (-4.60319, -156.144), (-29.1138, -184.331)))
(((-139.881, 589.367), (-120.902, 647.779), (-70.9017, 684.106), (-9.0983, 684.106), (-4.75272, 680.948), (-3.01313, 553.958), (-91.0342, 550.341), (-109.282, 555.368), (-139.881, 589.367)))
(((-8.45843, -223.674), (-60.8909, -269.208), (-68.7094, -267.87), (-82.2836, -238.072), (-58.6825, -187.239), (-29.1138, -184.331), (-8.45843, -223.674)))
(((36, 516.667), (-20.1102, 465.232), (-91.0342, 550.341), (-3.01313, 553.958), (36, 517.054), (36, 516.667)))
(((-119.804, 4.15232), (-136, 54), (-117.163, 111.973), (-79.3386, 118.232), (-5.91322, 95.0868), (7.98048, 66.952), (-19.2193, 21.9025), (-119.804, 4.15232)))
(((-121.877, -7.46485), (-117.998, 4.47086), (-19.2193, 21.9025), (12.686, -14.434), (4.91767, -33.2572), (-23.136, -48.323), (-121.877, -7.46485)))
(((41.9071, 142.907), (-5.91322, 95.0868), (-79.3386, 118.232), (-16.8741, 187.341), (39.0764, 154.616), (41.9071, 142.907)))
(((18.8215, -299.976), (-11.1833, -304.616), (-60.8909, -269.208), (-8.45843, -223.674), (19.9627, -227.046), (36.4236, -253.037), (18.8215, -299.976)))
(((40.8044, -126.983), (23.2345, -155.43), (-4.60319, -156.144), (-29.8568, -126.903), (-24.6718, -95.2166), (-19.975, -90.2066), (33.5109, -95.6644), (40.8044, -126.983)))
(((48.3832, 308.663), (23.1657, 240.686), (-19.8025, 227.851), (-55.2461, 253.473), (-10.1982, 323.416), (33.5107, 320.596), (48.3832, 308.663)))
(((100.275, -483.308), (82.9017, -536.779), (32.9017, -573.106), (-28.9017, -573.106), (-78.9017, -536.779), (-83.2925, -523.265), (12.3249, -414.898), (21.1105, -415.452), (100.275, -483.308)))
(((37.776, -182.089), (19.9627, -227.046), (-8.45843, -223.674), (-29.1138, -184.331), (-4.60319, -156.144), (23.2345, -155.43), (37.776, -182.089)))
(((33.5109, -95.6644), (-19.975, -90.2066), (-23.136, -48.323), (4.91767, -33.2572), (41.8021, -78.0455), (33.5109, -95.6644)))
(((33.5107, 320.596), (-10.1982, 323.416), (-34.6958, 352.368), (-16.9656, 416.757), (42.2647, 399.382), (33.5107, 320.596)))
(((21.1105, -415.452), (12.3249, -414.898), (-37.775, -378.851), (-11.1833, -304.616), (18.8215, -299.976), (40.4716, -317.605), (42.2716, -374.305), (21.1105, -415.452)))
(((48.5519, -1.70741), (12.686, -14.434), (-19.2193, 21.9025), (7.98048, 66.952), (32.5545, 57.3955), (50.9843, 0.954468), (48.5519, -1.70741)))
(((39.0764, 154.616), (-16.8741, 187.341), (-19.8025, 227.851), (23.1657, 240.686), (67.1379, 208.928), (39.0764, 154.616)))
(((82.9811, 464.465), (49.4375, 402.969), (42.2647, 399.382), (-16.9656, 416.757), (-31.9344, 441.081), (-20.1102, 465.232), (36, 516.667), (82.9811, 464.465)))
(((-4.74159, 680.136), (2.0983, 685.106), (57.5815, 685.106), (79.2222, 561.444), (36, 517.054), (-3.01313, 553.958), (-4.74159, 680.136)))
(((41.8021, -78.0455), (4.91767, -33.2572), (12.686, -14.434), (48.5519, -1.70741), (64.4307, -65.2226), (41.8021, -78.0455)))
(((70.7412, 71.7155), (32.5545, 57.3955), (7.98048, 66.952), (-5.91322, 95.0868), (41.9071, 142.907), (83.2952, 121.094), (70.7412, 71.7155)))
(((88.6714, -243.391), (36.4236, -253.037), (19.9627, -227.046), (37.776, -182.089), (69.8378, -189.402), (88.6714, -243.391)))
(((84.5922, 213.24), (67.1379, 208.928), (23.1657, 240.686), (48.3832, 308.663), (57.1169, 308.103), (98.5049, 246.734), (84.5922, 213.24)))
(((109.477, 11.6413), (103.274, 7.77491), (50.9843, 0.954468), (32.5545, 57.3955), (70.7412, 71.7155), (104.977, 39.985), (110.84, 14.1176), (109.477, 11.6413)))
(((122.638, -283.317), (91.1999, -313.129), (40.4716, -317.605), (18.8215, -299.976), (36.4236, -253.037), (88.6714, -243.391), (104.813, -249.646), (122.638, -283.317)))
(((97.98, -169.3), (69.8378, -189.402), (37.776, -182.089), (23.2345, -155.43), (40.8044, -126.983), (74.2929, -129.821), (97.98, -169.3)))
(((111.643, 332.639), (57.1169, 308.103), (48.3832, 308.663), (33.5107, 320.596), (42.2647, 399.382), (49.4375, 402.969), (106.317, 372.056), (111.643, 332.639)))
(((101.46, -363.402), (42.2716, -374.305), (40.4716, -317.605), (91.1999, -313.129), (101.46, -363.402)))
(((110.123, -101.534), (74.2929, -129.821), (40.8044, -126.983), (33.5109, -95.6644), (41.8021, -78.0455), (64.4307, -65.2226), (88.1594, -65.9104), (109.254, -80.0885), (110.123, -101.534)))
(((88.1594, -65.9104), (64.4307, -65.2226), (48.5519, -1.70741), (50.9843, 0.954468), (103.274, 7.77491), (88.1594, -65.9104)))
(((133.829, -465.448), (110.902, -482.106), (98.8733, -482.106), (21.1105, -415.452), (42.2716, -374.305), (101.46, -363.402), (131.625, -389.797), (133.829, -465.448)))
(((104.682, 125.9), (83.2952, 121.094), (41.9071, 142.907), (39.0764, 154.616), (67.1379, 208.928), (84.5922, 213.24), (129.051, 179.513), (104.682, 125.9)))
(((140.609, 418.732), (106.317, 372.056), (49.4375, 402.969), (82.9811, 464.465), (92.7917, 463.194), (140.609, 418.732)))
(((104.813, -249.646), (88.6714, -243.391), (69.8378, -189.402), (97.98, -169.3), (108.461, -170.132), (132.881, -206.341), (104.813, -249.646)))
(((138.2, -136.894), (108.461, -170.132), (97.98, -169.3), (74.2929, -129.821), (110.123, -101.534), (137.195, -130.587), (138.2, -136.894)))
(((141.889, 96.8915), (104.977, 39.985), (70.7412, 71.7155), (83.2952, 121.094), (104.682, 125.9), (141.889, 96.8915)))
(((146.98, 265.778), (98.5049, 246.734), (57.1169, 308.103), (111.643, 332.639), (121.47, 328.49), (146.98, 265.778)))
(((165.363, 518.69), (92.7917, 463.194), (82.9811, 464.465), (36, 516.667), (36, 517.054), (79.2222, 561.444), (125.385, 559.346), (165.363, 518.69)))
(((58.1734, 681.723), (82.0983, 699.106), (143.902, 699.106), (183.036, 670.673), (125.385, 559.346), (79.2222, 561.444), (58.1734, 681.723)))
(((145.819, -59.284), (109.254, -80.0885), (88.1594, -65.9104), (103.274, 7.77491), (109.477, 11.6413), (150.661, -48.6638), (145.819, -59.284)))
(((165.352, -344.079), (131.625, -389.797), (101.46, -363.402), (91.1999, -313.129), (122.638, -283.317), (146.439, -290.249), (165.352, -344.079)))
(((170.004, 255.129), (140.636, 182.409), (129.051, 179.513), (84.5922, 213.24), (98.5049, 246.734), (146.98, 265.778), (170.004, 255.129)))
(((159.853, -201.705), (132.881, -206.341), (108.461, -170.132), (138.2, -136.894), (186.853, -170.41), (159.853, -201.705)))
(((175.255, 27.7813), (110.84, 14.1176), (104.977, 39.985), (141.889, 96.8915), (152.935, 95.6938), (178.652, 37.2452), (175.255, 27.7813)))
(((185.739, 348.94), (121.47, 328.49), (111.643, 332.639), (106.317, 372.056), (140.609, 418.732), (165.81, 417.648), (187.123, 388.138), (185.739, 348.94)))
(((175.926, -98.3116), (137.195, -130.587), (110.123, -101.534), (109.254, -80.0885), (145.819, -59.284), (175.926, -98.3116)))
(((200.72, 475.548), (165.81, 417.648), (140.609, 418.732), (92.7917, 463.194), (165.363, 518.69), (169.183, 517.96), (200.72, 475.548)))
(((204.897, 130.62), (152.935, 95.6938), (141.889, 96.8915), (104.682, 125.9), (129.051, 179.513), (140.636, 182.409), (172.882, 167.971), (204.897, 130.62)))
(((146.439, -290.249), (122.638, -283.317), (104.813, -249.646), (132.881, -206.341), (159.853, -201.705), (191.306, -264.611), (146.439, -290.249)))
(((196.957, -8.7693), (179.681, -35.3832), (150.661, -48.6638), (109.477, 11.6413), (110.84, 14.1176), (175.255, 27.7813), (196.957, -8.7693)))
(((189.249, 257.987), (170.004, 255.129), (146.98, 265.778), (121.47, 328.49), (185.739, 348.94), (221.477, 312.635), (189.249, 257.987)))
(((256.452, 613.62), (169.183, 517.96), (165.363, 518.69), (125.385, 559.346), (182.742, 670.106), (199.902, 670.106), (249.902, 633.779), (256.452, 613.62)))
(((210.542, -165.086), (186.853, -170.41), (138.2, -136.894), (137.195, -130.587), (175.926, -98.3116), (208.916, -104.099), (210.542, -165.086)))
(((216.148, 227.176), (172.882, 167.971), (140.636, 182.409), (170.004, 255.129), (189.249, 257.987), (216.148, 227.176)))
(((208.916, -104.099), (175.926, -98.3116), (145.819, -59.284), (150.661, -48.6638), (179.681, -35.3832), (220.25, -90.7045), (208.916, -104.099)))
(((133.84, -465.84), (131.625, -389.797), (165.352, -344.079), (276.65, -364.457), (283, -384), (283, -384), (263.902, -442.779), (213.902, -479.106), (152.098, -479.106), (133.84, -465.84)))
(((284.633, 96.5947), (178.652, 37.2452), (152.935, 95.6938), (204.897, 130.62), (276.793, 120.726), (284.633, 96.5947)))
(((277.358, -261.063), (191.306, -264.611), (159.853, -201.705), (186.853, -170.41), (210.542, -165.086), (291.32, -213.908), (292, -216), (292, -216), (277.358, -261.063)))
(((279.133, -364.912), (165.352, -344.079), (146.439, -290.249), (191.306, -264.611), (279.101, -260.991), (296, -313), (296, -313), (279.133, -364.912)))
(((277.775, 120.591), (204.897, 130.62), (172.882, 167.971), (216.148, 227.176), (304.952, 182.774), (286.902, 127.221), (277.775, 120.591)))
(((311.619, -49.1733), (220.25, -90.7045), (179.681, -35.3832), (196.957, -8.7693), (302.452, -18.6156), (312, -48), (312, -48), (311.619, -49.1733)))
(((261.952, 462.594), (237.135, 399.959), (187.123, 388.138), (165.81, 417.648), (200.72, 475.548), (251.258, 470.444), (261.952, 462.594)))
(((304.128, -18.7719), (196.957, -8.7693), (175.255, 27.7813), (178.652, 37.2452), (284.849, 96.7152), (299.902, 85.7785), (319, 27), (319, 27), (304.128, -18.7719)))
(((259.092, 616.514), (263.373, 613.404), (251.258, 470.444), (200.72, 475.548), (169.183, 517.96), (259.092, 616.514)))
(((227.491, 313.407), (221.477, 312.635), (185.739, 348.94), (187.123, 388.138), (237.135, 399.959), (274.293, 356.243), (227.491, 313.407)))
(((301.137, 184.682), (216.148, 227.176), (189.249, 257.987), (221.477, 312.635), (227.491, 313.407), (332.942, 229.046), (323.902, 201.221), (301.137, 184.682)))
(((288.652, -212.295), (210.542, -165.086), (208.916, -104.099), (220.25, -90.7045), (307.201, -51.1814), (327.902, -66.2215), (347, -125), (347, -125), (327.902, -183.779), (288.652, -212.295)))
(((357.897, 368.829), (274.293, 356.243), (237.135, 399.959), (261.952, 462.594), (353.788, 449.816), (369, 403), (369, 403), (357.897, 368.829)))
(((333.151, 228.88), (227.491, 313.407), (274.293, 356.243), (362.814, 369.569), (363.902, 368.779), (383, 310), (383, 310), (363.902, 251.221), (333.151, 228.88)))
(((353.09, 449.914), (261.952, 462.594), (251.258, 470.444), (263.348, 613.106), (315.902, 613.106), (365.902, 576.779), (385, 518), (385, 518), (365.902, 459.221), (353.09, 449.914)))
