(((-177.331, -591.106), (-238.902, -591.106), (-288.902, -554.779), (-308, -496), (-288.902, -437.221), (-272.124, -425.031), (-266.781, -425.833), (-187.886, -453.625), (-160.408, -498.528), (-177.331, -591.106)))
(((-287.29, -354.584), (-306, -297), (-286.902, -238.221), (-273.187, -228.257), (-246.473, -234.281), (-179.274, -291.298), (-178.072, -307.522), (-201.099, -337.128), (-287.29, -354.584)))
(((-295.657, -146.753), (-305, -118), (-285.902, -59.2215), (-268.556, -46.6193), (-184.836, -103.902), (-180.468, -127.927), (-188.469, -135.47), (-295.657, -146.753)))
(((-200.374, 491.894), (-233.902, 491.894), (-283.902, 528.221), (-303, 587), (-283.902, 645.779), (-233.902, 682.106), (-172.098, 682.106), (-122.098, 645.779), (-112.927, 617.552), (-172.208, 510.463), (-200.374, 491.894)))
(((-280.038, -216.133), (-281.902, -214.779), (-301, -156), (-298.078, -147.008), (-188.469, -135.47), (-184.677, -172.12), (-280.038, -216.133)))
(((-274.168, -424.725), (-290, -376), (-282.742, -353.663), (-201.099, -337.128), (-163.557, -361.871), (-161.626, -383.114), (-266.781, -425.833), (-274.168, -424.725)))
(((-272.116, -228.498), (-276.643, -214.566), (-184.677, -172.12), (-164, -177.536), (-164, -210.692), (-192.414, -230.363), (-246.473, -234.281), (-272.116, -228.498)))
(((-268.227, -46.8446), (-259.902, -21.2215), (-209.902, 15.1057), (-154.819, 15.1057), (-152.899, -84.7395), (-184.836, -103.902), (-268.227, -46.8446)))
(((-150.649, -265.634), (-179.274, -291.298), (-246.473, -234.281), (-192.414, -230.363), (-150.029, -261.445), (-150.649, -265.634)))
(((-141.598, -418.17), (-187.886, -453.625), (-266.781, -425.833), (-161.626, -383.114), (-140.659, -406.914), (-141.598, -418.17)))
(((-150.614, -168.93), (-164, -177.536), (-184.677, -172.12), (-188.469, -135.47), (-180.468, -127.927), (-157.647, -133.765), (-150.614, -168.93)))
(((-130, -320.722), (-130, -339.5), (-163.557, -361.871), (-201.099, -337.128), (-178.072, -307.522), (-131.058, -318.371), (-130, -320.722)))
(((-139.516, -121.677), (-157.647, -133.765), (-180.468, -127.927), (-184.836, -103.902), (-152.899, -84.7395), (-146.057, -92.2441), (-139.516, -121.677)))
(((-140.909, -253.765), (-150.029, -261.445), (-192.414, -230.363), (-164, -210.692), (-133.458, -219.307), (-140.909, -253.765)))
(((-131.058, -318.371), (-178.072, -307.522), (-179.274, -291.298), (-150.649, -265.634), (-126.291, -298.112), (-131.058, -318.371)))
(((-117.1, -210.257), (-133.458, -219.307), (-164, -210.692), (-164, -177.536), (-150.614, -168.93), (-137.847, -171.015), (-115.954, -196.962), (-117.1, -210.257)))
(((-131.401, -485.525), (-160.408, -498.528), (-187.886, -453.625), (-141.598, -418.17), (-114.814, -441.688), (-131.401, -485.525)))
(((-113.518, -144.474), (-137.847, -171.015), (-150.614, -168.93), (-157.647, -133.765), (-139.516, -121.677), (-110.855, -129.494), (-113.518, -144.474)))
(((-113.156, -387.725), (-140.659, -406.914), (-161.626, -383.114), (-163.557, -361.871), (-130, -339.5), (-114.784, -353.546), (-113.156, -387.725)))
(((-139.03, 16.1057), (-108.994, -89.0212), (-146.057, -92.2441), (-152.899, -84.7395), (-154.839, 16.1057), (-139.03, 16.1057)))
(((-110.855, -129.494), (-139.516, -121.677), (-146.057, -92.2441), (-108.994, -89.0212), (-104.122, -93.1072), (-109.758, -128.798), (-110.855, -129.494)))
(((-96.0596, -277.042), (-126.291, -298.112), (-150.649, -265.634), (-150.029, -261.445), (-140.909, -253.765), (-100.8, -260.45), (-96.0596, -277.042)))
(((-100.8, -260.45), (-140.909, -253.765), (-133.458, -219.307), (-117.1, -210.257), (-90.0441, -230.871), (-100.8, -260.45)))
(((-168.139, -591.949), (-176.39, -585.955), (-160.408, -498.528), (-131.401, -485.525), (-81.9844, -497.879), (-72.2493, -531.465), (-168.139, -591.949)))
(((-167.985, 373.666), (-194.902, 393.221), (-214, 452), (-201.218, 491.337), (-172.208, 510.463), (-73.6647, 479.415), (-51.3984, 439.146), (-167.985, 373.666)))
(((-92.459, -177.873), (-115.954, -196.962), (-137.847, -171.015), (-113.518, -144.474), (-92.25, -176.375), (-92.459, -177.873)))
(((-86.7922, -441.178), (-114.814, -441.688), (-141.598, -418.17), (-140.659, -406.914), (-113.156, -387.725), (-89.652, -393.993), (-86.7922, -441.178)))
(((-68.7049, -465.787), (-81.9844, -497.879), (-131.401, -485.525), (-114.814, -441.688), (-86.7922, -441.178), (-75.5708, -447.478), (-68.7049, -465.787)))
(((-79.2664, -316.964), (-130, -320.722), (-131.058, -318.371), (-126.291, -298.112), (-96.0596, -277.042), (-88.4497, -281.251), (-79.2664, -316.964)))
(((-68.6414, -326.704), (-83.7919, -348.52), (-114.784, -353.546), (-130, -339.5), (-130, -320.722), (-79.2664, -316.964), (-68.6414, -326.704)))
(((-139.354, 17.2383), (-129.902, 24.1057), (-123.552, 24.1057), (-94.0635, 8.43997), (-74.1582, -41.7213), (-80.728, -85.5199), (-104.122, -93.1072), (-108.994, -89.0212), (-139.354, 17.2383)))
(((-89.9143, -773.106), (-125.902, -773.106), (-175.902, -736.779), (-195, -678), (-175.902, -619.221), (-164.78, -611.141), (-56.2231, -633.938), (-38.9934, -687.295), (-89.9143, -773.106)))
(((-69.5331, -384.167), (-89.652, -393.993), (-113.156, -387.725), (-114.784, -353.546), (-83.7919, -348.52), (-69.5331, -384.167)))
(((-63.4909, -137), (-63.94, -145.234), (-92.25, -176.375), (-113.518, -144.474), (-110.855, -129.494), (-109.758, -128.798), (-65.7938, -133.577), (-63.4909, -137)))
(((-111.513, 620.106), (-67.0645, 620.106), (-48.5109, 539.397), (-73.6647, 479.415), (-172.208, 510.463), (-111.513, 620.106)))
(((-58.9516, -224.438), (-90.0441, -230.871), (-117.1, -210.257), (-115.954, -196.962), (-92.459, -177.873), (-59.6887, -199.3), (-55.9955, -218.874), (-58.9516, -224.438)))
(((-65.7938, -133.577), (-109.758, -128.798), (-104.122, -93.1072), (-80.728, -85.5199), (-60.4417, -103.843), (-65.7938, -133.577)))
(((-46.916, -271.414), (-88.4497, -281.251), (-96.0596, -277.042), (-100.8, -260.45), (-90.0441, -230.871), (-58.9516, -224.438), (-43.2087, -258.548), (-46.916, -271.414)))
(((-163.118, -611.49), (-169.242, -592.645), (-72.2493, -531.465), (-34.2616, -543.979), (-45.8295, -622.641), (-56.2231, -633.938), (-163.118, -611.49)))
(((-142.499, 311.937), (-153.902, 320.221), (-170.76, 372.107), (-51.3984, 439.146), (-31.5947, 431.885), (-45.772, 339.732), (-142.499, 311.937)))
(((-34.0337, -407.199), (-75.5708, -447.478), (-86.7922, -441.178), (-89.652, -393.993), (-69.5331, -384.167), (-46.9218, -387.867), (-34.0337, -407.199)))
(((-59.6887, -199.3), (-92.459, -177.873), (-92.25, -176.375), (-63.94, -145.234), (-48.7579, -174.705), (-59.6887, -199.3)))
(((-36.9314, -295.187), (-63.4565, -326.449), (-68.6414, -326.704), (-79.2664, -316.964), (-88.4497, -281.251), (-46.916, -271.414), (-36.9314, -295.187)))
(((-46.9218, -387.867), (-69.5331, -384.167), (-83.7919, -348.52), (-68.6414, -326.704), (-63.4565, -326.449), (-34.4943, -352.778), (-46.9218, -387.867)))
(((-29.0046, -86.5525), (-60.4417, -103.843), (-80.728, -85.5199), (-74.1582, -41.7213), (-24.0513, -78.8974), (-29.0046, -86.5525)))
(((-134.005, 248.928), (-148, 292), (-141.421, 312.247), (-45.772, 339.732), (-34.7375, 334), (-20.8784, 254.805), (-134.005, 248.928)))
(((-34.2616, -543.979), (-72.2493, -531.465), (-81.9844, -497.879), (-68.7049, -465.787), (-24.563, -471.305), (-10.7524, -534.08), (-34.2616, -543.979)))
(((-102.221, 139.743), (-124.902, 156.221), (-144, 215), (-132.958, 248.983), (-20.8784, 254.805), (12.8379, 240.355), (-4.49225, 196.488), (-102.221, 139.743)))
(((6.50511, -434.359), (-24.563, -471.305), (-68.7049, -465.787), (-75.5708, -447.478), (-34.0337, -407.199), (2.63323, -420.11), (6.50511, -434.359)))
(((-9.20248, -156.004), (-18.7885, -171.981), (-48.7579, -174.705), (-63.94, -145.234), (-63.4909, -137), (-16.8276, -137), (-16.4909, -137.208), (-9.20248, -156.004)))
(((-16.8276, -137), (-63.4909, -137), (-65.7938, -133.577), (-60.4417, -103.843), (-29.0046, -86.5525), (-16.8276, -137)))
(((-24.0513, -78.8974), (-74.1582, -41.7213), (-94.0635, 8.43997), (-89.2025, 8.204), (-14.9444, -32.8333), (-19.4631, -76.8901), (-24.0513, -78.8974)))
(((-10.1688, -207.417), (-55.9955, -218.874), (-59.6887, -199.3), (-48.7579, -174.705), (-18.7885, -171.981), (-10.1688, -207.417)))
(((-6.86105, -322.999), (-31.65, -351.754), (-34.4943, -352.778), (-63.4565, -326.449), (-36.9314, -295.187), (-17.08, -302.074), (-6.86105, -322.999)))
(((-119.636, 22.0254), (-131, 57), (-112.075, 115.247), (-0.381381, 71.5405), (-8.42836, 28.0869), (-89.2025, 8.204), (-94.0635, 8.43997), (-119.636, 22.0254)))
(((13.781, 470.825), (-19.7966, 433.791), (-31.5947, 431.885), (-51.3984, 439.146), (-73.6647, 479.415), (-48.5109, 539.397), (22.954, 500.558), (13.781, 470.825)))
(((2.17028, -250.8), (-43.2087, -258.548), (-58.9516, -224.438), (-55.9955, -218.874), (-10.1688, -207.417), (-5.94829, -209.488), (5.04621, -244.827), (2.17028, -250.8)))
(((10.3927, -276.564), (-17.08, -302.074), (-36.9314, -295.187), (-46.916, -271.414), (-43.2087, -258.548), (2.17028, -250.8), (10.3927, -276.564)))
(((2.63323, -420.11), (-34.0337, -407.199), (-46.9218, -387.867), (-34.4943, -352.778), (-31.65, -351.754), (5.34834, -368.033), (2.75322, -419.936), (2.63323, -420.11)))
(((10.7901, -21.8042), (-14.9444, -32.8333), (-89.2025, 8.204), (-8.42836, 28.0869), (7.62269, 16.9971), (10.7901, -21.8042)))
(((-109.365, 114.186), (-101.907, 137.141), (15.0534, 125.445), (9.33437, 77.7864), (-0.381381, 71.5405), (-109.365, 114.186)))
(((19.1957, -111.717), (-16.4909, -137.208), (-16.8276, -137), (-29.0046, -86.5525), (-24.0513, -78.8974), (-19.4631, -76.8901), (-2.29896, -80.0369), (10.8811, -88.7301), (19.1957, -111.717)))
(((-102.879, 137.238), (-103.459, 139.024), (-4.49225, 196.488), (33.1667, 140), (15.0534, 125.445), (-102.879, 137.238)))
(((12.8379, 240.355), (-20.8784, 254.805), (-34.7375, 334), (33.2162, 334), (23.5413, 244.507), (12.8379, 240.355)))
(((54.4293, 354.125), (33.2162, 334), (-34.7375, 334), (-45.772, 339.732), (-31.5947, 431.885), (-19.7966, 433.791), (53.2454, 370.173), (54.4293, 354.125)))
(((18.4679, -615.012), (-45.8295, -622.641), (-34.2616, -543.979), (-10.7524, -534.08), (-8.30635, -534.311), (24.8006, -608.801), (18.4679, -615.012)))
(((-90.3858, -773.9), (-38.9934, -687.295), (30.6188, -691.389), (93.7258, -725.001), (96, -732), (96, -732), (76.9017, -790.779), (26.9017, -827.106), (-34.9017, -827.106), (-84.9017, -790.779), (-90.3858, -773.9)))
(((20.9096, -351.319), (5.34834, -368.033), (-31.65, -351.754), (-6.86105, -322.999), (9.19231, -327.885), (20.9096, -351.319)))
(((-66.4011, 617.22), (-34.9017, 640.106), (26.9017, 640.106), (32.3341, 636.159), (43.9615, 519.885), (22.954, 500.558), (-48.5109, 539.397), (-66.4011, 617.22)))
(((30.6188, -691.389), (-38.9934, -687.295), (-56.2231, -633.938), (-45.8295, -622.641), (18.4679, -615.012), (30.6188, -691.389)))
(((23.2781, -195.249), (-5.94829, -209.488), (-10.1688, -207.417), (-18.7885, -171.981), (-9.20248, -156.004), (5.82339, -159.149), (24.4171, -192.046), (23.2781, -195.249)))
(((28.0094, -33.4085), (-2.29896, -80.0369), (-19.4631, -76.8901), (-14.9444, -32.8333), (10.7901, -21.8042), (28.0094, -33.4085)))
(((37.5847, -467.286), (13.5538, -527.996), (-8.30635, -534.311), (-10.7524, -534.08), (-24.563, -471.305), (6.50511, -434.359), (34.5382, -456.062), (37.5847, -467.286)))
(((41.8925, -298.818), (9.19231, -327.885), (-6.86105, -322.999), (-17.08, -302.074), (10.3927, -276.564), (42.3156, -292.154), (41.8925, -298.818)))
(((34.5357, -145.75), (5.82339, -159.149), (-9.20248, -156.004), (-16.4909, -137.208), (19.1957, -111.717), (30.6562, -118.594), (34.5357, -145.75)))
(((39.5337, -237.067), (5.04621, -244.827), (-5.94829, -209.488), (23.2781, -195.249), (47.7916, -222.96), (39.5337, -237.067)))
(((67.9521, -55.6276), (64.4281, -60.1717), (10.8811, -88.7301), (-2.29896, -80.0369), (28.0094, -33.4085), (54.3125, -38.3125), (68.8529, -52.8529), (67.9521, -55.6276)))
(((35.0463, 22.9119), (7.62269, 16.9971), (-8.42836, 28.0869), (-0.381381, 71.5405), (9.33437, 77.7864), (47.6587, 67.0556), (35.0463, 22.9119)))
(((52.9087, -389.158), (2.75322, -419.936), (5.34834, -368.033), (20.9096, -351.319), (38.419, -354.745), (52.9087, -389.158)))
(((58.2099, -166.41), (24.4171, -192.046), (5.82339, -159.149), (34.5357, -145.75), (58.4695, -164.365), (58.2099, -166.41)))
(((74.2227, -587.302), (63.9738, -600.16), (24.8006, -608.801), (-8.30635, -534.311), (13.5538, -527.996), (48.0685, -538.69), (76.8178, -570.434), (74.2227, -587.302)))
(((42.3156, -292.154), (10.3927, -276.564), (2.17028, -250.8), (5.04621, -244.827), (39.5337, -237.067), (59.4301, -276.86), (42.3156, -292.154)))
(((61.6383, -332.3), (38.419, -354.745), (20.9096, -351.319), (9.19231, -327.885), (41.8925, -298.818), (61.6383, -332.3)))
(((54.3125, -38.3125), (28.0094, -33.4085), (10.7901, -21.8042), (7.62269, 16.9971), (35.0463, 22.9119), (57.5172, 9.75822), (54.3125, -38.3125)))
(((69.5366, 74.7128), (47.6587, 67.0556), (9.33437, 77.7864), (15.0534, 125.445), (33.1667, 140), (34.9, 140), (82.1671, 103.641), (69.5366, 74.7128)))
(((75.0903, 187.283), (34.9, 140), (33.1667, 140), (-4.49225, 196.488), (12.8379, 240.355), (23.5413, 244.507), (33.0314, 241.959), (75.0903, 187.283)))
(((52.2815, -110.276), (30.6562, -118.594), (19.1957, -111.717), (10.8811, -88.7301), (64.4281, -60.1717), (52.2815, -110.276)))
(((91.4663, -723.797), (30.6188, -691.389), (18.4679, -615.012), (24.8006, -608.801), (63.9738, -600.16), (93.4, -722.392), (91.4663, -723.797)))
(((53.2454, 370.173), (-19.7966, 433.791), (13.781, 470.825), (99.2431, 429.189), (53.2454, 370.173)))
(((81.4741, -212.21), (47.7916, -222.96), (23.2781, -195.249), (24.4171, -192.046), (58.2099, -166.41), (81.5198, -211.92), (81.4741, -212.21)))
(((48.0685, -538.69), (13.5538, -527.996), (37.5847, -467.286), (81.9774, -492.987), (48.0685, -538.69)))
(((78.7754, -433.429), (34.5382, -456.062), (6.50511, -434.359), (2.63323, -420.11), (2.75322, -419.936), (52.9087, -389.158), (63.2589, -391.056), (80.9536, -427.33), (78.7754, -433.429)))
(((72.9847, -152.819), (58.4695, -164.365), (34.5357, -145.75), (30.6562, -118.594), (52.2815, -110.276), (78.9921, -125.786), (72.9847, -152.819)))
(((90.6357, 25.5648), (57.5172, 9.75822), (35.0463, 22.9119), (47.6587, 67.0556), (69.5366, 74.7128), (93.6866, 33.0748), (90.6357, 25.5648)))
(((88.7097, -371.968), (63.2589, -391.056), (52.9087, -389.158), (38.419, -354.745), (61.6383, -332.3), (83.6032, -336.444), (92.5595, -351.179), (88.7097, -371.968)))
(((91.891, -242.043), (59.4827, -276.852), (59.4301, -276.86), (39.5337, -237.067), (47.7916, -222.96), (81.4741, -212.21), (92.9676, -229.77), (91.891, -242.043)))
(((121.975, 499.449), (109.544, 434.675), (99.2431, 429.189), (13.781, 470.825), (22.954, 500.558), (43.9615, 519.885), (120.352, 500.787), (121.975, 499.449)))
(((131.251, 281.988), (121.368, 271.838), (33.0314, 241.959), (23.5413, 244.507), (33.2162, 334), (54.4293, 354.125), (124.75, 315.328), (131.914, 299.346), (131.251, 281.988)))
(((92.1324, -117.132), (78.9921, -125.786), (52.2815, -110.276), (64.4281, -60.1717), (67.9521, -55.6276), (94.4251, -112.646), (92.1324, -117.132)))
(((83.6032, -336.444), (61.6383, -332.3), (41.8925, -298.818), (42.3156, -292.154), (59.4301, -276.86), (59.4827, -276.852), (103.199, -299.924), (83.6032, -336.444)))
(((95.7843, -490.95), (81.9774, -492.987), (37.5847, -467.286), (34.5382, -456.062), (78.7754, -433.429), (104.187, -470.994), (95.7843, -490.95)))
(((111.96, 180.648), (110.001, 114.037), (82.1671, 103.641), (34.9, 140), (75.0903, 187.283), (111.134, 181.438), (111.96, 180.648)))
(((103.985, -6.32565), (72.1534, -51.9973), (68.8529, -52.8529), (54.3125, -38.3125), (57.5172, 9.75822), (90.6357, 25.5648), (103.985, -6.32565)))
(((100.506, -497.075), (84.1025, -565.969), (76.8178, -570.434), (48.0685, -538.69), (81.9774, -492.987), (95.7843, -490.95), (100.506, -497.075)))
(((32.669, 632.81), (55.0983, 649.106), (101.125, 649.106), (120.352, 500.787), (43.9615, 519.885), (32.669, 632.81)))
(((120.363, -176.718), (81.5198, -211.92), (58.2099, -166.41), (58.4695, -164.365), (72.9847, -152.819), (115.987, -165.467), (120.363, -176.718)))
(((111.134, 181.438), (75.0903, 187.283), (33.0314, 241.959), (121.368, 271.838), (111.134, 181.438)))
(((116.035, -295.056), (103.199, -299.924), (59.4827, -276.852), (91.891, -242.043), (119.326, -276.96), (116.035, -295.056)))
(((116, -414.188), (80.9536, -427.33), (63.2589, -391.056), (88.7097, -371.968), (116, -393.8), (116, -414.188)))
(((144.706, -711.35), (129.902, -722.106), (93.331, -722.106), (63.9738, -600.16), (74.2227, -587.302), (145.157, -625.365), (155.99, -639.259), (144.706, -711.35)))
(((115.987, -165.467), (72.9847, -152.819), (78.9921, -125.786), (92.1324, -117.132), (121.57, -146.57), (115.987, -165.467)))
(((129.248, -96.2025), (94.4251, -112.646), (67.9521, -55.6276), (68.8529, -52.8529), (72.1534, -51.9973), (120.531, -62.0064), (129.248, -96.2025)))
(((135.077, -550.767), (84.1025, -565.969), (100.506, -497.075), (128.252, -514.912), (135.136, -550.705), (135.077, -550.767)))
(((153.556, -446.834), (104.187, -470.994), (78.7754, -433.429), (80.9536, -427.33), (116, -414.188), (152.507, -442.481), (153.556, -446.834)))
(((142.354, 45.4629), (93.6866, 33.0748), (69.5366, 74.7128), (82.1671, 103.641), (110.001, 114.037), (131.391, 104.266), (142.354, 45.4629)))
(((156.727, -22.0203), (154.392, -32.6606), (120.531, -62.0064), (72.1534, -51.9973), (103.985, -6.32565), (154.374, -18.6156), (156.727, -22.0203)))
(((138.833, -329.5), (132.583, -348.25), (92.5595, -351.179), (83.6032, -336.444), (103.199, -299.924), (116.035, -295.056), (131.405, -305.622), (138.833, -329.5)))
(((124.75, 315.328), (54.4293, 354.125), (53.2454, 370.173), (99.2431, 429.189), (109.544, 434.675), (166.204, 395.867), (124.75, 315.328)))
(((146.799, -371.214), (116, -393.8), (88.7097, -371.968), (92.5595, -351.179), (132.583, -348.25), (146.799, -371.214)))
(((132.211, -98.2588), (133.411, -136.639), (121.57, -146.57), (92.1324, -117.132), (94.4251, -112.646), (129.248, -96.2025), (132.211, -98.2588)))
(((142.203, -187.02), (124.773, -228.218), (92.9676, -229.77), (81.4741, -212.21), (81.5198, -211.92), (120.363, -176.718), (142.203, -187.02)))
(((143.608, -256.471), (119.326, -276.96), (91.891, -242.043), (92.9676, -229.77), (124.773, -228.218), (142, -242), (143.608, -256.471)))
(((145.157, -625.365), (74.2227, -587.302), (76.8178, -570.434), (84.1025, -565.969), (135.077, -550.767), (145.157, -625.365)))
(((148.154, 41.5084), (154.374, -18.6156), (103.985, -6.32565), (90.6357, 25.5648), (93.6866, 33.0748), (142.354, 45.4629), (148.154, 41.5084)))
(((164.516, -456.649), (160.602, -489.639), (128.252, -514.912), (100.506, -497.075), (95.7843, -490.95), (104.187, -470.994), (153.556, -446.834), (164.516, -456.649)))
(((170.454, -395.82), (152.507, -442.481), (116, -414.188), (116, -393.8), (146.799, -371.214), (162.836, -376.941), (170.454, -395.82)))
(((100.982, 650.209), (109.098, 656.106), (170.902, 656.106), (220.902, 619.779), (227.687, 598.894), (191.133, 514.538), (121.975, 499.449), (120.352, 500.787), (100.982, 650.209)))
(((167.633, 183.034), (111.96, 180.648), (111.134, 181.438), (121.368, 271.838), (131.251, 281.988), (190.465, 234.788), (167.633, 183.034)))
(((156.746, -186.793), (142.203, -187.02), (120.363, -176.718), (115.987, -165.467), (121.57, -146.57), (133.411, -136.639), (160.838, -141.782), (156.746, -186.793)))
(((165.902, -191.596), (166.564, -221.366), (142, -242), (124.773, -228.218), (142.203, -187.02), (156.746, -186.793), (165.902, -191.596)))
(((202.377, 126.576), (131.391, 104.266), (110.001, 114.037), (111.96, 180.648), (167.633, 183.034), (202.377, 126.576)))
(((178.808, -288.891), (131.405, -305.622), (116.035, -295.056), (119.326, -276.96), (143.608, -256.471), (185.308, -276.758), (178.808, -288.891)))
(((160.838, -141.782), (133.411, -136.639), (132.211, -98.2588), (159.092, -99.3788), (171.516, -133.545), (160.838, -141.782)))
(((175.557, -85.2013), (159.092, -99.3788), (132.211, -98.2588), (129.248, -96.2025), (120.531, -62.0064), (154.392, -32.6606), (178.971, -71.8058), (175.557, -85.2013)))
(((186.533, -524.905), (155.525, -550.048), (135.136, -550.705), (128.252, -514.912), (160.602, -489.639), (186.533, -524.905)))
(((197.802, -602.673), (155.99, -639.259), (145.157, -625.365), (135.077, -550.767), (135.136, -550.705), (155.525, -550.048), (198.969, -598.705), (197.802, -602.673)))
(((183.291, -330.554), (182.79, -354.569), (162.836, -376.941), (146.799, -371.214), (132.583, -348.25), (138.833, -329.5), (182.5, -329.5), (183.291, -330.554)))
(((182.5, -329.5), (138.833, -329.5), (131.405, -305.622), (178.808, -288.891), (182.5, -329.5)))
(((217.85, 404.475), (166.204, 395.867), (109.544, 434.675), (121.975, 499.449), (191.133, 514.538), (233.309, 444.731), (217.85, 404.475)))
(((185.308, -276.758), (143.608, -256.471), (142, -242), (166.564, -221.366), (186.303, -239.587), (191.036, -273.509), (185.308, -276.758)))
(((213.94, 122.055), (183.576, 49.1832), (148.154, 41.5084), (142.354, 45.4629), (131.391, 104.266), (202.377, 126.576), (213.94, 122.055)))
(((187.318, -186.956), (165.902, -191.596), (156.746, -186.793), (160.838, -141.782), (171.516, -133.545), (204.164, -137.712), (187.318, -186.956)))
(((203.411, -11.9653), (156.727, -22.0203), (154.374, -18.6156), (148.154, 41.5084), (183.576, 49.1832), (230.64, 8.00259), (203.411, -11.9653)))
(((213.207, -132.89), (204.164, -137.712), (171.516, -133.545), (159.092, -99.3788), (175.557, -85.2013), (218.577, -122.61), (213.207, -132.89)))
(((237.175, 370.012), (199.768, 317.202), (131.914, 299.346), (124.75, 315.328), (166.204, 395.867), (217.85, 404.475), (237.175, 370.012)))
(((234.317, -558.409), (198.969, -598.705), (155.525, -550.048), (186.533, -524.905), (213.295, -526.632), (234.317, -558.409)))
(((210.771, -216.343), (186.303, -239.587), (166.564, -221.366), (165.902, -191.596), (187.318, -186.956), (204.909, -196.313), (210.771, -216.343)))
(((213.295, -526.632), (186.533, -524.905), (160.602, -489.639), (164.516, -456.649), (182.444, -456.891), (226.542, -484.101), (213.295, -526.632)))
(((216.61, -421.46), (182.444, -456.891), (164.516, -456.649), (153.556, -446.834), (152.507, -442.481), (170.454, -395.82), (204.637, -399.795), (216.61, -421.46)))
(((203.147, -66.9706), (178.971, -71.8058), (154.392, -32.6606), (156.727, -22.0203), (203.411, -11.9653), (211.1, -58.1), (203.147, -66.9706)))
(((222.297, -373.304), (204.637, -399.795), (170.454, -395.82), (162.836, -376.941), (182.79, -354.569), (217.025, -366.337), (222.297, -373.304)))
(((220, 238.667), (190.465, 234.788), (131.251, 281.988), (131.914, 299.346), (199.768, 317.202), (227.499, 277.414), (220, 238.667)))
(((218.577, -122.61), (175.557, -85.2013), (178.971, -71.8058), (203.147, -66.9706), (232.642, -111.213), (218.577, -122.61)))
(((227.755, -299.373), (214.441, -326.889), (183.291, -330.554), (182.5, -329.5), (178.808, -288.891), (185.308, -276.758), (191.036, -273.509), (197.574, -273.957), (227.755, -299.373)))
(((221.542, -336.98), (217.025, -366.337), (182.79, -354.569), (183.291, -330.554), (214.441, -326.889), (221.542, -336.98)))
(((197.574, -273.957), (191.036, -273.509), (186.303, -239.587), (210.771, -216.343), (243.284, -238.695), (197.574, -273.957)))
(((286.242, 124.836), (213.94, 122.055), (202.377, 126.576), (167.633, 183.034), (190.465, 234.788), (220, 238.667), (309.611, 188.196), (310, 187), (310, 187), (290.902, 128.221), (286.242, 124.836)))
(((302.465, -680.5), (294.902, -703.779), (244.902, -740.106), (183.098, -740.106), (144.585, -712.124), (155.99, -639.259), (197.802, -602.673), (302.465, -680.5)))
(((245.315, -177.842), (204.909, -196.313), (187.318, -186.956), (204.164, -137.712), (213.207, -132.89), (245.315, -177.842)))
(((304.312, 24.1056), (289.431, 13.2938), (230.64, 8.00259), (183.576, 49.1832), (213.94, 122.055), (283.576, 124.734), (295.902, 115.779), (315, 57), (315, 57), (304.312, 24.1056)))
(((226.542, -484.101), (182.444, -456.891), (216.61, -421.46), (233.608, -425.002), (244.504, -475.392), (226.542, -484.101)))
(((232.642, -111.213), (203.147, -66.9706), (211.1, -58.1), (242.131, -59.101), (243.368, -107.339), (232.642, -111.213)))
(((282.231, -8.30769), (242.131, -59.101), (211.1, -58.1), (203.411, -11.9653), (230.64, 8.00259), (289.431, 13.2938), (282.231, -8.30769)))
(((248.78, -414.761), (233.608, -425.002), (216.61, -421.46), (204.637, -399.795), (222.297, -373.304), (250.691, -375.575), (248.78, -414.761)))
(((243.284, -238.695), (210.771, -216.343), (204.909, -196.313), (245.315, -177.842), (249.717, -179.236), (248.162, -238.331), (243.284, -238.695)))
(((295.258, 333.556), (227.499, 277.414), (199.768, 317.202), (237.175, 370.012), (295.258, 333.556)))
(((265.242, -365.222), (250.691, -375.575), (222.297, -373.304), (217.025, -366.337), (221.542, -336.98), (261.011, -338.696), (261.72, -339.245), (265.242, -365.222)))
(((261.011, -338.696), (221.542, -336.98), (214.441, -326.889), (227.755, -299.373), (238.846, -299.582), (261.011, -338.696)))
(((255.911, -247.161), (256.794, -285.125), (238.846, -299.582), (227.755, -299.373), (197.574, -273.957), (243.284, -238.695), (248.162, -238.331), (252.272, -240.386), (255.911, -247.161)))
(((302.365, -680.426), (197.802, -602.673), (198.969, -598.705), (234.317, -558.409), (285.515, -562.813), (340.851, -612.615), (323.902, -664.779), (302.365, -680.426)))
(((276.571, -151.712), (262.81, -175.158), (249.717, -179.236), (245.315, -177.842), (213.207, -132.89), (218.577, -122.61), (232.642, -111.213), (243.368, -107.339), (273.684, -112.738), (276.571, -151.712)))
(((285.515, -562.813), (234.317, -558.409), (213.295, -526.632), (226.542, -484.101), (244.504, -475.392), (258.726, -476.353), (287.458, -515.533), (285.515, -562.813)))
(((258.726, -476.353), (244.504, -475.392), (233.608, -425.002), (248.78, -414.761), (273.406, -423.834), (279.24, -456.339), (258.726, -476.353)))
(((305.72, 190.387), (220, 238.667), (227.499, 277.414), (295.258, 333.556), (343.277, 322.389), (359, 274), (359, 274), (339.902, 215.221), (305.72, 190.387)))
(((229.946, 604.106), (290.902, 604.106), (297.332, 599.434), (299.107, 462.732), (233.309, 444.731), (191.133, 514.538), (229.946, 604.106)))
(((284.197, -106.491), (273.684, -112.738), (243.368, -107.339), (242.131, -59.101), (282.231, -8.30769), (286.297, -101.841), (284.197, -106.491)))
(((294.242, -310.788), (261.72, -339.245), (261.011, -338.696), (238.846, -299.582), (256.794, -285.125), (288.025, -296.942), (294.242, -310.788)))
(((299.198, -213.752), (252.272, -240.386), (248.162, -238.331), (249.717, -179.236), (262.81, -175.158), (299.784, -204.52), (299.198, -213.752)))
(((308.855, -395.246), (273.406, -423.834), (248.78, -414.761), (250.691, -375.575), (265.242, -365.222), (307.165, -380.594), (308.855, -395.246)))
(((288.025, -296.942), (256.794, -285.125), (255.911, -247.161), (301.657, -265.133), (288.025, -296.942)))
(((319.192, -255.346), (301.657, -265.133), (255.911, -247.161), (252.272, -240.386), (299.198, -213.752), (320.584, -240.97), (319.192, -255.346)))
(((340.682, 322.992), (295.258, 333.556), (237.175, 370.012), (217.85, 404.475), (233.309, 444.731), (299.107, 462.732), (381.619, 425.718), (389, 403), (389, 403), (369.902, 344.221), (340.682, 322.992)))
(((314.29, -372.77), (307.165, -380.594), (265.242, -365.222), (261.72, -339.245), (294.242, -310.788), (308.619, -316.38), (314.507, -372.314), (314.29, -372.77)))
(((339, -455.094), (279.24, -456.339), (273.406, -423.834), (308.855, -395.246), (345.345, -443.594), (339, -455.094)))
(((299.784, -204.52), (262.81, -175.158), (276.571, -151.712), (310.952, -160.584), (320.917, -184.5), (299.784, -204.52)))
(((339, -475.444), (287.458, -515.533), (258.726, -476.353), (279.24, -456.339), (339, -455.094), (339, -475.444)))
(((310.952, -160.584), (276.571, -151.712), (273.684, -112.738), (284.197, -106.491), (328.806, -129.34), (310.952, -160.584)))
(((398.566, -41.9648), (286.297, -101.841), (282.231, -8.30769), (289.431, 13.2938), (304.312, 24.1057), (338.902, 24.1057), (388.902, -12.2215), (398.566, -41.9648)))
(((321.421, -257.636), (326.218, -310.396), (308.619, -316.38), (294.242, -310.788), (288.025, -296.942), (301.657, -265.133), (319.192, -255.346), (321.421, -257.636)))
(((401.975, -576.905), (354.902, -611.106), (339.173, -611.106), (285.515, -562.813), (287.458, -515.533), (339, -475.444), (401.975, -576.905)))
(((419.377, -86.7724), (361.034, -125.382), (328.806, -129.34), (284.197, -106.491), (286.297, -101.841), (402.016, -40.1248), (404.902, -42.2215), (419.377, -86.7724)))
(((356.801, -342.835), (314.507, -372.314), (308.619, -316.38), (326.218, -310.396), (353.939, -313.061), (356.801, -342.835)))
(((375.314, -212.903), (320.584, -240.97), (299.198, -213.752), (299.784, -204.52), (320.917, -184.5), (343.921, -184.5), (375.314, -212.903)))
(((343.921, -184.5), (320.917, -184.5), (310.952, -160.584), (328.806, -129.34), (361.034, -125.382), (343.921, -184.5)))
(((353.939, -313.061), (326.218, -310.396), (321.421, -257.636), (353.02, -272.081), (361.4, -305.6), (353.939, -313.061)))
(((382.348, 425.39), (299.107, 462.732), (297.341, 598.743), (306.098, 605.106), (367.902, 605.106), (417.902, 568.779), (437, 510), (437, 510), (417.902, 451.221), (382.348, 425.39)))
(((442.647, -406), (345.345, -443.594), (308.855, -395.246), (307.165, -380.594), (314.29, -372.77), (430.692, -399.225), (442.647, -406)))
(((407.267, -220.004), (353.02, -272.081), (321.421, -257.636), (319.192, -255.346), (320.584, -240.97), (375.314, -212.903), (407.267, -220.004)))
(((430.692, -399.225), (314.29, -372.77), (314.507, -372.314), (356.801, -342.835), (430.692, -399.225)))
(((453.274, -217.4), (407.267, -220.004), (375.314, -212.903), (343.921, -184.5), (361.034, -125.382), (418.461, -87.3786), (449.902, -110.221), (469, -169), (469, -169), (453.274, -217.4)))
(((469.366, -292.341), (361.4, -305.6), (353.02, -272.081), (407.267, -220.004), (456.23, -217.232), (475, -275), (475, -275), (469.366, -292.341)))
(((400.859, -575.106), (339, -475.444), (339, -455.094), (345.345, -443.594), (442.193, -406.176), (462.902, -421.221), (482, -480), (482, -480), (462.902, -538.779), (412.902, -575.106), (400.859, -575.106)))
(((442.256, -405.778), (430.692, -399.225), (356.801, -342.835), (353.939, -313.061), (361.4, -305.6), (469.124, -292.371), (482, -332), (482, -332), (462.902, -390.779), (442.256, -405.778)))
