(((-148.576, 436.894), (-205.902, 436.894), (-255.902, 473.221), (-275, 532), (-255.902, 590.779), (-205.902, 627.106), (-147.179, 627.106), (-97.4339, 507.925), (-148.576, 436.894)))
(((-145.782, 623.759), (-140.902, 638.779), (-90.9017, 675.106), (-29.0983, 675.106), (18.5432, 640.492), (-0.991205, 514.914), (-97.4339, 507.925), (-145.782, 623.759)))
(((-139.375, 299.756), (-157, 354), (-140.456, 404.917), (-23.9764, 395.652), (-16.0939, 380.915), (-47.6231, 304.344), (-139.375, 299.756)))
(((-36.9199, 158.894), (-82.9017, 158.894), (-132.902, 195.221), (-152, 254), (-137.096, 299.87), (-47.6231, 304.344), (-18.9744, 287.662), (-20.8406, 166.36), (-36.9199, 158.894)))
(((-137.885, 404.712), (-148.414, 437.119), (-97.4339, 507.925), (-0.991205, 514.914), (7.6449, 505.687), (6.71927, 453.389), (-23.9764, 395.652), (-137.885, 404.712)))
(((-94.2103, -34.8289), (-113, 23), (-93.9017, 81.7785), (-67.9838, 100.609), (44.2584, 31.1257), (42.5587, 23.2924), (33.2508, 12.969), (-94.2103, -34.8289)))
(((49.3605, 303.892), (-18.9744, 287.662), (-47.6231, 304.344), (-16.0939, 380.915), (32.5754, 355.49), (49.3605, 303.892)))
(((-68.5901, -89.0907), (-75.9017, -83.7785), (-92.0675, -34.0253), (33.2508, 12.969), (20.9338, -62.6926), (-68.5901, -89.0907)))
(((78.778, 286.296), (34.4514, 180.871), (14.9037, 169.142), (-20.8406, 166.36), (-18.9744, 287.662), (49.3605, 303.892), (78.778, 286.296)))
(((-69.0407, 101.263), (-54.9017, 144.779), (-32.9114, 160.755), (-20.8406, 166.36), (14.9037, 169.142), (83.8315, 67.3916), (80.2867, 59.1943), (44.2584, 31.1257), (-69.0407, 101.263)))
(((27.7461, -198.106), (-2.9017, -198.106), (-52.9017, -161.779), (-72, -103), (-67.363, -88.7288), (20.9338, -62.6926), (80.3079, -79.4177), (27.7461, -198.106)))
(((32.5754, 355.49), (-16.0939, 380.915), (-23.9764, 395.652), (6.71927, 453.389), (69.6098, 399.932), (32.5754, 355.49)))
(((80.3079, -79.4177), (20.9338, -62.6926), (33.2508, 12.969), (42.5587, 23.2924), (106.475, -66.5905), (80.3079, -79.4177)))
(((98.0024, 477.057), (82.1518, 402.127), (69.6098, 399.932), (6.71927, 453.389), (7.6449, 505.687), (92.5062, 497.13), (98.0024, 477.057)))
(((17.6745, 634.908), (44.0983, 654.106), (74.327, 654.106), (114.471, 513.603), (92.5062, 497.13), (7.6449, 505.687), (-0.991205, 514.914), (17.6745, 634.908)))
(((136.767, 295.961), (78.778, 286.296), (49.3605, 303.892), (32.5754, 355.49), (69.6098, 399.932), (82.1518, 402.127), (141.595, 369.39), (149.081, 321.103), (136.767, 295.961)))
(((120.805, 87.5218), (83.8315, 67.3916), (14.9037, 169.142), (34.4514, 180.871), (124.287, 167.6), (120.805, 87.5218)))
(((176.163, -51.8199), (173.902, -58.7785), (166.218, -64.3613), (106.475, -66.5905), (42.5587, 23.2924), (44.2584, 31.1257), (80.2867, 59.1943), (176.163, -51.8199)))
(((26.939, -199.928), (80.3079, -79.4177), (106.475, -66.5905), (164.065, -64.4416), (178.902, -75.2215), (198, -134), (198, -134), (178.902, -192.779), (128.902, -229.106), (67.0983, -229.106), (26.939, -199.928)))
(((141.244, 288.312), (130.793, 171.603), (124.287, 167.6), (34.4514, 180.871), (78.778, 286.296), (136.767, 295.961), (141.244, 288.312)))
(((141.595, 369.39), (82.1518, 402.127), (98.0024, 477.057), (165.408, 413.616), (141.595, 369.39)))
(((211.278, 533.844), (114.471, 513.603), (74.2413, 654.405), (93.0983, 668.106), (154.902, 668.106), (204.902, 631.779), (224, 573), (224, 573), (211.278, 533.844)))
(((175.783, -51.3798), (80.2867, 59.1943), (83.8315, 67.3916), (120.805, 87.5218), (228.99, 62.6517), (237, 38), (237, 38), (217.902, -20.7785), (175.783, -51.3798)))
(((211.291, 533.847), (227.902, 521.779), (238.614, 488.81), (207.255, 443.362), (165.408, 413.616), (98.0024, 477.057), (92.5062, 497.13), (114.471, 513.603), (211.291, 533.847)))
(((232.027, 61.9535), (120.805, 87.5218), (124.287, 167.6), (130.793, 171.603), (230.859, 158.654), (256.22, 127.401), (257, 125), (257, 125), (237.902, 66.2215), (232.027, 61.9535)))
(((230.859, 158.654), (130.793, 171.603), (141.244, 288.312), (221.8, 230.477), (230.859, 158.654)))
(((242.744, 339.428), (149.081, 321.103), (141.595, 369.39), (165.408, 413.616), (207.255, 443.362), (242.744, 339.428)))
(((316.303, 311.69), (221.8, 230.477), (141.244, 288.312), (136.767, 295.961), (149.081, 321.103), (242.744, 339.428), (312.186, 324.361), (316.303, 311.69)))
(((312.777, 324.232), (242.744, 339.428), (207.255, 443.362), (238.818, 489.106), (277.902, 489.106), (327.902, 452.779), (347, 394), (347, 394), (327.902, 335.221), (312.777, 324.232)))
(((255.008, 128.894), (230.859, 158.654), (221.8, 230.477), (318.046, 313.188), (359.902, 282.779), (379, 224), (379, 224), (359.902, 165.221), (309.902, 128.894), (255.008, 128.894)))
