(((-267.607, -257.063), (-296.902, -235.779), (-316, -177), (-296.902, -118.221), (-276.596, -103.468), (-251.123, -111.959), (-189.119, -172.026), (-224.552, -239.349), (-235.67, -252.849), (-267.607, -257.063)))
(((-236.39, -696.939), (-277.902, -666.779), (-297, -608), (-283.759, -567.248), (-152.489, -593.502), (-151.823, -596.532), (-190.373, -671.223), (-236.39, -696.939)))
(((-266.401, -388.134), (-277.902, -379.779), (-297, -321), (-277.902, -262.221), (-271.51, -257.578), (-235.67, -252.849), (-206.981, -261.849), (-189.561, -276.366), (-176.229, -333.029), (-266.401, -388.134)))
(((-243.111, 518.124), (-274.902, 541.221), (-294, 600), (-274.902, 658.779), (-224.902, 695.106), (-163.098, 695.106), (-113.098, 658.779), (-108.816, 645.598), (-134.624, 561.721), (-243.111, 518.124)))
(((-278.247, -531.25), (-291, -492), (-280.978, -461.156), (-163.279, -477.503), (-160.891, -487.567), (-195.728, -527.763), (-278.247, -531.25)))
(((-286.818, -566.636), (-288, -563), (-277.676, -531.226), (-195.728, -527.763), (-142.232, -559.861), (-152.489, -593.502), (-286.818, -566.636)))
(((-284.483, -460.669), (-286, -456), (-266.902, -397.221), (-266.518, -396.942), (-249.141, -398.873), (-153.102, -436.603), (-150.3, -445.645), (-163.279, -477.503), (-284.483, -460.669)))
(((-152.875, -155.66), (-163.41, -168.565), (-189.119, -172.026), (-251.123, -111.959), (-157.722, -113.418), (-152.875, -155.66)))
(((-276.712, -103.429), (-284, -81), (-264.902, -22.2215), (-214.902, 14.1057), (-165.444, 14.1057), (-148.74, -102.821), (-150.134, -105.431), (-157.722, -113.418), (-251.123, -111.959), (-276.712, -103.429)))
(((-154.939, -198.214), (-224.552, -239.349), (-189.119, -172.026), (-163.41, -168.565), (-154.939, -198.214)))
(((-261.854, -397.461), (-265.135, -387.36), (-176.229, -333.029), (-153.114, -339.333), (-149.491, -373.382), (-249.141, -398.873), (-261.854, -397.461)))
(((-142.914, -234.392), (-206.981, -261.849), (-235.67, -252.849), (-224.552, -239.349), (-154.939, -198.214), (-136.293, -214.117), (-142.914, -234.392)))
(((-153.102, -436.603), (-249.141, -398.873), (-149.491, -373.382), (-123.013, -393.24), (-153.102, -436.603)))
(((-153.114, -339.333), (-176.229, -333.029), (-189.561, -276.366), (-158.533, -285.913), (-136.639, -324.548), (-153.114, -339.333)))
(((-142.232, -559.861), (-195.728, -527.763), (-160.891, -487.567), (-137.221, -504.727), (-134.23, -553.574), (-142.232, -559.861)))
(((-158.392, 397.894), (-181.902, 397.894), (-231.902, 434.221), (-251, 493), (-242.796, 518.25), (-134.624, 561.721), (-107.918, 527.042), (-123.894, 429.85), (-158.392, 397.894)))
(((-125.974, -254.589), (-139.7, -278.38), (-158.533, -285.913), (-189.561, -276.366), (-206.981, -261.849), (-142.914, -234.392), (-125.974, -254.589)))
(((-107.661, -804.061), (-109.098, -805.106), (-170.902, -805.106), (-220.902, -768.779), (-240, -710), (-235.615, -696.506), (-190.373, -671.223), (-132.568, -675.352), (-75.2228, -726.464), (-107.661, -804.061)))
(((-113.915, -205.166), (-136.293, -214.117), (-154.939, -198.214), (-163.41, -168.565), (-152.875, -155.66), (-116.864, -164.854), (-113.915, -205.166)))
(((-132.568, -675.352), (-190.373, -671.223), (-151.823, -596.532), (-99.4813, -625.722), (-132.568, -675.352)))
(((-115.72, -322.68), (-136.639, -324.548), (-158.533, -285.913), (-139.7, -278.38), (-110.713, -295.772), (-115.72, -322.68)))
(((-104.24, -486.9), (-137.221, -504.727), (-160.891, -487.567), (-163.279, -477.503), (-150.3, -445.645), (-111.505, -460.634), (-104.24, -486.9)))
(((-118.718, -392.559), (-123.013, -393.24), (-149.491, -373.382), (-153.114, -339.333), (-136.639, -324.548), (-115.72, -322.68), (-111.222, -326.241), (-109.728, -378.513), (-118.718, -392.559)))
(((-104.437, -156.663), (-116.864, -164.854), (-152.875, -155.66), (-157.722, -113.418), (-150.134, -105.431), (-100.159, -141.524), (-104.437, -156.663)))
(((-110.713, -295.772), (-139.7, -278.38), (-125.974, -254.589), (-114.628, -255.972), (-98.8355, -282.621), (-110.713, -295.772)))
(((-165.335, 13.3457), (-151.902, 23.1057), (-114.789, 23.1057), (-97.5, -4.91379), (-97.5, -92.1458), (-148.74, -102.821), (-165.335, 13.3457)))
(((-90.9364, -235.124), (-114.628, -255.972), (-125.974, -254.589), (-142.914, -234.392), (-136.293, -214.117), (-113.915, -205.166), (-96.86, -211.923), (-90.9364, -235.124)))
(((-87.1819, -437.095), (-111.505, -460.634), (-150.3, -445.645), (-153.102, -436.603), (-123.013, -393.24), (-118.718, -392.559), (-100.201, -406.261), (-87.1819, -437.095)))
(((-83.8019, -516.5), (-93.3433, -550.213), (-134.23, -553.574), (-137.221, -504.727), (-104.24, -486.9), (-88.5903, -495.351), (-83.8019, -516.5)))
(((-87.8142, -128.383), (-100.159, -141.524), (-150.134, -105.431), (-148.74, -102.821), (-97.5, -92.1458), (-86.6288, -100.526), (-87.8142, -128.383)))
(((-75, -623.467), (-99.4813, -625.722), (-151.823, -596.532), (-152.489, -593.502), (-142.232, -559.861), (-134.23, -553.574), (-93.3433, -550.213), (-74.3517, -565.603), (-65.4858, -616.582), (-75, -623.467)))
(((-75.2228, -726.464), (-132.568, -675.352), (-99.4813, -625.722), (-75, -623.467), (-75, -726.278), (-75.2228, -726.464)))
(((-60.8109, -189.063), (-96.86, -211.923), (-113.915, -205.166), (-116.864, -164.854), (-104.437, -156.663), (-66.9901, -177.199), (-60.8109, -189.063)))
(((-78.1005, -280.736), (-98.8355, -282.621), (-114.628, -255.972), (-90.9364, -235.124), (-60.8387, -255.46), (-78.1005, -280.736)))
(((-57.186, -354.63), (-109.728, -378.513), (-111.222, -326.241), (-70.8216, -328.82), (-57.186, -354.63)))
(((-70.8216, -328.82), (-111.222, -326.241), (-115.72, -322.68), (-110.713, -295.772), (-98.8355, -282.621), (-78.1005, -280.736), (-64.5007, -312.186), (-70.8216, -328.82)))
(((-50.1239, -469.032), (-88.5903, -495.351), (-104.24, -486.9), (-111.505, -460.634), (-87.1819, -437.095), (-54.9178, -446.775), (-50.1239, -469.032)))
(((-53.7793, -356.752), (-57.3563, -395.205), (-100.201, -406.261), (-118.718, -392.559), (-109.728, -378.513), (-57.186, -354.63), (-53.7793, -356.752)))
(((-66.9901, -177.199), (-104.437, -156.663), (-100.159, -141.524), (-87.8142, -128.383), (-60.1287, -141.748), (-66.9901, -177.199)))
(((-7.99718, 500.493), (-62.2861, 440.984), (-123.894, 429.85), (-107.918, 527.042), (-17.5588, 511.029), (-7.96917, 500.677), (-7.99718, 500.493)))
(((-37.75, -90.75), (-86.6288, -100.526), (-97.5, -92.1458), (-97.5, -4.91379), (-42.984, -49.0905), (-35.8737, -89.3825), (-37.75, -90.75)))
(((-54.9178, -446.775), (-87.1819, -437.095), (-100.201, -406.261), (-57.3563, -395.205), (-44.7153, -411.591), (-47.8156, -436.911), (-54.9178, -446.775)))
(((-52.7757, -253.476), (-60.8387, -255.46), (-90.9364, -235.124), (-96.86, -211.923), (-60.8109, -189.063), (-59.5291, -189.49), (-42.1464, -215.864), (-52.7757, -253.476)))
(((-50.3653, -137.006), (-60.1287, -141.748), (-87.8142, -128.383), (-86.6288, -100.526), (-37.75, -90.75), (-50.3653, -137.006)))
(((-109.054, 644.823), (-94.9017, 655.106), (-33.5673, 655.106), (-17.5588, 511.029), (-107.918, 527.042), (-134.624, 561.721), (-109.054, 644.823)))
(((-161.908, 394.638), (-123.894, 429.85), (-62.2861, 440.984), (-13.3669, 374.707), (-112.376, 316.317), (-143.902, 339.221), (-161.908, 394.638)))
(((-34.3191, -546.457), (-74.3517, -565.603), (-93.3433, -550.213), (-83.8019, -516.5), (-33.72, -516.5), (-34.3191, -546.457)))
(((-33.72, -516.5), (-83.8019, -516.5), (-88.5903, -495.351), (-50.1239, -469.032), (-19.8521, -491.736), (-33.72, -516.5)))
(((-33.1859, -300.555), (-64.5007, -312.186), (-78.1005, -280.736), (-60.8387, -255.46), (-52.7757, -253.476), (-26.5044, -268.632), (-33.1859, -300.555)))
(((-5.06017, -669.84), (-33.2067, -712.06), (-75, -726.278), (-75, -623.467), (-65.4858, -616.582), (-24.6496, -623.078), (-5.06017, -669.84)))
(((-20.2594, -166.141), (-59.5291, -189.49), (-60.8109, -189.063), (-66.9901, -177.199), (-60.1287, -141.748), (-50.3653, -137.006), (-18.6823, -156.503), (-20.2594, -166.141)))
(((-20.5541, -342.554), (-33.1667, -355.167), (-53.7793, -356.752), (-57.186, -354.63), (-70.8216, -328.82), (-64.5007, -312.186), (-33.1859, -300.555), (-16.8678, -319.383), (-20.5541, -342.554)))
(((15.8797, -580.416), (-24.6496, -623.078), (-65.4858, -616.582), (-74.3517, -565.603), (-34.3191, -546.457), (12.396, -575.524), (15.8797, -580.416)))
(((-11.9615, -397.696), (-44.7153, -411.591), (-57.3563, -395.205), (-53.7793, -356.752), (-33.1667, -355.167), (-9.35203, -386.309), (-11.9615, -397.696)))
(((-18.6823, -156.503), (-50.3653, -137.006), (-37.75, -90.75), (-35.8737, -89.3825), (-29.7682, -91.5323), (-3.61343, -139.712), (-18.6823, -156.503)))
(((-113.914, 28.5694), (-129, 75), (-113.202, 123.62), (6.30201, 93.1583), (10.3797, 76.168), (-18.5466, 30.7124), (-113.914, 28.5694)))
(((-114.89, 23.2703), (-113.163, 28.5862), (-18.5466, 30.7124), (12.8771, -0.129389), (14.4597, -11.9265), (6.45697, -26.5196), (-42.984, -49.0905), (-97.5, -4.91379), (-114.89, 23.2703)))
(((-5.08209, -214.099), (-42.1464, -215.864), (-59.5291, -189.49), (-20.2594, -166.141), (-1.12911, -188.687), (-5.08209, -214.099)))
(((11.1367, -234.025), (-16.1472, -266.425), (-26.5044, -268.632), (-52.7757, -253.476), (-42.1464, -215.864), (-5.08209, -214.099), (11.1367, -234.025)))
(((9.33271, -435.006), (-47.8156, -436.911), (-44.7153, -411.591), (-11.9615, -397.696), (9.75, -431.25), (9.33271, -435.006)))
(((-105.528, 163.381), (-121, 211), (-102.299, 268.557), (-11.0374, 265.208), (25.8129, 244.555), (-11.2293, 168.928), (-105.528, 163.381)))
(((11.3443, 375.614), (-13.3669, 374.707), (-62.2861, 440.984), (-7.99718, 500.493), (37.1475, 396.096), (11.3443, 375.614)))
(((11.0106, -439.529), (-8.8251, -490.22), (-19.8521, -491.736), (-50.1239, -469.032), (-54.9178, -446.775), (-47.8156, -436.911), (9.33271, -435.006), (11.0106, -439.529)))
(((-105.606, -799.145), (-75.2228, -726.464), (-75, -726.278), (-33.2067, -712.06), (16.2108, -746.943), (-33.6243, -856.106), (-48.9017, -856.106), (-98.9017, -819.779), (-105.606, -799.145)))
(((-100.261, 268.482), (-115.252, 314.621), (-13.3669, 374.707), (11.3443, 375.614), (17.3211, 339.255), (-11.0374, 265.208), (-100.261, 268.482)))
(((-115.41, 124.183), (-116, 126), (-103.822, 163.481), (-11.2293, 168.928), (30.5795, 138.771), (6.30201, 93.1583), (-115.41, 124.183)))
(((20.8869, -303.366), (-16.8678, -319.383), (-33.1859, -300.555), (-26.5044, -268.632), (-16.1472, -266.425), (20.6293, -298.129), (20.8869, -303.366)))
(((8.41864, -499.954), (12.396, -575.524), (-34.3191, -546.457), (-33.72, -516.5), (-19.8521, -491.736), (-8.8251, -490.22), (8.41864, -499.954)))
(((22.5409, -81.4729), (-29.7682, -91.5323), (-35.8737, -89.3825), (-42.984, -49.0905), (6.45697, -26.5196), (22.5409, -81.4729)))
(((13.6437, -377.608), (-9.35203, -386.309), (-33.1667, -355.167), (-20.5541, -342.554), (20.9884, -349.045), (13.6437, -377.608)))
(((31, -341.72), (20.9884, -349.045), (-20.5541, -342.554), (-16.8678, -319.383), (20.8869, -303.366), (31, -316.569), (31, -341.72)))
(((38.9977, -89.4442), (0.383036, -139.416), (-3.61343, -139.712), (-29.7682, -91.5323), (22.5409, -81.4729), (38.9977, -89.4442)))
(((38.7944, -160.881), (27.1948, -178.976), (-1.12911, -188.687), (-20.2594, -166.141), (-18.6823, -156.503), (-3.61343, -139.712), (0.383036, -139.416), (37.0477, -157.253), (38.7944, -160.881)))
(((35.5408, -405.459), (9.75, -431.25), (-11.9615, -397.696), (-9.35203, -386.309), (13.6437, -377.608), (32.9286, -392.071), (35.5408, -405.459)))
(((47.0575, -261.536), (20.6293, -298.129), (-16.1472, -266.425), (11.1367, -234.025), (36.1928, -235.895), (47.0575, -261.536)))
(((-33.0236, 650.213), (-13.9017, 664.106), (47.9017, 664.106), (74.6861, 644.646), (69.5186, 578.115), (15.878, 508.626), (-7.96917, 500.677), (-17.5588, 511.029), (-33.0236, 650.213)))
(((65.6983, -740.07), (16.2108, -746.943), (-33.2067, -712.06), (-5.06017, -669.84), (31.5111, -672.215), (33.3768, -673.449), (68.6171, -728.827), (65.6983, -740.07)))
(((36.1928, -235.895), (11.1367, -234.025), (-5.08209, -214.099), (-1.12911, -188.687), (27.1948, -178.976), (44.3781, -225.371), (36.1928, -235.895)))
(((53.5993, -602.269), (31.5111, -672.215), (-5.06017, -669.84), (-24.6496, -623.078), (15.8797, -580.416), (24.7239, -580.926), (53.5993, -602.269)))
(((55.5411, -470.648), (33.3904, -498.705), (8.41864, -499.954), (-8.8251, -490.22), (11.0106, -439.529), (51.2599, -455.236), (55.5411, -470.648)))
(((54.1835, -101.172), (37.0477, -157.253), (0.383036, -139.416), (38.9977, -89.4442), (43.3319, -89.9258), (54.1835, -101.172)))
(((60.6178, 32.0678), (12.8771, -0.129389), (-18.5466, 30.7124), (10.3797, 76.168), (64.3476, 55.8028), (60.6178, 32.0678)))
(((110.927, -834.547), (108.902, -840.779), (58.9017, -877.106), (-2.9017, -877.106), (-33.1714, -855.113), (16.2108, -746.943), (65.6983, -740.07), (110.927, -834.547)))
(((64.8713, 165.498), (40.4556, 140.662), (30.5795, 138.771), (-11.2293, 168.928), (25.8129, 244.555), (48.3771, 244.163), (64.8713, 165.498)))
(((24.7239, -580.926), (15.8797, -580.416), (12.396, -575.524), (8.41864, -499.954), (33.3904, -498.705), (62.3738, -532.519), (24.7239, -580.926)))
(((48.3771, 244.163), (25.8129, 244.555), (-11.0374, 265.208), (17.3211, 339.255), (67.4006, 295.853), (57.3679, 249.452), (48.3771, 244.163)))
(((57.4762, -367.524), (32.9286, -392.071), (13.6437, -377.608), (20.9884, -349.045), (31, -341.72), (58.329, -357.717), (57.4762, -367.524)))
(((68.5874, -43.3002), (43.3319, -89.9258), (38.9977, -89.4442), (22.5409, -81.4729), (6.45697, -26.5196), (14.4597, -11.9265), (63.0849, -33.5377), (68.5874, -43.3002)))
(((51.2599, -455.236), (11.0106, -439.529), (9.33271, -435.006), (9.75, -431.25), (35.5408, -405.459), (76.2776, -418.671), (51.2599, -455.236)))
(((88.9981, 75.061), (64.3476, 55.8028), (10.3797, 76.168), (6.30201, 93.1583), (30.5795, 138.771), (40.4556, 140.662), (91.5314, 82.492), (88.9981, 75.061)))
(((67.5707, -213.329), (44.3781, -225.371), (27.1948, -178.976), (38.7944, -160.881), (66.463, -169.019), (67.5707, -213.329)))
(((82.5405, -306.548), (31, -316.569), (20.8869, -303.366), (20.6293, -298.129), (47.0575, -261.536), (78.1701, -275.567), (85.9926, -301.642), (82.5405, -306.548)))
(((127.318, 429.229), (60.9539, 396.65), (37.1475, 396.096), (-7.99718, 500.493), (-7.96917, 500.677), (15.878, 508.626), (121.482, 473.975), (127.318, 429.229)))
(((76.2776, -418.671), (35.5408, -405.459), (32.9286, -392.071), (57.4762, -367.524), (79.4542, -403.238), (77.7771, -418.052), (76.2776, -418.671)))
(((79.5992, 7.74793), (63.0849, -33.5377), (14.4597, -11.9265), (12.8771, -0.129389), (60.6178, 32.0678), (79.5992, 7.74793)))
(((89.7986, 319.225), (67.4006, 295.853), (17.3211, 339.255), (11.3443, 375.614), (37.1475, 396.096), (60.9539, 396.65), (89.7986, 319.225)))
(((80.8312, -346.716), (58.329, -357.717), (31, -341.72), (31, -316.569), (82.5405, -306.548), (80.8312, -346.716)))
(((88.9153, -651.234), (33.3768, -673.449), (31.5111, -672.215), (53.5993, -602.269), (68.624, -604.68), (95.4535, -643.705), (88.9153, -651.234)))
(((85.3947, -159.553), (66.463, -169.019), (38.7944, -160.881), (37.0477, -157.253), (54.1835, -101.172), (64.6987, -104.518), (89.6305, -135.079), (85.3947, -159.553)))
(((82.8917, -529.363), (62.3738, -532.519), (33.3904, -498.705), (55.5411, -470.648), (83.1462, -480.463), (100.261, -511.27), (82.8917, -529.363)))
(((68.6171, -728.827), (33.3768, -673.449), (88.9153, -651.234), (81.1007, -718.961), (68.6171, -728.827)))
(((103.953, -578.919), (68.624, -604.68), (53.5993, -602.269), (24.7239, -580.926), (62.3738, -532.519), (82.8917, -529.363), (103.953, -578.919)))
(((78.1701, -275.567), (47.0575, -261.536), (36.1928, -235.895), (44.3781, -225.371), (67.5707, -213.329), (82.4279, -216.973), (97.9007, -253.445), (78.1701, -275.567)))
(((121.482, 473.975), (15.878, 508.626), (69.5186, 578.115), (131.359, 499.097), (121.482, 473.975)))
(((110.487, -440.819), (83.1462, -480.463), (55.5411, -470.648), (51.2599, -455.236), (76.2776, -418.671), (77.7771, -418.052), (99.2184, -428.209), (110.487, -440.819)))
(((107.643, -368.643), (79.4542, -403.238), (57.4762, -367.524), (58.329, -357.717), (80.8312, -346.716), (106.788, -361.807), (107.643, -368.643)))
(((117.156, -55.1753), (105.929, -84.4918), (64.6987, -104.518), (54.1835, -101.172), (43.3319, -89.9258), (68.5874, -43.3002), (109.963, -48.3814), (117.156, -55.1753)))
(((115.61, -193.942), (110.56, -202.546), (82.4279, -216.973), (67.5707, -213.329), (66.463, -169.019), (85.3947, -159.553), (111.274, -176.595), (115.61, -193.942)))
(((91.5314, 82.492), (40.4556, 140.662), (64.8713, 165.498), (101.265, 163.961), (123.325, 105.133), (91.5314, 82.492)))
(((109.963, -48.3814), (68.5874, -43.3002), (63.0849, -33.5377), (79.5992, 7.74793), (113.488, 3.32762), (109.963, -48.3814)))
(((152.712, 232.698), (148.72, 204.253), (101.265, 163.961), (64.8713, 165.498), (48.3771, 244.163), (57.3679, 249.452), (149.39, 234.471), (152.712, 232.698)))
(((113.488, 3.32762), (79.5992, 7.74793), (60.6178, 32.0678), (64.3476, 55.8028), (88.9981, 75.061), (136.921, 21.5), (113.488, 3.32762)))
(((145.5, -693.856), (81.1007, -718.961), (88.9153, -651.234), (95.4535, -643.705), (123.202, -647.909), (155.19, -682.359), (145.5, -693.856)))
(((127.153, -121.946), (89.6305, -135.079), (64.6987, -104.518), (105.929, -84.4918), (127.153, -121.946)))
(((149.39, 234.471), (57.3679, 249.452), (67.4006, 295.853), (89.7986, 319.225), (114.725, 318.074), (149.39, 234.471)))
(((132.154, -339.965), (106.788, -361.807), (80.8312, -346.716), (82.5405, -306.548), (85.9926, -301.642), (118.813, -305.159), (134.383, -330.532), (132.154, -339.965)))
(((128.357, -389.357), (99.2184, -428.209), (77.7771, -418.052), (79.4542, -403.238), (107.643, -368.643), (128.357, -389.357)))
(((132.685, -250.484), (97.9007, -253.445), (82.4279, -216.973), (110.56, -202.546), (132.685, -250.484)))
(((169.512, 370.058), (161.949, 355.46), (114.725, 318.074), (89.7986, 319.225), (60.9539, 396.65), (127.318, 429.229), (171.491, 400.24), (169.512, 370.058)))
(((123.202, -647.909), (95.4535, -643.705), (68.624, -604.68), (103.953, -578.919), (109.813, -579.37), (133.873, -612.845), (123.202, -647.909)))
(((113.571, -510.358), (100.261, -511.27), (83.1462, -480.463), (110.487, -440.819), (111.246, -441.039), (129.074, -487.391), (113.571, -510.358)))
(((139.056, -278.634), (118.813, -305.159), (85.9926, -301.642), (78.1701, -275.567), (97.9007, -253.445), (132.685, -250.484), (138.593, -252.687), (139.056, -278.634)))
(((150.578, -553.164), (109.813, -579.37), (103.953, -578.919), (82.8917, -529.363), (100.261, -511.27), (113.571, -510.358), (155.582, -542.323), (150.578, -553.164)))
(((133.313, -123.676), (134.867, -155.529), (111.274, -176.595), (85.3947, -159.553), (89.6305, -135.079), (127.153, -121.946), (133.313, -123.676)))
(((74.7675, 645.694), (89.0983, 656.106), (150.902, 656.106), (200.902, 619.779), (216.235, 572.588), (131.359, 499.097), (69.5186, 578.115), (74.7675, 645.694)))
(((109.758, -832.106), (65.6983, -740.07), (68.6171, -728.827), (81.1007, -718.961), (145.5, -693.856), (145.5, -813.707), (139.437, -832.106), (109.758, -832.106)))
(((165.72, -432.658), (111.246, -441.039), (110.487, -440.819), (99.2184, -428.209), (128.357, -389.357), (142.826, -392.317), (168.398, -430.2), (165.72, -432.658)))
(((156.849, -79.7085), (147.7, -117.136), (133.313, -123.676), (127.153, -121.946), (105.929, -84.4918), (117.156, -55.1753), (117.991, -55.2217), (156.285, -77.8501), (156.849, -79.7085)))
(((138.593, -252.687), (132.685, -250.484), (110.56, -202.546), (115.61, -193.942), (154.517, -199.778), (138.655, -252.651), (138.593, -252.687)))
(((166.348, -17.2266), (117.991, -55.2217), (117.156, -55.1753), (109.963, -48.3814), (113.488, 3.32762), (136.921, 21.5), (142.08, 21.5), (163.929, -1.74322), (166.348, -17.2266)))
(((142.08, 21.5), (136.921, 21.5), (88.9981, 75.061), (91.5314, 82.492), (123.325, 105.133), (134.767, 104.997), (179.564, 73.5606), (142.08, 21.5)))
(((157.473, -476.645), (129.074, -487.391), (111.246, -441.039), (165.72, -432.658), (157.473, -476.645)))
(((172.623, 159.677), (134.767, 104.997), (123.325, 105.133), (101.265, 163.961), (148.72, 204.253), (172.623, 159.677)))
(((142.826, -392.317), (128.357, -389.357), (107.643, -368.643), (106.788, -361.807), (132.154, -339.965), (157.202, -366.102), (142.826, -392.317)))
(((160.387, -196.902), (154.517, -199.778), (115.61, -193.942), (111.274, -176.595), (134.867, -155.529), (167.151, -172.747), (160.387, -196.902)))
(((165.63, -600.829), (133.873, -612.845), (109.813, -579.37), (150.578, -553.164), (165.63, -600.829)))
(((152.712, 232.698), (149.39, 234.471), (114.725, 318.074), (161.949, 355.46), (174.395, 243.448), (152.712, 232.698)))
(((180.721, -514.445), (158.814, -541.047), (155.582, -542.323), (113.571, -510.358), (129.074, -487.391), (157.473, -476.645), (180.566, -504.688), (180.721, -514.445)))
(((182.441, -306.367), (174.055, -319.622), (134.383, -330.532), (118.813, -305.159), (139.056, -278.634), (181.776, -304.265), (182.441, -306.367)))
(((185.835, -678.494), (155.19, -682.359), (123.202, -647.909), (133.873, -612.845), (165.63, -600.829), (193.014, -614.241), (198.264, -622.564), (185.835, -678.494)))
(((167.151, -172.747), (134.867, -155.529), (133.313, -123.676), (147.7, -117.136), (172.232, -128.287), (169.57, -170.878), (167.151, -172.747)))
(((184.5, -46.5), (156.285, -77.8501), (117.991, -55.2217), (166.348, -17.2266), (183.985, -36.7206), (184.5, -46.5)))
(((175.246, -362.945), (157.202, -366.102), (132.154, -339.965), (134.383, -330.532), (174.055, -319.622), (181.842, -352.5), (175.246, -362.945)))
(((193.053, -248.21), (138.655, -252.651), (154.517, -199.778), (160.387, -196.902), (197.384, -224.386), (193.053, -248.21)))
(((182.134, -427.703), (168.398, -430.2), (142.826, -392.317), (157.202, -366.102), (175.246, -362.945), (198.394, -407.794), (182.134, -427.703)))
(((195.419, -252.174), (181.776, -304.265), (139.056, -278.634), (138.593, -252.687), (138.655, -252.651), (193.053, -248.21), (195.419, -252.174)))
(((200.249, -688.878), (206.01, -728.158), (145.5, -813.707), (145.5, -693.856), (155.19, -682.359), (185.835, -678.494), (200.249, -688.878)))
(((218.495, 119.702), (184.05, 74.043), (179.564, 73.5606), (134.767, 104.997), (172.623, 159.677), (212.904, 140.795), (218.495, 119.702)))
(((205.868, -105.506), (193.431, -122.757), (172.232, -128.287), (147.7, -117.136), (156.849, -79.7085), (204.947, -98.6043), (205.868, -105.506)))
(((193.014, -614.241), (165.63, -600.829), (150.578, -553.164), (155.582, -542.323), (158.814, -541.047), (202.081, -567.771), (193.014, -614.241)))
(((216.327, -466.279), (180.566, -504.688), (157.473, -476.645), (165.72, -432.658), (168.398, -430.2), (182.134, -427.703), (216.327, -466.279)))
(((235.76, 25.436), (163.929, -1.74322), (142.08, 21.5), (179.564, 73.5606), (184.05, 74.043), (235.76, 25.436)))
(((204.947, -98.6043), (156.849, -79.7085), (156.285, -77.8501), (184.5, -46.5), (215.007, -73.9567), (204.947, -98.6043)))
(((213.681, -168.777), (169.57, -170.878), (172.232, -128.287), (193.431, -122.757), (215.164, -167.672), (213.681, -168.777)))
(((197.384, -224.386), (160.387, -196.902), (167.151, -172.747), (169.57, -170.878), (213.681, -168.777), (200.426, -221.797), (197.384, -224.386)))
(((207.645, 247.202), (174.395, 243.448), (161.949, 355.46), (169.512, 370.058), (231.85, 300.596), (207.645, 247.202)))
(((217.988, 574.106), (221.902, 574.106), (271.902, 537.779), (278.024, 518.937), (233.883, 417.673), (171.491, 400.24), (127.318, 429.229), (121.482, 473.975), (131.359, 499.097), (217.988, 574.106)))
(((219.234, -398.496), (198.394, -407.794), (175.246, -362.945), (181.842, -352.5), (221.278, -352.5), (219.234, -398.496)))
(((230.354, -340.83), (221.278, -352.5), (181.842, -352.5), (174.055, -319.622), (182.441, -306.367), (226.767, -316.119), (230.354, -340.83)))
(((285.232, 6.67073), (183.985, -36.7206), (166.348, -17.2266), (163.929, -1.74322), (235.76, 25.436), (285.232, 6.67073)))
(((229.934, -554.508), (202.081, -567.771), (158.814, -541.047), (180.721, -514.445), (216.467, -524.421), (231.65, -544.839), (229.934, -554.508)))
(((265.924, 207.702), (212.904, 140.795), (172.623, 159.677), (148.72, 204.253), (152.712, 232.698), (174.395, 243.448), (207.645, 247.202), (265.924, 207.702)))
(((242.239, -296.873), (226.767, -316.119), (182.441, -306.367), (181.776, -304.265), (195.419, -252.174), (237.186, -269.577), (246.172, -283.699), (242.239, -296.873)))
(((297.13, -805.61), (290.902, -824.779), (240.902, -861.106), (179.098, -861.106), (139.388, -832.254), (145.5, -813.707), (206.01, -728.158), (297.13, -805.61)))
(((241.347, -476.438), (216.467, -524.421), (180.721, -514.445), (180.566, -504.688), (216.327, -466.279), (235.834, -470.712), (241.347, -476.438)))
(((287.852, 2.2551), (251.612, -57.8507), (215.007, -73.9567), (184.5, -46.5), (183.985, -36.7206), (285.232, 6.67073), (289.24, 6.07941), (287.852, 2.2551)))
(((228.929, -166.212), (215.164, -167.672), (193.431, -122.757), (205.868, -105.506), (243.672, -121.985), (228.929, -166.212)))
(((249.411, -580.895), (228.877, -614.262), (198.264, -622.564), (193.014, -614.241), (202.081, -567.771), (229.934, -554.508), (249.411, -580.895)))
(((266.736, -208.496), (257.15, -215.826), (200.426, -221.797), (213.681, -168.777), (215.164, -167.672), (228.929, -166.212), (240.961, -173.476), (266.768, -208.392), (266.736, -208.496)))
(((257.12, -411.415), (235.834, -470.712), (216.327, -466.279), (182.134, -427.703), (198.394, -407.794), (219.234, -398.496), (254.743, -407.514), (257.12, -411.415)))
(((237.186, -269.577), (195.419, -252.174), (193.053, -248.21), (197.384, -224.386), (200.426, -221.797), (257.15, -215.826), (237.186, -269.577)))
(((313.831, 343.369), (231.85, 300.596), (169.512, 370.058), (171.491, 400.24), (233.883, 417.673), (313.831, 343.369)))
(((330.339, 74.9645), (311.902, 18.2215), (311.046, 17.5998), (289.24, 6.07941), (285.232, 6.67073), (235.76, 25.436), (184.05, 74.043), (218.495, 119.702), (330.339, 74.9645)))
(((262.594, -113.98), (243.672, -121.985), (205.868, -105.506), (204.947, -98.6043), (215.007, -73.9567), (251.612, -57.8507), (262.594, -113.98)))
(((283.807, -680.726), (200.249, -688.878), (185.835, -678.494), (198.264, -622.564), (228.877, -614.262), (266.724, -639.133), (283.807, -680.726)))
(((247.117, -478.798), (261.494, -527.679), (231.65, -544.839), (216.467, -524.421), (241.347, -476.438), (247.117, -478.798)))
(((271.889, -373.222), (254.743, -407.514), (219.234, -398.496), (221.278, -352.5), (230.354, -340.83), (269.418, -355.923), (271.889, -373.222)))
(((296.715, -805.258), (206.01, -728.158), (200.249, -688.878), (283.807, -680.726), (285.824, -681.648), (332.467, -761.495), (324.902, -784.779), (296.715, -805.258)))
(((280.058, -144.668), (240.961, -173.476), (228.929, -166.212), (243.672, -121.985), (262.594, -113.98), (268.257, -116.208), (280.058, -144.668)))
(((327.887, 75.9453), (218.495, 119.702), (212.904, 140.795), (265.924, 207.702), (334.056, 203.572), (337.902, 200.779), (357, 142), (357, 142), (337.902, 83.2215), (327.887, 75.9453)))
(((281.629, -598.146), (266.724, -639.133), (228.877, -614.262), (249.411, -580.895), (274.729, -582.276), (281.629, -598.146)))
(((269.418, -355.923), (230.354, -340.83), (226.767, -316.119), (242.239, -296.873), (290.197, -333.412), (269.418, -355.923)))
(((274.729, -582.276), (249.411, -580.895), (229.934, -554.508), (231.65, -544.839), (261.494, -527.679), (281.507, -532.082), (277.496, -578.876), (274.729, -582.276)))
(((282.213, -275.835), (246.172, -283.699), (237.186, -269.577), (257.15, -215.826), (266.736, -208.496), (293.79, -252.199), (282.213, -275.835)))
(((330.191, 203.807), (265.924, 207.702), (207.645, 247.202), (231.85, 300.596), (313.831, 343.369), (342.246, 335.435), (345.902, 332.779), (365, 274), (365, 274), (345.902, 215.221), (330.191, 203.807)))
(((293.755, -462.217), (278.738, -474.845), (247.117, -478.798), (241.347, -476.438), (235.834, -470.712), (257.12, -411.415), (294.349, -428.976), (293.755, -462.217)))
(((276.586, -202.568), (266.768, -208.392), (240.961, -173.476), (280.058, -144.668), (300.893, -160.295), (276.586, -202.568)))
(((281.507, -532.082), (261.494, -527.679), (247.117, -478.798), (278.738, -474.845), (298.546, -524.366), (281.507, -532.082)))
(((301.243, -328.955), (290.197, -333.412), (242.239, -296.873), (246.172, -283.699), (282.213, -275.835), (308.043, -306.664), (301.243, -328.955)))
(((300.331, -103.815), (268.257, -116.208), (262.594, -113.98), (251.612, -57.8507), (287.852, 2.2551), (300.331, -103.815)))
(((294.349, -428.976), (257.12, -411.415), (254.743, -407.514), (271.889, -373.222), (313.899, -383.725), (303.013, -424.002), (294.349, -428.976)))
(((285.824, -681.648), (283.807, -680.726), (266.724, -639.133), (281.629, -598.146), (312.664, -610.754), (323.074, -638.73), (285.824, -681.648)))
(((330.703, -565.574), (277.496, -578.876), (281.507, -532.082), (298.546, -524.366), (314.662, -525.853), (330.703, -565.574)))
(((320.6, -155.953), (300.893, -160.295), (280.058, -144.668), (268.257, -116.208), (300.331, -103.815), (320.615, -110.999), (330.288, -133.863), (320.6, -155.953)))
(((323.219, -377.29), (313.899, -383.725), (271.889, -373.222), (269.418, -355.923), (290.197, -333.412), (301.243, -328.955), (323.78, -349.759), (323.219, -377.29)))
(((314.662, -525.853), (298.546, -524.366), (278.738, -474.845), (293.755, -462.217), (329.935, -478.204), (314.909, -525.595), (314.662, -525.853)))
(((334.901, -569.06), (312.664, -610.754), (281.629, -598.146), (274.729, -582.276), (277.496, -578.876), (330.703, -565.574), (334.901, -569.06)))
(((333.122, -221.5), (316.782, -248.981), (293.79, -252.199), (266.736, -208.496), (266.768, -208.392), (276.586, -202.568), (323.376, -209.066), (333.122, -221.5)))
(((342.356, 335.404), (313.831, 343.369), (233.883, 417.673), (279.841, 523.106), (338.902, 523.106), (388.902, 486.779), (408, 428), (408, 428), (388.902, 369.221), (342.356, 335.404)))
(((331.819, -170.471), (323.376, -209.066), (276.586, -202.568), (300.893, -160.295), (320.6, -155.953), (331.819, -170.471)))
(((330.411, -296.621), (308.043, -306.664), (282.213, -275.835), (293.79, -252.199), (316.782, -248.981), (332.816, -266.16), (330.411, -296.621)))
(((389.355, -18.4648), (320.615, -110.999), (300.331, -103.815), (287.852, 2.2551), (289.24, 6.07941), (302.539, 13.1057), (345.902, 13.1057), (389.355, -18.4648)))
(((337.558, -475.209), (329.935, -478.204), (293.755, -462.217), (294.349, -428.976), (303.013, -424.002), (346.611, -429.947), (337.558, -475.209)))
(((359.53, -406.172), (347.809, -429.163), (346.611, -429.947), (303.013, -424.002), (313.899, -383.725), (323.219, -377.29), (355.97, -393.266), (359.53, -406.172)))
(((394.955, -627.136), (323.074, -638.73), (312.664, -610.754), (334.901, -569.06), (345.186, -571.146), (394.955, -627.136)))
(((401.132, -324.62), (323.78, -349.759), (301.243, -328.955), (308.043, -306.664), (330.411, -296.621), (404.134, -322.264), (401.132, -324.62)))
(((440.22, -238.443), (332.816, -266.16), (316.782, -248.981), (333.122, -221.5), (434.715, -221.5), (440.22, -238.443)))
(((434.715, -221.5), (333.122, -221.5), (323.376, -209.066), (331.819, -170.471), (440.919, -202.403), (434.715, -221.5)))
(((400.75, -511.75), (314.909, -525.595), (329.935, -478.204), (337.558, -475.209), (413.923, -503.846), (400.75, -511.75)))
(((332.824, -762.106), (285.824, -681.648), (323.074, -638.73), (394.955, -627.136), (436.702, -641.461), (445, -667), (445, -667), (425.902, -725.779), (375.902, -762.106), (332.824, -762.106)))
(((355.97, -393.266), (323.219, -377.29), (323.78, -349.759), (401.132, -324.62), (355.97, -393.266)))
(((345.186, -571.146), (334.901, -569.06), (330.703, -565.574), (314.662, -525.853), (314.909, -525.595), (400.75, -511.75), (345.186, -571.146)))
(((445.582, -121.598), (330.288, -133.863), (320.615, -110.999), (389.079, -18.8357), (430.902, -49.2215), (450, -108), (450, -108), (445.582, -121.598)))
(((440.326, -310.852), (404.134, -322.264), (330.411, -296.621), (332.816, -266.16), (438.308, -238.937), (451, -278), (451, -278), (440.326, -310.852)))
(((439.713, -202.05), (331.819, -170.471), (320.6, -155.953), (330.288, -133.863), (444.195, -121.745), (455, -155), (455, -155), (439.713, -202.05)))
(((449.451, -495.622), (448.66, -498.057), (413.923, -503.846), (337.558, -475.209), (346.611, -429.947), (347.809, -429.163), (449.451, -495.622)))
(((450.718, -496.451), (347.809, -429.163), (359.53, -406.172), (477.311, -425.802), (479, -431), (479, -431), (459.902, -489.779), (450.718, -496.451)))
(((436.608, -641.429), (394.955, -627.136), (345.186, -571.146), (400.75, -511.75), (413.923, -503.846), (449.477, -497.921), (460.902, -506.221), (480, -565), (480, -565), (460.902, -623.779), (436.608, -641.429)))
(((474.21, -425.285), (359.53, -406.172), (355.97, -393.266), (401.132, -324.62), (404.134, -322.264), (440.268, -310.871), (466.902, -330.221), (486, -389), (486, -389), (474.21, -425.285)))
