(((-270.187, -236.743), (-283.902, -226.779), (-303, -168), (-283.902, -109.221), (-273.713, -101.819), (-175.464, -143.696), (-161.03, -167.882), (-170.382, -199.191), (-225.196, -226.598), (-270.187, -236.743)))
(((-259.988, -641.7), (-281.902, -625.779), (-301, -567), (-287.014, -523.955), (-184.595, -539.847), (-170.36, -562.624), (-195.696, -608.017), (-245.543, -637.926), (-259.988, -641.7)))
(((-287.148, -523.934), (-292, -509), (-281.097, -475.445), (-161.11, -500.27), (-158.859, -504), (-184.595, -539.847), (-287.148, -523.934)))
(((-279.102, -410.542), (-290, -377), (-272.176, -322.145), (-165.189, -365.518), (-167.275, -398.893), (-279.102, -410.542)))
(((-284.305, -474.782), (-276.527, -450.845), (-164.135, -452.888), (-161.11, -500.27), (-284.305, -474.782)))
(((-276.603, -450.844), (-285, -425), (-280.344, -410.671), (-167.275, -398.893), (-148.804, -416.543), (-151.304, -441.538), (-164.135, -452.888), (-276.603, -450.844)))
(((-266.561, -311.361), (-280, -270), (-269.116, -236.502), (-225.196, -226.598), (-141.913, -274.647), (-164.098, -304.043), (-266.561, -311.361)))
(((-275.122, -101.219), (-257.902, -48.2215), (-225.808, -24.9038), (-151.786, -108.179), (-175.464, -143.696), (-275.122, -101.219)))
(((-269.545, -323.211), (-265.674, -311.298), (-164.098, -304.043), (-139.119, -344.01), (-165.189, -365.518), (-269.545, -323.211)))
(((-256.748, -724.94), (-272, -678), (-260.225, -641.762), (-245.543, -637.926), (-142.24, -660.383), (-119.587, -683.517), (-121.707, -708.243), (-135.424, -720.804), (-256.748, -724.94)))
(((-126.397, -852.604), (-138.098, -861.106), (-199.902, -861.106), (-249.902, -824.779), (-269, -766), (-255.647, -724.903), (-135.424, -720.804), (-126.397, -852.604)))
(((-129.738, -267.637), (-141.913, -274.647), (-225.196, -226.598), (-170.382, -199.191), (-128.74, -229.833), (-122.711, -254.954), (-129.738, -267.637)))
(((-142.24, -660.383), (-245.543, -637.926), (-195.696, -608.017), (-143.484, -613.111), (-142.24, -660.383)))
(((-112.576, -586.839), (-143.484, -613.111), (-195.696, -608.017), (-170.36, -562.624), (-118.211, -567.453), (-112.576, -586.839)))
(((-118.211, -567.453), (-170.36, -562.624), (-184.595, -539.847), (-158.859, -504), (-130.096, -510.711), (-114.571, -557.286), (-118.211, -567.453)))
(((-228.175, -22.2405), (-180.902, 12.1057), (-119.098, 12.1057), (-114.577, 8.82072), (-112.809, 2.22183), (-114.245, -101.14), (-151.786, -108.179), (-228.175, -22.2405)))
(((-116.226, -399.627), (-148.804, -416.543), (-167.275, -398.893), (-165.189, -365.518), (-139.119, -344.01), (-133.265, -345.265), (-110.459, -369.74), (-116.226, -399.627)))
(((-103.722, -153.556), (-161.03, -167.882), (-175.464, -143.696), (-151.786, -108.179), (-114.245, -101.14), (-98.2917, -122.524), (-103.722, -153.556)))
(((-102.051, -481.298), (-130.096, -510.711), (-158.859, -504), (-161.11, -500.27), (-164.135, -452.888), (-151.304, -441.538), (-101.87, -467.903), (-102.051, -481.298)))
(((-99.3689, -311.369), (-133.265, -345.265), (-139.119, -344.01), (-164.098, -304.043), (-141.913, -274.647), (-129.738, -267.637), (-99.3689, -311.369)))
(((-85.4176, -185.272), (-128.74, -229.833), (-170.382, -199.191), (-161.03, -167.882), (-103.722, -153.556), (-84.3583, -180.918), (-85.4176, -185.272)))
(((-119.587, -683.517), (-142.24, -660.383), (-143.484, -613.111), (-112.576, -586.839), (-97.619, -598.805), (-93.5351, -657), (-119.587, -683.517)))
(((-101.87, -467.903), (-151.304, -441.538), (-148.804, -416.543), (-116.226, -399.627), (-98.3241, -412.726), (-89.0459, -453.963), (-101.87, -467.903)))
(((-67.9516, -359.113), (-110.459, -369.74), (-133.265, -345.265), (-99.3689, -311.369), (-79.0082, -314.008), (-67.1723, -357.71), (-67.9516, -359.113)))
(((-126.157, -856.106), (-135.424, -720.804), (-121.707, -708.243), (-69.0751, -728.869), (-66.7617, -856.106), (-126.157, -856.106)))
(((-56.6893, -528.345), (-114.571, -557.286), (-130.096, -510.711), (-102.051, -481.298), (-59.1142, -514.574), (-55.0987, -525.335), (-56.6893, -528.345)))
(((-59.7364, -294.736), (-79.0082, -314.008), (-99.3689, -311.369), (-129.738, -267.637), (-122.711, -254.954), (-74.9213, -255.764), (-56.9046, -274.6), (-59.7364, -294.736)))
(((-74.9213, -255.764), (-122.711, -254.954), (-128.74, -229.833), (-85.4176, -185.272), (-65.9382, -228.815), (-74.9213, -255.764)))
(((-54.391, -398.997), (-98.3241, -412.726), (-116.226, -399.627), (-110.459, -369.74), (-67.9516, -359.113), (-54.391, -398.997)))
(((-40.4936, -106.416), (-98.2917, -122.524), (-114.245, -101.14), (-112.809, 2.22183), (-39.421, -92.4729), (-40.4936, -106.416)))
(((-47.6677, -404.486), (-55.0369, -447.779), (-89.0459, -453.963), (-98.3241, -412.726), (-54.391, -398.997), (-47.6677, -404.486)))
(((-46.1477, -572.428), (-63.2272, -595.986), (-97.619, -598.805), (-112.576, -586.839), (-118.211, -567.453), (-114.571, -557.286), (-56.6893, -528.345), (-46.1477, -572.428)))
(((-40.3065, -718.623), (-69.0751, -728.869), (-121.707, -708.243), (-119.587, -683.517), (-93.5351, -657), (-53.3913, -657), (-30.0149, -701.805), (-40.3065, -718.623)))
(((-53.3913, -657), (-93.5351, -657), (-97.619, -598.805), (-63.2272, -595.986), (-32.1999, -629.922), (-53.3913, -657)))
(((-37.1502, -461.86), (-59.1142, -514.574), (-102.051, -481.298), (-101.87, -467.903), (-89.0459, -453.963), (-55.0369, -447.779), (-37.1502, -461.86)))
(((-25.8135, -122.698), (-44.0454, -175.249), (-84.3583, -180.918), (-103.722, -153.556), (-98.2917, -122.524), (-40.4936, -106.416), (-25.8135, -122.698)))
(((-11.2813, -216.858), (-65.9382, -228.815), (-85.4176, -185.272), (-84.3583, -180.918), (-44.0454, -175.249), (-11.6274, -202.838), (-11.2813, -216.858)))
(((-19.4545, -342.798), (-67.1723, -357.71), (-79.0082, -314.008), (-59.7364, -294.736), (-17.5167, -325.082), (-19.4545, -342.798)))
(((-10.3423, -218.902), (-37.8514, -268.129), (-56.9046, -274.6), (-74.9213, -255.764), (-65.9382, -228.815), (-11.2813, -216.858), (-10.3423, -218.902)))
(((-66.7799, -855.106), (-69.0751, -728.869), (-40.3065, -718.623), (-1.44183, -768.418), (-10.1106, -855.106), (-66.7799, -855.106)))
(((-114.599, 8.90434), (-68.9017, 42.1057), (-39.477, 42.1057), (-13.2169, -65.5606), (-39.421, -92.4729), (-112.809, 2.22183), (-114.599, 8.90434)))
(((-13.0516, -400.234), (-47.6677, -404.486), (-54.391, -398.997), (-67.9516, -359.113), (-67.1723, -357.71), (-19.4545, -342.798), (0.663307, -366.842), (-13.0516, -400.234)))
(((-32.1999, -629.922), (-63.2272, -595.986), (-46.1477, -572.428), (-0.994092, -579.201), (-32.0682, -629.901), (-32.1999, -629.922)))
(((6.68837, -522.346), (-55.0987, -525.335), (-59.1142, -514.574), (-37.1502, -461.86), (-17.2839, -462.181), (2.82075, -474.028), (10.1364, -519.253), (6.68837, -522.346)))
(((-7.23951, -408.611), (-17.2839, -462.181), (-37.1502, -461.86), (-55.0369, -447.779), (-47.6677, -404.486), (-13.0516, -400.234), (-7.23951, -408.611)))
(((-17.5167, -325.082), (-59.7364, -294.736), (-56.9046, -274.6), (-37.8514, -268.129), (-6.08877, -283.076), (-15.1123, -322.554), (-17.5167, -325.082)))
(((-0.994092, -579.201), (-46.1477, -572.428), (-56.6893, -528.345), (-55.0987, -525.335), (6.68837, -522.346), (0.889364, -578.403), (-0.994092, -579.201)))
(((-0.367515, -692.226), (-30.0149, -701.805), (-53.3913, -657), (-32.1999, -629.922), (-32.0682, -629.901), (3.77978, -644.533), (-0.367515, -692.226)))
(((-11.6274, -202.838), (-44.0454, -175.249), (-25.8135, -122.698), (-13.9138, -124.681), (21.1853, -172.942), (-11.6274, -202.838)))
(((7.83781, -276.776), (-6.08877, -283.076), (-37.8514, -268.129), (-10.3423, -218.902), (19.8097, -241.658), (7.83781, -276.776)))
(((52.8658, -617.524), (49.4655, -622.121), (3.77978, -644.533), (-32.0682, -629.901), (-0.994092, -579.201), (0.889364, -578.403), (52.4731, -610.521), (52.8658, -617.524)))
(((32.1707, -735.646), (-1.44183, -768.418), (-40.3065, -718.623), (-30.0149, -701.805), (-0.367515, -692.226), (24.7456, -702.519), (32.1707, -735.646)))
(((17.296, -111.027), (-13.9138, -124.681), (-25.8135, -122.698), (-40.4936, -106.416), (-39.421, -92.4729), (-13.2169, -65.5606), (23.7619, -67.921), (17.296, -111.027)))
(((-39.8064, 43.4564), (-27.9017, 52.1057), (33.9017, 52.1057), (38.3998, 48.8376), (27.6402, -65.2134), (23.7619, -67.921), (-13.2169, -65.5606), (-39.8064, 43.4564)))
(((40.9239, -432.883), (33.8288, -449.911), (2.82075, -474.028), (-17.2839, -462.181), (-7.23951, -408.611), (38.0219, -427.847), (40.9239, -432.883)))
(((29.4632, -313.926), (-15.1123, -322.554), (-6.08877, -283.076), (7.83781, -276.776), (32.8164, -299.904), (29.4632, -313.926)))
(((25.3679, -364.139), (0.663307, -366.842), (-19.4545, -342.798), (-17.5167, -325.082), (-15.1123, -322.554), (29.4632, -313.926), (45.5677, -346.135), (25.3679, -364.139)))
(((38.0219, -427.847), (-7.23951, -408.611), (-13.0516, -400.234), (0.663307, -366.842), (25.3679, -364.139), (42.5, -396.5), (38.0219, -427.847)))
(((56.1304, -139.557), (31.652, -171.729), (21.1853, -172.942), (-13.9138, -124.681), (17.296, -111.027), (52.8785, -127.124), (56.1304, -139.557)))
(((48.0965, -686.465), (24.7456, -702.519), (-0.367515, -692.226), (3.77978, -644.533), (49.4655, -622.121), (48.0965, -686.465)))
(((41.449, -240.385), (19.8097, -241.658), (-10.3423, -218.902), (-11.2813, -216.858), (-11.6274, -202.838), (21.1853, -172.942), (31.652, -171.729), (63.0943, -206.87), (41.449, -240.385)))
(((88.5759, -553.678), (52.4731, -610.521), (0.889364, -578.403), (6.68837, -522.346), (10.1364, -519.253), (61.2814, -523.784), (88.5759, -553.678)))
(((56.9588, -286.562), (32.8164, -299.904), (7.83781, -276.776), (19.8097, -241.658), (41.449, -240.385), (63.6732, -266.814), (56.9588, -286.562)))
(((-9.62303, -850.23), (-1.44183, -768.418), (32.1707, -735.646), (72.7891, -750.207), (56.132, -863.106), (8.0983, -863.106), (-9.62303, -850.23)))
(((61.2814, -523.784), (10.1364, -519.253), (2.82075, -474.028), (33.8288, -449.911), (69, -493.875), (61.2814, -523.784)))
(((52.8785, -127.124), (17.296, -111.027), (23.7619, -67.921), (27.6402, -65.2134), (77.4939, -81.8313), (52.8785, -127.124)))
(((68.9293, -345.781), (45.5677, -346.135), (29.4632, -313.926), (32.8164, -299.904), (56.9588, -286.562), (85.345, -325.762), (68.9293, -345.781)))
(((86.2647, -381.912), (42.5, -396.5), (25.3679, -364.139), (45.5677, -346.135), (68.9293, -345.781), (86.5883, -380.393), (86.2647, -381.912)))
(((92.3607, 43.1395), (81.3438, -80.2491), (77.4939, -81.8313), (27.6402, -65.2134), (38.2364, 47.1057), (86.9017, 47.1057), (92.3607, 43.1395)))
(((108.448, -715.677), (103.589, -729.343), (72.7891, -750.207), (32.1707, -735.646), (24.7456, -702.519), (48.0965, -686.465), (98.9164, -701.603), (106.859, -709.112), (108.448, -715.677)))
(((93.3979, -416.281), (79.1412, -432.235), (40.9239, -432.883), (38.0219, -427.847), (42.5, -396.5), (86.2647, -381.912), (93.3979, -416.281)))
(((92.8589, -469.353), (69, -493.875), (33.8288, -449.911), (40.9239, -432.883), (79.1412, -432.235), (92.8589, -469.353)))
(((101.26, -172.896), (64.1806, -206.703), (63.0943, -206.87), (31.652, -171.729), (56.1304, -139.557), (97.6837, -154.74), (101.26, -172.896)))
(((98.9164, -701.603), (48.0965, -686.465), (49.4655, -622.121), (52.8658, -617.524), (85.0558, -635.765), (98.9164, -701.603)))
(((101, -262.667), (63.6732, -266.814), (41.449, -240.385), (63.0943, -206.87), (64.1806, -206.703), (106.805, -235.577), (101, -262.667)))
(((108.302, -271.359), (96.6292, -321.94), (85.345, -325.762), (56.9588, -286.562), (63.6732, -266.814), (101, -262.667), (108.302, -271.359)))
(((97.6837, -154.74), (56.1304, -139.557), (52.8785, -127.124), (77.4939, -81.8313), (81.3438, -80.2491), (103.416, -88.6886), (111.312, -138.317), (97.6837, -154.74)))
(((121, -224.023), (106.805, -235.577), (64.1806, -206.703), (101.26, -172.896), (121, -187.596), (121, -224.023)))
(((56.188, -862.726), (72.7891, -750.207), (103.589, -729.343), (141.093, -789.349), (129.271, -872.106), (69.0983, -872.106), (56.188, -862.726)))
(((126.491, -551.955), (88.5759, -553.678), (61.2814, -523.784), (69, -493.875), (92.8589, -469.353), (127.938, -475.31), (126.491, -551.955)))
(((132.855, -365.782), (86.5883, -380.393), (68.9293, -345.781), (85.345, -325.762), (96.6292, -321.94), (139.221, -336.405), (132.855, -365.782)))
(((157.191, -565.474), (126.816, -632.553), (85.0558, -635.765), (52.8658, -617.524), (52.4731, -610.521), (88.5759, -553.678), (126.491, -551.955), (157.191, -565.474)))
(((142.894, -660.689), (106.859, -709.112), (98.9164, -701.603), (85.0558, -635.765), (126.816, -632.553), (142.894, -660.689)))
(((145.421, -461.064), (127.938, -475.31), (92.8589, -469.353), (79.1412, -432.235), (93.3979, -416.281), (137.843, -421.312), (151.936, -438.105), (145.421, -461.064)))
(((92.2684, 42.1057), (142.415, 42.1057), (134.977, -79.3756), (103.416, -88.6886), (81.3438, -80.2491), (92.2684, 42.1057)))
(((137.843, -421.312), (93.3979, -416.281), (86.2647, -381.912), (86.5883, -380.393), (132.855, -365.782), (142.324, -383.963), (137.843, -421.312)))
(((139.221, -336.405), (96.6292, -321.94), (108.302, -271.359), (141.549, -278.53), (149.531, -329.844), (139.221, -336.405)))
(((158.41, -96.4258), (129.327, -137.142), (111.312, -138.317), (103.416, -88.6886), (134.977, -79.3756), (155.104, -90.1331), (158.41, -96.4258)))
(((167.564, -258.428), (141.549, -278.53), (108.302, -271.359), (101, -262.667), (106.805, -235.577), (121, -224.023), (157.119, -233.263), (167.564, -258.428)))
(((168.85, -176.397), (121, -187.596), (101.26, -172.896), (97.6837, -154.74), (111.312, -138.317), (129.327, -137.142), (166.435, -158.688), (168.85, -176.397)))
(((180.051, -187.398), (157.119, -233.263), (121, -224.023), (121, -187.596), (168.85, -176.397), (180.051, -187.398)))
(((180.689, -755.41), (141.093, -789.349), (103.589, -729.343), (108.448, -715.677), (170.96, -721.36), (180.689, -755.41)))
(((166.435, -158.688), (129.327, -137.142), (158.41, -96.4258), (184.93, -118.334), (166.435, -158.688)))
(((190.524, -695.776), (170.96, -721.36), (108.448, -715.677), (106.859, -709.112), (142.894, -660.689), (182.865, -664.686), (190.524, -695.776)))
(((157.191, -565.474), (126.491, -551.955), (127.938, -475.31), (145.421, -461.064), (182.87, -495.109), (187.643, -564.329), (157.191, -565.474)))
(((189.428, -565.02), (186.034, -660.043), (182.865, -664.686), (142.894, -660.689), (126.816, -632.553), (157.191, -565.474), (187.643, -564.329), (189.428, -565.02)))
(((204.318, 30.0847), (191.782, -52.0966), (155.104, -90.1331), (134.977, -79.3756), (142.231, 39.1057), (191.902, 39.1057), (204.318, 30.0847)))
(((199.882, -380.25), (142.324, -383.963), (132.855, -365.782), (139.221, -336.405), (149.531, -329.844), (165.328, -330.493), (199.882, -380.25)))
(((206.363, -392.633), (183.715, -429.693), (151.936, -438.105), (137.843, -421.312), (142.324, -383.963), (199.882, -380.25), (201.438, -381.194), (206.363, -392.633)))
(((203.59, -304.188), (165.328, -330.493), (149.531, -329.844), (141.549, -278.53), (167.564, -258.428), (171.56, -259.578), (204.212, -302.025), (203.59, -304.188)))
(((227.118, -875.23), (214.902, -884.106), (153.098, -884.106), (129.958, -867.293), (141.093, -789.349), (180.689, -755.41), (204.329, -763.562), (227.118, -875.23)))
(((216.111, -463.014), (182.87, -495.109), (145.421, -461.064), (151.936, -438.105), (183.715, -429.693), (216.111, -463.014)))
(((215.814, -234.992), (171.56, -259.578), (167.564, -258.428), (157.119, -233.263), (180.051, -187.398), (186.055, -188.412), (215.814, -234.992)))
(((204.206, -115.499), (184.93, -118.334), (158.41, -96.4258), (155.104, -90.1331), (191.782, -52.0966), (216.481, -94.6331), (204.206, -115.499)))
(((236.888, -166.76), (186.055, -188.412), (180.051, -187.398), (168.85, -176.397), (166.435, -158.688), (184.93, -118.334), (204.206, -115.499), (242.494, -156.81), (236.888, -166.76)))
(((228.156, -340.583), (201.438, -381.194), (199.882, -380.25), (165.328, -330.493), (203.59, -304.188), (228.156, -340.583)))
(((232.143, -746.757), (204.329, -763.562), (180.689, -755.41), (170.96, -721.36), (190.524, -695.776), (226.744, -707.418), (232.143, -746.757)))
(((216.198, -235.096), (235.575, -281.116), (204.212, -302.025), (171.56, -259.578), (215.814, -234.992), (216.198, -235.096)))
(((231.585, -564.11), (189.428, -565.02), (187.643, -564.329), (182.87, -495.109), (216.111, -463.014), (233.694, -465.212), (239.677, -558.947), (231.585, -564.11)))
(((239.557, -588.719), (236.772, -651.38), (186.034, -660.043), (189.428, -565.02), (231.585, -564.11), (239.557, -588.719)))
(((249.599, -411.015), (239.265, -461.65), (233.694, -465.212), (216.111, -463.014), (183.715, -429.693), (206.363, -392.633), (245.049, -403.514), (249.599, -411.015)))
(((204.321, 30.1057), (250.902, 30.1057), (300.902, -6.22147), (304.535, -17.4045), (303.866, -21.5892), (275.012, -70.2452), (216.481, -94.6331), (191.782, -52.0966), (204.321, 30.1057)))
(((266.68, -680.522), (226.744, -707.418), (190.524, -695.776), (182.865, -664.686), (186.034, -660.043), (236.772, -651.38), (266.68, -680.522)))
(((251.545, -217.012), (216.198, -235.096), (215.814, -234.992), (186.055, -188.412), (236.888, -166.76), (251.545, -217.012)))
(((226.889, -874.106), (204.329, -763.562), (232.143, -746.757), (258.5, -757.3), (258.5, -874.106), (226.889, -874.106)))
(((274.336, -356.872), (245.049, -403.514), (206.363, -392.633), (201.438, -381.194), (228.156, -340.583), (270.521, -342.212), (274.336, -356.872)))
(((270.521, -342.212), (228.156, -340.583), (203.59, -304.188), (204.212, -302.025), (235.575, -281.116), (261.143, -282.643), (273.132, -336.595), (270.521, -342.212)))
(((272.75, -120), (257.167, -151.167), (242.494, -156.81), (204.206, -115.499), (216.481, -94.6331), (275.012, -70.2452), (272.75, -120)))
(((261.143, -282.643), (235.575, -281.116), (216.198, -235.096), (251.545, -217.012), (267.424, -224.255), (277.673, -267.616), (261.143, -282.643)))
(((289.55, -711.925), (269.257, -751.628), (258.5, -757.3), (232.143, -746.757), (226.744, -707.418), (266.68, -680.522), (276.191, -681.062), (289.55, -711.925)))
(((354.902, -504.612), (316.136, -541.599), (239.677, -558.947), (233.694, -465.212), (239.265, -461.65), (352.094, -483.773), (357.428, -487.163), (359, -492), (359, -492), (354.902, -504.612)))
(((294, -662.347), (276.191, -681.062), (266.68, -680.522), (236.772, -651.38), (239.557, -588.719), (294, -645.34), (294, -662.347)))
(((352.094, -483.773), (239.265, -461.65), (249.599, -411.015), (299.032, -423.636), (352.094, -483.773)))
(((306.62, -198.421), (267.424, -224.255), (251.545, -217.012), (236.888, -166.76), (242.494, -156.81), (257.167, -151.167), (299.107, -175.133), (306.62, -198.421)))
(((299.032, -423.636), (249.599, -411.015), (245.049, -403.514), (274.336, -356.872), (301.545, -374.617), (299.032, -423.636)))
(((258.5, -874.106), (258.5, -757.3), (269.257, -751.628), (302.733, -768.367), (305.516, -874.106), (258.5, -874.106)))
(((323.231, -596.231), (294, -645.34), (239.557, -588.719), (231.585, -564.11), (239.677, -558.947), (316.136, -541.599), (323.231, -596.231)))
(((328.006, -315.864), (273.132, -336.595), (261.143, -282.643), (277.673, -267.616), (305.349, -269.651), (328.314, -308.776), (328.006, -315.864)))
(((299.107, -175.133), (257.167, -151.167), (272.75, -120), (330.877, -137.885), (299.107, -175.133)))
(((313.237, -201.833), (321.409, -253.591), (305.349, -269.651), (277.673, -267.616), (267.424, -224.255), (306.62, -198.421), (313.237, -201.833)))
(((337.299, -743.836), (302.733, -768.367), (269.257, -751.628), (289.55, -711.925), (324.558, -726.736), (337.299, -743.836)))
(((341.83, -132.708), (330.877, -137.885), (272.75, -120), (275.012, -70.2452), (303.866, -21.5892), (345.964, -121.377), (341.83, -132.708)))
(((342.156, -367.002), (301.545, -374.617), (274.336, -356.872), (270.521, -342.212), (273.132, -336.595), (328.006, -315.864), (341.007, -331.961), (342.156, -367.002)))
(((356.842, -486.79), (352.094, -483.773), (299.032, -423.636), (301.545, -374.617), (342.156, -367.002), (407.381, -434.837), (400.902, -454.779), (356.842, -486.79)))
(((410.237, -814.204), (402.902, -836.779), (352.902, -873.106), (305.49, -873.106), (302.733, -768.367), (337.299, -743.836), (358.842, -752.89), (410.237, -814.204)))
(((351.066, -671.829), (324.558, -726.736), (289.55, -711.925), (276.191, -681.062), (294, -662.347), (350.592, -668.103), (351.066, -671.829)))
(((350.592, -668.103), (294, -662.347), (294, -645.34), (323.231, -596.231), (371.611, -644.611), (350.592, -668.103)))
(((350.674, -198.606), (313.237, -201.833), (306.62, -198.421), (299.107, -175.133), (330.877, -137.885), (341.83, -132.708), (364.88, -172.223), (350.674, -198.606)))
(((383.251, -249.644), (321.409, -253.591), (313.237, -201.833), (350.674, -198.606), (383.251, -249.644)))
(((395.966, -256.909), (328.314, -308.776), (305.349, -269.651), (321.409, -253.591), (383.251, -249.644), (395.966, -256.909)))
(((358.842, -752.89), (337.299, -743.836), (324.558, -726.736), (351.066, -671.829), (373.239, -706.097), (358.842, -752.89)))
(((455.83, -623.067), (371.611, -644.611), (323.231, -596.231), (316.136, -541.599), (353.558, -505.894), (393.902, -505.894), (443.902, -542.221), (463, -601), (463, -601), (455.83, -623.067)))
(((462.55, -304.614), (341.007, -331.961), (328.006, -315.864), (328.314, -308.776), (395.966, -256.909), (450.529, -267.618), (462.55, -304.614)))
(((466.748, -99.0097), (345.964, -121.377), (303.866, -21.5892), (304.245, -19.2165), (339.098, 6.10565), (400.902, 6.10565), (450.902, -30.2215), (470, -89), (470, -89), (466.748, -99.0097)))
(((409.088, -436.611), (342.156, -367.002), (341.007, -331.961), (458.825, -305.452), (472, -346), (472, -346), (452.902, -404.779), (409.088, -436.611)))
(((473.015, -164.499), (364.88, -172.223), (341.83, -132.708), (345.964, -121.377), (465.766, -99.1915), (480, -143), (480, -143), (473.015, -164.499)))
(((451.183, -267.746), (395.966, -256.909), (383.251, -249.644), (350.674, -198.606), (364.88, -172.223), (472.795, -164.515), (484, -199), (484, -199), (464.902, -257.779), (451.183, -267.746)))
(((484.092, -689.795), (373.239, -706.097), (351.066, -671.829), (350.592, -668.103), (371.611, -644.611), (458.032, -622.504), (465.902, -628.221), (485, -687), (485, -687), (484.092, -689.795)))
(((411.831, -816.106), (358.842, -752.89), (373.239, -706.097), (480.054, -690.389), (490, -721), (490, -721), (470.902, -779.779), (420.902, -816.106), (411.831, -816.106)))
