(((-285.96, -213.209), (-300, -170), (-280.902, -111.221), (-248.404, -87.6105), (-209.554, -111.324), (-175.25, -168), (-193.074, -203.647), (-285.96, -213.209)))
(((-275.726, -454.086), (-278.902, -451.779), (-298, -393), (-278.902, -334.221), (-275.162, -331.504), (-214.836, -341.773), (-186.452, -358.254), (-170.671, -400.666), (-218.19, -438.945), (-275.726, -454.086)))
(((-277.799, -284.783), (-293, -238), (-284.91, -213.101), (-193.074, -203.647), (-170.552, -217.896), (-164.063, -230.875), (-169.801, -265.308), (-277.799, -284.783)))
(((-270.501, -587.857), (-288, -534), (-272.944, -487.662), (-187.005, -500.884), (-135.697, -549.342), (-270.501, -587.857)))
(((-271.221, -332.175), (-282, -299), (-277.355, -284.703), (-169.801, -265.308), (-160.847, -272.713), (-161.721, -308.576), (-214.836, -341.773), (-271.221, -332.175)))
(((-271.883, -487.826), (-278, -469), (-272.914, -453.346), (-218.19, -438.945), (-148.513, -454.622), (-146.463, -467.331), (-187.005, -500.884), (-271.883, -487.826)))
(((-228.991, -666.15), (-252.902, -648.779), (-272, -590), (-271.386, -588.11), (-135.697, -549.342), (-131.342, -550.194), (-130.794, -552.768), (-162.22, -634.826), (-228.991, -666.15)))
(((-134.59, -430.026), (-148.513, -454.622), (-218.19, -438.945), (-170.671, -400.666), (-142.583, -408.228), (-134.59, -430.026)))
(((-230.557, 536.346), (-246.902, 548.221), (-266, 607), (-246.902, 665.779), (-196.902, 702.106), (-135.098, 702.106), (-102.458, 678.391), (-129.228, 566.212), (-230.557, 536.346)))
(((-141.474, -351.409), (-186.452, -358.254), (-214.836, -341.773), (-161.721, -308.576), (-140.792, -322.754), (-141.474, -351.409)))
(((-136.556, -186.855), (-170.552, -217.896), (-193.074, -203.647), (-175.25, -168), (-141.173, -168), (-136.556, -186.855)))
(((-128.603, -147.468), (-141.173, -168), (-175.25, -168), (-209.554, -111.324), (-134.219, -123.88), (-128.603, -147.468)))
(((-142.583, -408.228), (-170.671, -400.666), (-186.452, -358.254), (-141.474, -351.409), (-117.625, -369.958), (-142.583, -408.228)))
(((-131.342, -550.194), (-135.697, -549.342), (-187.005, -500.884), (-146.463, -467.331), (-121.275, -491.873), (-117.929, -536.036), (-131.342, -550.194)))
(((-250.778, -86.1615), (-233.902, -34.2215), (-183.902, 2.10565), (-156.541, 2.10565), (-125.849, -112.291), (-134.219, -123.88), (-209.554, -111.324), (-250.778, -86.1615)))
(((-117.598, -307.533), (-140.792, -322.754), (-161.721, -308.576), (-160.847, -272.713), (-140.759, -273.471), (-117.598, -307.533)))
(((-123.722, -228.57), (-164.063, -230.875), (-170.552, -217.896), (-136.556, -186.855), (-121.327, -199.038), (-123.722, -228.57)))
(((-116.922, -236.007), (-128.357, -265.548), (-140.759, -273.471), (-160.847, -272.713), (-169.801, -265.308), (-164.063, -230.875), (-123.722, -228.57), (-116.922, -236.007)))
(((-147.682, 416.894), (-168.902, 416.894), (-218.902, 453.221), (-238, 512), (-230.04, 536.499), (-129.228, 566.212), (-69.4954, 517.78), (-147.682, 416.894)))
(((-194.54, -744.572), (-214.902, -729.779), (-234, -671), (-233.042, -668.05), (-162.22, -634.826), (-120.503, -640.785), (-84.1999, -710.367), (-194.54, -744.572)))
(((-86.0548, -608.103), (-120.503, -640.785), (-162.22, -634.826), (-130.794, -552.768), (-86.0548, -608.103)))
(((-117.625, -369.958), (-141.474, -351.409), (-140.792, -322.754), (-117.598, -307.533), (-99.0694, -309.045), (-103.717, -367.919), (-117.625, -369.958)))
(((-88.9632, -465.264), (-121.275, -491.873), (-146.463, -467.331), (-148.513, -454.622), (-134.59, -430.026), (-98.1966, -434.925), (-88.9632, -465.264)))
(((-99.0694, -309.045), (-117.598, -307.533), (-140.759, -273.471), (-128.357, -265.548), (-92.5647, -277.478), (-97.4146, -307.963), (-99.0694, -309.045)))
(((-94.9286, -192.786), (-121.327, -199.038), (-136.556, -186.855), (-141.173, -168), (-128.603, -147.468), (-98.1881, -156.93), (-94.9286, -192.786)))
(((-156.785, 3.01851), (-142.902, 13.1057), (-106.117, 13.1057), (-78.3801, -71.3651), (-111.425, -108.54), (-125.849, -112.291), (-156.785, 3.01851)))
(((-82.0014, -418.304), (-98.1966, -434.925), (-134.59, -430.026), (-142.583, -408.228), (-117.625, -369.958), (-103.717, -367.919), (-100.874, -368.985), (-87.3156, -385.754), (-82.0014, -418.304)))
(((-92.5647, -277.478), (-128.357, -265.548), (-116.922, -236.007), (-96.0254, -237.907), (-86.9967, -271.012), (-92.5647, -277.478)))
(((-78.1435, -223.09), (-96.0254, -237.907), (-116.922, -236.007), (-123.722, -228.57), (-121.327, -199.038), (-94.9286, -192.786), (-78.9655, -202.13), (-78.1435, -223.09)))
(((-30.0719, -835.572), (-72.0983, -866.106), (-133.902, -866.106), (-183.902, -829.779), (-203, -771), (-194.399, -744.529), (-84.1999, -710.367), (-71.7689, -711.871), (-31.3423, -810.346), (-30.0719, -835.572)))
(((-82.5859, -149.872), (-98.1881, -156.93), (-128.603, -147.468), (-134.219, -123.88), (-125.849, -112.291), (-111.425, -108.54), (-77.2895, -126.921), (-82.5859, -149.872)))
(((-71.7689, -711.871), (-84.1999, -710.367), (-120.503, -640.785), (-86.0548, -608.103), (-61.3122, -611.317), (-54.1925, -695.328), (-71.7689, -711.871)))
(((-68.129, -483.258), (-92.8924, -532.785), (-117.929, -536.036), (-121.275, -491.873), (-88.9632, -465.264), (-70.7908, -472.078), (-68.129, -483.258)))
(((-62.5, -116.357), (-77.2895, -126.921), (-111.425, -108.54), (-78.3801, -71.3651), (-62.5, -85.1739), (-62.5, -116.357)))
(((-52.7494, -332.699), (-60.6337, -345.314), (-100.874, -368.985), (-103.717, -367.919), (-99.0694, -309.045), (-97.4146, -307.963), (-60.8893, -316.08), (-52.7494, -332.699)))
(((-43.2971, -177.436), (-78.9655, -202.13), (-94.9286, -192.786), (-98.1881, -156.93), (-82.5859, -149.872), (-43.4553, -173.588), (-43.2971, -177.436)))
(((-40.4573, -597.124), (-61.3122, -611.317), (-86.0548, -608.103), (-130.794, -552.768), (-131.342, -550.194), (-117.929, -536.036), (-92.8924, -532.785), (-45.4949, -542.993), (-34.8914, -584.291), (-40.4573, -597.124)))
(((-101.81, 681.106), (-47.0983, 681.106), (-42.9398, 678.084), (-31.7528, 523.33), (-69.4954, 517.78), (-129.228, 566.212), (-101.81, 681.106)))
(((-61.0661, -269.067), (-86.9967, -271.012), (-96.0254, -237.907), (-78.1435, -223.09), (-50.0009, -239.824), (-61.0661, -269.067)))
(((-60.8893, -316.08), (-97.4146, -307.963), (-92.5647, -277.478), (-86.9967, -271.012), (-61.0661, -269.067), (-46.1076, -288.628), (-60.8893, -316.08)))
(((-35.2862, -449.654), (-70.7908, -472.078), (-88.9632, -465.264), (-98.1966, -434.925), (-82.0014, -418.304), (-40.9836, -427.221), (-35.2862, -449.654)))
(((-29.1244, -521.641), (-45.4949, -542.993), (-92.8924, -532.785), (-68.129, -483.258), (-32.2488, -512.615), (-29.1244, -521.641)))
(((-43.7427, -382.85), (-87.3156, -385.754), (-100.874, -368.985), (-60.6337, -345.314), (-43.7427, -382.85)))
(((-40.9836, -427.221), (-82.0014, -418.304), (-87.3156, -385.754), (-43.7427, -382.85), (-39.6312, -384.747), (-40.6796, -426.684), (-40.9836, -427.221)))
(((-43.4553, -173.588), (-82.5859, -149.872), (-77.2895, -126.921), (-62.5, -116.357), (-42.8693, -127.575), (-41.646, -170.391), (-43.4553, -173.588)))
(((-122.7, 379.45), (-138.902, 391.221), (-147.373, 417.293), (-69.4954, 517.78), (-31.7528, 523.33), (-24.5967, 520.156), (-21.9982, 507.018), (-33.3032, 393.968), (-122.7, 379.45)))
(((-27.5854, -233.231), (-50.0009, -239.824), (-78.1435, -223.09), (-78.9655, -202.13), (-43.2971, -177.436), (-28.3744, -193.78), (-27.5854, -233.231)))
(((-25.6596, -456.607), (-32.2488, -512.615), (-68.129, -483.258), (-70.7908, -472.078), (-35.2862, -449.654), (-25.6596, -456.607)))
(((-106.129, 13.144), (-104.504, 14.3249), (-103.251, 14.1623), (-32.5126, -21.7049), (-16.5034, -79.0713), (-18.0898, -80.3467), (-62.5, -85.1739), (-78.3801, -71.3651), (-106.129, 13.144)))
(((-9.66726, -368.267), (-39.6312, -384.747), (-43.7427, -382.85), (-60.6337, -345.314), (-52.7494, -332.699), (-25.6585, -337.675), (-9.66726, -368.267)))
(((-23.46, -119.012), (-42.8693, -127.575), (-62.5, -116.357), (-62.5, -85.1739), (-18.0898, -80.3467), (-23.46, -119.012)))
(((-96.9549, 136.55), (-119.902, 153.221), (-139, 212), (-125.825, 252.547), (-3.37683, 225.668), (-0.151305, 186.424), (-51.9215, 140.063), (-96.9549, 136.55)))
(((-122.776, 283.069), (-139, 333), (-123.975, 379.243), (-33.3032, 393.968), (3.9832, 380.195), (-22.4283, 294.358), (-122.776, 283.069)))
(((-17.2384, -285.557), (-46.1076, -288.628), (-61.0661, -269.067), (-50.0009, -239.824), (-27.5854, -233.231), (-13.4339, -242.756), (-17.2384, -285.557)))
(((-13.411, -289.118), (-14.2859, -322.366), (-25.6585, -337.675), (-52.7494, -332.699), (-60.8893, -316.08), (-46.1076, -288.628), (-17.2384, -285.557), (-13.411, -289.118)))
(((-129.859, 253.433), (-120.133, 283.366), (-22.4283, 294.358), (16.7409, 268.041), (16.4771, 261.972), (-3.37683, 225.668), (-129.859, 253.433)))
(((-28.2493, -689.275), (-54.1925, -695.328), (-61.3122, -611.317), (-40.4573, -597.124), (13.6529, -648.228), (-28.2493, -689.275)))
(((-110.34, 16.6473), (-128, 71), (-108.902, 129.779), (-99.8981, 136.32), (-51.9215, 140.063), (7.65494, 100.614), (16.6608, 75.1487), (-1.57158, 46.3607), (-103.251, 14.1623), (-106.607, 14.5978), (-110.34, 16.6473)))
(((1.40855, -145.392), (-41.646, -170.391), (-42.8693, -127.575), (-23.46, -119.012), (-1.21377, -135.121), (1.40855, -145.392)))
(((-6.57692, -369.346), (6.10818, -405.71), (-40.6796, -426.684), (-39.6312, -384.747), (-9.66726, -368.267), (-6.57692, -369.346)))
(((20.6442, -482.937), (0.888889, -517.889), (-29.1244, -521.641), (-32.2488, -512.615), (-25.6596, -456.607), (7.5328, -459.468), (18.9979, -472.236), (20.6442, -482.937)))
(((18, -15.7119), (-32.5126, -21.7049), (-103.251, 14.1623), (-1.57158, 46.3607), (27.6225, -8.04648), (18, -15.7119)))
(((-31.3423, -810.346), (-71.7689, -711.871), (-54.1925, -695.328), (-28.2493, -689.275), (29.1964, -727.105), (-31.3423, -810.346)))
(((20.0971, -419.98), (7.5328, -459.468), (-25.6596, -456.607), (-35.2862, -449.654), (-40.9836, -427.221), (-40.6796, -426.684), (6.10818, -405.71), (17.1001, -413.205), (20.0971, -419.98)))
(((9.53484, -190.082), (-28.3744, -193.78), (-43.2971, -177.436), (-43.4553, -173.588), (-41.646, -170.391), (1.40855, -145.392), (12.6284, -152.959), (9.53484, -190.082)))
(((36.6305, -572.588), (-34.8914, -584.291), (-45.4949, -542.993), (-29.1244, -521.641), (0.888889, -517.889), (34.0455, -551.045), (36.6305, -572.588)))
(((26.0293, -93.4551), (-1.21377, -135.121), (-23.46, -119.012), (-18.0898, -80.3467), (-16.5034, -79.0713), (18, -80.1667), (21.838, -82.7254), (26.0293, -93.4551)))
(((7.74972, -238.973), (-13.4339, -242.756), (-27.5854, -233.231), (-28.3744, -193.78), (9.53484, -190.082), (34.7112, -211.283), (7.74972, -238.973)))
(((18, -80.1667), (-16.5034, -79.0713), (-32.5126, -21.7049), (18, -15.7119), (18, -80.1667)))
(((28.1008, -328.91), (15.4688, -359.701), (-6.57692, -369.346), (-9.66726, -368.267), (-25.6585, -337.675), (-14.2859, -322.366), (27.3754, -327.365), (28.1008, -328.91)))
(((38.5062, 383.186), (3.9832, 380.195), (-33.3032, 393.968), (-21.9982, 507.018), (43.4712, 422.454), (38.5062, 383.186)))
(((43.6689, -579.993), (21.3465, -646.961), (13.6529, -648.228), (-40.4573, -597.124), (-34.8914, -584.291), (36.6305, -572.588), (43.6201, -579.796), (43.6689, -579.993)))
(((27.3754, -327.365), (-14.2859, -322.366), (-13.411, -289.118), (28.9546, -291.043), (27.3754, -327.365)))
(((-42.7092, 674.894), (-25.9017, 687.106), (35.9017, 687.106), (68.423, 663.478), (78.8321, 552.18), (67.5055, 540.953), (-24.5967, 520.156), (-31.7528, 523.33), (-42.7092, 674.894)))
(((34.1101, -286.112), (28.9546, -291.043), (-13.411, -289.118), (-17.2384, -285.557), (-13.4339, -242.756), (7.74972, -238.973), (34.5218, -278.427), (34.1101, -286.112)))
(((48.4137, 376.694), (50.6891, 292.504), (16.7409, 268.041), (-22.4283, 294.358), (3.9832, 380.195), (38.5062, 383.186), (48.4137, 376.694)))
(((64.1938, -718.955), (29.1964, -727.105), (-28.2493, -689.275), (13.6529, -648.228), (21.3465, -646.961), (33.7844, -654.386), (66.3515, -709.343), (64.1938, -718.955)))
(((55.5865, 135.763), (7.65494, 100.614), (-51.9215, 140.063), (-0.151305, 186.424), (57.8907, 176.088), (55.5865, 135.763)))
(((52.0957, -117.039), (26.7699, -150.807), (12.6284, -152.959), (1.40855, -145.392), (-1.21377, -135.121), (26.0293, -93.4551), (52.0957, -117.039)))
(((43.3459, -385.709), (17.1001, -413.205), (6.10818, -405.71), (-6.57692, -369.346), (15.4688, -359.701), (39.6592, -373.308), (43.3459, -385.709)))
(((36.2692, -211.158), (34.7112, -211.283), (9.53484, -190.082), (12.6284, -152.959), (26.7699, -150.807), (60.4761, -179.12), (36.2692, -211.158)))
(((75.1095, 41.2985), (47.888, -6.54533), (27.6225, -8.04648), (-1.57158, 46.3607), (16.6608, 75.1487), (63.8301, 59.6603), (75.1095, 41.2985)))
(((75.4307, 473.589), (43.4712, 422.454), (-21.9982, 507.018), (-24.5967, 520.156), (67.5055, 540.953), (75.4307, 473.589)))
(((34.0455, -551.045), (0.888889, -517.889), (20.6442, -482.937), (67.8856, -507.87), (34.0455, -551.045)))
(((57.8907, 176.088), (-0.151305, 186.424), (-3.37683, 225.668), (16.4771, 261.972), (87.3881, 197.924), (57.8907, 176.088)))
(((65.5165, -238.979), (34.5218, -278.427), (7.74972, -238.973), (34.7112, -211.283), (36.2692, -211.158), (65.5165, -238.979)))
(((121.212, -809.513), (116.902, -822.779), (66.9017, -859.106), (5.0983, -859.106), (-30.1775, -833.476), (-31.3423, -810.346), (29.1964, -727.105), (64.1938, -718.955), (121.212, -809.513)))
(((68.1969, -449.084), (18.9979, -472.236), (7.5328, -459.468), (20.0971, -419.98), (64.4981, -429.581), (68.1969, -449.084)))
(((64.6348, -57.9483), (21.838, -82.7254), (18, -80.1667), (18, -15.7119), (27.6225, -8.04648), (47.888, -6.54533), (68.8141, -29.2153), (64.6348, -57.9483)))
(((63.1742, -352.033), (39.6592, -373.308), (15.4688, -359.701), (28.1008, -328.91), (61.5204, -337.48), (63.1742, -352.033)))
(((64.4981, -429.581), (20.0971, -419.98), (17.1001, -413.205), (43.3459, -385.709), (78.695, -402.279), (64.4981, -429.581)))
(((67.3228, -124.12), (68.757, -175.751), (60.4761, -179.12), (26.7699, -150.807), (52.0957, -117.039), (60.9348, -118.442), (67.3228, -124.12)))
(((77.5172, -321.483), (61.5204, -337.48), (28.1008, -328.91), (27.3754, -327.365), (28.9546, -291.043), (34.1101, -286.112), (70.9738, -296.4), (77.5172, -321.483)))
(((73.7789, -506.238), (67.8856, -507.87), (20.6442, -482.937), (18.9979, -472.236), (68.1969, -449.084), (71.2416, -451.926), (91.225, -485.691), (73.7789, -506.238)))
(((63.8301, 59.6603), (16.6608, 75.1487), (7.65494, 100.614), (55.5865, 135.763), (87.4874, 106.975), (63.8301, 59.6603)))
(((98.9647, -625.056), (95.0152, -629.894), (33.7844, -654.386), (21.3465, -646.961), (43.6689, -579.993), (98.7289, -623.759), (98.9647, -625.056)))
(((78.695, -402.279), (43.3459, -385.709), (39.6592, -373.308), (63.1742, -352.033), (82.4904, -370.606), (79.6642, -401.694), (78.695, -402.279)))
(((84.2711, -79.5482), (60.9348, -118.442), (52.0957, -117.039), (26.0293, -93.4551), (21.838, -82.7254), (64.6348, -57.9483), (84.2711, -79.5482)))
(((108.321, 225.6), (89.8956, 198.597), (87.3881, 197.924), (16.4771, 261.972), (16.7409, 268.041), (50.6891, 292.504), (106.776, 272.473), (108.321, 225.6)))
(((93.9205, -271.232), (70.9738, -296.4), (34.1101, -286.112), (34.5218, -278.427), (65.5165, -238.979), (71.8949, -240.093), (93.9205, -271.232)))
(((96.2848, -556.525), (43.6201, -579.796), (36.6305, -572.588), (34.0455, -551.045), (67.8856, -507.87), (73.7789, -506.238), (99.4756, -551.207), (96.2848, -556.525)))
(((66.3515, -709.343), (33.7844, -654.386), (95.0152, -629.894), (85.9461, -693.377), (66.3515, -709.343)))
(((97.457, -217.538), (71.8949, -240.093), (65.5165, -238.979), (36.2692, -211.158), (60.4761, -179.12), (68.757, -175.751), (82.9938, -178.599), (97.457, -217.538)))
(((106.257, -355.554), (82.4904, -370.606), (63.1742, -352.033), (61.5204, -337.48), (77.5172, -321.483), (102.823, -328.084), (106.257, -355.554)))
(((98.282, -171.117), (82.9938, -178.599), (68.757, -175.751), (67.3228, -124.12), (96.7241, -126.793), (114.151, -149.581), (98.282, -171.117)))
(((165.131, 329.958), (106.776, 272.473), (50.6891, 292.504), (48.4137, 376.694), (109.523, 375.622), (171.66, 354.01), (165.131, 329.958)))
(((109.523, 375.622), (48.4137, 376.694), (38.5062, 383.186), (43.4712, 422.454), (75.4307, 473.589), (107.489, 452.93), (109.523, 375.622)))
(((98.7289, -623.759), (43.6689, -579.993), (43.6201, -579.796), (96.2848, -556.525), (113.264, -597.014), (98.7289, -623.759)))
(((111.196, -102.673), (96.7241, -126.793), (67.3228, -124.12), (60.9348, -118.442), (84.2711, -79.5482), (106.424, -80.9328), (111.196, -102.673)))
(((120.344, 31.4611), (100.115, -27.5385), (68.8141, -29.2153), (47.888, -6.54533), (75.1095, 41.2985), (118.683, 34.4185), (120.344, 31.4611)))
(((121.914, 112.801), (87.4874, 106.975), (55.5865, 135.763), (57.8907, 176.088), (87.3881, 197.924), (89.8956, 198.597), (142.599, 139.569), (121.914, 112.801)))
(((121.206, -66.5296), (106.424, -80.9328), (84.2711, -79.5482), (64.6348, -57.9483), (68.8141, -29.2153), (100.115, -27.5385), (118.858, -41.1697), (121.206, -66.5296)))
(((119.11, -430.983), (71.2416, -451.926), (68.1969, -449.084), (64.4981, -429.581), (78.695, -402.279), (79.6642, -401.694), (105.249, -405.958), (121.963, -422.221), (119.11, -430.983)))
(((122.748, -314.477), (102.823, -328.084), (77.5172, -321.483), (70.9738, -296.4), (93.9205, -271.232), (109.928, -273.1), (125.021, -307.258), (122.748, -314.477)))
(((109.999, -484.676), (91.225, -485.691), (71.2416, -451.926), (119.11, -430.983), (121.429, -472.714), (109.999, -484.676)))
(((118.683, 34.4185), (75.1095, 41.2985), (63.8301, 59.6603), (87.4874, 106.975), (121.914, 112.801), (134.742, 62.4072), (118.683, 34.4185)))
(((105.249, -405.958), (79.6642, -401.694), (82.4904, -370.606), (106.257, -355.554), (128.559, -368.935), (105.249, -405.958)))
(((127.268, -257.875), (109.928, -273.1), (93.9205, -271.232), (71.8949, -240.093), (97.457, -217.538), (132.394, -221.255), (127.268, -257.875)))
(((137.634, -539.76), (99.4756, -551.207), (73.7789, -506.238), (91.225, -485.691), (109.999, -484.676), (143.16, -528.534), (137.634, -539.76)))
(((138.763, -683.676), (85.9461, -693.377), (95.0152, -629.894), (98.9647, -625.056), (159.444, -656.415), (138.763, -683.676)))
(((132.394, -221.255), (97.457, -217.538), (82.9938, -178.599), (98.282, -171.117), (136.594, -201.364), (138.83, -215.892), (132.394, -221.255)))
(((120.326, -808.106), (64.1938, -718.955), (66.3515, -709.343), (85.9461, -693.377), (138.763, -683.676), (147.85, -772.726), (137.514, -808.106), (120.326, -808.106)))
(((174.834, 505.12), (154.754, 462.597), (107.489, 452.93), (75.4307, 473.589), (67.5055, 540.953), (78.8321, 552.18), (176.057, 532.276), (174.834, 505.12)))
(((151.956, -127.247), (141.622, -147.547), (114.151, -149.581), (96.7241, -126.793), (111.196, -102.673), (149.823, -118.409), (151.956, -127.247)))
(((152.648, -581.468), (113.264, -597.014), (96.2848, -556.525), (99.4756, -551.207), (137.634, -539.76), (152.648, -581.468)))
(((148.553, -161.141), (136.594, -201.364), (98.282, -171.117), (114.151, -149.581), (141.622, -147.547), (148.553, -161.141)))
(((141.979, -367.387), (128.559, -368.935), (106.257, -355.554), (102.823, -328.084), (122.748, -314.477), (150.794, -344.86), (141.979, -367.387)))
(((150.888, -23.1017), (118.858, -41.1697), (100.115, -27.5385), (120.344, 31.4611), (147.292, 12.1398), (150.888, -23.1017)))
(((171.66, 354.01), (109.523, 375.622), (107.489, 452.93), (154.754, 462.597), (171.959, 354.206), (171.66, 354.01)))
(((172.655, -408.281), (161.009, -416.861), (121.963, -422.221), (105.249, -405.958), (128.559, -368.935), (141.979, -367.387), (173.505, -404.477), (172.655, -408.281)))
(((149.823, -118.409), (111.196, -102.673), (106.424, -80.9328), (121.206, -66.5296), (160.246, -80.7258), (149.823, -118.409)))
(((190.985, -605.892), (181.19, -649.758), (159.444, -656.415), (98.9647, -625.056), (98.7289, -623.759), (113.264, -597.014), (152.648, -581.468), (190.582, -605.176), (190.985, -605.892)))
(((152.5, -466.5), (121.429, -472.714), (119.11, -430.983), (121.963, -422.221), (161.009, -416.861), (152.5, -466.5)))
(((174.085, -285.75), (170.076, -293.491), (125.021, -307.258), (109.928, -273.1), (127.268, -257.875), (171.427, -276.058), (174.085, -285.75)))
(((68.0578, 667.382), (113.098, 700.106), (174.902, 700.106), (224.902, 663.779), (236.048, 629.473), (222.878, 562.425), (176.057, 532.276), (78.8321, 552.18), (68.0578, 667.382)))
(((174.073, -495.415), (157.797, -522.958), (143.16, -528.534), (109.999, -484.676), (121.429, -472.714), (152.5, -466.5), (171.167, -478.944), (174.073, -495.415)))
(((178.787, -54.8289), (161.689, -79.941), (160.246, -80.7258), (121.206, -66.5296), (118.858, -41.1697), (150.888, -23.1017), (170.944, -35.4088), (178.787, -54.8289)))
(((148.15, 140.119), (142.599, 139.569), (89.8956, 198.597), (108.321, 225.6), (158.526, 220.661), (199.888, 190.881), (148.15, 140.119)))
(((173.658, -316.519), (163.819, -338.658), (150.794, -344.86), (122.748, -314.477), (125.021, -307.258), (170.076, -293.491), (173.658, -316.519)))
(((182.423, 285.835), (158.526, 220.661), (108.321, 225.6), (106.776, 272.473), (165.131, 329.958), (182.423, 285.835)))
(((171.427, -276.058), (127.268, -257.875), (132.394, -221.255), (138.83, -215.892), (166.327, -218.997), (184.136, -240.175), (171.427, -276.058)))
(((201.395, 81.9521), (191.024, 69.2988), (134.742, 62.4072), (121.914, 112.801), (142.599, 139.569), (148.15, 140.119), (195.522, 98.6683), (201.395, 81.9521)))
(((190.075, -183.849), (166.327, -218.997), (138.83, -215.892), (136.594, -201.364), (148.553, -161.141), (184.795, -174.855), (190.075, -183.849)))
(((190.163, 21.9644), (147.292, 12.1398), (120.344, 31.4611), (118.683, 34.4185), (134.742, 62.4072), (191.024, 69.2988), (190.163, 21.9644)))
(((209.308, -693.425), (147.85, -772.726), (138.763, -683.676), (159.444, -656.415), (181.19, -649.758), (206.281, -674.18), (209.308, -693.425)))
(((190.582, -605.176), (152.648, -581.468), (137.634, -539.76), (143.16, -528.534), (157.797, -522.958), (198.675, -545.054), (190.582, -605.176)))
(((212.126, -371.685), (173.505, -404.477), (141.979, -367.387), (150.794, -344.86), (163.819, -338.658), (211.958, -368.282), (212.126, -371.685)))
(((207.987, -448.261), (171.167, -478.944), (152.5, -466.5), (161.009, -416.861), (172.655, -408.281), (207.987, -448.261)))
(((208.196, 5.08253), (170.944, -35.4088), (150.888, -23.1017), (147.292, 12.1398), (190.163, 21.9644), (208.196, 5.08253)))
(((198.225, -131.879), (184.795, -174.855), (148.553, -161.141), (141.622, -147.547), (151.956, -127.247), (196.637, -130.438), (198.225, -131.879)))
(((196.637, -130.438), (151.956, -127.247), (149.823, -118.409), (160.246, -80.7258), (161.689, -79.941), (195.842, -101.799), (196.637, -130.438)))
(((208.556, 192.227), (199.888, 190.881), (158.526, 220.661), (182.423, 285.835), (234.464, 228.59), (208.556, 192.227)))
(((221.558, -339.92), (211.958, -368.282), (163.819, -338.658), (173.658, -316.519), (219.737, -334.549), (221.558, -339.92)))
(((216.871, 364.4), (171.959, 354.206), (154.754, 462.597), (174.834, 505.12), (239.181, 418.584), (216.871, 364.4)))
(((219.692, -529.769), (198.675, -545.054), (157.797, -522.958), (174.073, -495.415), (219, -504.4), (225.489, -513.484), (219.692, -529.769)))
(((221.121, -80.7325), (195.842, -101.799), (161.689, -79.941), (178.787, -54.8289), (221.93, -58.899), (221.121, -80.7325)))
(((222.05, -295.994), (219.737, -334.549), (173.658, -316.519), (170.076, -293.491), (174.085, -285.75), (218.041, -291.484), (222.05, -295.994)))
(((219, -451.176), (219, -504.4), (174.073, -495.415), (171.167, -478.944), (207.987, -448.261), (219, -451.176)))
(((218.394, -237.638), (184.136, -240.175), (166.327, -218.997), (190.075, -183.849), (226.313, -190.121), (218.394, -237.638)))
(((221.93, -58.899), (178.787, -54.8289), (170.944, -35.4088), (208.196, 5.08253), (273.768, -12.7156), (221.93, -58.899)))
(((234.769, 155.756), (195.522, 98.6683), (148.15, 140.119), (199.888, 190.881), (208.556, 192.227), (234.769, 155.756)))
(((225.308, -244.251), (218.041, -291.484), (174.085, -285.75), (171.427, -276.058), (184.136, -240.175), (218.394, -237.638), (225.308, -244.251)))
(((291.669, -783.106), (286.902, -797.779), (236.902, -834.106), (175.098, -834.106), (137.829, -807.028), (147.85, -772.726), (209.308, -693.425), (291.669, -783.106)))
(((226.313, -190.121), (190.075, -183.849), (184.795, -174.855), (198.225, -131.879), (221.122, -134.903), (233.148, -185.679), (226.313, -190.121)))
(((237.572, -123.313), (221.122, -134.903), (198.225, -131.879), (196.637, -130.438), (195.842, -101.799), (221.121, -80.7325), (241.711, -112.553), (237.572, -123.313)))
(((243.338, -397.643), (223.711, -449.514), (219, -451.176), (207.987, -448.261), (172.655, -408.281), (173.505, -404.477), (212.126, -371.685), (239.638, -389.061), (243.338, -397.643)))
(((307.131, 6.54856), (276.655, -12.0228), (273.768, -12.7156), (208.196, 5.08253), (190.163, 21.9644), (191.024, 69.2988), (201.395, 81.9521), (310.429, 63.3016), (318, 40), (318, 40), (307.131, 6.54856)))
(((213, -601), (190.985, -605.892), (190.582, -605.176), (198.675, -545.054), (219.692, -529.769), (246.789, -561.579), (213, -601)))
(((283.211, 328.763), (237.168, 229.593), (234.464, 228.59), (182.423, 285.835), (165.131, 329.958), (171.66, 354.01), (171.959, 354.206), (216.871, 364.4), (283.211, 328.763)))
(((314.613, 485.516), (239.181, 418.584), (174.834, 505.12), (176.057, 532.276), (222.878, 562.425), (314.613, 485.516)))
(((313.696, 62.7428), (201.395, 81.9521), (195.522, 98.6683), (234.769, 155.756), (329.442, 111.204), (313.696, 62.7428)))
(((283.814, -653.844), (206.281, -674.18), (181.19, -649.758), (190.985, -605.892), (213, -601), (265.926, -614.232), (285.163, -645.916), (283.814, -653.844)))
(((261.154, -507.115), (225.489, -513.484), (219, -504.4), (219, -451.176), (223.711, -449.514), (248.229, -455.416), (261.154, -507.115)))
(((263.411, -291.185), (222.05, -295.994), (218.041, -291.484), (225.308, -244.251), (254.837, -247.09), (263.411, -291.185)))
(((254.371, -185.371), (233.148, -185.679), (221.122, -134.903), (237.572, -123.313), (272.818, -154.154), (254.371, -185.371)))
(((279.253, -308.866), (262.211, -334.113), (221.558, -339.92), (219.737, -334.549), (222.05, -295.994), (263.411, -291.185), (278.766, -300.705), (279.253, -308.866)))
(((267.085, -198.085), (262.347, -241.917), (254.837, -247.09), (225.308, -244.251), (218.394, -237.638), (226.313, -190.121), (233.148, -185.679), (254.371, -185.371), (267.085, -198.085)))
(((276.655, -12.0228), (271.161, -99.9312), (241.711, -112.553), (221.121, -80.7325), (221.93, -58.899), (273.768, -12.7156), (276.655, -12.0228)))
(((270.066, -561.084), (246.789, -561.579), (219.692, -529.769), (225.489, -513.484), (261.154, -507.115), (274.089, -510.811), (273.116, -556.555), (270.066, -561.084)))
(((276.174, -582.025), (265.926, -614.232), (213, -601), (246.789, -561.579), (270.066, -561.084), (276.174, -582.025)))
(((275.559, -364.366), (239.638, -389.061), (212.126, -371.685), (211.958, -368.282), (221.558, -339.92), (262.211, -334.113), (275.559, -364.366)))
(((279.62, -445.398), (248.229, -455.416), (223.711, -449.514), (243.338, -397.643), (283.302, -419.162), (279.62, -445.398)))
(((292.666, -784.191), (209.308, -693.425), (206.281, -674.18), (283.814, -653.844), (337.699, -747.246), (335.902, -752.779), (292.666, -784.191)))
(((326.508, 112.584), (234.769, 155.756), (208.556, 192.227), (234.464, 228.59), (237.168, 229.593), (359.371, 195.17), (363, 184), (363, 184), (343.902, 125.221), (326.508, 112.584)))
(((291.586, -145.521), (272.818, -154.154), (237.572, -123.313), (241.711, -112.553), (271.161, -99.9312), (296.277, -119.251), (291.586, -145.521)))
(((279.674, -445.457), (290.227, -503.499), (274.089, -510.811), (261.154, -507.115), (248.229, -455.416), (279.62, -445.398), (279.674, -445.457)))
(((283.302, -419.162), (243.338, -397.643), (239.638, -389.061), (275.559, -364.366), (298.182, -370.142), (286.935, -416.38), (283.302, -419.162)))
(((299.334, -284.608), (278.766, -300.705), (263.411, -291.185), (254.837, -247.09), (262.347, -241.917), (294.464, -246.617), (299.334, -284.608)))
(((294.464, -246.617), (262.347, -241.917), (267.085, -198.085), (299.894, -202.274), (300.99, -240.635), (294.464, -246.617)))
(((361.593, 194.544), (237.168, 229.593), (283.211, 328.763), (348.805, 324.747), (363.902, 313.779), (383, 255), (383, 255), (363.902, 196.221), (361.593, 194.544)))
(((298.182, -370.142), (275.559, -364.366), (262.211, -334.113), (279.253, -308.866), (308.237, -334.11), (304.271, -367.424), (298.182, -370.142)))
(((307.129, -197.712), (299.894, -202.274), (267.085, -198.085), (254.371, -185.371), (272.818, -154.154), (291.586, -145.521), (310.766, -161.344), (307.129, -197.712)))
(((347.577, 324.822), (283.211, 328.763), (216.871, 364.4), (239.181, 418.584), (314.613, 485.516), (343.537, 482.113), (372.902, 460.779), (392, 402), (392, 402), (372.902, 343.221), (347.577, 324.822)))
(((319.73, -619.646), (285.163, -645.916), (265.926, -614.232), (276.174, -582.025), (320.954, -588.422), (319.73, -619.646)))
(((350.253, -9.85983), (298.031, -118.32), (296.277, -119.251), (271.161, -99.9312), (276.655, -12.0228), (308.045, 7.10565), (326.902, 7.10565), (350.253, -9.85983)))
(((329.657, -553.021), (273.116, -556.555), (274.089, -510.811), (290.227, -503.499), (309.798, -504.617), (314.219, -507.615), (329.657, -553.021)))
(((335.05, -566.338), (320.954, -588.422), (276.174, -582.025), (270.066, -561.084), (273.116, -556.555), (329.657, -553.021), (331.246, -554.577), (335.05, -566.338)))
(((323.652, -459.275), (309.798, -504.617), (290.227, -503.499), (279.674, -445.457), (322.355, -457.097), (323.652, -459.275)))
(((322.355, -457.097), (279.674, -445.457), (279.62, -445.398), (283.302, -419.162), (286.935, -416.38), (331.939, -417.564), (322.355, -457.097)))
(((338.109, -413.272), (331.939, -417.564), (286.935, -416.38), (298.182, -370.142), (304.271, -367.424), (334.731, -377.577), (343.017, -398.291), (338.109, -413.272)))
(((349.172, 481.45), (314.613, 485.516), (222.878, 562.425), (237.171, 635.191), (281.098, 667.106), (342.902, 667.106), (392.902, 630.779), (412, 572), (412, 572), (392.902, 513.221), (349.172, 481.45)))
(((344.904, -318.832), (308.237, -334.11), (279.253, -308.866), (278.766, -300.705), (299.334, -284.608), (326.816, -286.224), (346.134, -315.201), (344.904, -318.832)))
(((347.019, -251.968), (326.816, -286.224), (299.334, -284.608), (294.464, -246.617), (300.99, -240.635), (341.295, -242.813), (346.286, -247.351), (347.019, -251.968)))
(((341.295, -242.813), (300.99, -240.635), (299.894, -202.274), (307.129, -197.712), (334.297, -204.828), (341.295, -242.813)))
(((347.881, -155.439), (310.766, -161.344), (291.586, -145.521), (296.277, -119.251), (298.031, -118.32), (355.36, -119.913), (347.881, -155.439)))
(((408.864, -57.4925), (355.36, -119.913), (298.031, -118.32), (352.162, -5.89435), (353.902, -5.89435), (403.902, -42.2215), (408.864, -57.4925)))
(((355.124, -350.855), (334.731, -377.577), (304.271, -367.424), (308.237, -334.11), (344.904, -318.832), (355.124, -350.855)))
(((364.552, -181.488), (334.297, -204.828), (307.129, -197.712), (310.766, -161.344), (347.881, -155.439), (364.552, -181.488)))
(((432.605, -650.216), (413.902, -707.779), (363.902, -744.106), (335.888, -744.106), (283.814, -653.844), (285.163, -645.916), (319.73, -619.646), (432.605, -650.216)))
(((367.957, -494.82), (314.219, -507.615), (309.798, -504.617), (323.652, -459.275), (354.618, -464.436), (367.957, -494.82)))
(((354.618, -464.436), (323.652, -459.275), (322.355, -457.097), (331.939, -417.564), (338.109, -413.272), (366.748, -440.85), (354.618, -464.436)))
(((430.219, -649.57), (319.73, -619.646), (320.954, -588.422), (335.05, -566.338), (443.086, -609.968), (430.219, -649.57)))
(((393.855, -508.2), (331.246, -554.577), (329.657, -553.021), (314.219, -507.615), (367.957, -494.82), (393.855, -508.2)))
(((346.134, -315.201), (326.816, -286.224), (347.019, -251.968), (402.391, -292.239), (346.134, -315.201)))
(((417.022, -199.5), (346.286, -247.351), (341.295, -242.813), (334.297, -204.828), (364.552, -181.488), (417.022, -199.5)))
(((461.576, -389.616), (343.017, -398.291), (334.731, -377.577), (355.124, -350.855), (465.142, -373.359), (466, -376), (466, -376), (461.576, -389.616)))
(((444.245, -610.435), (335.05, -566.338), (331.246, -554.577), (393.855, -508.2), (456.309, -516.097), (467, -549), (467, -549), (447.902, -607.779), (444.245, -610.435)))
(((467.818, -420.636), (366.748, -440.85), (338.109, -413.272), (343.017, -398.291), (460.137, -389.722), (469, -417), (469, -417), (467.818, -420.636)))
(((461.785, -372.672), (355.124, -350.855), (344.904, -318.832), (346.134, -315.201), (402.391, -292.239), (463.042, -295.197), (475, -332), (475, -332), (461.785, -372.672)))
(((460.261, -516.596), (393.855, -508.2), (367.957, -494.82), (354.618, -464.436), (366.748, -440.85), (464.759, -421.248), (478, -462), (478, -462), (460.261, -516.596)))
(((464.295, -295.258), (402.391, -292.239), (347.019, -251.968), (346.286, -247.351), (417.022, -199.5), (462.592, -199.5), (479, -250), (479, -250), (464.295, -295.258)))
(((462.592, -199.5), (417.022, -199.5), (364.552, -181.488), (347.881, -155.439), (355.36, -119.913), (411.163, -54.8104), (459.902, -90.2215), (479, -149), (479, -149), (462.592, -199.5)))
