(((-268.508, -160.416), (-285.902, -147.779), (-305, -89), (-285.902, -30.2215), (-235.902, 6.10565), (-191.352, 6.10565), (-178.16, -117.899), (-268.508, -160.416)))
(((-287.563, -553.276), (-300, -515), (-280.902, -456.221), (-277.545, -453.783), (-260.463, -456.721), (-161.473, -503.186), (-172.351, -529.021), (-287.563, -553.276)))
(((-282.39, -338.887), (-296, -297), (-276.902, -238.221), (-249.545, -218.346), (-163.188, -294.834), (-183.037, -330.121), (-282.39, -338.887)))
(((-277.396, -597.947), (-291.632, -554.133), (-172.351, -529.021), (-164.78, -555.519), (-173.582, -583.573), (-277.396, -597.947)))
(((-277.64, -403.041), (-290, -365), (-281.49, -338.808), (-183.037, -330.121), (-156.748, -357.051), (-160.428, -390.703), (-277.64, -403.041)))
(((-273.444, -454.488), (-284, -422), (-277.847, -403.063), (-160.428, -390.703), (-148.527, -404.509), (-146.611, -432.484), (-152, -439.466), (-260.463, -456.721), (-273.444, -454.488)))
(((-268.743, -661.878), (-283, -618), (-276.441, -597.815), (-173.582, -583.573), (-151.469, -602.527), (-152.115, -622.55), (-196.74, -653.15), (-268.743, -661.878)))
(((-161.473, -503.186), (-260.463, -456.721), (-152, -439.466), (-152, -498.774), (-161.473, -503.186)))
(((-213.856, -773.327), (-255.902, -742.779), (-275, -684), (-267.774, -661.76), (-196.74, -653.15), (-138.68, -683.117), (-213.856, -773.327)))
(((-253.964, -215.588), (-271.442, -161.796), (-178.16, -117.899), (-153.904, -122.883), (-130.949, -157.921), (-131.508, -169.668), (-204.635, -212.215), (-252.361, -215.851), (-253.964, -215.588)))
(((-250.532, -217.472), (-249.946, -215.667), (-204.635, -212.215), (-123.363, -251.226), (-142.304, -289.107), (-163.188, -294.834), (-250.532, -217.472)))
(((-111.785, -672.521), (-138.68, -683.117), (-196.74, -653.15), (-152.115, -622.55), (-110.96, -669.94), (-111.785, -672.521)))
(((-191.67, 9.09462), (-188.902, 11.1057), (-142.261, 11.1057), (-131.602, -95.4822), (-153.904, -122.883), (-178.16, -117.899), (-191.67, 9.09462)))
(((-108.32, -334.855), (-156.748, -357.051), (-183.037, -330.121), (-163.188, -294.834), (-142.304, -289.107), (-109.681, -329.638), (-108.32, -334.855)))
(((-106.907, -551.66), (-164.78, -555.519), (-172.351, -529.021), (-161.473, -503.186), (-152, -498.774), (-131.634, -503.238), (-106.907, -551.66)))
(((-94.599, -580.225), (-151.469, -602.527), (-173.582, -583.573), (-164.78, -555.519), (-106.907, -551.66), (-104.014, -554.071), (-94.599, -580.225)))
(((-99.0899, -233.515), (-110.545, -245.709), (-123.363, -251.226), (-204.635, -212.215), (-131.508, -169.668), (-104.318, -197.391), (-99.0899, -233.515)))
(((-178.648, -803.392), (-213.902, -777.779), (-214.929, -774.615), (-138.68, -683.117), (-111.785, -672.521), (-92.3272, -711.993), (-178.648, -803.392)))
(((-97.0513, -481.359), (-131.634, -503.238), (-152, -498.774), (-152, -439.466), (-146.611, -432.484), (-92.5891, -450.124), (-97.0513, -481.359)))
(((-104.646, -337.472), (-105.934, -390.311), (-148.527, -404.509), (-160.428, -390.703), (-156.748, -357.051), (-108.32, -334.855), (-104.646, -337.472)))
(((-92.7274, -581.545), (-81.8621, -643.115), (-110.96, -669.94), (-152.115, -622.55), (-151.469, -602.527), (-94.599, -580.225), (-92.7274, -581.545)))
(((-67.469, -118.624), (-130.949, -157.921), (-153.904, -122.883), (-131.602, -95.4822), (-73.3707, -105.673), (-67.469, -118.624)))
(((-92.5891, -450.124), (-146.611, -432.484), (-148.527, -404.509), (-105.934, -390.311), (-97.1259, -395.516), (-81.5146, -441.15), (-92.5891, -450.124)))
(((-142.499, 13.4919), (-138.902, 16.1057), (-119.769, 16.1057), (-70.1993, -48.5874), (-73.3707, -105.673), (-131.602, -95.4822), (-142.499, 13.4919)))
(((-87.728, -288.659), (-109.681, -329.638), (-142.304, -289.107), (-123.363, -251.226), (-110.545, -245.709), (-87.728, -288.659)))
(((-50.2, -836.555), (-66.0983, -848.106), (-127.902, -848.106), (-177.902, -811.779), (-180.12, -804.951), (-92.3272, -711.993), (-70.3189, -723.157), (-50.2, -836.555)))
(((-63.0523, -508.558), (-104.014, -554.071), (-106.907, -551.66), (-131.634, -503.238), (-97.0513, -481.359), (-63.0523, -508.558)))
(((-56.3379, -126.187), (-60.125, -170.875), (-104.318, -197.391), (-131.508, -169.668), (-130.949, -157.921), (-67.469, -118.624), (-56.3379, -126.187)))
(((-49.437, -377.056), (-97.1259, -395.516), (-105.934, -390.311), (-104.646, -337.472), (-66.5363, -340.885), (-49.437, -377.056)))
(((-66.5363, -340.885), (-104.646, -337.472), (-108.32, -334.855), (-109.681, -329.638), (-87.728, -288.659), (-54.7778, -292.778), (-61.6606, -335.058), (-66.5363, -340.885)))
(((-44.7154, -282.715), (-54.7778, -292.778), (-87.728, -288.659), (-110.545, -245.709), (-99.0899, -233.515), (-50.6901, -240.145), (-44.7154, -282.715)))
(((-39.3949, -384.632), (-61.4767, -438.61), (-81.5146, -441.15), (-97.1259, -395.516), (-49.437, -377.056), (-39.3949, -384.632)))
(((-44.7102, -515.329), (-52.3015, -566.95), (-58.6449, -574.832), (-92.7274, -581.545), (-94.599, -580.225), (-104.014, -554.071), (-63.0523, -508.558), (-52.6744, -508.868), (-44.7102, -515.329)))
(((-50.6901, -240.145), (-99.0899, -233.515), (-104.318, -197.391), (-60.125, -170.875), (-39.4592, -191.541), (-37.2171, -230.403), (-50.6901, -240.145)))
(((-52.6744, -508.868), (-63.0523, -508.558), (-97.0513, -481.359), (-92.5891, -450.124), (-81.5146, -441.15), (-61.4767, -438.61), (-34.7178, -456.281), (-52.6744, -508.868)))
(((-27.1735, -703.072), (-70.3189, -723.157), (-92.3272, -711.993), (-111.785, -672.521), (-110.96, -669.94), (-81.8621, -643.115), (-52.3404, -646.611), (-19.4281, -684.225), (-27.1735, -703.072)))
(((-52.3404, -646.611), (-81.8621, -643.115), (-92.7274, -581.545), (-58.6449, -574.832), (-19.0511, -608.426), (-52.3404, -646.611)))
(((-13.6798, -326.591), (-61.6606, -335.058), (-54.7778, -292.778), (-44.7154, -282.715), (-10.41, -295.854), (-13.6798, -326.591)))
(((-29.6644, -124.259), (-56.3379, -126.187), (-67.469, -118.624), (-73.3707, -105.673), (-70.1993, -48.5874), (-8.84033, -53.4571), (-29.6644, -124.259)))
(((-1.49671, -835.215), (-4.0983, -837.106), (-50.1022, -837.106), (-70.3189, -723.157), (-27.1735, -703.072), (5.91176, -757.426), (-1.49671, -835.215)))
(((12.1042, -550.849), (-52.3015, -566.95), (-44.7102, -515.329), (-21.4924, -518.932), (12.1042, -550.849)))
(((-119.418, 15.6468), (-111.902, 38.7785), (-103.316, 45.0168), (-55.0381, 43.0701), (7.69847, -37.9647), (-0.878601, -50.2942), (-8.84033, -53.4571), (-70.1993, -48.5874), (-119.418, 15.6468)))
(((-16.517, -384.327), (-39.3949, -384.632), (-49.437, -377.056), (-66.5363, -340.885), (-61.6606, -335.058), (-13.6798, -326.591), (6.2977, -354.835), (-16.517, -384.327)))
(((9.56647, -165.496), (-39.4592, -191.541), (-60.125, -170.875), (-56.3379, -126.187), (-29.6644, -124.259), (1.66956, -136.277), (9.56647, -165.496)))
(((-2.09735, -406.381), (-14.397, -454.461), (-34.7178, -456.281), (-61.4767, -438.61), (-39.3949, -384.632), (-16.517, -384.327), (-2.09735, -406.381)))
(((-106.814, 45.1578), (-106.902, 45.2215), (-126, 104), (-106.902, 162.779), (-71.5569, 188.458), (22.9268, 96.2787), (-17.6655, 52.787), (-55.0381, 43.0701), (-106.814, 45.1578)))
(((14.3268, -551.862), (-12.1866, -607.299), (-19.0511, -608.426), (-58.6449, -574.832), (-52.3015, -566.95), (12.1042, -550.849), (14.3268, -551.862)))
(((8.94978, -469.886), (-21.4924, -518.932), (-44.7102, -515.329), (-52.6744, -508.868), (-34.7178, -456.281), (-14.397, -454.461), (8.94978, -469.886)))
(((-10.41, -295.854), (-44.7154, -282.715), (-50.6901, -240.145), (-37.2171, -230.403), (-20.4215, -231.638), (4.3806, -247.813), (-8.89273, -295.007), (-10.41, -295.854)))
(((22.3385, -669.723), (-19.4281, -684.225), (-52.3404, -646.611), (-19.0511, -608.426), (-12.1866, -607.299), (11.0491, -625.372), (22.3385, -669.723)))
(((22.2838, -183.109), (-20.4215, -231.638), (-37.2171, -230.403), (-39.4592, -191.541), (9.56647, -165.496), (22.0666, -179.198), (22.2838, -183.109)))
(((1.66956, -136.277), (-29.6644, -124.259), (-8.84033, -53.4571), (-0.878601, -50.2942), (34.8578, -107.472), (1.66956, -136.277)))
(((37.1793, -22.4054), (7.69847, -37.9647), (-55.0381, 43.0701), (-17.6655, 52.787), (43.3374, 5.64834), (37.1793, -22.4054)))
(((54.75, -545.125), (14.3268, -551.862), (12.1042, -550.849), (-21.4924, -518.932), (8.94978, -469.886), (15.7885, -470.626), (56.2556, -542.221), (54.75, -545.125)))
(((35.107, -674.177), (39.4562, -722.018), (5.91176, -757.426), (-27.1735, -703.072), (-19.4281, -684.225), (22.3385, -669.723), (35.107, -674.177)))
(((44.5688, -324.913), (23.1708, -351.942), (6.2977, -354.835), (-13.6798, -326.591), (-10.41, -295.854), (-8.89273, -295.007), (32.9836, -297.929), (36.0239, -299.728), (44.5688, -324.913)))
(((48.9804, -231.368), (21.2767, -247.199), (4.3806, -247.813), (-20.4215, -231.638), (22.2838, -183.109), (48.9804, -231.368)))
(((41.5524, -450.229), (15.7885, -470.626), (8.94978, -469.886), (-14.397, -454.461), (-2.09735, -406.381), (40.4214, -414.884), (48.8265, -427.258), (41.5524, -450.229)))
(((32.9836, -297.929), (-8.89273, -295.007), (4.3806, -247.813), (21.2767, -247.199), (32.9836, -297.929)))
(((-71.802, 188.697), (-66.9017, 203.779), (-16.9017, 240.106), (44.9017, 240.106), (72.5753, 220), (26.1381, 96.9408), (22.9268, 96.2787), (-71.802, 188.697)))
(((67.6975, -580.54), (57.8318, -595.189), (11.0491, -625.372), (-12.1866, -607.299), (14.3268, -551.862), (54.75, -545.125), (67.6975, -580.54)))
(((40.4214, -414.884), (-2.09735, -406.381), (-16.517, -384.327), (6.2977, -354.835), (23.1708, -351.942), (47.6605, -379.493), (40.4214, -414.884)))
(((87.4146, 39.7726), (43.3374, 5.64834), (-17.6655, 52.787), (22.9268, 96.2787), (26.1381, 96.9408), (70.383, 77.9787), (87.4146, 39.7726)))
(((75.0358, -53.2514), (35.1859, -107.447), (34.8578, -107.472), (-0.878601, -50.2942), (7.69847, -37.9647), (37.1793, -22.4054), (75.0358, -53.2514)))
(((61.3945, -234.513), (63.9527, -274.593), (36.0239, -299.728), (32.9836, -297.929), (21.2767, -247.199), (48.9804, -231.368), (61.3945, -234.513)))
(((35.107, -674.177), (22.3385, -669.723), (11.0491, -625.372), (57.8318, -595.189), (52.7601, -668.728), (35.107, -674.177)))
(((67.7157, -164.933), (22.0666, -179.198), (9.56647, -165.496), (1.66956, -136.277), (34.8578, -107.472), (35.1859, -107.447), (78.5935, -130.38), (67.7157, -164.933)))
(((-1.10956, -831.15), (5.91176, -757.426), (39.4562, -722.018), (84.5216, -740.704), (35.3915, -845.106), (18.0983, -845.106), (-1.10956, -831.15)))
(((56.2556, -542.221), (15.7885, -470.626), (41.5524, -450.229), (80.4871, -479.766), (81.2513, -523.322), (56.2556, -542.221)))
(((87.7797, -371.665), (47.6605, -379.493), (23.1708, -351.942), (44.5688, -324.913), (76.9787, -329.462), (88.8479, -350.657), (87.7797, -371.665)))
(((92.2626, -222.509), (61.3945, -234.513), (48.9804, -231.368), (22.2838, -183.109), (22.0666, -179.198), (67.7157, -164.933), (99.3966, -204.789), (92.2626, -222.509)))
(((113.911, -704.356), (107.878, -728.487), (84.5216, -740.704), (39.4562, -722.018), (35.107, -674.177), (52.7601, -668.728), (85.4047, -670.381), (109.05, -688.733), (113.911, -704.356)))
(((96.7437, -383.695), (74.2047, -424.028), (48.8265, -427.258), (40.4214, -414.884), (47.6605, -379.493), (87.7797, -371.665), (96.7437, -383.695)))
(((76.9787, -329.462), (44.5688, -324.913), (36.0239, -299.728), (63.9527, -274.593), (99.8449, -296.345), (76.9787, -329.462)))
(((72.6153, 220.106), (97.9017, 220.106), (139.93, 189.57), (128.714, 150.892), (70.383, 77.9787), (26.1381, 96.9408), (72.6153, 220.106)))
(((85.4047, -670.381), (52.7601, -668.728), (57.8318, -595.189), (67.6975, -580.54), (102.2, -603.199), (85.4047, -670.381)))
(((110.66, -70.9345), (95.608, -124.06), (78.5935, -130.38), (35.1859, -107.447), (75.0358, -53.2514), (105.7, -57.1329), (106.588, -57.9361), (110.66, -70.9345)))
(((80.4871, -479.766), (41.5524, -450.229), (48.8265, -427.258), (74.2047, -424.028), (106, -447.875), (80.4871, -479.766)))
(((115.036, 30.0073), (105.7, -57.1329), (75.0358, -53.2514), (37.1793, -22.4054), (43.3374, 5.64834), (87.4146, 39.7726), (115.036, 30.0073)))
(((110.056, -243.774), (107.794, -293.525), (99.8449, -296.345), (63.9527, -274.593), (61.3945, -234.513), (92.2626, -222.509), (110.056, -243.774)))
(((110.493, -197.988), (99.3966, -204.789), (67.7157, -164.933), (78.5935, -130.38), (95.608, -124.06), (130.07, -146.168), (110.493, -197.988)))
(((133.331, -867.341), (130.902, -869.106), (69.0983, -869.106), (35.5631, -844.741), (84.5216, -740.704), (107.878, -728.487), (141.572, -770.8), (133.331, -867.341)))
(((140.722, -419.885), (125.471, -445.441), (106, -447.875), (74.2047, -424.028), (96.7437, -383.695), (129.782, -393.549), (140.722, -419.885)))
(((135.25, -465), (128.314, -520.487), (81.2513, -523.322), (80.4871, -479.766), (106, -447.875), (125.471, -445.441), (135.25, -465)))
(((144.827, -318.055), (135.915, -336.992), (88.8479, -350.657), (76.9787, -329.462), (99.8449, -296.345), (107.794, -293.525), (140.998, -305.699), (144.827, -318.055)))
(((147.449, -531.173), (134.164, -601.58), (102.2, -603.199), (67.6975, -580.54), (54.75, -545.125), (56.2556, -542.221), (81.2513, -523.322), (128.314, -520.487), (147.449, -531.173)))
(((126.441, 32.2883), (115.036, 30.0073), (87.4146, 39.7726), (70.383, 77.9787), (128.714, 150.892), (150.524, 51.7526), (126.441, 32.2883)))
(((170.255, -629.098), (109.05, -688.733), (85.4047, -670.381), (102.2, -603.199), (134.164, -601.58), (170.064, -627.074), (170.255, -629.098)))
(((129.782, -393.549), (96.7437, -383.695), (87.7797, -371.665), (88.8479, -350.657), (135.915, -336.992), (142.066, -373.895), (129.782, -393.549)))
(((140.998, -305.699), (107.794, -293.525), (110.056, -243.774), (148.486, -248.243), (150.902, -292.93), (140.998, -305.699)))
(((167.942, -140.216), (130.07, -146.168), (95.608, -124.06), (110.66, -70.9345), (164.938, -99.9667), (167.942, -140.216)))
(((169.955, -231.486), (148.486, -248.243), (110.056, -243.774), (92.2626, -222.509), (99.3966, -204.789), (110.493, -197.988), (158.438, -205.446), (169.955, -231.486)))
(((174.521, -33.3648), (106.588, -57.9361), (105.7, -57.1329), (115.036, 30.0073), (126.441, 32.2883), (176.188, -26.7854), (174.521, -33.3648)))
(((173.875, -144.647), (177.313, -166.837), (158.438, -205.446), (110.493, -197.988), (130.07, -146.168), (167.942, -140.216), (173.875, -144.647)))
(((184.984, -746.489), (141.572, -770.8), (107.878, -728.487), (113.911, -704.356), (169.201, -706.568), (184.984, -746.489)))
(((191.709, -68.9686), (164.938, -99.9667), (110.66, -70.9345), (106.588, -57.9361), (174.521, -33.3648), (191.709, -68.9686)))
(((199.211, -669.283), (169.201, -706.568), (113.911, -704.356), (109.05, -688.733), (170.255, -629.098), (199.211, -669.283)))
(((179.011, -527.545), (147.449, -531.173), (128.314, -520.487), (135.25, -465), (178.964, -472.948), (181.318, -525.906), (179.011, -527.545)))
(((196.595, -365.052), (142.066, -373.895), (135.915, -336.992), (144.827, -318.055), (194.816, -339.79), (196.595, -365.052)))
(((203.225, -442.427), (178.964, -472.948), (135.25, -465), (125.471, -445.441), (140.722, -419.885), (182.217, -421.83), (203.225, -442.427)))
(((197.524, -366.49), (182.217, -421.83), (140.722, -419.885), (129.782, -393.549), (142.066, -373.895), (196.595, -365.052), (197.524, -366.49)))
(((170.064, -627.074), (134.164, -601.58), (147.449, -531.173), (179.011, -527.545), (197.312, -600.749), (170.064, -627.074)))
(((241.762, 159.239), (177.388, 54.6309), (150.524, 51.7526), (128.714, 150.892), (140.376, 191.106), (197.902, 191.106), (241.762, 159.239)))
(((196.174, -279.348), (150.902, -292.93), (148.486, -248.243), (169.955, -231.486), (181.065, -234.958), (199.144, -269.61), (196.174, -279.348)))
(((229.272, 11.7269), (176.188, -26.7854), (126.441, 32.2883), (150.524, 51.7526), (177.388, 54.6309), (229.272, 11.7269)))
(((194.816, -339.79), (144.827, -318.055), (140.998, -305.699), (150.902, -292.93), (196.174, -279.348), (213.555, -316.481), (194.816, -339.79)))
(((237.711, -858.081), (212.902, -876.106), (151.098, -876.106), (133.664, -863.439), (141.572, -770.8), (184.984, -746.489), (198.941, -749.614), (237.656, -857.156), (237.711, -858.081)))
(((214.4, -213.29), (181.065, -234.958), (169.955, -231.486), (158.438, -205.446), (177.313, -166.837), (221.355, -201.538), (214.4, -213.29)))
(((227.265, -729.382), (198.941, -749.614), (184.984, -746.489), (169.201, -706.568), (199.211, -669.283), (226.412, -678.239), (227.265, -729.382)))
(((215.691, -134.846), (173.875, -144.647), (167.942, -140.216), (164.938, -99.9667), (191.709, -68.9686), (226.572, -76.3637), (215.691, -134.846)))
(((238.039, -519.361), (181.318, -525.906), (178.964, -472.948), (203.225, -442.427), (224.973, -445.344), (236.152, -453.307), (238.039, -519.361)))
(((243.53, -523.548), (239.67, -568.33), (209.518, -598.482), (197.312, -600.749), (179.011, -527.545), (181.318, -525.906), (238.039, -519.361), (243.53, -523.548)))
(((236.893, -391.045), (224.973, -445.344), (203.225, -442.427), (182.217, -421.83), (197.524, -366.49), (233.295, -378.197), (236.893, -391.045)))
(((289.272, 8.23172), (239.391, -71.3398), (226.572, -76.3637), (191.709, -68.9686), (174.521, -33.3648), (176.188, -26.7854), (229.272, 11.7269), (289.272, 8.23172)))
(((235.895, -258.235), (199.144, -269.61), (181.065, -234.958), (214.4, -213.29), (235.895, -258.235)))
(((221.355, -201.538), (177.313, -166.837), (173.875, -144.647), (215.691, -134.846), (234.554, -144.277), (228.305, -198.96), (221.355, -201.538)))
(((302.718, 13.8881), (289.272, 8.23172), (229.272, 11.7269), (177.388, 54.6309), (241.68, 159.106), (249.902, 159.106), (299.902, 122.779), (319, 64), (319, 64), (302.718, 13.8881)))
(((276.422, -642.083), (265.669, -662.246), (226.412, -678.239), (199.211, -669.283), (170.255, -629.098), (170.064, -627.074), (197.312, -600.749), (209.518, -598.482), (276.144, -640.362), (276.422, -642.083)))
(((257.543, -313.688), (213.555, -316.481), (196.174, -279.348), (199.144, -269.61), (235.895, -258.235), (243.708, -259.709), (261.088, -308.592), (257.543, -313.688)))
(((266.457, -352.314), (233.295, -378.197), (197.524, -366.49), (196.595, -365.052), (194.816, -339.79), (213.555, -316.481), (257.543, -313.688), (266.457, -352.314)))
(((237.656, -857.156), (198.941, -749.614), (227.265, -729.382), (263.017, -747.259), (237.656, -857.156)))
(((269.266, -235.532), (243.708, -259.709), (235.895, -258.235), (214.4, -213.29), (221.355, -201.538), (228.305, -198.96), (253.596, -204.192), (269.266, -235.532)))
(((282.599, -138.672), (234.554, -144.277), (215.691, -134.846), (226.572, -76.3637), (239.391, -71.3398), (287.736, -128.749), (282.599, -138.672)))
(((276.144, -640.362), (209.518, -598.482), (239.67, -568.33), (285.288, -603.305), (276.144, -640.362)))
(((288.466, -167.271), (253.596, -204.192), (228.305, -198.96), (234.554, -144.277), (282.599, -138.672), (288.466, -167.271)))
(((309.356, -434.748), (236.152, -453.307), (224.973, -445.344), (236.893, -391.045), (298.06, -414.98), (309.356, -434.748)))
(((290.044, -704.348), (274.037, -742.46), (263.017, -747.259), (227.265, -729.382), (226.412, -678.239), (265.669, -662.246), (290.044, -704.348)))
(((298.06, -414.98), (236.893, -391.045), (233.295, -378.197), (266.457, -352.314), (285.704, -363.656), (298.06, -414.98)))
(((308.741, -577.459), (285.288, -603.305), (239.67, -568.33), (243.53, -523.548), (297.91, -525.467), (308.741, -577.459)))
(((364.724, -459.608), (297.91, -525.467), (243.53, -523.548), (238.039, -519.361), (236.152, -453.307), (309.356, -434.748), (364.132, -457.784), (364.724, -459.608)))
(((304.25, -292.406), (261.088, -308.592), (243.708, -259.709), (269.266, -235.532), (278.402, -237.479), (304.25, -292.406)))
(((318.061, 8.90434), (314.652, -112.103), (287.736, -128.749), (239.391, -71.3398), (289.272, 8.23172), (303.235, 14.1057), (310.902, 14.1057), (318.061, 8.90434)))
(((333.427, -856.646), (314.902, -870.106), (253.098, -870.106), (237.763, -858.964), (237.656, -857.156), (263.017, -747.259), (274.037, -742.46), (293.44, -753.344), (333.427, -856.646)))
(((313.119, -187.98), (297.299, -228.661), (278.402, -237.479), (269.266, -235.532), (253.596, -204.192), (288.466, -167.271), (313.119, -187.98)))
(((322.56, -306.839), (315.864, -348.927), (285.704, -363.656), (266.457, -352.314), (257.543, -313.688), (261.088, -308.592), (304.25, -292.406), (313.727, -293.591), (322.56, -306.839)))
(((313.727, -293.591), (304.25, -292.406), (278.402, -237.479), (297.299, -228.661), (346.591, -252.512), (313.727, -293.591)))
(((343.187, -739.621), (293.44, -753.344), (274.037, -742.46), (290.044, -704.348), (315.675, -707.671), (343.187, -739.621)))
(((342.654, -673.654), (315.675, -707.671), (290.044, -704.348), (265.669, -662.246), (276.422, -642.083), (335.596, -650.404), (342.654, -673.654)))
(((404.726, -794.621), (395.902, -821.779), (345.902, -858.106), (333.993, -858.106), (293.44, -753.344), (343.187, -739.621), (364.173, -749.414), (404.726, -794.621)))
(((364.593, -457.978), (309.356, -434.748), (298.06, -414.98), (285.704, -363.656), (315.864, -348.927), (406.63, -406.916), (397.902, -433.779), (364.593, -457.978)))
(((346.591, -252.512), (297.299, -228.661), (313.119, -187.98), (339.763, -190.478), (373.259, -239.365), (346.591, -252.512)))
(((335.596, -650.404), (276.422, -642.083), (276.144, -640.362), (285.288, -603.305), (308.741, -577.459), (386.634, -599.366), (335.596, -650.404)))
(((339.763, -190.478), (313.119, -187.98), (288.466, -167.271), (282.599, -138.672), (287.736, -128.749), (314.652, -112.103), (336.736, -119.266), (351.97, -168.776), (339.763, -190.478)))
(((407.532, -407.492), (315.864, -348.927), (322.56, -306.839), (437.712, -346.04), (420.902, -397.779), (407.532, -407.492)))
(((429.225, -588.238), (386.634, -599.366), (308.741, -577.459), (297.91, -525.467), (365.843, -458.504), (372.816, -457.559), (421.902, -493.221), (441, -552), (441, -552), (429.225, -588.238)))
(((364.173, -749.414), (343.187, -739.621), (315.675, -707.671), (342.654, -673.654), (362.616, -687.128), (364.173, -749.414)))
(((447.96, -92.3565), (336.736, -119.266), (314.652, -112.103), (318.11, 10.6612), (320.098, 12.1057), (381.902, 12.1057), (431.902, -24.2215), (451, -83), (451, -83), (447.96, -92.3565)))
(((438.369, -346.264), (322.56, -306.839), (313.727, -293.591), (346.591, -252.512), (373.259, -239.365), (442.877, -251.613), (456, -292), (456, -292), (438.369, -346.264)))
(((448.827, -92.1467), (465.233, -142.639), (351.97, -168.776), (336.736, -119.266), (448.827, -92.1467)))
(((466.58, -652.473), (362.616, -687.128), (342.654, -673.654), (335.596, -650.404), (386.634, -599.366), (428.988, -588.3), (450.902, -604.221), (466.58, -652.473)))
(((443.574, -251.735), (373.259, -239.365), (339.763, -190.478), (351.97, -168.776), (461.817, -143.427), (475, -184), (475, -184), (455.902, -242.779), (443.574, -251.735)))
(((406.955, -797.106), (364.173, -749.414), (362.616, -687.128), (466.876, -652.375), (483, -702), (483, -702), (463.902, -760.779), (413.902, -797.106), (406.955, -797.106)))
