(((-174.923, -389.252), (-176.098, -390.106), (-237.902, -390.106), (-287.902, -353.779), (-307, -295), (-287.902, -236.221), (-275.12, -226.935), (-225.87, -237.557), (-160.058, -292.625), (-174.923, -389.252)))
(((-279.046, -218.486), (-286.902, -212.779), (-306, -154), (-286.902, -95.2215), (-240.775, -61.7081), (-154.203, -141.62), (-153.329, -150.793), (-279.046, -218.486)))
(((-230.905, 516.889), (-269.902, 545.221), (-289, 604), (-269.902, 662.779), (-219.902, 699.106), (-158.098, 699.106), (-108.098, 662.779), (-93.5207, 617.913), (-94.8359, 614.858), (-230.905, 516.889)))
(((-273.888, -227.201), (-277.065, -217.42), (-153.329, -150.793), (-151.735, -153.525), (-153.551, -211.631), (-225.87, -237.557), (-273.888, -227.201)))
(((-140.64, -277.214), (-160.058, -292.625), (-225.87, -237.557), (-153.551, -211.631), (-138.661, -224.77), (-140.64, -277.214)))
(((-237.973, -64.2944), (-226.902, -30.2215), (-176.902, 6.10565), (-127.362, 6.10565), (-110.177, -105.599), (-154.203, -141.62), (-237.973, -64.2944)))
(((-171.919, 438.266), (-215.902, 470.221), (-231.034, 516.795), (-94.8359, 614.858), (-82.9859, 499.913), (-171.919, 438.266)))
(((-96.8155, -218.453), (-138.661, -224.77), (-153.551, -211.631), (-151.735, -153.525), (-92.1121, -176.907), (-96.8155, -218.453)))
(((-151.568, -400.715), (-174.162, -384.3), (-160.058, -292.625), (-140.64, -277.214), (-91.6937, -279.622), (-68.6586, -306.418), (-67.0023, -320.571), (-106.112, -379.987), (-151.568, -400.715)))
(((-91.6937, -279.622), (-140.64, -277.214), (-138.661, -224.77), (-96.8155, -218.453), (-81.384, -233.228), (-91.6937, -279.622)))
(((-75.1273, -122.208), (-72.7125, -165.676), (-92.1121, -176.907), (-151.735, -153.525), (-153.329, -150.793), (-154.203, -141.62), (-110.177, -105.599), (-81.2313, -114.506), (-75.1273, -122.208)))
(((-127.192, 4.99674), (-116.438, 12.8098), (-116.162, 12.5901), (-52.6357, -73.4774), (-81.2313, -114.506), (-110.177, -105.599), (-127.192, 4.99674)))
(((-69.4029, -629.106), (-105.902, -629.106), (-155.902, -592.779), (-175, -534), (-155.902, -475.221), (-149.759, -470.759), (-54.2969, -486.032), (-14.4057, -521.611), (-69.4029, -629.106)))
(((-117.821, 355.281), (-154.902, 382.221), (-172.893, 437.592), (-82.9859, 499.913), (-18.7783, 476.327), (-12.7393, 469.364), (-23.7375, 386.511), (-53.1352, 366.345), (-117.821, 355.281)))
(((-46.4534, -227.9), (-81.384, -233.228), (-96.8155, -218.453), (-92.1121, -176.907), (-72.7125, -165.676), (-61.328, -169.66), (-38.2732, -210.281), (-46.4534, -227.9)))
(((-146.908, -471.215), (-159, -434), (-147.597, -398.904), (-106.112, -379.987), (-13.644, -407.854), (-54.2969, -486.032), (-146.908, -471.215)))
(((-22.7258, -261.694), (-68.6586, -306.418), (-91.6937, -279.622), (-81.384, -233.228), (-46.4534, -227.9), (-22.7258, -261.694)))
(((-16.3348, -120.701), (-75.1273, -122.208), (-81.2313, -114.506), (-52.6357, -73.4774), (-40.2419, -75.543), (-16.3348, -120.701)))
(((-124.499, 227.023), (-128.902, 230.221), (-148, 289), (-128.902, 347.779), (-118.808, 355.112), (-53.1352, 366.345), (-14.7334, 295.736), (-60.597, 232.886), (-124.499, 227.023)))
(((-13.6499, -122.255), (-27.3382, -155.716), (-61.328, -169.66), (-72.7125, -165.676), (-75.1273, -122.208), (-16.3348, -120.701), (-13.6499, -122.255)))
(((-12.082, -55.9875), (-40.2419, -75.543), (-52.6357, -73.4774), (-116.162, 12.5901), (-16.2521, -29.9247), (-12.082, -55.9875)))
(((-121.988, 130.72), (-138, 180), (-122.667, 227.191), (-60.597, 232.886), (-10.1414, 216.272), (-5.12053, 171.085), (-42.9086, 134.196), (-121.988, 130.72)))
(((-94.5821, 615.448), (-68.9017, 634.106), (-9.1074, 634.106), (4.44988, 587.107), (-18.7783, 476.327), (-82.9859, 499.913), (-94.8359, 614.858), (-94.5821, 615.448)))
(((-13.644, -407.854), (-106.112, -379.987), (-67.0023, -320.571), (-15.1111, -332.926), (3.96547, -402.873), (-13.644, -407.854)))
(((-113.832, 29.4446), (-114.902, 30.2215), (-134, 89), (-120.422, 130.789), (-42.9086, 134.196), (8.63547, 95.2753), (-27.7, 43.8), (-113.832, 29.4446)))
(((-3.70862, -196.308), (-38.2732, -210.281), (-61.328, -169.66), (-27.3382, -155.716), (-2.07082, -189.406), (-3.70862, -196.308)))
(((3.31683, -317.569), (-15.1111, -332.926), (-67.0023, -320.571), (-68.6586, -306.418), (-22.7258, -261.694), (0.0248668, -264.898), (3.31683, -317.569)))
(((-114.776, 12.0004), (-108.837, 30.2771), (-27.7, 43.8), (15.1739, 15.2174), (19.1533, -2.68978), (-16.2521, -29.9247), (-114.776, 12.0004)))
(((22.2839, -80.8897), (-10.6571, -121.816), (-13.6499, -122.255), (-16.3348, -120.701), (-40.2419, -75.543), (-12.082, -55.9875), (22.5734, -75.6781), (22.2839, -80.8897)))
(((0.0248668, -264.898), (-22.7258, -261.694), (-46.4534, -227.9), (-38.2732, -210.281), (-3.70862, -196.308), (14.0735, -217.862), (4.377, -262.466), (0.0248668, -264.898)))
(((3.21292, 222.682), (-10.1414, 216.272), (-60.597, 232.886), (-14.7334, 295.736), (39.982, 276.868), (3.21292, 222.682)))
(((21.8041, -427.165), (27.0459, -467.352), (-13.8311, -521.514), (-14.4057, -521.611), (-54.2969, -486.032), (-13.644, -407.854), (3.96547, -402.873), (4.7253, -403.053), (21.8041, -427.165)))
(((31.5194, -159.654), (-2.07082, -189.406), (-27.3382, -155.716), (-13.6499, -122.255), (-10.6571, -121.816), (34.0279, -153.734), (31.5194, -159.654)))
(((38.9837, 125.139), (11.2879, 95.7121), (8.63547, 95.2753), (-42.9086, 134.196), (-5.12053, 171.085), (35.7364, 152.741), (38.9837, 125.139)))
(((39.982, 276.868), (-14.7334, 295.736), (-53.1352, 366.345), (-23.7375, 386.511), (26.8396, 372.196), (37.1583, 357.71), (42.4, 277.775), (39.982, 276.868)))
(((-71.2327, -632.682), (-14.4057, -521.611), (-13.8311, -521.514), (109.616, -573.742), (111, -578), (111, -578), (91.9017, -636.779), (41.9017, -673.106), (-19.9017, -673.106), (-69.9017, -636.779), (-71.2327, -632.682)))
(((22.5734, -75.6781), (-12.082, -55.9875), (-16.2521, -29.9247), (19.1533, -2.68978), (30.7876, -11.5742), (38.0745, -60.5), (22.5734, -75.6781)))
(((54.5135, 52.4865), (15.1739, 15.2174), (-27.7, 43.8), (8.63547, 95.2753), (11.2879, 95.7121), (54.5135, 52.4865)))
(((46.2271, -329.831), (38.3548, -379.032), (4.7253, -403.053), (3.96547, -402.873), (-15.1111, -332.926), (3.31683, -317.569), (40.6179, -323.42), (46.2271, -329.831)))
(((71.3089, 481.971), (-12.7393, 469.364), (-18.7783, 476.327), (4.44988, 587.107), (75.7461, 517.469), (71.3089, 481.971)))
(((59.9228, 179.877), (35.7364, 152.741), (-5.12053, 171.085), (-10.1414, 216.272), (3.21292, 222.682), (57.4307, 193.375), (59.9228, 179.877)))
(((40.6179, -323.42), (3.31683, -317.569), (0.0248668, -264.898), (4.377, -262.466), (52.829, -269.149), (40.6179, -323.42)))
(((40.1858, -151.069), (34.0279, -153.734), (-10.6571, -121.816), (22.2839, -80.8897), (56.3594, -117.315), (40.1858, -151.069)))
(((50.4929, -212.78), (14.0735, -217.862), (-3.70862, -196.308), (-2.07082, -189.406), (31.5194, -159.654), (50.4929, -212.78)))
(((52.829, -269.149), (4.377, -262.466), (14.0735, -217.862), (50.4929, -212.78), (51.8744, -213.354), (53.3753, -268.888), (52.829, -269.149)))
(((96.2079, 456.5), (85.1426, 418.623), (26.8396, 372.196), (-23.7375, 386.511), (-12.7393, 469.364), (71.3089, 481.971), (96.2079, 456.5)))
(((106.261, -572.322), (-13.8311, -521.514), (27.0459, -467.352), (71.9028, -481.999), (119.878, -562.428), (106.261, -572.322)))
(((84.5515, 242.193), (57.4307, 193.375), (3.21292, 222.682), (39.982, 276.868), (42.4, 277.775), (68.4924, 271.252), (84.5515, 242.193)))
(((84.1624, 45.8487), (61.4199, -8.38335), (30.7876, -11.5742), (19.1533, -2.68978), (15.1739, 15.2174), (54.5135, 52.4865), (78.039, 52.1728), (84.1624, 45.8487)))
(((78.039, 52.1728), (54.5135, 52.4865), (11.2879, 95.7121), (38.9837, 125.139), (90.9528, 109.363), (78.039, 52.1728)))
(((84.667, -203.894), (51.8744, -213.354), (50.4929, -212.78), (31.5194, -159.654), (34.0279, -153.734), (40.1858, -151.069), (82.789, -169.466), (84.667, -203.894)))
(((92.6148, -102.482), (89.7632, -106.395), (56.3594, -117.315), (22.2839, -80.8897), (22.5734, -75.6781), (38.0745, -60.5), (67.2105, -60.5), (92.6629, -100.8), (92.6148, -102.482)))
(((67.2105, -60.5), (38.0745, -60.5), (30.7876, -11.5742), (61.4199, -8.38335), (91.4986, -30.7275), (67.2105, -60.5)))
(((71.9028, -481.999), (27.0459, -467.352), (21.8041, -427.165), (90.1774, -432.048), (71.9028, -481.999)))
(((90.1774, -432.048), (21.8041, -427.165), (4.7253, -403.053), (38.3548, -379.032), (85.9764, -383.361), (96.4895, -427.84), (90.1774, -432.048)))
(((106.395, -293.688), (83.0299, -328.359), (46.2271, -329.831), (40.6179, -323.42), (52.829, -269.149), (53.3753, -268.888), (91.2379, -271.672), (101.538, -282.153), (106.395, -293.688)))
(((-8.60246, 632.355), (35.0983, 664.106), (96.9017, 664.106), (106.135, 657.398), (115.162, 561.108), (75.7461, 517.469), (4.44988, 587.107), (-8.60246, 632.355)))
(((85.9764, -383.361), (38.3548, -379.032), (46.2271, -329.831), (83.0299, -328.359), (99.7173, -367.003), (85.9764, -383.361)))
(((127.202, 322.876), (68.4924, 271.252), (42.4, 277.775), (37.1583, 357.71), (128.052, 334.987), (127.202, 322.876)))
(((91.2379, -271.672), (53.3753, -268.888), (51.8744, -213.354), (84.667, -203.894), (102.598, -216.935), (91.2379, -271.672)))
(((110.241, 121.762), (90.9528, 109.363), (38.9837, 125.139), (35.7364, 152.741), (59.9228, 179.877), (103.465, 164.267), (110.241, 121.762)))
(((100.034, -154.324), (82.789, -169.466), (40.1858, -151.069), (56.3594, -117.315), (89.7632, -106.395), (100.034, -154.324)))
(((128.052, 334.987), (37.1583, 357.71), (26.8396, 372.196), (85.1426, 418.623), (131.845, 341.897), (128.052, 334.987)))
(((113.931, -26.6489), (91.4986, -30.7275), (61.4199, -8.38335), (84.1624, 45.8487), (100.048, 38.9792), (114.22, -26.212), (113.931, -26.6489)))
(((132.582, 198.931), (103.465, 164.267), (59.9228, 179.877), (57.4307, 193.375), (84.5515, 242.193), (125.857, 223.081), (132.582, 198.931)))
(((126.24, -59.4737), (92.6629, -100.8), (67.2105, -60.5), (91.4986, -30.7275), (113.931, -26.6489), (126.24, -59.4737)))
(((151.38, -546.954), (131.902, -561.106), (119.089, -561.106), (71.9028, -481.999), (90.1774, -432.048), (96.4895, -427.84), (137.565, -437.816), (151.38, -546.954)))
(((131.897, -211.164), (102.598, -216.935), (84.667, -203.894), (82.789, -169.466), (100.034, -154.324), (123.544, -157.145), (140.76, -200.76), (131.897, -211.164)))
(((151.113, -339.263), (127.76, -364.245), (99.7173, -367.003), (83.0299, -328.359), (106.395, -293.688), (138.038, -308.756), (151.113, -339.263)))
(((130.724, 115.693), (134.789, 46.5789), (100.048, 38.9792), (84.1624, 45.8487), (78.039, 52.1728), (90.9528, 109.363), (110.241, 121.762), (130.724, 115.693)))
(((143.687, -138.729), (123.544, -157.145), (100.034, -154.324), (89.7632, -106.395), (92.6148, -102.482), (135.844, -114.08), (143.687, -138.729)))
(((137.565, -437.816), (96.4895, -427.84), (85.9764, -383.361), (99.7173, -367.003), (127.76, -364.245), (153.471, -421.38), (137.565, -437.816)))
(((169.477, 269.609), (125.857, 223.081), (84.5515, 242.193), (68.4924, 271.252), (127.202, 322.876), (169.477, 269.609)))
(((149.634, -247.524), (101.538, -282.153), (91.2379, -271.672), (102.598, -216.935), (131.897, -211.164), (149.634, -247.524)))
(((157.04, -88.1729), (135.844, -114.08), (92.6148, -102.482), (92.6629, -100.8), (126.24, -59.4737), (149.032, -71.1122), (157.04, -88.1729)))
(((131.845, 341.897), (85.1426, 418.623), (96.2079, 456.5), (167.289, 456.5), (149.215, 353.477), (131.845, 341.897)))
(((211.582, 504.218), (169.521, 457.534), (167.289, 456.5), (96.2079, 456.5), (71.3089, 481.971), (75.7461, 517.469), (115.162, 561.108), (205.292, 513.962), (211.582, 504.218)))
(((167.022, 32.0747), (154.436, -10.1255), (114.22, -26.212), (100.048, 38.9792), (134.789, 46.5789), (160.711, 38.7239), (167.022, 32.0747)))
(((181.162, 122.077), (130.724, 115.693), (110.241, 121.762), (103.465, 164.267), (132.582, 198.931), (170.899, 181.569), (187.747, 142.257), (181.162, 122.077)))
(((175.041, -274.837), (138.038, -308.756), (106.395, -293.688), (101.538, -282.153), (149.634, -247.524), (169.404, -257.629), (175.041, -274.837)))
(((182.747, -189.747), (140.76, -200.76), (123.544, -157.145), (143.687, -138.729), (178.5, -147.255), (185.75, -154.209), (182.747, -189.747)))
(((181.796, 120.955), (160.711, 38.7239), (134.789, 46.5789), (130.724, 115.693), (181.162, 122.077), (181.796, 120.955)))
(((181.265, -37.5363), (149.032, -71.1122), (126.24, -59.4737), (113.931, -26.6489), (114.22, -26.212), (154.436, -10.1255), (181.07, -34.6565), (181.265, -37.5363)))
(((169.521, -416.853), (153.471, -421.38), (127.76, -364.245), (151.113, -339.263), (225.536, -357.337), (169.521, -416.853)))
(((178.5, -147.255), (143.687, -138.729), (135.844, -114.08), (157.04, -88.1729), (178.5, -95.04), (178.5, -147.255)))
(((106.348, 655.123), (131.098, 673.106), (192.729, 673.106), (205.292, 513.962), (115.162, 561.108), (106.348, 655.123)))
(((204.025, -211.025), (169.404, -257.629), (149.634, -247.524), (131.897, -211.164), (140.76, -200.76), (182.747, -189.747), (204.025, -211.025)))
(((209.755, 228.425), (170.899, 181.569), (132.582, 198.931), (125.857, 223.081), (169.477, 269.609), (173.845, 268.919), (209.755, 228.425)))
(((262.423, -346.709), (225.536, -357.337), (151.113, -339.263), (138.038, -308.756), (175.041, -274.837), (244.561, -306.437), (267.679, -330.532), (262.423, -346.709)))
(((204.837, -85.032), (178.5, -95.04), (157.04, -88.1729), (149.032, -71.1122), (181.265, -37.5363), (204.486, -65.7331), (204.837, -85.032)))
(((263.273, -507.481), (260.902, -514.779), (210.902, -551.106), (151.906, -551.106), (137.565, -437.816), (153.471, -421.38), (169.521, -416.853), (263.273, -507.481)))
(((214.113, 300.798), (173.845, 268.919), (169.477, 269.609), (127.202, 322.876), (128.052, 334.987), (131.845, 341.897), (149.215, 353.477), (198.621, 352.809), (214.113, 300.798)))
(((198.621, 352.809), (149.215, 353.477), (167.289, 456.5), (169.521, 457.534), (228.837, 375.975), (198.621, 352.809)))
(((227.687, -1.7506), (181.07, -34.6565), (154.436, -10.1255), (167.022, 32.0747), (193.826, 31.3404), (227.687, -1.7506)))
(((230.109, 82.6374), (193.826, 31.3404), (167.022, 32.0747), (160.711, 38.7239), (181.796, 120.955), (230.109, 82.6374)))
(((216.963, -140.589), (185.75, -154.209), (178.5, -147.255), (178.5, -95.04), (204.837, -85.032), (218.038, -94.3506), (216.963, -140.589)))
(((244.561, -306.437), (175.041, -274.837), (169.404, -257.629), (204.025, -211.025), (214.229, -213.544), (244.561, -306.437)))
(((261.291, -505.565), (169.521, -416.853), (225.536, -357.337), (261.883, -346.864), (289.902, -367.221), (309, -426), (309, -426), (289.902, -484.779), (261.291, -505.565)))
(((251.083, 168.215), (187.747, 142.257), (170.899, 181.569), (209.755, 228.425), (218.491, 227.131), (251.083, 168.215)))
(((272.663, -12.7064), (204.486, -65.7331), (181.265, -37.5363), (181.07, -34.6565), (227.687, -1.7506), (272.663, -12.7064)))
(((248.184, -198.395), (214.229, -213.544), (204.025, -211.025), (182.747, -189.747), (185.75, -154.209), (216.963, -140.589), (244.482, -150.272), (248.184, -198.395)))
(((267.992, 258.631), (218.491, 227.131), (209.755, 228.425), (173.845, 268.919), (214.113, 300.798), (257.076, 294.562), (267.992, 258.631)))
(((317.29, 385.961), (302.137, 377.568), (228.837, 375.975), (169.521, 457.534), (211.582, 504.218), (283.11, 500.244), (309.902, 480.779), (329, 422), (329, 422), (317.29, 385.961)))
(((313.452, -11.9295), (272.663, -12.7064), (227.687, -1.7506), (193.826, 31.3404), (230.109, 82.6374), (317.452, 77.6177), (330, 39), (330, 39), (313.452, -11.9295)))
(((257.076, 294.562), (214.113, 300.798), (198.621, 352.809), (228.837, 375.975), (302.137, 377.568), (257.076, 294.562)))
(((327.58, -79.6047), (218.038, -94.3506), (204.837, -85.032), (204.486, -65.7331), (272.663, -12.7064), (314.425, -11.9109), (332, -66), (332, -66), (327.58, -79.6047)))
(((319.246, 77.5146), (230.109, 82.6374), (181.796, 120.955), (181.162, 122.077), (187.747, 142.257), (251.083, 168.215), (327.568, 148.874), (335, 126), (335, 126), (319.246, 77.5146)))
(((284.423, 500.171), (211.582, 504.218), (205.292, 513.962), (193.06, 668.906), (207.098, 679.106), (268.379, 679.106), (301.661, 512.695), (284.423, 500.171)))
(((326.569, -79.7407), (330.944, -93.2068), (244.482, -150.272), (216.963, -140.589), (218.038, -94.3506), (326.569, -79.7407)))
(((324.57, -299.652), (279.902, -332.106), (269.189, -332.106), (244.561, -306.437), (214.229, -213.544), (248.184, -198.395), (301.367, -216.122), (324.57, -299.652)))
(((329.773, 148.316), (251.083, 168.215), (218.491, 227.131), (267.992, 258.631), (355.915, 209.661), (337.902, 154.221), (329.773, 148.316)))
(((351.037, -107.867), (301.367, -216.122), (248.184, -198.395), (244.482, -150.272), (330.9, -93.2361), (351.037, -107.867)))
(((352.269, 211.692), (267.992, 258.631), (257.076, 294.562), (302.137, 377.568), (319.357, 387.106), (331.902, 387.106), (381.902, 350.779), (401, 292), (401, 292), (381.902, 233.221), (352.269, 211.692)))
(((302.621, 507.894), (269.339, 674.305), (302.098, 698.106), (363.902, 698.106), (413.902, 661.779), (433, 603), (433, 603), (413.902, 544.221), (363.902, 507.894), (302.621, 507.894)))
(((325.037, -301.335), (301.367, -216.122), (349.19, -111.894), (387.902, -111.894), (437.902, -148.221), (457, -207), (457, -207), (437.902, -265.779), (387.902, -302.106), (326.098, -302.106), (325.037, -301.335)))
