(((-280.918, -307.946), (-283.902, -305.779), (-303, -247), (-283.902, -188.221), (-267.588, -176.369), (-234.641, -181.353), (-227.66, -184.887), (-177.408, -239.851), (-185.926, -274.699), (-280.918, -307.946)))
(((-282.202, -125.62), (-298, -77), (-278.902, -18.2215), (-228.902, 18.1057), (-174.355, 18.1057), (-172.087, -97.5516), (-282.202, -125.62)))
(((-269.372, -176.099), (-285, -128), (-284.41, -126.183), (-172.087, -97.5516), (-162.69, -104.419), (-158.893, -119.896), (-169.381, -145.459), (-234.641, -181.353), (-269.372, -176.099)))
(((-265.54, -357.658), (-281.613, -308.19), (-185.926, -274.699), (-150.226, -292.185), (-146.947, -300.381), (-189.989, -355.297), (-265.54, -357.658)))
(((-269.32, -432.792), (-279, -403), (-264.254, -357.617), (-189.989, -355.297), (-157.618, -371.724), (-145.243, -389.229), (-149.324, -421.364), (-269.32, -432.792)))
(((-167.22, -540.106), (-205.902, -540.106), (-255.902, -503.779), (-275, -445), (-271.088, -432.961), (-149.324, -421.364), (-127.437, -459.345), (-145.504, -512.417), (-167.22, -540.106)))
(((-141.981, -231.612), (-177.408, -239.851), (-227.66, -184.887), (-160.449, -192.037), (-141.981, -231.612)))
(((-133.249, -171.431), (-160.449, -192.037), (-227.66, -184.887), (-234.641, -181.353), (-169.381, -145.459), (-133.269, -171.038), (-133.249, -171.431)))
(((-130.592, -257.185), (-150.226, -292.185), (-185.926, -274.699), (-177.408, -239.851), (-141.981, -231.612), (-141.385, -231.821), (-130.592, -257.185)))
(((-174.375, 19.1057), (-125.628, 19.1057), (-113.2, 8.48018), (-111.316, -0.751295), (-130.537, -92.0529), (-162.69, -104.419), (-172.087, -97.5516), (-174.375, 19.1057)))
(((-118.079, -140.658), (-133.269, -171.038), (-169.381, -145.459), (-158.893, -119.896), (-118.796, -139.254), (-118.079, -140.658)))
(((-118.498, -335.613), (-157.618, -371.724), (-189.989, -355.297), (-146.947, -300.381), (-118.893, -314.663), (-118.498, -335.613)))
(((-108.103, -207.534), (-141.385, -231.821), (-141.981, -231.612), (-160.449, -192.037), (-133.249, -171.431), (-105.436, -197.7), (-108.103, -207.534)))
(((-167.216, 380.576), (-214.902, 415.221), (-234, 474), (-214.902, 532.779), (-210.234, 536.169), (-84.2592, 487.547), (-167.216, 380.576)))
(((-118.796, -139.254), (-158.893, -119.896), (-162.69, -104.419), (-130.537, -92.0529), (-113.554, -104.654), (-118.796, -139.254)))
(((-96.0735, -384.212), (-145.243, -389.229), (-157.618, -371.724), (-118.498, -335.613), (-92.4007, -363.644), (-96.0735, -384.212)))
(((-90.2812, -301.417), (-118.893, -314.663), (-146.947, -300.381), (-150.226, -292.185), (-130.592, -257.185), (-109.222, -260.167), (-88.4106, -291.384), (-90.2812, -301.417)))
(((-93.074, -388.134), (-98.5257, -444.014), (-127.437, -459.345), (-149.324, -421.364), (-145.243, -389.229), (-96.0735, -384.212), (-93.074, -388.134)))
(((-210.311, 536.199), (-192.902, 589.779), (-142.902, 626.106), (-96.9317, 626.106), (-57.6343, 495.114), (-84.2592, 487.547), (-210.311, 536.199)))
(((-88.0565, -238.081), (-109.222, -260.167), (-130.592, -257.185), (-141.385, -231.821), (-108.103, -207.534), (-88.0565, -238.081)))
(((-94.4569, -36.878), (-92.5215, -98.8115), (-113.554, -104.654), (-130.537, -92.0529), (-111.316, -0.751295), (-94.4569, -36.878)))
(((-80.1893, -185.562), (-105.436, -197.7), (-133.249, -171.431), (-133.269, -171.038), (-118.079, -140.658), (-89.2046, -143.866), (-80.1893, -185.562)))
(((-72.0087, -128.994), (-89.2046, -143.866), (-118.079, -140.658), (-118.796, -139.254), (-113.554, -104.654), (-92.5215, -98.8115), (-70.7548, -111.754), (-72.0087, -128.994)))
(((-89.2788, -706.106), (-122.902, -706.106), (-172.902, -669.779), (-192, -611), (-172.902, -552.221), (-168.475, -549.005), (-48.7075, -575.466), (-42.0064, -581.753), (-35.4052, -618.928), (-89.2788, -706.106)))
(((-65.0749, -343.703), (-92.4007, -363.644), (-118.498, -335.613), (-118.893, -314.663), (-90.2812, -301.417), (-69.8787, -317.549), (-65.0749, -343.703)))
(((-88.4106, -291.384), (-109.222, -260.167), (-88.0565, -238.081), (-80.1053, -239.526), (-63.4138, -268), (-88.4106, -291.384)))
(((-161.433, 373.975), (-165.902, 377.221), (-167.058, 380.78), (-84.2592, 487.547), (-57.6343, 495.114), (-15.5012, 476.349), (-33.4266, 423.628), (-84.9545, 387.955), (-161.433, 373.975)))
(((-41.6588, -495.11), (-145.504, -512.417), (-127.437, -459.345), (-98.5257, -444.014), (-54.802, -448.245), (-37.9, -490.5), (-41.6588, -495.11)))
(((-71.8551, -187.229), (-66.1986, -228.71), (-80.1053, -239.526), (-88.0565, -238.081), (-108.103, -207.534), (-105.436, -197.7), (-80.1893, -185.562), (-71.8551, -187.229)))
(((-46.8972, -92.5514), (-70.7548, -111.754), (-92.5215, -98.8115), (-94.4569, -36.878), (-47.7911, -85.2722), (-46.8972, -92.5514)))
(((-36.8844, -418.88), (-54.802, -448.245), (-98.5257, -444.014), (-93.074, -388.134), (-40.4848, -400.364), (-36.8844, -418.88)))
(((-164.947, -549.785), (-167.837, -540.892), (-145.504, -512.417), (-41.6588, -495.11), (-48.7075, -575.466), (-164.947, -549.785)))
(((-139.752, 163.941), (-153.902, 174.221), (-173, 233), (-153.902, 291.779), (-153.886, 291.79), (-77.6362, 288.324), (-27.3946, 195.019), (-139.752, 163.941)))
(((-151.323, 291.674), (-168, 343), (-157.715, 374.654), (-84.9545, 387.955), (-30.5417, 333.542), (-69.1639, 291.561), (-77.6362, 288.324), (-151.323, 291.674)))
(((-45.1623, -182.546), (-71.8551, -187.229), (-80.1893, -185.562), (-89.2046, -143.866), (-72.0087, -128.994), (-31.0633, -157.532), (-45.1623, -182.546)))
(((-40.4848, -400.364), (-93.074, -388.134), (-96.0735, -384.212), (-92.4007, -363.644), (-65.0749, -343.703), (-46.9322, -352.38), (-40.0471, -399.428), (-40.4848, -400.364)))
(((-40.4991, -304.588), (-69.8787, -317.549), (-90.2812, -301.417), (-88.4106, -291.384), (-63.4138, -268), (-60.0682, -268), (-36.5299, -290.515), (-40.4991, -304.588)))
(((-26.5, -238.46), (-60.0682, -268), (-63.4138, -268), (-80.1053, -239.526), (-66.1986, -228.71), (-31.1789, -229.877), (-26.5, -237.726), (-26.5, -238.46)))
(((-31.1789, -229.877), (-66.1986, -228.71), (-71.8551, -187.229), (-45.1623, -182.546), (-31.6483, -205.936), (-31.1789, -229.877)))
(((-22, -47.875), (-47.7911, -85.2722), (-94.4569, -36.878), (-111.316, -0.751295), (-113.2, 8.48018), (-50.8915, 0.621451), (-22, -47.875)))
(((-129.257, 84.3919), (-147, 139), (-138.812, 164.201), (-27.3946, 195.019), (-25.6511, 194.821), (-11.2537, 132.433), (-39.4194, 97.2258), (-129.257, 84.3919)))
(((-31.0633, -157.532), (-72.0087, -128.994), (-70.7548, -111.754), (-46.8972, -92.5514), (-34.9184, -98.5408), (-22.3695, -118.183), (-29.0822, -156.541), (-31.0633, -157.532)))
(((-16.949, -338.138), (-46.9322, -352.38), (-65.0749, -343.703), (-69.8787, -317.549), (-40.4991, -304.588), (-22.3216, -323.556), (-16.949, -338.138)))
(((-2.15499, 341.981), (-30.5417, 333.542), (-84.9545, 387.955), (-33.4266, 423.628), (0.680172, 363.116), (-2.15499, 341.981)))
(((-10.0696, -277.285), (-36.5299, -290.515), (-60.0682, -268), (-26.5, -238.46), (-7.11535, -270.251), (-10.0696, -277.285)))
(((-122.456, 16.3937), (-135, 55), (-125.265, 84.9622), (-39.4194, 97.2258), (9.37543, 55.0849), (-25.2276, 10.8252), (-50.8915, 0.621451), (-113.2, 8.48018), (-122.456, 16.3937)))
(((9.56582, 213.134), (-25.6511, 194.821), (-27.3946, 195.019), (-77.6362, 288.324), (-69.1639, 291.561), (7.15478, 263.163), (9.56582, 213.134)))
(((-96.7533, 625.511), (-62.9017, 650.106), (-11.1461, 650.106), (34.5655, 514.399), (24.7709, 489.388), (22.9373, 488.157), (-15.5012, 476.349), (-57.6343, 495.114), (-96.7533, 625.511)))
(((17.8191, -364.709), (-40.0471, -399.428), (-46.9322, -352.38), (-16.949, -338.138), (3.33158, -345.274), (17.8191, -364.709)))
(((-1.58117, -82.539), (-34.9184, -98.5408), (-46.8972, -92.5514), (-47.7911, -85.2722), (-22, -47.875), (-3.11348, -54.9574), (-1.58117, -82.539)))
(((-3.42276, -294.158), (-22.3216, -323.556), (-40.4991, -304.588), (-36.5299, -290.515), (-10.0696, -277.285), (-3.42276, -294.158)))
(((7.15478, 263.163), (-69.1639, 291.561), (-30.5417, 333.542), (-2.15499, 341.981), (33.3505, 308.166), (7.15478, 263.163)))
(((16.2805, -552.61), (-42.0064, -581.753), (-48.7075, -575.466), (-41.6588, -495.11), (-37.9, -490.5), (-2.98387, -490.5), (14.8725, -497.689), (21.152, -545.832), (16.2805, -552.61)))
(((-2.98387, -490.5), (-37.9, -490.5), (-54.802, -448.245), (-36.8844, -418.88), (1.00127, -428.73), (-2.98387, -490.5)))
(((17.1667, -186.611), (14.2326, -194.924), (-31.6483, -205.936), (-45.1623, -182.546), (-31.0633, -157.532), (-29.0822, -156.541), (14.6915, -162.685), (17.1667, -186.611)))
(((17.3921, -112.881), (-22.3695, -118.183), (-34.9184, -98.5408), (-1.58117, -82.539), (22.3767, -103.835), (17.3921, -112.881)))
(((18.4117, -221.789), (-26.5, -237.726), (-31.1789, -229.877), (-31.6483, -205.936), (14.2326, -194.924), (18.4117, -221.789)))
(((3.33158, -345.274), (-16.949, -338.138), (-22.3216, -323.556), (-3.42276, -294.158), (15.7964, -310.756), (3.33158, -345.274)))
(((14.6915, -162.685), (-29.0822, -156.541), (-22.3695, -118.183), (17.3921, -112.881), (20.3429, -157.144), (14.6915, -162.685)))
(((94.5118, -673.658), (77.9017, -724.779), (27.9017, -761.106), (-33.9017, -761.106), (-83.9017, -724.779), (-89.7311, -706.838), (-35.4052, -618.928), (59.6448, -642.049), (74, -650.183), (94.5118, -673.658)))
(((37.8263, -404.097), (23.2716, -421.021), (1.00127, -428.73), (-36.8844, -418.88), (-40.4848, -400.364), (-40.0471, -399.428), (17.8191, -364.709), (24.2469, -367.584), (39.1518, -394.337), (37.8263, -404.097)))
(((27.6689, -42.9122), (-3.11348, -54.9574), (-22, -47.875), (-50.8915, 0.621451), (-25.2276, 10.8252), (18.6606, -13.3133), (27.6689, -42.9122)))
(((14.614, 56.1085), (9.37543, 55.0849), (-39.4194, 97.2258), (-11.2537, 132.433), (24.9478, 122.56), (34.5558, 80.925), (14.614, 56.1085)))
(((31.3013, -233.322), (16.9841, -265.536), (-7.11535, -270.251), (-26.5, -238.46), (-26.5, -237.726), (18.4117, -221.789), (31.3013, -233.322)))
(((39.2203, -299.379), (15.7964, -310.756), (-3.42276, -294.158), (-10.0696, -277.285), (-7.11535, -270.251), (16.9841, -265.536), (41.8631, -287.927), (39.2203, -299.379)))
(((59.6448, -642.049), (-35.4052, -618.928), (-42.0064, -581.753), (16.2805, -552.61), (59.6448, -642.049)))
(((14.8725, -497.689), (-2.98387, -490.5), (1.00127, -428.73), (23.2716, -421.021), (40.7649, -483.22), (14.8725, -497.689)))
(((22.9373, 488.157), (42.9149, 390.267), (0.680172, 363.116), (-33.4266, 423.628), (-15.5012, 476.349), (22.9373, 488.157)))
(((30.6646, -44.3101), (43.6722, -93.9758), (22.3767, -103.835), (-1.58117, -82.539), (-3.11348, -54.9574), (27.6689, -42.9122), (30.6646, -44.3101)))
(((18.7825, 210.387), (48.598, 142.91), (24.9478, 122.56), (-11.2537, 132.433), (-25.6511, 194.821), (9.56582, 213.134), (18.7825, 210.387)))
(((52.5719, 17.9894), (18.6606, -13.3133), (-25.2276, 10.8252), (9.37543, 55.0849), (14.614, 56.1085), (53.0155, 20.4498), (52.5719, 17.9894)))
(((56.9286, -335.786), (24.2469, -367.584), (17.8191, -364.709), (3.33158, -345.274), (15.7964, -310.756), (39.2203, -299.379), (58.2952, -328.406), (56.9286, -335.786)))
(((49.1558, -232.661), (31.3013, -233.322), (18.4117, -221.789), (14.2326, -194.924), (17.1667, -186.611), (64.0333, -200.281), (49.1558, -232.661)))
(((66.5811, -273.214), (41.8631, -287.927), (16.9841, -265.536), (31.3013, -233.322), (49.1558, -232.661), (73.7552, -255.931), (66.5811, -273.214)))
(((61.5943, -153.325), (20.3429, -157.144), (17.3921, -112.881), (22.3767, -103.835), (43.6722, -93.9758), (54.946, -96.9243), (65.7075, -149.386), (61.5943, -153.325)))
(((50.0279, 309.311), (33.3505, 308.166), (-2.15499, 341.981), (0.680172, 363.116), (42.9149, 390.267), (90.8322, 369.994), (50.0279, 309.311)))
(((66.6002, -16.6139), (54.4, -37.5286), (30.6646, -44.3101), (27.6689, -42.9122), (18.6606, -13.3133), (52.5719, 17.9894), (66.6002, -16.6139)))
(((64.0333, -200.281), (17.1667, -186.611), (14.6915, -162.685), (20.3429, -157.144), (61.5943, -153.325), (69.1557, -196.532), (64.0333, -200.281)))
(((49.576, -482.533), (40.7649, -483.22), (23.2716, -421.021), (37.8263, -404.097), (78.1329, -443.144), (49.576, -482.533)))
(((59.6448, -642.049), (16.2805, -552.61), (21.152, -545.832), (74, -550.636), (74, -650.183), (59.6448, -642.049)))
(((93.581, 274.053), (46.0321, 214.234), (18.7825, 210.387), (9.56582, 213.134), (7.15478, 263.163), (33.3505, 308.166), (50.0279, 309.311), (93.581, 274.053)))
(((82, -543.8), (74, -550.636), (21.152, -545.832), (14.8725, -497.689), (40.7649, -483.22), (49.576, -482.533), (82, -505.5), (82, -543.8)))
(((78.454, 84.0055), (34.5558, 80.925), (24.9478, 122.56), (48.598, 142.91), (80.2216, 139.85), (87.6015, 92.2901), (78.454, 84.0055)))
(((76.5888, -88.571), (54.946, -96.9243), (43.6722, -93.9758), (30.6646, -44.3101), (54.4, -37.5286), (87.5775, -63.5966), (76.5888, -88.571)))
(((83.0967, 32.9364), (53.0155, 20.4498), (14.614, 56.1085), (34.5558, 80.925), (78.454, 84.0055), (83.0967, 32.9364)))
(((80.2216, 139.85), (48.598, 142.91), (18.7825, 210.387), (46.0321, 214.234), (84.5, 195), (84.5, 144.047), (80.2216, 139.85)))
(((-11.3034, 650.572), (32.0983, 682.106), (93.9017, 682.106), (141.88, 647.247), (102.808, 551.623), (34.5655, 514.399), (-11.3034, 650.572)))
(((123.463, 382.903), (90.8322, 369.994), (42.9149, 390.267), (22.9373, 488.157), (24.7709, 489.388), (108.631, 444.084), (123.463, 382.903)))
(((92.1012, -308.942), (58.2952, -328.406), (39.2203, -299.379), (41.8631, -287.927), (66.5811, -273.214), (92.1012, -308.942)))
(((93.425, -382.397), (39.1518, -394.337), (24.2469, -367.584), (56.9286, -335.786), (95.9541, -361.803), (93.425, -382.397)))
(((81.3934, -253.6), (73.7552, -255.931), (49.1558, -232.661), (64.0333, -200.281), (69.1557, -196.532), (102.419, -203.462), (81.3934, -253.6)))
(((106.317, -396.188), (95.1531, -438.051), (89.0993, -441.526), (78.1329, -443.144), (37.8263, -404.097), (39.1518, -394.337), (93.425, -382.397), (106.317, -396.188)))
(((111.056, -130.974), (74.3738, -148.441), (65.7075, -149.386), (54.946, -96.9243), (76.5888, -88.571), (114.659, -119.027), (111.056, -130.974)))
(((113.172, -40.3721), (101.247, -55.9419), (87.5775, -63.5966), (54.4, -37.5286), (66.6002, -16.6139), (104.341, -17.6622), (113.172, -40.3721)))
(((104.341, -17.6622), (66.6002, -16.6139), (52.5719, 17.9894), (53.0155, 20.4498), (83.0967, 32.9364), (115.159, 20.5615), (104.341, -17.6622)))
(((95.9541, -361.803), (56.9286, -335.786), (58.2952, -328.406), (92.1012, -308.942), (98.7557, -310.072), (108.563, -347.339), (95.9541, -361.803)))
(((102.419, -203.462), (69.1557, -196.532), (61.5943, -153.325), (65.7075, -149.386), (74.3738, -148.441), (109.25, -186), (102.744, -203.351), (102.419, -203.462)))
(((82, -505.5), (49.576, -482.533), (78.1329, -443.144), (89.0993, -441.526), (105.686, -493.657), (82, -505.5)))
(((121.772, 208.805), (84.5, 195), (46.0321, 214.234), (93.581, 274.053), (103.67, 272.766), (121.772, 208.805)))
(((128.415, -290.069), (98.7557, -310.072), (92.1012, -308.942), (66.5811, -273.214), (73.7552, -255.931), (81.3934, -253.6), (117.515, -263.809), (128.415, -290.069)))
(((132.627, -669.852), (130.902, -671.106), (92.2816, -671.106), (74, -650.183), (74, -550.636), (82, -543.8), (134.25, -554.25), (134.326, -554.326), (132.627, -669.852)))
(((128.938, -164.406), (109.25, -186), (74.3738, -148.441), (111.056, -130.974), (128.938, -164.406)))
(((135.166, 375.818), (132.537, 287.747), (103.67, 272.766), (93.581, 274.053), (50.0279, 309.311), (90.8322, 369.994), (123.463, 382.903), (134.549, 376.83), (135.166, 375.818)))
(((126.655, 25.511), (115.159, 20.5615), (83.0967, 32.9364), (78.454, 84.0055), (87.6015, 92.2901), (131.25, 85.25), (126.655, 25.511)))
(((135.063, -234.561), (117.515, -263.809), (81.3934, -253.6), (102.419, -203.462), (102.744, -203.351), (129.615, -220.223), (135.063, -234.561)))
(((129.409, -109.466), (114.659, -119.027), (76.5888, -88.571), (87.5775, -63.5966), (101.247, -55.9419), (131.963, -97.6278), (129.409, -109.466)))
(((142.002, 199.13), (122.379, 147.621), (84.5, 144.047), (84.5, 195), (121.772, 208.805), (142.002, 199.13)))
(((132.882, -492.668), (105.686, -493.657), (89.0993, -441.526), (95.1531, -438.051), (132.707, -450.569), (138.538, -487.744), (132.882, -492.668)))
(((134.25, -554.25), (82, -543.8), (82, -505.5), (105.686, -493.657), (132.882, -492.668), (134.25, -554.25)))
(((108.631, 444.084), (24.7709, 489.388), (34.5655, 514.399), (102.808, 551.623), (167.92, 493.022), (108.631, 444.084)))
(((131.25, 85.25), (87.6015, 92.2901), (80.2216, 139.85), (84.5, 144.047), (122.379, 147.621), (163.944, 106.056), (131.25, 85.25)))
(((157.822, -399.971), (151.468, -430.153), (132.707, -450.569), (95.1531, -438.051), (106.317, -396.188), (156.268, -397.096), (157.822, -399.971)))
(((149.579, -320.152), (137.937, -346.672), (108.563, -347.339), (98.7557, -310.072), (128.415, -290.069), (142.922, -295.425), (149.579, -320.152)))
(((156.268, -397.096), (106.317, -396.188), (93.425, -382.397), (95.9541, -361.803), (108.563, -347.339), (137.937, -346.672), (159.737, -380.211), (156.268, -397.096)))
(((155.62, -67.3463), (131.963, -97.6278), (101.247, -55.9419), (113.172, -40.3721), (132.462, -42.741), (155.62, -67.3463)))
(((161.319, -189.84), (129.615, -220.223), (102.744, -203.351), (109.25, -186), (128.938, -164.406), (130.357, -164.643), (158.895, -179.956), (161.319, -189.84)))
(((173.942, 2.05769), (132.462, -42.741), (113.172, -40.3721), (104.341, -17.6622), (115.159, 20.5615), (126.655, 25.511), (161.138, 14.8617), (173.942, 2.05769)))
(((142.002, 199.13), (121.772, 208.805), (103.67, 272.766), (132.537, 287.747), (181.839, 271.1), (146.947, 199.653), (142.002, 199.13)))
(((165.455, -129.545), (130.357, -164.643), (128.938, -164.406), (111.056, -130.974), (114.659, -119.027), (129.409, -109.466), (158.078, -120.134), (165.455, -129.545)))
(((142.922, -295.425), (128.415, -290.069), (117.515, -263.809), (135.063, -234.561), (155.864, -239.399), (166.244, -258.328), (148.695, -292.255), (142.922, -295.425)))
(((163.944, 106.056), (122.379, 147.621), (142.002, 199.13), (146.947, 199.653), (183.441, 180.266), (164.9, 106.102), (163.944, 106.056)))
(((188.242, 93.9128), (161.138, 14.8617), (126.655, 25.511), (131.25, 85.25), (163.944, 106.056), (164.9, 106.102), (188.242, 93.9128)))
(((179.643, -544.786), (134.326, -554.326), (134.25, -554.25), (132.882, -492.668), (138.538, -487.744), (159.181, -489.076), (187.929, -517.003), (179.643, -544.786)))
(((187.674, -148.094), (158.895, -179.956), (130.357, -164.643), (165.455, -129.545), (186.652, -141.658), (187.674, -148.094)))
(((140.597, 644.106), (186.902, 644.106), (236.902, 607.779), (238.841, 601.811), (238.776, 600.523), (168.698, 493.07), (167.92, 493.022), (102.808, 551.623), (140.597, 644.106)))
(((189.217, -212.46), (155.864, -239.399), (135.063, -234.561), (129.615, -220.223), (161.319, -189.84), (189.217, -212.46)))
(((179.178, -88.4835), (158.078, -120.134), (129.409, -109.466), (131.963, -97.6278), (155.62, -67.3463), (166.712, -67.7355), (176.599, -80.3503), (179.178, -88.4835)))
(((159.181, -489.076), (138.538, -487.744), (132.707, -450.569), (151.468, -430.153), (184.877, -460.525), (159.181, -489.076)))
(((198.513, -27.9835), (166.712, -67.7355), (155.62, -67.3463), (132.462, -42.741), (173.942, 2.05769), (178.033, 0.592998), (198.513, -27.9835)))
(((226.835, 440.063), (134.549, 376.83), (123.463, 382.903), (108.631, 444.084), (167.92, 493.022), (168.698, 493.07), (226.835, 440.063)))
(((186.749, -358.471), (159.737, -380.211), (137.937, -346.672), (149.579, -320.152), (185.569, -332.524), (186.749, -358.471)))
(((181.839, 271.1), (132.537, 287.747), (135.166, 375.818), (199.617, 342.058), (195.188, 273.415), (181.839, 271.1)))
(((252.013, -626.202), (248.902, -635.779), (198.902, -672.106), (137.098, -672.106), (132.642, -668.868), (134.326, -554.326), (179.643, -544.786), (252.013, -626.202)))
(((198.79, -317.981), (185.569, -332.524), (149.579, -320.152), (142.922, -295.425), (148.695, -292.255), (189.485, -293.388), (198.79, -317.981)))
(((201.927, -273.029), (189.485, -293.388), (148.695, -292.255), (166.244, -258.328), (193.37, -260.023), (201.927, -273.029)))
(((202.063, -215.321), (193.37, -260.023), (166.244, -258.328), (155.864, -239.399), (189.217, -212.46), (201.409, -214.201), (202.063, -215.321)))
(((208.903, -417.382), (210.19, -455.359), (184.877, -460.525), (151.468, -430.153), (157.822, -399.971), (208.201, -416.441), (208.903, -417.382)))
(((210.826, -112.196), (186.652, -141.658), (165.455, -129.545), (158.078, -120.134), (179.178, -88.4835), (210.786, -111.897), (210.826, -112.196)))
(((216.911, 188.089), (183.441, 180.266), (146.947, 199.653), (181.839, 271.1), (195.188, 273.415), (232.663, 255.475), (216.911, 188.089)))
(((201.409, -214.201), (189.217, -212.46), (161.319, -189.84), (158.895, -179.956), (187.674, -148.094), (221.886, -176.904), (201.409, -214.201)))
(((247.107, -490.828), (187.929, -517.003), (159.181, -489.076), (184.877, -460.525), (210.19, -455.359), (247.107, -490.828)))
(((277.175, 81.4716), (178.033, 0.592998), (173.942, 2.05769), (161.138, 14.8617), (188.242, 93.9128), (276.507, 83.5286), (277.175, 81.4716)))
(((201.989, -29.2073), (213.188, -71.2031), (176.599, -80.3503), (166.712, -67.7355), (198.513, -27.9835), (201.989, -29.2073)))
(((221.795, -369.482), (208.201, -416.441), (157.822, -399.971), (156.268, -397.096), (159.737, -380.211), (186.749, -358.471), (220.31, -367.056), (221.795, -369.482)))
(((210.786, -111.897), (179.178, -88.4835), (176.599, -80.3503), (213.188, -71.2031), (224.365, -83.3116), (210.786, -111.897)))
(((247.641, 362.845), (199.617, 342.058), (135.166, 375.818), (134.549, 376.83), (226.835, 440.063), (251.363, 435.036), (247.641, 362.845)))
(((291.945, 113.055), (282.902, 85.2215), (280.31, 83.3385), (279.294, 83.2007), (188.242, 93.9128), (164.9, 106.102), (183.441, 180.266), (216.911, 188.089), (291.945, 113.055)))
(((235.594, -322.378), (220.31, -367.056), (186.749, -358.471), (185.569, -332.524), (198.79, -317.981), (234.382, -321.217), (235.594, -322.378)))
(((230.949, -274.303), (234.382, -321.217), (198.79, -317.981), (189.485, -293.388), (201.927, -273.029), (230.791, -274.257), (230.949, -274.303)))
(((252.019, -626.208), (179.643, -544.786), (187.929, -517.003), (247.107, -490.828), (248.366, -491.146), (304.834, -562.134), (293.902, -595.779), (252.019, -626.208)))
(((209.831, -219.761), (230.791, -274.257), (201.927, -273.029), (193.37, -260.023), (202.063, -215.321), (209.831, -219.761)))
(((239.014, -171.973), (221.886, -176.904), (187.674, -148.094), (186.652, -141.658), (210.826, -112.196), (243.639, -129.423), (239.014, -171.973)))
(((318.247, 12.4729), (265.957, -24.1304), (201.989, -29.2073), (198.513, -27.9835), (178.033, 0.592998), (276.703, 81.0865), (301.902, 62.7785), (318.247, 12.4729)))
(((237.852, 599.106), (239.353, 599.106), (295.815, 460.238), (251.363, 435.036), (226.835, 440.063), (168.698, 493.07), (237.852, 599.106)))
(((248.891, -75.3261), (224.365, -83.3116), (213.188, -71.2031), (201.989, -29.2073), (265.957, -24.1304), (248.891, -75.3261)))
(((253.113, -262.542), (230.949, -274.303), (230.791, -274.257), (209.831, -219.761), (246.437, -230.643), (253.113, -262.542)))
(((276.5, 268), (232.663, 255.475), (195.188, 273.415), (199.617, 342.058), (247.641, 362.845), (276.5, 331.194), (276.5, 268)))
(((256.106, -412.54), (208.903, -417.382), (208.201, -416.441), (221.795, -369.482), (254.439, -378.24), (265.126, -393.716), (256.106, -412.54)))
(((267.434, -206.647), (246.437, -230.643), (209.831, -219.761), (202.063, -215.321), (201.409, -214.201), (221.886, -176.904), (239.014, -171.973), (260.056, -181.287), (267.434, -206.647)))
(((247.107, -490.828), (210.19, -455.359), (208.903, -417.382), (256.106, -412.54), (269.946, -450.601), (248.366, -491.146), (247.107, -490.828)))
(((266.051, -116.972), (243.639, -129.423), (210.826, -112.196), (210.786, -111.897), (224.365, -83.3116), (248.891, -75.3261), (270.973, -106.749), (266.051, -116.972)))
(((254.439, -378.24), (221.795, -369.482), (220.31, -367.056), (235.594, -322.378), (274.315, -326.895), (254.439, -378.24)))
(((277.037, -325.988), (274.315, -326.895), (235.594, -322.378), (234.382, -321.217), (230.949, -274.303), (253.113, -262.542), (255.067, -263.114), (286.203, -306.434), (277.037, -325.988)))
(((294.916, 110.084), (216.911, 188.089), (232.663, 255.475), (276.5, 268), (354.055, 224.375), (361, 203), (361, 203), (341.902, 144.221), (294.916, 110.084)))
(((260.056, -181.287), (239.014, -171.973), (243.639, -129.423), (266.051, -116.972), (294.249, -160.012), (260.056, -181.287)))
(((278.971, -212.678), (282.488, -251.363), (255.067, -263.114), (253.113, -262.542), (246.437, -230.643), (267.434, -206.647), (278.971, -212.678)))
(((307.519, -388.825), (265.126, -393.716), (254.439, -378.24), (274.315, -326.895), (277.037, -325.988), (295.785, -343.843), (307.519, -388.825)))
(((317.628, 12.0393), (353.385, -13.9398), (311.215, -93.593), (270.973, -106.749), (248.891, -75.3261), (265.957, -24.1304), (317.628, 12.0393)))
(((330.549, -428.339), (269.946, -450.601), (256.106, -412.54), (265.126, -393.716), (307.519, -388.825), (320.943, -397.214), (330.549, -428.339)))
(((311.807, -290.975), (286.203, -306.434), (255.067, -263.114), (282.488, -251.363), (320.455, -258.545), (311.807, -290.975)))
(((320.455, -258.545), (282.488, -251.363), (278.971, -212.678), (304.87, -213.295), (321.01, -257.99), (320.455, -258.545)))
(((327.577, -185.89), (304.87, -213.295), (278.971, -212.678), (267.434, -206.647), (260.056, -181.287), (294.249, -160.012), (310.167, -160.26), (327.577, -185.89)))
(((310.167, -160.26), (294.249, -160.012), (266.051, -116.972), (270.973, -106.749), (311.215, -93.593), (324.045, -134.488), (310.167, -160.26)))
(((395.102, 382.843), (276.5, 331.194), (247.641, 362.845), (251.363, 435.036), (295.815, 460.238), (353.422, 453.564), (377.902, 435.779), (395.102, 382.843)))
(((395.574, -483.698), (381.902, -525.779), (331.902, -562.106), (304.811, -562.106), (248.366, -491.146), (269.946, -450.601), (330.549, -428.339), (395.574, -483.698)))
(((356.903, 453.161), (295.815, 460.238), (238.776, 600.523), (238.876, 602.523), (285.098, 636.106), (346.902, 636.106), (396.902, 599.779), (416, 541), (416, 541), (396.902, 482.221), (356.903, 453.161)))
(((342.206, -334.559), (295.785, -343.843), (277.037, -325.988), (286.203, -306.434), (311.807, -290.975), (349.56, -319.545), (342.206, -334.559)))
(((347.11, -369.705), (320.943, -397.214), (307.519, -388.825), (295.785, -343.843), (342.206, -334.559), (347.11, -369.705)))
(((358.008, 222.152), (276.5, 268), (276.5, 331.194), (393.429, 382.114), (404.902, 373.779), (424, 315), (424, 315), (404.902, 256.221), (358.008, 222.152)))
(((424.656, -231.293), (321.01, -257.99), (304.87, -213.295), (327.577, -185.89), (425.394, -212.978), (428, -221), (428, -221), (424.656, -231.293)))
(((444.909, -286.72), (349.56, -319.545), (311.807, -290.975), (320.455, -258.545), (321.01, -257.99), (426.726, -230.76), (444.909, -286.72)))
(((438.539, -131.885), (324.045, -134.488), (311.215, -93.593), (351.821, -16.8943), (375.902, -16.8943), (425.902, -53.2215), (445, -112), (445, -112), (438.539, -131.885)))
(((427.314, -213.51), (327.577, -185.89), (310.167, -160.26), (324.045, -134.488), (438.167, -131.894), (446, -156), (446, -156), (427.314, -213.51)))
(((398.058, -485.813), (330.549, -428.339), (320.943, -397.214), (347.11, -369.705), (458.033, -374.635), (464, -393), (464, -393), (444.902, -451.779), (398.058, -485.813)))
(((457.356, -374.605), (347.11, -369.705), (342.206, -334.559), (349.56, -319.545), (443.925, -287.059), (446.902, -289.221), (466, -348), (466, -348), (457.356, -374.605)))
