(((-295.01, -206.213), (-311, -157), (-291.902, -98.2215), (-289.984, -96.8282), (-215.228, -118.815), (-181.167, -146.389), (-192.236, -194.354), (-295.01, -206.213)))
(((-279.661, -296.133), (-282.902, -293.779), (-302, -235), (-292.554, -205.929), (-192.236, -194.354), (-187.841, -197.217), (-174.91, -242.974), (-185.586, -266.646), (-279.661, -296.133)))
(((-288.295, -97.325), (-291, -89), (-271.902, -30.2215), (-221.902, 6.10565), (-181.501, 6.10565), (-163.215, -90.8083), (-215.228, -118.815), (-288.295, -97.325)))
(((-264.227, -353.623), (-281, -302), (-279.029, -295.935), (-185.586, -266.646), (-150.29, -290.711), (-183.934, -348.387), (-264.227, -353.623)))
(((-191.215, 432.894), (-211.902, 432.894), (-261.902, 469.221), (-281, 528), (-261.902, 586.779), (-219.37, 617.68), (-126.731, 537.868), (-191.215, 432.894)))
(((-150.333, -125), (-162.652, -140.217), (-181.167, -146.389), (-215.228, -118.815), (-163.215, -90.8083), (-149.613, -105.545), (-150.333, -125)))
(((-267.601, -416.771), (-275, -394), (-261.83, -353.467), (-183.934, -348.387), (-148.456, -363.378), (-136.429, -387.796), (-142.726, -413.725), (-267.601, -416.771)))
(((-169.095, -530.106), (-204.902, -530.106), (-254.902, -493.779), (-274, -435), (-268.081, -416.782), (-142.726, -413.725), (-130.163, -449.844), (-159.767, -519.741), (-169.095, -530.106)))
(((-154.644, -195.338), (-187.841, -197.217), (-192.236, -194.354), (-181.167, -146.389), (-162.652, -140.217), (-134.918, -173.498), (-154.644, -195.338)))
(((-132.78, -237.122), (-174.91, -242.974), (-187.841, -197.217), (-154.644, -195.338), (-130.433, -222.455), (-132.78, -237.122)))
(((-123.342, -252.289), (-138.989, -289.668), (-150.29, -290.711), (-185.586, -266.646), (-174.91, -242.974), (-132.78, -237.122), (-123.342, -252.289)))
(((-117.356, -333.096), (-148.456, -363.378), (-183.934, -348.387), (-150.29, -290.711), (-138.989, -289.668), (-118.889, -305.491), (-117.356, -333.096)))
(((-181.641, 6.84968), (-168.902, 16.1057), (-119.525, 16.1057), (-109.366, -10.2535), (-120.088, -93.8902), (-149.613, -105.545), (-163.215, -90.8083), (-181.641, 6.84968)))
(((-106.484, -145.144), (-117.123, -170.903), (-134.918, -173.498), (-162.652, -140.217), (-150.333, -125), (-108.541, -140.672), (-106.484, -145.144)))
(((-105.885, -206.09), (-130.433, -222.455), (-154.644, -195.338), (-134.918, -173.498), (-117.123, -170.903), (-103.056, -189.821), (-105.885, -206.09)))
(((-39.2278, 549.211), (-126.731, 537.868), (-217.503, 616.072), (-205.902, 651.779), (-155.902, 688.106), (-94.0983, 688.106), (-44.0983, 651.779), (-25, 593), (-25, 593), (-39.2278, 549.211)))
(((-108.541, -140.672), (-150.333, -125), (-149.613, -105.545), (-120.088, -93.8902), (-100.786, -107.929), (-108.541, -140.672)))
(((-171.887, 411.68), (-191.902, 426.221), (-193.082, 429.855), (-126.731, 537.868), (-37.8259, 549.393), (-30.9195, 544.375), (-50.2304, 479.059), (-101.497, 432.383), (-171.887, 411.68)))
(((-88.6152, -384.927), (-136.429, -387.796), (-148.456, -363.378), (-117.356, -333.096), (-90.8849, -344.072), (-88.6152, -384.927)))
(((-84.2435, -292.105), (-118.889, -305.491), (-138.989, -289.668), (-123.342, -252.289), (-102.192, -253.209), (-83.4256, -288.239), (-84.2435, -292.105)))
(((-102.192, -253.209), (-123.342, -252.289), (-132.78, -237.122), (-130.433, -222.455), (-105.885, -206.09), (-77.967, -232.892), (-102.192, -253.209)))
(((-79.2416, -390.876), (-86.7824, -438.275), (-130.163, -449.844), (-142.726, -413.725), (-136.429, -387.796), (-88.6152, -384.927), (-79.2416, -390.876)))
(((-86.0612, -41.8813), (-73.8333, -98.9444), (-100.786, -107.929), (-120.088, -93.8902), (-109.366, -10.2535), (-86.0612, -41.8813)))
(((-68.1299, -332.986), (-90.8849, -344.072), (-117.356, -333.096), (-118.889, -305.491), (-84.2435, -292.105), (-64.1385, -313.429), (-68.1299, -332.986)))
(((-88.0081, -712.106), (-120.902, -712.106), (-170.902, -675.779), (-190, -617), (-170.902, -558.221), (-167.922, -556.057), (-49.1374, -576.715), (-31.5447, -625.975), (-88.0081, -712.106)))
(((-42.8697, -487.269), (-159.767, -519.741), (-130.163, -449.844), (-86.7824, -438.275), (-59.6374, -452.616), (-42.8697, -487.269)))
(((-68.4572, -183.276), (-103.056, -189.821), (-117.123, -170.903), (-106.484, -145.144), (-75.1979, -148.124), (-61.0526, -175), (-68.4572, -183.276)))
(((-56.3812, -119.044), (-75.1979, -148.124), (-106.484, -145.144), (-108.541, -140.672), (-100.786, -107.929), (-73.8333, -98.9444), (-58.1652, -107.547), (-56.3812, -119.044)))
(((-69.4049, -232.586), (-77.967, -232.892), (-105.885, -206.09), (-103.056, -189.821), (-68.4572, -183.276), (-64.2803, -226.436), (-69.4049, -232.586)))
(((-133.262, 193.414), (-161.902, 214.221), (-181, 273), (-163.129, 328), (-82.2019, 328), (-70.9231, 319.5), (-33.5195, 238.459), (-133.262, 193.414)))
(((-163.129, 328), (-181, 383), (-171.659, 411.747), (-101.497, 432.383), (-41.676, 379.399), (-82.2019, 328), (-163.129, 328)))
(((-54.7301, -261.751), (-83.4256, -288.239), (-102.192, -253.209), (-77.967, -232.892), (-69.4049, -232.586), (-54.6116, -260.764), (-54.7301, -261.751)))
(((-163.669, -556.797), (-171.48, -532.756), (-159.767, -519.741), (-42.8697, -487.269), (-35.3005, -491.505), (-42.9283, -567.783), (-49.1374, -576.715), (-163.669, -556.797)))
(((-47.4786, -384.954), (-79.2416, -390.876), (-88.6152, -384.927), (-90.8849, -344.072), (-68.1299, -332.986), (-46.3252, -355.543), (-47.4786, -384.954)))
(((-29.2422, -407.684), (-59.6374, -452.616), (-86.7824, -438.275), (-79.2416, -390.876), (-47.4786, -384.954), (-32.9671, -395.137), (-29.2422, -407.684)))
(((-26.4748, -84.9106), (-58.1652, -107.547), (-73.8333, -98.9444), (-86.0612, -41.8813), (-30.8764, -66.9653), (-26.4748, -84.9106)))
(((-35.4266, -304.081), (-64.1385, -313.429), (-84.2435, -292.105), (-83.4256, -288.239), (-54.7301, -261.751), (-31.9202, -291.404), (-35.4266, -304.081)))
(((-28.5, -216.079), (-64.2803, -226.436), (-68.4572, -183.276), (-61.0526, -175), (-40.2179, -175), (-28.5, -188.441), (-28.5, -216.079)))
(((-40.2179, -175), (-61.0526, -175), (-75.1979, -148.124), (-56.3812, -119.044), (-24.2709, -143.903), (-40.2179, -175)))
(((-7.90521, 388.73), (-41.676, 379.399), (-101.497, 432.383), (-50.2304, 479.059), (-5.75926, 406.288), (-7.90521, 388.73)))
(((-12.9859, -332.958), (-46.3252, -355.543), (-68.1299, -332.986), (-64.1385, -313.429), (-35.4266, -304.081), (-16.34, -325.076), (-12.9859, -332.958)))
(((-120.466, 18.5479), (-117.761, 20.5138), (-8.6683, -24.7698), (-30.8764, -66.9653), (-86.0612, -41.8813), (-109.366, -10.2535), (-120.466, 18.5479)))
(((-12.47, -245.156), (-54.6116, -260.764), (-69.4049, -232.586), (-64.2803, -226.436), (-28.5, -216.079), (-13.6388, -229.376), (-12.47, -245.156)))
(((-124.197, 134.44), (-139, 180), (-134.879, 192.684), (-33.5195, 238.459), (-29.5908, 238.123), (-5.72258, 186.977), (-47.7747, 137.137), (-124.197, 134.44)))
(((-116.733, 36.0986), (-116.902, 36.2215), (-136, 95), (-123.173, 134.476), (-47.7747, 137.137), (12.0979, 107.201), (11.8451, 101.197), (-28.7619, 52.8549), (-116.733, 36.0986)))
(((-0.25, -271.25), (-31.9202, -291.404), (-54.7301, -261.751), (-54.6116, -260.764), (-12.47, -245.156), (2.00871, -265.706), (-0.25, -271.25)))
(((23.0482, 267.696), (-29.5908, 238.123), (-33.5195, 238.459), (-70.9231, 319.5), (7.31013, 319.5), (23.0482, 267.696)))
(((7.31013, 319.5), (-70.9231, 319.5), (-82.2019, 328), (-41.676, 379.399), (-7.90521, 388.73), (18.3144, 360.897), (7.31013, 319.5)))
(((-12.5509, -485.755), (-35.3005, -491.505), (-42.8697, -487.269), (-59.6374, -452.616), (-29.2422, -407.684), (-0.975, -427.875), (-12.5509, -485.755)))
(((-10.7627, -139.93), (-24.2709, -143.903), (-56.3812, -119.044), (-58.1652, -107.547), (-26.4748, -84.9106), (-24.5143, -85.7304), (-7.44118, -109.206), (-10.7627, -139.93)))
(((19.2294, -362.171), (-32.9671, -395.137), (-47.4786, -384.954), (-46.3252, -355.543), (-12.9859, -332.958), (16.1854, -347.83), (18.5496, -351.294), (19.2294, -362.171)))
(((-117.01, 20.2023), (-111.523, 37.0909), (-28.7619, 52.8549), (8.73744, 22.4983), (11.5611, -10.8215), (-2.94648, -23.5157), (-8.6683, -24.7698), (-117.01, 20.2023)))
(((14.5, -172.944), (8.7654, -181.865), (-28.5, -188.441), (-40.2179, -175), (-24.2709, -143.903), (-10.7627, -139.93), (14.5, -151.755), (14.5, -172.944)))
(((6.86364, -292.591), (-16.34, -325.076), (-35.4266, -304.081), (-31.9202, -291.404), (-0.25, -271.25), (6.86364, -292.591)))
(((12.0979, 107.201), (-47.7747, 137.137), (-5.72258, 186.977), (24.2105, 171.738), (25.0166, 120.953), (12.0979, 107.201)))
(((14.7559, -212.673), (-13.6388, -229.376), (-28.5, -216.079), (-28.5, -188.441), (8.7654, -181.865), (14.7559, -212.673)))
(((19.9012, -552.704), (-42.9283, -567.783), (-35.3005, -491.505), (-12.5509, -485.755), (12.0171, -492.346), (29.4811, -539.499), (19.9012, -552.704)))
(((21.4631, -70.899), (-24.5143, -85.7304), (-26.4748, -84.9106), (-30.8764, -66.9653), (-8.6683, -24.7698), (-2.94648, -23.5157), (21.4631, -70.899)))
(((-88.1823, -712.371), (-31.5447, -625.975), (46.5401, -632.62), (73.9937, -644.679), (96.4418, -665.049), (100, -676), (100, -676), (80.9017, -734.779), (30.9017, -771.106), (-30.9017, -771.106), (-80.9017, -734.779), (-88.1823, -712.371)))
(((42.4153, -402.839), (28.7219, -419.141), (-0.975, -427.875), (-29.2422, -407.684), (-32.9671, -395.137), (19.2294, -362.171), (43.0276, -393.164), (42.4153, -402.839)))
(((-31.3671, 542.861), (-26.9017, 546.106), (-1.03522, 546.106), (34.5714, 439.286), (-5.75926, 406.288), (-50.2304, 479.059), (-31.3671, 542.861)))
(((16.1854, -347.83), (-12.9859, -332.958), (-16.34, -325.076), (6.86364, -292.591), (24.6496, -308.683), (16.1854, -347.83)))
(((30.1667, -103.833), (-7.44118, -109.206), (-24.5143, -85.7304), (21.4631, -70.899), (32.9115, -76.3847), (30.1667, -103.833)))
(((46.5401, -632.62), (-31.5447, -625.975), (-49.1374, -576.715), (-42.9283, -567.783), (19.9012, -552.704), (46.5401, -632.62)))
(((44.3, -132.1), (14.5, -151.755), (-10.7627, -139.93), (-7.44118, -109.206), (30.1667, -103.833), (44.3, -132.1)))
(((19.2331, -262.456), (2.00871, -265.706), (-12.47, -245.156), (-13.6388, -229.376), (14.7559, -212.673), (36.8701, -221.303), (19.2331, -262.456)))
(((51.8776, 51.6471), (8.73744, 22.4983), (-28.7619, 52.8549), (11.8451, 101.197), (52.1028, 53.523), (51.8776, 51.6471)))
(((12.0171, -492.346), (-12.5509, -485.755), (-0.975, -427.875), (28.7219, -419.141), (43.3832, -476.157), (12.0171, -492.346)))
(((23.7133, 267.525), (57.1376, 193.08), (24.2105, 171.738), (-5.72258, 186.977), (-29.5908, 238.123), (23.0482, 267.696), (23.7133, 267.525)))
(((48.3403, -293.978), (24.6496, -308.683), (6.86364, -292.591), (-0.25, -271.25), (2.00871, -265.706), (19.2331, -262.456), (51.1958, -276.488), (48.3403, -293.978)))
(((52.4959, -66.4077), (32.9115, -76.3847), (21.4631, -70.899), (-2.94648, -23.5157), (11.5611, -10.8215), (50.3077, -17.1734), (52.4959, -66.4077)))
(((39.9231, -220.612), (36.8701, -221.303), (14.7559, -212.673), (8.7654, -181.865), (14.5, -172.944), (57.122, -190.309), (39.9231, -220.612)))
(((66.7654, 25.0617), (57.2338, -13.0647), (50.3077, -17.1734), (11.5611, -10.8215), (8.73744, 22.4983), (51.8776, 51.6471), (66.7654, 25.0617)))
(((57.2484, 365.424), (18.3144, 360.897), (-7.90521, 388.73), (-5.75926, 406.288), (34.5714, 439.286), (89.2292, 428.354), (57.2484, 365.424)))
(((57.122, -190.309), (14.5, -172.944), (14.5, -151.755), (44.3, -132.1), (50.7829, -133.489), (64.3824, -186.376), (57.122, -190.309)))
(((66.0928, -330.024), (18.5496, -351.294), (16.1854, -347.83), (24.6496, -308.683), (48.3403, -293.978), (67.7025, -322.561), (66.0928, -330.024)))
(((62.5264, -269.32), (51.1958, -276.488), (19.2331, -262.456), (36.8701, -221.303), (39.9231, -220.612), (73.3655, -246.739), (62.5264, -269.32)))
(((46.5401, -632.62), (19.9012, -552.704), (29.4811, -539.499), (71.9752, -541.736), (73.9937, -644.679), (46.5401, -632.62)))
(((83.463, -531.889), (71.9752, -541.736), (29.4811, -539.499), (12.0171, -492.346), (43.3832, -476.157), (45.4408, -476.244), (85.1861, -502.165), (83.463, -531.889)))
(((92.9543, 332.315), (50.7348, 273.464), (23.7133, 267.525), (23.0482, 267.696), (7.31013, 319.5), (18.3144, 360.897), (57.2484, 365.424), (92.9543, 332.315)))
(((-1.0135, 546.04), (0.945038, 547.463), (93.8397, 508.834), (119.823, 444.827), (89.2292, 428.354), (34.5714, 439.286), (-1.0135, 546.04)))
(((83.5534, -435.082), (45.4408, -476.244), (43.3832, -476.157), (28.7219, -419.141), (42.4153, -402.839), (83.5534, -435.082)))
(((71.355, -126.744), (50.7829, -133.489), (44.3, -132.1), (30.1667, -103.833), (32.9115, -76.3847), (52.4959, -66.4077), (58.0231, -68.2166), (80.9124, -117.81), (71.355, -126.744)))
(((77.0843, 123.433), (25.0166, 120.953), (24.2105, 171.738), (57.1376, 193.08), (72.6457, 190.223), (88.4973, 139.696), (77.0843, 123.433)))
(((83.7978, -373.628), (43.0276, -393.164), (19.2294, -362.171), (18.5496, -351.294), (66.0928, -330.024), (85.2922, -354.201), (83.7978, -373.628)))
(((95.1558, 81.0037), (52.1028, 53.523), (11.8451, 101.197), (12.0979, 107.201), (25.0166, 120.953), (77.0843, 123.433), (95.1558, 81.0037)))
(((90.9386, -238.893), (73.3655, -246.739), (39.9231, -220.612), (57.122, -190.309), (64.3824, -186.376), (97.1907, -191.556), (90.9386, -238.893)))
(((72.6457, 190.223), (57.1376, 193.08), (23.7133, 267.525), (50.7348, 273.464), (95.8966, 253.219), (82.8049, 196.488), (72.6457, 190.223)))
(((101.817, -301.239), (67.7025, -322.561), (48.3403, -293.978), (51.1958, -276.488), (62.5264, -269.32), (102.332, -299.572), (101.817, -301.239)))
(((102.152, -43.4842), (91.0928, -62.0641), (58.0231, -68.2166), (52.4959, -66.4077), (50.3077, -17.1734), (57.2338, -13.0647), (99.425, -24.7346), (102.152, -43.4842)))
(((97.1907, -191.556), (64.3824, -186.376), (50.7829, -133.489), (71.355, -126.744), (103.215, -175.596), (98.3265, -190.776), (97.1907, -191.556)))
(((85.1861, -502.165), (45.4408, -476.244), (83.5534, -435.082), (87.8956, -435.222), (97.1174, -492.858), (85.1861, -502.165)))
(((108.384, -427.098), (87.8956, -435.222), (83.5534, -435.082), (42.4153, -402.839), (43.0276, -393.164), (83.7978, -373.628), (112.053, -392.251), (108.384, -427.098)))
(((106.974, -110.171), (80.9124, -117.81), (58.0231, -68.2166), (91.0928, -62.0641), (112.081, -101.709), (106.974, -110.171)))
(((99.425, -24.7346), (57.2338, -13.0647), (66.7654, 25.0617), (104.225, 23.1888), (123.153, 0.818885), (99.425, -24.7346)))
(((113.944, 74.562), (104.225, 23.1888), (66.7654, 25.0617), (51.8776, 51.6471), (52.1028, 53.523), (95.1558, 81.0037), (113.944, 74.562)))
(((121.186, -283.412), (102.332, -299.572), (62.5264, -269.32), (73.3655, -246.739), (90.9386, -238.893), (104.688, -246.75), (121.186, -283.412)))
(((116.699, -335.965), (85.2922, -354.201), (66.0928, -330.024), (67.7025, -322.561), (101.817, -301.239), (116.699, -335.965)))
(((0.630189, 547.594), (-6, 568), (13.0983, 626.779), (63.0983, 663.106), (76.7968, 663.106), (139.369, 553.604), (93.8397, 508.834), (0.630189, 547.594)))
(((132.827, 260.384), (95.8966, 253.219), (50.7348, 273.464), (92.9543, 332.315), (102.955, 331.747), (132.827, 260.384)))
(((133.071, -660.076), (128.902, -663.106), (94.3001, -663.106), (73.9937, -644.679), (71.9752, -541.736), (83.463, -531.889), (135.925, -553.075), (133.071, -660.076)))
(((128.599, -148.719), (103.215, -175.596), (71.355, -126.744), (80.9124, -117.81), (106.974, -110.171), (128.599, -148.719)))
(((127.225, 441.911), (132.024, 347.527), (102.955, 331.747), (92.9543, 332.315), (57.2484, 365.424), (89.2292, 428.354), (119.823, 444.827), (127.225, 441.911)))
(((134.047, -483.284), (97.1174, -492.858), (87.8956, -435.222), (108.384, -427.098), (122.582, -436.38), (134.047, -483.284)))
(((142.708, 145.504), (88.4973, 139.696), (72.6457, 190.223), (82.8049, 196.488), (127.15, 194.749), (157.967, 160.263), (142.708, 145.504)))
(((139.786, 257.929), (127.15, 194.749), (82.8049, 196.488), (95.8966, 253.219), (132.827, 260.384), (139.786, 257.929)))
(((148.887, -371.623), (112.053, -392.251), (83.7978, -373.628), (85.2922, -354.201), (116.699, -335.965), (129.476, -340.687), (149.863, -367.446), (148.887, -371.623)))
(((136.373, 78.3486), (113.944, 74.562), (95.1558, 81.0037), (77.0843, 123.433), (88.4973, 139.696), (142.708, 145.504), (136.373, 78.3486)))
(((136.578, -90.6157), (112.081, -101.709), (91.0928, -62.0641), (102.152, -43.4842), (135.73, -56.7119), (136.578, -90.6157)))
(((135.925, -553.075), (83.463, -531.889), (85.1861, -502.165), (97.1174, -492.858), (134.047, -483.284), (138.469, -485.393), (142.717, -546.283), (135.925, -553.075)))
(((145.703, -230.873), (104.688, -246.75), (90.9386, -238.893), (97.1907, -191.556), (98.3265, -190.776), (129.5, -201.167), (145.703, -230.873)))
(((172.183, 45.1827), (128.022, 1.02174), (123.153, 0.818885), (104.225, 23.1888), (113.944, 74.562), (136.373, 78.3486), (170.503, 59.3875), (172.183, 45.1827)))
(((149.567, -304.809), (129.476, -340.687), (116.699, -335.965), (101.817, -301.239), (102.332, -299.572), (121.186, -283.412), (142.298, -284.82), (149.567, -304.809)))
(((158.973, -37.1006), (135.73, -56.7119), (102.152, -43.4842), (99.425, -24.7346), (123.153, 0.818885), (128.022, 1.02174), (159.076, -30.9458), (158.973, -37.1006)))
(((153.245, -239.723), (151.451, -276.499), (142.298, -284.82), (121.186, -283.412), (104.688, -246.75), (145.703, -230.873), (148.8, -232.2), (153.245, -239.723)))
(((163.66, -178.394), (129.5, -201.167), (98.3265, -190.776), (103.215, -175.596), (128.599, -148.719), (133.373, -149.138), (159.963, -163.037), (163.66, -178.394)))
(((164.492, -425.136), (122.582, -436.38), (108.384, -427.098), (112.053, -392.251), (148.887, -371.623), (170.949, -405.406), (164.492, -425.136)))
(((139.786, 257.929), (132.827, 260.384), (102.955, 331.747), (132.024, 347.527), (177.967, 334.311), (148.268, 259.282), (139.786, 257.929)))
(((160.115, -112.11), (133.373, -149.138), (128.599, -148.719), (106.974, -110.171), (112.081, -101.709), (136.578, -90.6157), (142.208, -92.2838), (160.115, -112.11)))
(((177.24, -449.525), (156.201, -481.961), (138.469, -485.393), (134.047, -483.284), (122.582, -436.38), (164.492, -425.136), (177.24, -449.525)))
(((76.2855, 664), (119.098, 695.106), (180.902, 695.106), (213.95, 671.095), (176.235, 554.807), (139.369, 553.604), (76.2855, 664)))
(((182.335, -344.716), (149.863, -367.446), (129.476, -340.687), (149.567, -304.809), (183.827, -326.507), (182.335, -344.716)))
(((184.158, -196.842), (148.8, -232.2), (145.703, -230.873), (129.5, -201.167), (163.66, -178.394), (184.158, -196.842)))
(((218.239, 510.949), (137.934, 442.493), (127.225, 441.911), (119.823, 444.827), (93.8397, 508.834), (139.369, 553.604), (176.235, 554.807), (218.239, 510.949)))
(((182.68, 163.142), (157.967, 160.263), (127.15, 194.749), (139.786, 257.929), (148.268, 259.282), (184.043, 243.541), (182.68, 163.142)))
(((176.966, -72.2309), (142.208, -92.2838), (136.578, -90.6157), (135.73, -56.7119), (158.973, -37.1006), (174.663, -53.8023), (176.966, -72.2309)))
(((183.173, -139.827), (159.963, -163.037), (133.373, -149.138), (160.115, -112.11), (179.501, -118.256), (183.173, -139.827)))
(((197.343, 339.997), (177.967, 334.311), (132.024, 347.527), (127.225, 441.911), (137.934, 442.493), (193.591, 405.66), (197.343, 339.997)))
(((191.27, -536.913), (142.717, -546.283), (138.469, -485.393), (156.201, -481.961), (197.573, -509.18), (191.27, -536.913)))
(((202.976, 0.411765), (159.076, -30.9458), (128.022, 1.02174), (172.183, 45.1827), (207.041, 6.05643), (202.976, 0.411765)))
(((196.801, 156.636), (171.224, 60.0147), (170.503, 59.3875), (136.373, 78.3486), (142.708, 145.504), (157.967, 160.263), (182.68, 163.142), (196.801, 156.636)))
(((199.935, -97.203), (179.501, -118.256), (160.115, -112.11), (142.208, -92.2838), (176.966, -72.2309), (199.456, -90.3674), (199.935, -97.203)))
(((183.827, -326.507), (149.567, -304.809), (142.298, -284.82), (151.451, -276.499), (185.514, -277.31), (197.173, -310.492), (183.827, -326.507)))
(((256.146, -621.87), (253.902, -628.779), (203.902, -665.106), (142.098, -665.106), (133.111, -658.576), (135.925, -553.075), (142.717, -546.283), (191.27, -536.913), (256.146, -621.87)))
(((185.514, -277.31), (151.451, -276.499), (153.245, -239.723), (187.185, -243.359), (194.204, -266.523), (185.514, -277.31)))
(((203.853, -203.618), (202.013, -218.645), (187.185, -243.359), (153.245, -239.723), (148.8, -232.2), (184.158, -196.842), (202.096, -200.544), (203.853, -203.618)))
(((237.918, -477.969), (197.573, -509.18), (156.201, -481.961), (177.24, -449.525), (215.661, -455.247), (237.918, -477.969)))
(((234.701, 260.872), (184.043, 243.541), (148.268, 259.282), (177.967, 334.311), (197.343, 339.997), (247.48, 317.54), (234.701, 260.872)))
(((207.938, -400.967), (170.949, -405.406), (148.887, -371.623), (149.863, -367.446), (182.335, -344.716), (218.105, -365.383), (207.938, -400.967)))
(((223.054, -161.733), (202.096, -200.544), (184.158, -196.842), (163.66, -178.394), (159.963, -163.037), (183.173, -139.827), (220.628, -155.194), (223.054, -161.733)))
(((201.093, -46.6866), (174.663, -53.8023), (158.973, -37.1006), (159.076, -30.9458), (202.976, 0.411765), (201.093, -46.6866)))
(((214.557, -408.873), (215.661, -455.247), (177.24, -449.525), (164.492, -425.136), (170.949, -405.406), (207.938, -400.967), (214.557, -408.873)))
(((199.456, -90.3674), (176.966, -72.2309), (174.663, -53.8023), (201.093, -46.6866), (223.002, -62.4611), (199.456, -90.3674)))
(((297.947, 106.317), (171.224, 60.0147), (196.801, 156.636), (284.952, 146.312), (297.947, 106.317)))
(((220.628, -155.194), (183.173, -139.827), (179.501, -118.256), (199.935, -97.203), (233.534, -118.089), (220.628, -155.194)))
(((250.685, 427.963), (193.591, 405.66), (137.934, 442.493), (218.239, 510.949), (248.065, 506.556), (250.685, 427.963)))
(((230.488, -263.732), (194.204, -266.523), (187.185, -243.359), (202.013, -218.645), (230.488, -263.732)))
(((233.317, -264.619), (216.688, -308.46), (197.173, -310.492), (185.514, -277.31), (194.204, -266.523), (230.488, -263.732), (233.317, -264.619)))
(((285.655, 146.23), (196.801, 156.636), (182.68, 163.142), (184.043, 243.541), (234.701, 260.872), (299.168, 168.429), (293.902, 152.221), (285.655, 146.23)))
(((218.105, -365.383), (182.335, -344.716), (183.827, -326.507), (197.173, -310.492), (216.688, -308.46), (235.127, -320.42), (227.063, -361.891), (218.105, -365.383)))
(((237.618, -58.5259), (223.002, -62.4611), (201.093, -46.6866), (202.976, 0.411765), (207.041, 6.05643), (282.434, 1.62155), (237.618, -58.5259)))
(((306.904, 10.7731), (282.434, 1.62155), (207.041, 6.05643), (172.183, 45.1827), (170.503, 59.3875), (171.224, 60.0147), (299.67, 106.947), (299.902, 106.779), (319, 48), (319, 48), (306.904, 10.7731)))
(((313.398, 543.371), (248.065, 506.556), (218.239, 510.949), (176.235, 554.807), (213.953, 671.106), (254.902, 671.106), (304.902, 634.779), (324, 576), (324, 576), (313.398, 543.371)))
(((241.973, -262.804), (233.317, -264.619), (230.488, -263.732), (202.013, -218.645), (203.853, -203.618), (242.257, -216.419), (248.024, -253.906), (241.973, -262.804)))
(((319.505, -554.145), (308.902, -586.779), (258.902, -623.106), (257.09, -623.106), (191.27, -536.913), (197.573, -509.18), (237.918, -477.969), (239.733, -478.112), (319.505, -554.145)))
(((254.496, -108.992), (233.534, -118.089), (199.935, -97.203), (199.456, -90.3674), (223.002, -62.4611), (237.618, -58.5259), (255.915, -106.883), (254.496, -108.992)))
(((294.443, 340.825), (247.48, 317.54), (197.343, 339.997), (193.591, 405.66), (250.685, 427.963), (290.893, 388.955), (294.443, 340.825)))
(((239.733, -478.112), (237.918, -477.969), (215.661, -455.247), (214.557, -408.873), (256.46, -410.07), (266.548, -439.702), (239.733, -478.112)))
(((267.817, -382.575), (256.46, -410.07), (214.557, -408.873), (207.938, -400.967), (218.105, -365.383), (227.063, -361.891), (254.274, -368.694), (267.817, -382.575)))
(((267.808, -311.507), (235.127, -320.42), (216.688, -308.46), (233.317, -264.619), (241.973, -262.804), (271.969, -302.442), (267.808, -311.507)))
(((266.764, -199.4), (242.257, -216.419), (203.853, -203.618), (202.096, -200.544), (223.054, -161.733), (258.893, -170.334), (266.764, -199.4)))
(((272.554, -326.041), (254.274, -368.694), (227.063, -361.891), (235.127, -320.42), (267.808, -311.507), (272.554, -326.041)))
(((258.893, -170.334), (223.054, -161.733), (220.628, -155.194), (233.534, -118.089), (254.496, -108.992), (276.568, -153.136), (258.893, -170.334)))
(((275.989, -203.729), (282.55, -244.411), (248.024, -253.906), (242.257, -216.419), (266.764, -199.4), (275.989, -203.729)))
(((344.611, -15.2837), (300.439, -91.1685), (255.915, -106.883), (237.618, -58.5259), (282.434, 1.62155), (308.121, 11.2281), (344.611, -15.2837)))
(((303.1, -289.1), (271.969, -302.442), (241.973, -262.804), (248.024, -253.906), (282.55, -244.411), (311.667, -257.352), (303.1, -289.1)))
(((299.759, -379.868), (267.817, -382.575), (254.274, -368.694), (272.554, -326.041), (297.031, -344.398), (299.759, -379.868)))
(((326.39, -432.927), (266.548, -439.702), (256.46, -410.07), (267.817, -382.575), (299.759, -379.868), (312.905, -387.077), (326.39, -432.927)))
(((304.189, -151.052), (276.568, -153.136), (254.496, -108.992), (255.915, -106.883), (300.439, -91.1685), (311.328, -135.631), (304.189, -151.052)))
(((318.919, -177.356), (303.847, -198.664), (275.989, -203.729), (266.764, -199.4), (258.893, -170.334), (276.568, -153.136), (304.189, -151.052), (318.919, -177.356)))
(((322.63, -557.124), (239.733, -478.112), (266.548, -439.702), (326.39, -432.927), (383.372, -481.322), (369.902, -522.779), (322.63, -557.124)))
(((298.843, 168.894), (234.701, 260.872), (247.48, 317.54), (294.443, 340.825), (377.287, 300.05), (389, 264), (389, 264), (369.902, 205.221), (319.902, 168.894), (298.843, 168.894)))
(((311.667, -257.352), (282.55, -244.411), (275.989, -203.729), (303.847, -198.664), (326.004, -247.409), (311.667, -257.352)))
(((316.476, 545.106), (325.902, 545.106), (375.902, 508.779), (384.837, 481.279), (290.893, 388.955), (250.685, 427.963), (248.065, 506.556), (316.476, 545.106)))
(((330.987, -319.949), (297.031, -344.398), (272.554, -326.041), (267.808, -311.507), (271.969, -302.442), (303.1, -289.1), (331.596, -317.596), (330.987, -319.949)))
(((341.901, -363.604), (312.905, -387.077), (299.759, -379.868), (297.031, -344.398), (330.987, -319.949), (341.901, -363.604)))
(((419.125, -235.315), (326.004, -247.409), (303.847, -198.664), (318.919, -177.356), (423.403, -193.853), (428, -208), (428, -208), (419.125, -235.315)))
(((430.191, -119.569), (311.328, -135.631), (300.439, -91.1685), (342.509, -18.8943), (362.902, -18.8943), (412.902, -55.2215), (432, -114), (432, -114), (430.191, -119.569)))
(((423.092, -193.804), (318.919, -177.356), (304.189, -151.052), (311.328, -135.631), (426.931, -120.009), (437, -151), (437, -151), (423.092, -193.804)))
(((436.588, -280.654), (331.596, -317.596), (303.1, -289.1), (311.667, -257.352), (326.004, -247.409), (421.746, -234.975), (436.588, -280.654)))
(((385.729, -483.325), (326.39, -432.927), (312.905, -387.077), (341.901, -363.604), (446.001, -375.616), (451, -391), (451, -391), (431.902, -449.779), (385.729, -483.325)))
(((383.224, 297.128), (294.443, 340.825), (290.893, 388.955), (387.423, 483.821), (432.902, 450.779), (452, 392), (452, 392), (432.902, 333.221), (383.224, 297.128)))
(((445.135, -375.516), (341.901, -363.604), (330.987, -319.949), (331.596, -317.596), (437.874, -280.202), (437.902, -280.221), (457, -339), (457, -339), (445.135, -375.516)))
