(((-285.417, -234.49), (-291.902, -229.779), (-311, -171), (-291.902, -112.221), (-283.727, -106.282), (-195.852, -149.285), (-181.562, -185.904), (-208.343, -213.294), (-285.417, -234.49)))
(((-289.56, -416.676), (-307, -363), (-287.902, -304.221), (-274.749, -294.665), (-250.676, -298.534), (-190.597, -333.156), (-180.628, -368.432), (-235.807, -406.367), (-289.56, -416.676)))
(((-275.504, -489.847), (-293, -436), (-286.533, -416.095), (-235.807, -406.367), (-167.303, -419.734), (-166.599, -456.338), (-275.504, -489.847)))
(((-213.402, 476.894), (-222.902, 476.894), (-272.902, 513.221), (-292, 572), (-272.902, 630.779), (-222.902, 667.106), (-161.098, 667.106), (-118.787, 636.365), (-211.439, 477.96), (-213.402, 476.894)))
(((-274.816, -294.655), (-289, -251), (-283.461, -233.952), (-208.343, -213.294), (-164.435, -241.347), (-173.529, -275.245), (-250.676, -298.534), (-274.816, -294.655)))
(((-258.087, -57.3639), (-160.093, -107.361), (-161.764, -129.492), (-195.852, -149.285), (-282.447, -106.909), (-268.902, -65.2215), (-258.087, -57.3639)))
(((-167.303, -419.734), (-235.807, -406.367), (-180.628, -368.432), (-163.89, -377.358), (-160.763, -412.539), (-167.303, -419.734)))
(((-254.311, -549.387), (-257.902, -546.779), (-276.318, -490.098), (-166.599, -456.338), (-149.162, -468.183), (-147.357, -474.071), (-164.813, -526.439), (-254.311, -549.387)))
(((-152.019, -323.092), (-190.597, -333.156), (-250.676, -298.534), (-173.529, -275.245), (-149.061, -289.809), (-152.019, -323.092)))
(((-145.437, -150.656), (-168.349, -185.023), (-181.562, -185.904), (-195.852, -149.285), (-161.764, -129.492), (-145.437, -150.656)))
(((-139.81, -231.916), (-164.435, -241.347), (-208.343, -213.294), (-181.562, -185.904), (-168.349, -185.023), (-139.281, -203.917), (-139.81, -231.916)))
(((-257.386, -57.7215), (-243.902, -16.2215), (-193.902, 20.1057), (-136.5, 20.1057), (-136.5, -94.8962), (-160.093, -107.361), (-257.386, -57.7215)))
(((-129.873, -359.935), (-163.89, -377.358), (-180.628, -368.432), (-190.597, -333.156), (-152.019, -323.092), (-137.968, -334.132), (-129.873, -359.935)))
(((-228.167, -631.851), (-237.902, -624.779), (-257, -566), (-251.356, -548.63), (-164.813, -526.439), (-143.311, -534.972), (-127.316, -574.96), (-228.167, -631.851)))
(((-128.398, -280.825), (-149.061, -289.809), (-173.529, -275.245), (-164.435, -241.347), (-139.81, -231.916), (-124.101, -243.869), (-128.398, -280.825)))
(((-112.214, -439.929), (-149.162, -468.183), (-166.599, -456.338), (-167.303, -419.734), (-160.763, -412.539), (-124.287, -413.368), (-112.214, -439.929)))
(((-110.531, -388.722), (-124.287, -413.368), (-160.763, -412.539), (-163.89, -377.358), (-129.873, -359.935), (-114.059, -368.258), (-110.531, -388.722)))
(((-139.281, -203.917), (-168.349, -185.023), (-145.437, -150.656), (-133.716, -151.903), (-121.886, -192.462), (-139.281, -203.917)))
(((-118.938, 636.106), (-108.098, 636.106), (-101.024, 630.966), (-84.5321, 573.729), (-105.472, 496.342), (-211.439, 477.96), (-118.938, 636.106)))
(((-187.924, -684.106), (-215.902, -663.779), (-226.569, -630.949), (-127.316, -574.96), (-90.2719, -589.908), (-146.1, -673.65), (-187.924, -684.106)))
(((-101.377, -136.541), (-133.716, -151.903), (-145.437, -150.656), (-161.764, -129.492), (-160.093, -107.361), (-136.5, -94.8962), (-95.3973, -114.284), (-101.377, -136.541)))
(((-98.9058, -515.236), (-143.311, -534.972), (-164.813, -526.439), (-147.357, -474.071), (-94.1282, -500.686), (-98.9058, -515.236)))
(((-106.111, -312.077), (-137.968, -334.132), (-152.019, -323.092), (-149.061, -289.809), (-128.398, -280.825), (-107.472, -292.564), (-106.111, -312.077)))
(((-146.441, 347.894), (-152.902, 347.894), (-202.902, 384.221), (-222, 443), (-210.593, 478.106), (-105.472, 496.342), (-64.8846, 459.542), (-94.9997, 377.41), (-146.441, 347.894)))
(((-94.5619, -190.754), (-121.886, -192.462), (-133.716, -151.903), (-101.377, -136.541), (-89.8256, -161.744), (-94.5619, -190.754)))
(((-83.7668, -491.435), (-94.1282, -500.686), (-147.357, -474.071), (-149.162, -468.183), (-112.214, -439.929), (-104.031, -442.656), (-82.9, -481.9), (-83.7668, -491.435)))
(((-92.111, -193.572), (-94.0366, -217.963), (-120.673, -243.331), (-124.101, -243.869), (-139.81, -231.916), (-139.281, -203.917), (-121.886, -192.462), (-94.5619, -190.754), (-92.111, -193.572)))
(((-90.2719, -589.908), (-127.316, -574.96), (-143.311, -534.972), (-98.9058, -515.236), (-65.7369, -583.016), (-90.2719, -589.908)))
(((-80.3106, -348.153), (-114.059, -368.258), (-129.873, -359.935), (-137.968, -334.132), (-106.111, -312.077), (-82.6603, -332.293), (-80.3106, -348.153)))
(((-136.5, 20.1057), (-124.984, 20.1057), (-95.473, 0.00744896), (-79.6906, -92.933), (-85.388, -108.363), (-95.3973, -114.284), (-136.5, -94.8962), (-136.5, 20.1057)))
(((-79.6729, -277.933), (-107.472, -292.564), (-128.398, -280.825), (-124.101, -243.869), (-120.673, -243.331), (-80.2612, -259.496), (-76.7452, -273.019), (-79.6729, -277.933)))
(((-122.75, -824.106), (-134.902, -824.106), (-184.902, -787.779), (-204, -729), (-189.545, -684.511), (-146.1, -673.65), (-66.9371, -688.278), (-54.295, -719.712), (-122.75, -824.106)))
(((-68.7778, -420.222), (-104.031, -442.656), (-112.214, -439.929), (-124.287, -413.368), (-110.531, -388.722), (-69.2524, -406.933), (-68.7778, -420.222)))
(((-80.2612, -259.496), (-120.673, -243.331), (-94.0366, -217.963), (-71.6818, -240.318), (-80.2612, -259.496)))
(((-56.5, -584.83), (-56.5, -674.045), (-66.9371, -688.278), (-146.1, -673.65), (-90.2719, -589.908), (-65.7369, -583.016), (-56.5, -584.83)))
(((-82.6603, -332.293), (-106.111, -312.077), (-107.472, -292.564), (-79.6729, -277.933), (-67.3635, -311.169), (-82.6603, -332.293)))
(((-54.7756, -388.384), (-69.2524, -406.933), (-110.531, -388.722), (-114.059, -368.258), (-80.3106, -348.153), (-67.4903, -354.214), (-54.7756, -388.384)))
(((-46.5588, -445.559), (-82.9, -481.9), (-104.031, -442.656), (-68.7778, -420.222), (-47.2083, -441.792), (-46.5588, -445.559)))
(((-55.8011, -231.243), (-71.6818, -240.318), (-94.0366, -217.963), (-92.111, -193.572), (-55.0122, -200.474), (-55.8011, -231.243)))
(((-51.4912, -160.466), (-89.8256, -161.744), (-101.377, -136.541), (-95.3973, -114.284), (-85.388, -108.363), (-43.2113, -129.003), (-51.4912, -160.466)))
(((-44.6307, -193.16), (-55.0122, -200.474), (-92.111, -193.572), (-94.5619, -190.754), (-89.8256, -161.744), (-51.4912, -160.466), (-47.0119, -168.753), (-44.6307, -193.16)))
(((-44.2908, -580.579), (-56.5, -584.83), (-65.7369, -583.016), (-98.9058, -515.236), (-94.1282, -500.686), (-83.7668, -491.435), (-33.2336, -507.605), (-30.7888, -560.576), (-44.2908, -580.579)))
(((-24.9233, -299.564), (-33.4198, -308.979), (-67.3635, -311.169), (-79.6729, -277.933), (-76.7452, -273.019), (-38.8705, -275.79), (-24.9747, -296.17), (-24.9233, -299.564)))
(((-50.2771, -19.5892), (-35.5451, -76.88), (-79.6906, -92.933), (-95.473, 0.00744896), (-61.942, -8.14026), (-50.2771, -19.5892)))
(((-38.4302, -341.547), (-67.4903, -354.214), (-80.3106, -348.153), (-82.6603, -332.293), (-67.3635, -311.169), (-33.4198, -308.979), (-38.4302, -341.547)))
(((-38.8705, -275.79), (-76.7452, -273.019), (-80.2612, -259.496), (-71.6818, -240.318), (-55.8011, -231.243), (-30.6847, -245.279), (-38.8705, -275.79)))
(((-10.4472, 470.631), (-64.8846, 459.542), (-105.472, 496.342), (-84.5321, 573.729), (19.5138, 513.492), (-10.4472, 470.631)))
(((-130.834, 260.719), (-132.902, 262.221), (-152, 321), (-142.533, 350.137), (-94.9997, 377.41), (-13.6168, 359.122), (-8.23722, 353.812), (-32.9272, 282.211), (-130.834, 260.719)))
(((-7.10221, -480.362), (-33.2336, -507.605), (-83.7668, -491.435), (-82.9, -481.9), (-46.5588, -445.559), (-8.41525, -477.517), (-7.10221, -480.362)))
(((-30.2948, -79.7552), (-31.9478, -126.039), (-43.2113, -129.003), (-85.388, -108.363), (-79.6906, -92.933), (-35.5451, -76.88), (-30.2948, -79.7552)))
(((38.7748, -825.091), (37.9017, -827.779), (-12.0983, -864.106), (-73.9017, -864.106), (-123.902, -827.779), (-124.318, -826.497), (-54.295, -719.712), (-9.34164, -737.811), (38.7748, -825.091)))
(((-12.7949, -410.131), (-47.2083, -441.792), (-68.7778, -420.222), (-69.2524, -406.933), (-54.7756, -388.384), (-24.6634, -389.639), (-19.6939, -393.705), (-12.7949, -410.131)))
(((-24.6634, -389.639), (-54.7756, -388.384), (-67.4903, -354.214), (-38.4302, -341.547), (-20.4182, -353.555), (-24.6634, -389.639)))
(((-30.6847, -245.279), (-55.8011, -231.243), (-55.0122, -200.474), (-44.6307, -193.16), (-21.7189, -197.934), (-20.3098, -240.207), (-30.6847, -245.279)))
(((-121.925, 201.837), (-134, 239), (-126.644, 261.639), (-32.9272, 282.211), (8.41755, 255.537), (7.39992, 212.797), (-121.925, 201.837)))
(((3.53614, 439.169), (-13.6168, 359.122), (-94.9997, 377.41), (-64.8846, 459.542), (-10.4472, 470.631), (3.53614, 439.169)))
(((-123.991, 19.4294), (-131, 41), (-111.902, 99.7785), (-95.8409, 111.447), (-39.931, 110.643), (-28.2261, 102.182), (-0.636364, 23.0909), (-61.942, -8.14026), (-95.473, 0.00744896), (-123.991, 19.4294)))
(((-0.947368, -157.237), (-47.0119, -168.753), (-51.4912, -160.466), (-43.2113, -129.003), (-31.9478, -126.039), (-21.6043, -128.44), (-0.683453, -153.41), (-0.947368, -157.237)))
(((-96.4611, 111.456), (-109.902, 121.221), (-129, 180), (-121.904, 201.839), (7.39992, 212.797), (29.3402, 182.388), (-39.931, 110.643), (-96.4611, 111.456)))
(((-5.30301, -661.013), (-56.5, -674.045), (-56.5, -584.83), (-44.2908, -580.579), (10.0507, -618.993), (-5.30301, -661.013)))
(((5.52052, -186.342), (-21.7189, -197.934), (-44.6307, -193.16), (-47.0119, -168.753), (-0.947368, -157.237), (5.52052, -186.342)))
(((-6.3147, -76.9668), (-30.2948, -79.7552), (-35.5451, -76.88), (-50.2771, -19.5892), (8.54564, -43.1183), (-6.3147, -76.9668)))
(((-101.846, 633.819), (-51.9017, 670.106), (9.9017, 670.106), (44.1923, 645.192), (24.939, 516.436), (19.5138, 513.492), (-84.5321, 573.729), (-101.846, 633.819)))
(((-8.41525, -477.517), (-46.5588, -445.559), (-47.2083, -441.792), (-12.7949, -410.131), (3.4903, -419.69), (-8.41525, -477.517)))
(((4.00899, -345.632), (-20.4182, -353.555), (-38.4302, -341.547), (-33.4198, -308.979), (-24.9233, -299.564), (10.0283, -322.558), (4.00899, -345.632)))
(((9.01667, -99.044), (-21.6043, -128.44), (-31.9478, -126.039), (-30.2948, -79.7552), (-6.3147, -76.9668), (9.01667, -99.044)))
(((5.20914, -273.272), (-24.9747, -296.17), (-38.8705, -275.79), (-30.6847, -245.279), (-20.3098, -240.207), (9.39407, -245.373), (5.20914, -273.272)))
(((-9.34164, -737.811), (-54.295, -719.712), (-66.9371, -688.278), (-56.5, -674.045), (-5.30301, -661.013), (23.9082, -691.848), (-9.34164, -737.811)))
(((19.7653, -205.5), (16.8868, -240.762), (9.39407, -245.373), (-20.3098, -240.207), (-21.7189, -197.934), (5.52052, -186.342), (8.86418, -188.269), (19.7653, -205.5)))
(((21.0989, -368.875), (-19.6939, -393.705), (-24.6634, -389.639), (-20.4182, -353.555), (4.00899, -345.632), (21.0989, -368.875)))
(((23.6785, -37.5936), (8.54564, -43.1183), (-50.2771, -19.5892), (-61.942, -8.14026), (-0.636364, 23.0909), (13.1886, 19.838), (29.2344, -3.1466), (23.6785, -37.5936)))
(((37.3284, -542.65), (-30.7888, -560.576), (-33.2336, -507.605), (-7.10221, -480.362), (-2.62296, -481.293), (33.7454, -518.644), (37.3284, -542.65)))
(((41.4558, 278.251), (8.41755, 255.537), (-32.9272, 282.211), (-8.23722, 353.812), (37.5104, 345.323), (41.4558, 278.251)))
(((43.3679, -126.979), (-0.683453, -153.41), (-21.6043, -128.44), (9.01667, -99.044), (31.7894, -104.509), (40.9531, -112.893), (43.3679, -126.979)))
(((25.1316, -316.215), (10.0283, -322.558), (-24.9233, -299.564), (-24.9747, -296.17), (5.20914, -273.272), (33.8115, -295.657), (25.1316, -316.215)))
(((33.8387, -377.484), (20.5197, -417.441), (3.4903, -419.69), (-12.7949, -410.131), (-19.6939, -393.705), (21.0989, -368.875), (31.9524, -373.397), (33.8387, -377.484)))
(((58.1928, 73.5528), (13.1886, 19.838), (-0.636364, 23.0909), (-28.2261, 102.182), (47.7571, 83.1857), (58.1928, 73.5528)))
(((48.661, -563.356), (35.6667, -615.333), (10.0507, -618.993), (-44.2908, -580.579), (-30.7888, -560.576), (37.3284, -542.65), (41.9678, -546.251), (48.661, -563.356)))
(((35.8035, -460.158), (-2.62296, -481.293), (-7.10221, -480.362), (-8.41525, -477.517), (3.4903, -419.69), (20.5197, -417.441), (39.8557, -431.117), (35.8035, -460.158)))
(((37.2955, -47.6136), (31.7894, -104.509), (9.01667, -99.044), (-6.3147, -76.9668), (8.54564, -43.1183), (23.6785, -37.5936), (37.2955, -47.6136)))
(((57.5553, 356.1), (37.5104, 345.323), (-8.23722, 353.812), (-13.6168, 359.122), (3.53614, 439.169), (69.836, 404.638), (57.5553, 356.1)))
(((54.0246, -687.975), (23.9082, -691.848), (-5.30301, -661.013), (10.0507, -618.993), (35.6667, -615.333), (43.4444, -620.889), (69.3333, -672.667), (54.0246, -687.975)))
(((49.3317, -285.68), (33.8115, -295.657), (5.20914, -273.272), (9.39407, -245.373), (16.8868, -240.762), (41.9378, -249.634), (49.3317, -285.68)))
(((59.4954, -161.145), (8.86418, -188.269), (5.52052, -186.342), (-0.947368, -157.237), (-0.683453, -153.41), (43.3679, -126.979), (60.0286, -144.349), (59.4954, -161.145)))
(((53.5901, -344.547), (31.9524, -373.397), (21.0989, -368.875), (4.00899, -345.632), (10.0283, -322.558), (25.1316, -316.215), (52.5545, -337.445), (53.5901, -344.547)))
(((53.9929, 172.564), (47.7571, 83.1857), (-28.2261, 102.182), (-39.931, 110.643), (29.3402, 182.388), (46.7561, 179.152), (53.9929, 172.564)))
(((78.3545, -812.058), (65.9017, -821.106), (36.5775, -821.106), (-9.34164, -737.811), (23.9082, -691.848), (54.0246, -687.975), (78.3545, -812.058)))
(((33.7454, -518.644), (-2.62296, -481.293), (35.8035, -460.158), (69.0686, -480.704), (33.7454, -518.644)))
(((66.9739, -235.864), (41.9378, -249.634), (16.8868, -240.762), (19.7653, -205.5), (60.9651, -205.5), (69.3936, -228.152), (66.9739, -235.864)))
(((71.0985, -182.567), (60.9651, -205.5), (19.7653, -205.5), (8.86418, -188.269), (59.4954, -161.145), (71.0985, -182.567)))
(((67.8984, -422.764), (39.8557, -431.117), (20.5197, -417.441), (33.8387, -377.484), (66.5, -392), (67.8984, -422.764)))
(((83.2601, 41.9721), (65.947, 3.88347), (29.2344, -3.1466), (13.1886, 19.838), (58.1928, 73.5528), (63.9055, 72.1841), (83.2601, 41.9721)))
(((112.754, 440.713), (69.836, 404.638), (3.53614, 439.169), (-10.4472, 470.631), (19.5138, 513.492), (24.939, 516.436), (86.1419, 496.396), (127.482, 466.107), (112.754, 440.713)))
(((75.2071, -86.4688), (40.9531, -112.893), (31.7894, -104.509), (37.2955, -47.6136), (76.5111, -53.2159), (75.2071, -86.4688)))
(((99.3362, 254.266), (46.7561, 179.152), (29.3402, 182.388), (7.39992, 212.797), (8.41755, 255.537), (41.4558, 278.251), (97.205, 258.575), (99.3362, 254.266)))
(((72.407, -317.593), (52.5545, -337.445), (25.1316, -316.215), (33.8115, -295.657), (49.3317, -285.68), (63.7876, -289.149), (72.407, -317.593)))
(((87.8043, -44.8434), (76.5111, -53.2159), (37.2955, -47.6136), (23.6785, -37.5936), (29.2344, -3.1466), (65.947, 3.88347), (93.3322, -31.6158), (87.8043, -44.8434)))
(((95.8666, -450.645), (70.9026, -480.464), (69.0686, -480.704), (35.8035, -460.158), (39.8557, -431.117), (67.8984, -422.764), (85.3623, -433.457), (95.8666, -450.645)))
(((95.1098, -368.439), (66.5, -392), (33.8387, -377.484), (31.9524, -373.397), (53.5901, -344.547), (94.4028, -365.611), (95.1098, -368.439)))
(((92.2991, -274.18), (63.7876, -289.149), (49.3317, -285.68), (41.9378, -249.634), (66.9739, -235.864), (94.0852, -268.624), (92.2991, -274.18)))
(((90.7097, -525.536), (41.9678, -546.251), (37.3284, -542.65), (33.7454, -518.644), (69.0686, -480.704), (70.9026, -480.464), (96.0521, -515.673), (90.7097, -525.536)))
(((98.5902, -603.557), (43.4444, -620.889), (35.6667, -615.333), (48.661, -563.356), (93.8771, -577.693), (102.923, -600.308), (98.5902, -603.557)))
(((98.9673, 98.321), (63.9055, 72.1841), (58.1928, 73.5528), (47.7571, 83.1857), (53.9929, 172.564), (106.57, 154.389), (98.9673, 98.321)))
(((97.205, 258.575), (41.4558, 278.251), (37.5104, 345.323), (57.5553, 356.1), (119.28, 327.809), (97.205, 258.575)))
(((94.4028, -365.611), (53.5901, -344.547), (52.5545, -337.445), (72.407, -317.593), (89.6304, -322.152), (96.7927, -357.963), (94.4028, -365.611)))
(((93.3233, -134.836), (60.0286, -144.349), (43.3679, -126.979), (40.9531, -112.893), (75.2071, -86.4688), (110.225, -111.937), (93.3233, -134.836)))
(((75.0886, -672.405), (69.3333, -672.667), (43.4444, -620.889), (98.5902, -603.557), (81.9678, -666.722), (75.0886, -672.405)))
(((93.8771, -577.693), (48.661, -563.356), (41.9678, -546.251), (90.7097, -525.536), (105.231, -557.689), (93.8771, -577.693)))
(((165.795, -775.583), (116.902, -811.106), (78.1678, -811.106), (54.0246, -687.975), (69.3333, -672.667), (75.0886, -672.405), (140.27, -725.171), (165.795, -775.583)))
(((111.937, -305.422), (89.6304, -322.152), (72.407, -317.593), (63.7876, -289.149), (92.2991, -274.18), (111.937, -305.422)))
(((105.826, -219.043), (69.3936, -228.152), (60.9651, -205.5), (71.0985, -182.567), (113.94, -187.327), (105.826, -219.043)))
(((44.3583, 646.303), (55.0983, 654.106), (110.765, 654.106), (115.914, 588.195), (86.1419, 496.396), (24.939, 516.436), (44.3583, 646.303)))
(((103.911, -374.776), (105.625, -403.062), (85.3623, -433.457), (67.8984, -422.764), (66.5, -392), (95.1098, -368.439), (103.911, -374.776)))
(((113.94, -187.327), (71.0985, -182.567), (59.4954, -161.145), (60.0286, -144.349), (93.3233, -134.836), (123.08, -181.124), (113.94, -187.327)))
(((120.972, -15.5347), (93.3322, -31.6158), (65.947, 3.88347), (83.2601, 41.9721), (124.694, 28.3873), (120.972, -15.5347)))
(((110.799, -257.879), (94.0852, -268.624), (66.9739, -235.864), (69.3936, -228.152), (105.826, -219.043), (118.182, -239.637), (110.799, -257.879)))
(((106.57, 154.389), (53.9929, 172.564), (46.7561, 179.152), (99.3362, 254.266), (146.29, 229.34), (110.13, 155.629), (106.57, 154.389)))
(((144.149, -637.907), (81.9678, -666.722), (98.5902, -603.557), (102.923, -600.308), (157.245, -618.415), (144.149, -637.907)))
(((110.225, -111.937), (75.2071, -86.4688), (76.5111, -53.2159), (87.8043, -44.8434), (120.571, -71.0565), (126.756, -107.287), (110.225, -111.937)))
(((134.361, -505.908), (96.0521, -515.673), (70.9026, -480.464), (95.8666, -450.645), (105.099, -452.117), (141.093, -494.86), (134.361, -505.908)))
(((135.833, -324.5), (96.7927, -357.963), (89.6304, -322.152), (111.937, -305.422), (126.826, -309.591), (135.833, -324.5)))
(((119.28, 327.809), (57.5553, 356.1), (69.836, 404.638), (112.754, 440.713), (140.223, 335.83), (119.28, 327.809)))
(((145.147, -422.892), (105.099, -452.117), (95.8666, -450.645), (85.3623, -433.457), (105.625, -403.062), (145.138, -422.819), (145.147, -422.892)))
(((153.261, 45.2678), (124.694, 28.3873), (83.2601, 41.9721), (63.9055, 72.1841), (98.9673, 98.321), (139.672, 82.732), (154.756, 59.2192), (153.261, 45.2678)))
(((144.943, -550.881), (105.231, -557.689), (90.7097, -525.536), (96.0521, -515.673), (134.361, -505.908), (144.943, -550.881)))
(((147.75, -124.536), (127.317, -179.997), (126.38, -180.678), (123.08, -181.124), (93.3233, -134.836), (110.225, -111.937), (126.756, -107.287), (131.303, -108.76), (147.75, -124.536)))
(((140.27, -725.171), (75.0886, -672.405), (81.9678, -666.722), (144.149, -637.907), (140.27, -725.171)))
(((174.579, -611.01), (157.245, -618.415), (102.923, -600.308), (93.8771, -577.693), (105.231, -557.689), (144.943, -550.881), (177.169, -581.737), (174.579, -611.01)))
(((126.826, -309.591), (111.937, -305.422), (92.2991, -274.18), (94.0852, -268.624), (110.799, -257.879), (145.796, -278.878), (126.826, -309.591)))
(((153.196, -380.11), (145.138, -422.819), (105.625, -403.062), (103.911, -374.776), (151.844, -377.772), (153.196, -380.11)))
(((155.653, 470.714), (127.482, 466.107), (86.1419, 496.396), (115.914, 588.195), (180.804, 485.136), (155.653, 470.714)))
(((151.844, -377.772), (103.911, -374.776), (95.1098, -368.439), (94.4028, -365.611), (96.7927, -357.963), (135.833, -324.5), (158.95, -338.37), (151.844, -377.772)))
(((164.146, -38.8487), (120.571, -71.0565), (87.8043, -44.8434), (93.3322, -31.6158), (120.972, -15.5347), (164.146, -38.8487)))
(((149.254, -233.914), (118.182, -239.637), (105.826, -219.043), (113.94, -187.327), (123.08, -181.124), (126.38, -180.678), (154.75, -225.473), (149.254, -233.914)))
(((139.672, 82.732), (98.9673, 98.321), (106.57, 154.389), (110.13, 155.629), (160.247, 138.128), (139.672, 82.732)))
(((155.549, -274.849), (145.796, -278.878), (110.799, -257.879), (118.182, -239.637), (149.254, -233.914), (158.908, -268.669), (155.549, -274.849)))
(((168.918, -443.976), (151.846, -490.922), (141.093, -494.86), (105.099, -452.117), (145.147, -422.892), (167.031, -439.913), (168.918, -443.976)))
(((176.788, -59.1408), (131.303, -108.76), (126.756, -107.287), (120.571, -71.0565), (164.146, -38.8487), (165.94, -39.0945), (179.033, -51.7439), (176.788, -59.1408)))
(((184.479, 232.909), (146.29, 229.34), (99.3362, 254.266), (97.205, 258.575), (119.28, 327.809), (140.223, 335.83), (149.706, 335.288), (191.43, 257.596), (184.479, 232.909)))
(((155.653, 470.714), (187.522, 359.172), (149.706, 335.288), (140.223, 335.83), (112.754, 440.713), (127.482, 466.107), (155.653, 470.714)))
(((110.843, 653.108), (119.098, 659.106), (171.441, 659.106), (195.902, 490.326), (180.804, 485.136), (115.914, 588.195), (110.843, 653.108)))
(((164.146, -38.8487), (120.972, -15.5347), (124.694, 28.3873), (153.261, 45.2678), (183.871, 21.102), (165.94, -39.0945), (164.146, -38.8487)))
(((200.353, 208.081), (166.595, 139.214), (160.247, 138.128), (110.13, 155.629), (146.29, 229.34), (184.479, 232.909), (196.161, 218.981), (200.353, 208.081)))
(((187.23, -323.998), (158.95, -338.37), (135.833, -324.5), (126.826, -309.591), (145.796, -278.878), (155.549, -274.849), (186.952, -315.223), (187.23, -323.998)))
(((175.463, -177.648), (127.317, -179.997), (147.75, -124.536), (187.328, -130.19), (175.463, -177.648)))
(((178.172, -181.441), (180.024, -218.483), (154.75, -225.473), (126.38, -180.678), (127.317, -179.997), (175.463, -177.648), (178.172, -181.441)))
(((196.714, -770.515), (195.902, -771.106), (163.528, -771.106), (140.27, -725.171), (144.149, -637.907), (157.245, -618.415), (174.579, -611.01), (183.716, -617.789), (196.714, -770.515)))
(((177.169, -581.737), (144.943, -550.881), (134.361, -505.908), (141.093, -494.86), (151.846, -490.922), (191.94, -504.044), (190.734, -565.554), (177.169, -581.737)))
(((187.328, -130.19), (147.75, -124.536), (131.303, -108.76), (176.788, -59.1408), (187.85, -129.942), (187.328, -130.19)))
(((199.696, 91.6183), (154.756, 59.2192), (139.672, 82.732), (160.247, 138.128), (166.595, 139.214), (200.676, 113.82), (199.696, 91.6183)))
(((202.51, -236.482), (190.324, -259.693), (158.908, -268.669), (149.254, -233.914), (154.75, -225.473), (180.024, -218.483), (199.569, -229.252), (202.51, -236.482)))
(((205.875, -396.981), (167.031, -439.913), (145.147, -422.892), (145.138, -422.819), (153.196, -380.11), (202.726, -391.702), (205.875, -396.981)))
(((186.952, -315.223), (155.549, -274.849), (158.908, -268.669), (190.324, -259.693), (202.494, -285.774), (186.952, -315.223)))
(((216.557, -461.829), (194.914, -502.292), (191.94, -504.044), (151.846, -490.922), (168.918, -443.976), (211.17, -456.049), (216.557, -461.829)))
(((215.699, -345.796), (202.726, -391.702), (153.196, -380.11), (151.844, -377.772), (158.95, -338.37), (187.23, -323.998), (213.598, -337.391), (215.699, -345.796)))
(((212.868, -401.731), (211.17, -456.049), (168.918, -443.976), (167.031, -439.913), (205.875, -396.981), (212.868, -401.731)))
(((273.21, 23.6186), (183.871, 21.102), (153.261, 45.2678), (154.756, 59.2192), (199.696, 91.6183), (273.21, 23.6186)))
(((249.987, 307.066), (191.43, 257.596), (149.706, 335.288), (187.522, 359.172), (240.487, 354.566), (249.987, 307.066)))
(((227.408, -105.744), (190.508, -129.841), (187.85, -129.942), (176.788, -59.1408), (179.033, -51.7439), (189.21, -51.8778), (226.611, -90.6153), (227.408, -105.744)))
(((227.23, -193.845), (199.569, -229.252), (180.024, -218.483), (178.172, -181.441), (221, -184.5), (227.23, -193.845)))
(((291.853, 7.99736), (189.21, -51.8778), (179.033, -51.7439), (165.94, -39.0945), (183.871, 21.102), (273.21, 23.6186), (288.326, 18.8523), (291.853, 7.99736)))
(((221, -184.5), (178.172, -181.441), (175.463, -177.648), (187.328, -130.19), (187.85, -129.942), (190.508, -129.841), (221, -159.317), (221, -184.5)))
(((269.241, 151.911), (200.676, 113.82), (166.595, 139.214), (200.353, 208.081), (269.241, 151.911)))
(((240.487, 354.566), (187.522, 359.172), (155.653, 470.714), (180.804, 485.136), (195.902, 490.326), (219.483, 488.384), (249.219, 365.724), (240.487, 354.566)))
(((263.956, -751.808), (242.902, -767.106), (196.424, -767.106), (183.716, -617.789), (220.366, -626.849), (263.956, -751.808)))
(((245.705, -277.917), (202.494, -285.774), (190.324, -259.693), (202.51, -236.482), (231.959, -248.916), (246.762, -272.707), (245.705, -277.917)))
(((213.112, -558.761), (190.734, -565.554), (191.94, -504.044), (194.914, -502.292), (243.228, -516.933), (213.112, -558.761)))
(((247.264, -283.086), (235.978, -322.153), (213.598, -337.391), (187.23, -323.998), (186.952, -315.223), (202.494, -285.774), (245.705, -277.917), (247.264, -283.086)))
(((171.717, 657.204), (188.098, 669.106), (249.902, 669.106), (282.407, 645.489), (227.045, 490.937), (219.483, 488.384), (195.902, 490.326), (171.717, 657.204)))
(((251.558, -514.483), (243.228, -516.933), (194.914, -502.292), (216.557, -461.829), (231.917, -462.069), (256.618, -480.327), (251.558, -514.483)))
(((292.19, 8.19398), (297.462, 4.36366), (291.046, -18.4489), (226.611, -90.6153), (189.21, -51.8778), (292.19, 8.19398)))
(((255.484, -418.863), (231.917, -462.069), (216.557, -461.829), (211.17, -456.049), (212.868, -401.731), (247.839, -404.321), (255.407, -417.44), (255.484, -418.863)))
(((255.349, -146.722), (221, -159.317), (190.508, -129.841), (227.408, -105.744), (229.371, -106.688), (256.702, -143.957), (255.349, -146.722)))
(((252.87, -216.935), (231.959, -248.916), (202.51, -236.482), (199.569, -229.252), (227.23, -193.845), (245.88, -197.364), (252.87, -216.935)))
(((247.839, -404.321), (212.868, -401.731), (205.875, -396.981), (202.726, -391.702), (215.699, -345.796), (262.559, -374.882), (247.839, -404.321)))
(((261.556, -615.16), (220.366, -626.849), (183.716, -617.789), (174.579, -611.01), (177.169, -581.737), (190.734, -565.554), (213.112, -558.761), (252.155, -566.98), (261.556, -615.16)))
(((288.268, 18.8706), (273.21, 23.6186), (199.696, 91.6183), (200.676, 113.82), (269.241, 151.911), (319.302, 142.236), (334, 97), (334, 97), (314.902, 38.2215), (288.268, 18.8706)))
(((262.478, -183.387), (245.88, -197.364), (227.23, -193.845), (221, -184.5), (221, -159.317), (255.349, -146.722), (262.478, -183.387)))
(((268.526, -548.972), (252.155, -566.98), (213.112, -558.761), (243.228, -516.933), (251.558, -514.483), (265.531, -527.156), (268.526, -548.972)))
(((326.848, 256.811), (196.161, 218.981), (184.479, 232.909), (191.43, 257.596), (249.987, 307.066), (326.848, 256.811)))
(((262.559, -374.882), (215.699, -345.796), (213.598, -337.391), (235.978, -322.153), (269.139, -334.833), (265.962, -372.955), (262.559, -374.882)))
(((338.033, -709.218), (335.902, -715.779), (285.902, -752.106), (264.06, -752.106), (220.366, -626.849), (261.556, -615.16), (280.544, -619.791), (338.033, -709.218)))
(((288.741, -96.7931), (229.371, -106.688), (227.408, -105.744), (226.611, -90.6153), (291.046, -18.4489), (288.741, -96.7931)))
(((290.017, -247.99), (246.762, -272.707), (231.959, -248.916), (252.87, -216.935), (288.705, -234.853), (291.529, -240.197), (290.017, -247.99)))
(((317.701, 142.545), (269.241, 151.911), (200.353, 208.081), (196.161, 218.981), (326.848, 256.811), (345.871, 250.251), (357, 216), (357, 216), (337.902, 157.221), (317.701, 142.545)))
(((295.974, -113.067), (285.378, -133.124), (256.702, -143.957), (229.371, -106.688), (288.741, -96.7931), (295.974, -113.067)))
(((282.985, -470.561), (256.618, -480.327), (231.917, -462.069), (255.484, -418.863), (287.22, -453.621), (282.985, -470.561)))
(((276.715, -330.123), (269.139, -334.833), (235.978, -322.153), (247.264, -283.086), (281.092, -302.114), (276.715, -330.123)))
(((341.067, 392.861), (249.219, 365.724), (219.483, 488.384), (227.045, 490.937), (277.833, 485.077), (341.067, 392.861)))
(((288.705, -234.853), (252.87, -216.935), (245.88, -197.364), (262.478, -183.387), (293.966, -186.186), (288.705, -234.853)))
(((306.53, -584.675), (280.544, -619.791), (261.556, -615.16), (252.155, -566.98), (268.526, -548.972), (303.29, -565.885), (306.53, -584.675)))
(((293.966, -186.186), (262.478, -183.387), (255.349, -146.722), (256.702, -143.957), (285.378, -133.124), (306.461, -177.771), (293.966, -186.186)))
(((309.812, -380.06), (300.753, -410.722), (255.407, -417.44), (247.839, -404.321), (262.559, -374.882), (265.962, -372.955), (309.434, -378.172), (309.812, -380.06)))
(((307.245, -513.252), (265.531, -527.156), (251.558, -514.483), (256.618, -480.327), (282.985, -470.561), (304.029, -486.986), (307.245, -513.252)))
(((313.066, -290.016), (281.092, -302.114), (247.264, -283.086), (245.705, -277.917), (246.762, -272.707), (290.017, -247.99), (314.347, -284.067), (313.066, -290.016)))
(((309.204, -434.87), (287.22, -453.621), (255.484, -418.863), (255.407, -417.44), (300.753, -410.722), (309.204, -434.87)))
(((309.434, -378.172), (265.962, -372.955), (269.139, -334.833), (276.715, -330.123), (312.675, -340.237), (313.821, -371.177), (309.434, -378.172)))
(((282.269, 645.106), (316.902, 645.106), (366.902, 608.779), (383.965, 556.263), (277.833, 485.077), (227.045, 490.937), (282.269, 645.106)))
(((320.825, -539.908), (303.29, -565.885), (268.526, -548.972), (265.531, -527.156), (307.245, -513.252), (316.569, -521.466), (320.825, -539.908)))
(((326.418, -319.623), (312.675, -340.237), (276.715, -330.123), (281.092, -302.114), (313.066, -290.016), (326.418, -319.623)))
(((346.152, 250.154), (326.848, 256.811), (249.987, 307.066), (240.487, 354.566), (249.219, 365.724), (341.067, 392.861), (381.473, 379.788), (397, 332), (397, 332), (377.902, 273.221), (346.152, 250.154)))
(((325.54, -228.584), (291.529, -240.197), (288.705, -234.853), (293.966, -186.186), (306.461, -177.771), (314.967, -178.158), (333.599, -210.097), (325.54, -228.584)))
(((348.12, -465.571), (304.029, -486.986), (282.985, -470.561), (287.22, -453.621), (309.204, -434.87), (336.08, -441.029), (348.12, -465.571)))
(((330.089, -167.068), (314.967, -178.158), (306.461, -177.771), (285.378, -133.124), (295.974, -113.067), (327.099, -118.625), (341.945, -142.817), (330.089, -167.068)))
(((403.038, -29.5937), (327.099, -118.625), (295.974, -113.067), (288.741, -96.7931), (291.046, -18.4489), (297.952, 6.10565), (353.902, 6.10565), (403.038, -29.5937)))
(((336.08, -441.029), (309.204, -434.87), (300.753, -410.722), (309.812, -380.06), (350.712, -413.095), (336.08, -441.029)))
(((345.397, -268.181), (314.347, -284.067), (290.017, -247.99), (291.529, -240.197), (325.54, -228.584), (344.935, -248.787), (345.397, -268.181)))
(((336.675, -707.106), (280.544, -619.791), (306.53, -584.675), (422.538, -604.421), (425, -612), (425, -612), (405.902, -670.779), (355.902, -707.106), (336.675, -707.106)))
(((384.921, -487.289), (316.569, -521.466), (307.245, -513.252), (304.029, -486.986), (348.12, -465.571), (384.921, -487.289)))
(((420.314, -604.043), (306.53, -584.675), (303.29, -565.885), (320.825, -539.908), (430.217, -573.567), (420.314, -604.043)))
(((357.314, -365.601), (313.821, -371.177), (312.675, -340.237), (326.418, -319.623), (374.677, -325.086), (357.314, -365.601)))
(((381.416, 379.807), (341.067, 392.861), (277.833, 485.077), (382.589, 555.341), (421.902, 526.779), (441, 468), (441, 468), (421.902, 409.221), (381.416, 379.807)))
(((429.606, -573.379), (320.825, -539.908), (316.569, -521.466), (384.921, -487.289), (436.273, -499.14), (445, -526), (445, -526), (429.606, -573.379)))
(((377.595, -401.334), (350.712, -413.095), (309.812, -380.06), (309.434, -378.172), (313.821, -371.177), (357.314, -365.601), (377.595, -401.334)))
(((374.677, -325.086), (326.418, -319.623), (313.066, -290.016), (314.347, -284.067), (345.397, -268.181), (420.015, -302.098), (374.677, -325.086)))
(((402.184, -204.683), (333.599, -210.097), (314.967, -178.158), (330.089, -167.068), (402.184, -204.683)))
(((404.203, -204.981), (344.935, -248.787), (325.54, -228.584), (333.599, -210.097), (402.184, -204.683), (404.203, -204.981)))
(((449.651, -140.619), (341.945, -142.817), (327.099, -118.625), (400.775, -32.247), (437.902, -59.2215), (457, -118), (457, -118), (449.651, -140.619)))
(((446.983, -200.906), (404.203, -204.981), (402.184, -204.683), (330.089, -167.068), (341.945, -142.817), (449.43, -140.624), (458, -167), (458, -167), (446.983, -200.906)))
(((438.739, -499.709), (384.921, -487.289), (348.12, -465.571), (336.08, -441.029), (350.712, -413.095), (377.595, -401.334), (461.373, -420.76), (466, -435), (466, -435), (446.902, -493.779), (438.739, -499.709)))
(((450.788, -297.816), (420.015, -302.098), (345.397, -268.181), (344.935, -248.787), (404.203, -204.981), (449.641, -200.653), (466, -251), (466, -251), (450.788, -297.816)))
(((464.009, -421.372), (377.595, -401.334), (357.314, -365.601), (374.677, -325.086), (420.015, -302.098), (450.09, -297.914), (462.902, -307.221), (482, -366), (482, -366), (464.009, -421.372)))
