(((-240.264, -421.757), (-282.902, -390.779), (-302, -332), (-282.902, -273.221), (-265.234, -260.385), (-245.83, -265.472), (-168.11, -314.93), (-207.886, -398.461), (-240.264, -421.757)))
(((-272.88, -247.521), (-273.902, -246.779), (-293, -188), (-273.902, -129.221), (-270.5, -126.75), (-153.182, -185.409), (-154.344, -195.48), (-272.88, -247.521)))
(((-266.419, -125.565), (-277, -93), (-257.902, -34.2215), (-207.902, 2.10565), (-167.259, 2.10565), (-145.667, -100.458), (-152.634, -121.708), (-266.419, -125.565)))
(((-264.762, -260.509), (-269.469, -246.023), (-154.344, -195.48), (-148.973, -205.55), (-154.943, -250.324), (-245.83, -265.472), (-264.762, -260.509)))
(((-267.313, -128.343), (-266.411, -125.565), (-152.634, -121.708), (-148.434, -128.061), (-147.512, -177.849), (-153.182, -185.409), (-267.313, -128.343)))
(((-157.761, 417.894), (-199.902, 417.894), (-249.902, 454.221), (-269, 513), (-249.902, 571.779), (-202.75, 606.036), (-97.2726, 509.866), (-101.659, 481.756), (-157.761, 417.894)))
(((-149.303, -313.175), (-168.11, -314.93), (-245.83, -265.472), (-154.943, -250.324), (-132.765, -269.862), (-149.303, -313.175)))
(((-127.599, -376.446), (-207.886, -398.461), (-168.11, -314.93), (-149.303, -313.175), (-135.135, -325.769), (-119.545, -360.991), (-127.599, -376.446)))
(((-174.593, -508.603), (-223.902, -472.779), (-240.439, -421.883), (-207.886, -398.461), (-127.599, -376.446), (-105.262, -424.693), (-130.772, -478.805), (-174.593, -508.603)))
(((-102.993, -261.355), (-132.765, -269.862), (-154.943, -250.324), (-148.973, -205.55), (-103.709, -223.417), (-102.993, -261.355)))
(((-112.469, -173.279), (-147.512, -177.849), (-148.434, -128.061), (-91.2657, -135.583), (-112.469, -173.279)))
(((-167.28, 2.20597), (-150.902, 14.1057), (-119.06, 14.1057), (-110.217, 4.87819), (-87.0129, -79.7472), (-93.7193, -93.9649), (-145.667, -100.458), (-167.28, 2.20597)))
(((-91.2657, -135.583), (-148.434, -128.061), (-152.634, -121.708), (-145.667, -100.458), (-93.7193, -93.9649), (-87.9988, -134.008), (-91.2657, -135.583)))
(((-91.4669, -210.844), (-103.709, -223.417), (-148.973, -205.55), (-154.344, -195.48), (-153.182, -185.409), (-147.512, -177.849), (-112.469, -173.279), (-90.0962, -194.054), (-91.4669, -210.844)))
(((-78.0801, -298.298), (-135.135, -325.769), (-149.303, -313.175), (-132.765, -269.862), (-102.993, -261.355), (-102.138, -261.823), (-78.0801, -298.298)))
(((-199.753, 603.304), (-187.902, 639.779), (-137.902, 676.106), (-76.0983, 676.106), (-30.1343, 642.711), (-55.7192, 546.341), (-97.2726, 509.866), (-199.753, 603.304)))
(((-64.9916, -305.97), (-78.76, -354.619), (-119.545, -360.991), (-135.135, -325.769), (-78.0801, -298.298), (-64.9916, -305.97)))
(((-67.6269, -364.389), (-75.0513, -416.359), (-105.262, -424.693), (-127.599, -376.446), (-119.545, -360.991), (-78.76, -354.619), (-67.6269, -364.389)))
(((-61.2959, -173.353), (-90.0962, -194.054), (-112.469, -173.279), (-91.2657, -135.583), (-87.9988, -134.008), (-71.8263, -139.656), (-61.2959, -173.353)))
(((-113.885, -712.106), (-117.902, -712.106), (-167.902, -675.779), (-187, -617), (-167.902, -558.221), (-164.526, -555.769), (-51.6544, -568.919), (-26.9341, -593.345), (-23.6385, -599.298), (-113.885, -712.106)))
(((-53.6087, -244.176), (-102.138, -261.823), (-102.993, -261.355), (-103.709, -223.417), (-91.4669, -210.844), (-59.4159, -221.528), (-53.6087, -244.176)))
(((-161.307, -556.144), (-175, -514), (-172.865, -507.428), (-130.772, -478.805), (-28.3576, -481.862), (-51.6544, -568.919), (-161.307, -556.144)))
(((-28.3576, -481.862), (-130.772, -478.805), (-105.262, -424.693), (-75.0513, -416.359), (-46.813, -426.482), (-23.9621, -478.336), (-28.3576, -481.862)))
(((-54.7663, -130.415), (-71.8263, -139.656), (-87.9988, -134.008), (-93.7193, -93.9649), (-87.0129, -79.7472), (-55.601, -86.4784), (-43.4362, -107.158), (-54.7663, -130.415)))
(((-33.3935, -189.849), (-59.4159, -221.528), (-91.4669, -210.844), (-90.0962, -194.054), (-61.2959, -173.353), (-33.6327, -188.068), (-33.3935, -189.849)))
(((-59.5379, -304.551), (-64.9916, -305.97), (-78.0801, -298.298), (-102.138, -261.823), (-53.6087, -244.176), (-52.3431, -244.971), (-40.8525, -279.442), (-59.5379, -304.551)))
(((-132.887, 127.945), (-142.902, 135.221), (-162, 194), (-142.902, 252.779), (-120.146, 269.312), (-21.864, 220.826), (-17.7531, 182.002), (-54.2858, 148.033), (-132.887, 127.945)))
(((-149.322, 379.983), (-160.593, 414.67), (-101.659, 481.756), (-56.4853, 460.424), (-42.619, 388.319), (-149.322, 379.983)))
(((-30.7868, -58.2804), (-55.601, -86.4784), (-87.0129, -79.7472), (-110.217, 4.87819), (-46.9756, -23.791), (-30.7868, -58.2804)))
(((-119.444, 282.811), (-137.902, 296.221), (-157, 355), (-148.871, 380.018), (-42.619, 388.319), (-2.41987, 376.084), (-3.23498, 371.337), (-63.1274, 303.767), (-119.444, 282.811)))
(((-23.2771, -391.614), (-46.813, -426.482), (-75.0513, -416.359), (-67.6269, -364.389), (-27.5344, -370.328), (-23.2771, -391.614)))
(((-27.5344, -370.328), (-67.6269, -364.389), (-78.76, -354.619), (-64.9916, -305.97), (-59.5379, -304.551), (-30.9595, -321.28), (-22.6082, -364.229), (-27.5344, -370.328)))
(((-20.6064, -173.67), (-33.6327, -188.068), (-61.2959, -173.353), (-71.8263, -139.656), (-54.7663, -130.415), (-18.1657, -146.822), (-20.6064, -173.67)))
(((-117.672, 43.6013), (-119.902, 45.2215), (-139, 104), (-131.069, 128.41), (-54.2858, 148.033), (1.62968, 97.2003), (1.25171, 95.1592), (-67.4358, 51.7039), (-117.672, 43.6013)))
(((-8.53113, -232.251), (-52.3431, -244.971), (-53.6087, -244.176), (-59.4159, -221.528), (-33.3935, -189.849), (-10.3157, -217.975), (-8.53113, -232.251)))
(((17.2342, 393.91), (-2.41987, 376.084), (-42.619, 388.319), (-56.4853, 460.424), (15.0043, 451.888), (17.2342, 393.91)))
(((-7.28807, -102.524), (-43.4362, -107.158), (-55.601, -86.4784), (-30.7868, -58.2804), (-17.8159, -65.1982), (-7.28807, -102.524)))
(((-2.82551, -239.308), (-13.8529, -275.147), (-40.8525, -279.442), (-52.3431, -244.971), (-8.53113, -232.251), (-2.82551, -239.308)))
(((-1.19428, -130.879), (-18.1657, -146.822), (-54.7663, -130.415), (-43.4362, -107.158), (-7.28807, -102.524), (-3.68519, -104.974), (-1.19428, -130.879)))
(((35.0357, 482.412), (15.0043, 451.888), (-56.4853, 460.424), (-101.659, 481.756), (-97.2726, 509.866), (-55.7192, 546.341), (37.1188, 493.733), (35.0357, 482.412)))
(((-112.327, -710.159), (-23.6385, -599.298), (65.3153, -641.349), (73, -665), (73, -665), (53.9017, -723.779), (3.9017, -760.106), (-57.9017, -760.106), (-107.902, -723.779), (-112.327, -710.159)))
(((-124.242, 271.333), (-120.659, 282.359), (-63.1274, 303.767), (4.71582, 286.445), (6.91367, 241.755), (-21.864, 220.826), (-124.242, 271.333)))
(((-121.995, 17.1692), (-113.171, 44.3272), (-67.4358, 51.7039), (16.8987, 21.0368), (20.269, -4.39355), (-46.9756, -23.791), (-110.217, 4.87819), (-121.995, 17.1692)))
(((-12.1667, -276.833), (2.64516, -309.419), (-30.9595, -321.28), (-59.5379, -304.551), (-40.8525, -279.442), (-13.8529, -275.147), (-12.1667, -276.833)))
(((-23.9621, -478.336), (-46.813, -426.482), (-23.2771, -391.614), (-1.68212, -402.689), (-4.89712, -476.634), (-23.9621, -478.336)))
(((22.7075, 306.481), (4.71582, 286.445), (-63.1274, 303.767), (-3.23498, 371.337), (22.7075, 306.481)))
(((25.7927, -348.425), (-22.6082, -364.229), (-30.9595, -321.28), (2.64516, -309.419), (23.6, -318.4), (26.1586, -322.082), (25.7927, -348.425)))
(((27.3296, -12.0145), (17.591, -49.5775), (-17.8159, -65.1982), (-30.7868, -58.2804), (-46.9756, -23.791), (20.269, -4.39355), (27.3296, -12.0145)))
(((38.2484, 136.108), (1.62968, 97.2003), (-54.2858, 148.033), (-17.7531, 182.002), (37.014, 155.448), (38.2484, 136.108)))
(((16.8987, 21.0368), (-67.4358, 51.7039), (1.25171, 95.1592), (31.4985, 50.6787), (16.8987, 21.0368)))
(((22.4623, -503.462), (23.3218, -527.099), (-26.9341, -593.345), (-51.6544, -568.919), (-28.3576, -481.862), (-23.9621, -478.336), (-4.89712, -476.634), (-4.29592, -476.704), (22.4623, -503.462)))
(((24.2311, -194.483), (-10.3157, -217.975), (-33.3935, -189.849), (-33.6327, -188.068), (-20.6064, -173.67), (21.7885, -176.164), (24.2311, -194.483)))
(((21.7885, -176.164), (-20.6064, -173.67), (-18.1657, -146.822), (-1.19428, -130.879), (24.7205, -145.201), (25.3016, -170.769), (21.7885, -176.164)))
(((43.128, -368.649), (22.1649, -400.9), (-1.68212, -402.689), (-23.2771, -391.614), (-27.5344, -370.328), (-22.6082, -364.229), (25.7927, -348.425), (43.128, -368.649)))
(((35.5339, -89.2864), (-3.68519, -104.974), (-7.28807, -102.524), (-17.8159, -65.1982), (17.591, -49.5775), (35.8675, -85.2166), (35.5339, -89.2864)))
(((-30.2681, 642.207), (-24.9017, 646.106), (36.9017, 646.106), (59.6901, 629.549), (55.0916, 513.438), (37.1188, 493.733), (-55.7192, 546.341), (-30.2681, 642.207)))
(((-4.29592, -476.704), (-4.89712, -476.634), (-1.68212, -402.689), (22.1649, -400.9), (38.2588, -443.434), (-4.29592, -476.704)))
(((32.9091, -274.182), (-12.1667, -276.833), (-13.8529, -275.147), (-2.82551, -239.308), (15.7649, -242.282), (35.5165, -270.114), (32.9091, -274.182)))
(((23.6, -318.4), (2.64516, -309.419), (-12.1667, -276.833), (32.9091, -274.182), (23.6, -318.4)))
(((47.9142, -215.874), (15.7649, -242.282), (-2.82551, -239.308), (-8.53113, -232.251), (-10.3157, -217.975), (24.2311, -194.483), (47.9142, -215.874)))
(((69.7102, 189.234), (37.014, 155.448), (-17.7531, 182.002), (-21.864, 220.826), (6.91367, 241.755), (51.4257, 233.369), (69.7102, 189.234)))
(((36.2299, -90.0347), (45.6042, -132.219), (24.7205, -145.201), (-1.19428, -130.879), (-3.68519, -104.974), (35.5339, -89.2864), (36.2299, -90.0347)))
(((66.914, -642.105), (-23.6385, -599.298), (-26.9341, -593.345), (23.3218, -527.099), (75.5498, -583.679), (87.6291, -627.054), (66.914, -642.105)))
(((79.9104, 273.96), (51.4257, 233.369), (6.91367, 241.755), (4.71582, 286.445), (22.7075, 306.481), (66.8103, 302.472), (79.9104, 273.96)))
(((53.4727, -216.345), (62.161, -265.579), (35.5165, -270.114), (15.7649, -242.282), (47.9142, -215.874), (53.4727, -216.345)))
(((75.6589, 106.318), (50.2137, 55.4274), (31.4985, 50.6787), (1.25171, 95.1592), (1.62968, 97.2003), (38.2484, 136.108), (75.6589, 106.318)))
(((66.8103, 302.472), (22.7075, 306.481), (-3.23498, 371.337), (-2.41987, 376.084), (17.2342, 393.91), (46.5625, 385.438), (86.88, 345.12), (66.8103, 302.472)))
(((72.9506, -52.5835), (35.8675, -85.2166), (17.591, -49.5775), (27.3296, -12.0145), (56.9211, -17.3947), (74.989, -38.8242), (72.9506, -52.5835)))
(((77.2687, -404.569), (41.2366, -443.175), (38.2588, -443.434), (22.1649, -400.9), (43.128, -368.649), (50.257, -370.191), (77.2687, -404.569)))
(((53.4727, -216.345), (47.9142, -215.874), (24.2311, -194.483), (21.7885, -176.164), (25.3016, -170.769), (69.1992, -172.283), (57.5847, -214.095), (53.4727, -216.345)))
(((69.1992, -172.283), (25.3016, -170.769), (24.7205, -145.201), (45.6042, -132.219), (55.2909, -135.017), (70.812, -170.835), (69.1992, -172.283)))
(((66.2339, -267.577), (68.4722, -308.985), (26.1586, -322.082), (23.6, -318.4), (32.9091, -274.182), (35.5165, -270.114), (62.161, -265.579), (66.2339, -267.577)))
(((75.5498, -583.679), (23.3218, -527.099), (22.4623, -503.462), (78.5377, -504.501), (75.5498, -583.679)))
(((78.5377, -504.501), (22.4623, -503.462), (-4.29592, -476.704), (38.2588, -443.434), (41.2366, -443.175), (80.1688, -465.965), (83.6629, -499.742), (78.5377, -504.501)))
(((98.0509, 27.3642), (56.9211, -17.3947), (27.3296, -12.0145), (20.269, -4.39355), (16.8987, 21.0368), (31.4985, 50.6787), (50.2137, 55.4274), (95.9137, 33.0635), (98.0509, 27.3642)))
(((101.884, -106.132), (98.1804, -112.232), (55.2909, -135.017), (45.6042, -132.219), (36.2299, -90.0347), (100.291, -104.048), (101.864, -105.3), (101.884, -106.132)))
(((95.3163, -341.617), (50.257, -370.191), (43.128, -368.649), (25.7927, -348.425), (26.1586, -322.082), (68.4722, -308.985), (85.9989, -318.545), (95.3163, -341.617)))
(((100.291, -104.048), (36.2299, -90.0347), (35.5339, -89.2864), (35.8675, -85.2166), (72.9506, -52.5835), (100.291, -104.048)))
(((109.447, 428.464), (46.5625, 385.438), (17.2342, 393.91), (15.0043, 451.888), (35.0357, 482.412), (109.447, 428.464)))
(((110.386, -234.346), (86.141, -263.283), (66.2339, -267.577), (62.161, -265.579), (53.4727, -216.345), (57.5847, -214.095), (106.8, -222.107), (109.484, -225.199), (110.386, -234.346)))
(((80.1688, -465.965), (41.2366, -443.175), (77.2687, -404.569), (81.6923, -405.439), (99.8202, -446.875), (80.1688, -465.965)))
(((95.2958, -168.481), (70.812, -170.835), (55.2909, -135.017), (98.1804, -112.232), (95.2958, -168.481)))
(((106.8, -222.107), (57.5847, -214.095), (69.1992, -172.283), (70.812, -170.835), (95.2958, -168.481), (103.675, -174.179), (106.8, -222.107)))
(((120.444, 93.1638), (95.9137, 33.0635), (50.2137, 55.4274), (75.6589, 106.318), (115.233, 104.714), (120.444, 93.1638)))
(((115.233, 104.714), (75.6589, 106.318), (38.2484, 136.108), (37.014, 155.448), (69.7102, 189.234), (75.3665, 188.725), (126.502, 128.774), (115.233, 104.714)))
(((85.9989, -318.545), (68.4722, -308.985), (66.2339, -267.577), (86.141, -263.283), (108.024, -291.731), (85.9989, -318.545)))
(((104.021, -345.267), (112.086, -392.506), (81.6923, -405.439), (77.2687, -404.569), (50.257, -370.191), (95.3163, -341.617), (104.021, -345.267)))
(((125.806, 260.375), (113.96, 205.449), (75.3665, 188.725), (69.7102, 189.234), (51.4257, 233.369), (79.9104, 273.96), (118.444, 265.107), (125.806, 260.375)))
(((131.077, 353.538), (86.88, 345.12), (46.5625, 385.438), (109.447, 428.464), (123.449, 427.925), (132.261, 354.13), (131.077, 353.538)))
(((125.805, 3.67452), (101.232, -37.2805), (74.989, -38.8242), (56.9211, -17.3947), (98.0509, 27.3642), (114.624, 17.8552), (125.805, 3.67452)))
(((150.828, 452.957), (123.449, 427.925), (109.447, 428.464), (35.0357, 482.412), (37.1188, 493.733), (55.0916, 513.438), (125.172, 504.567), (149.371, 483.824), (150.828, 452.957)))
(((134.536, -74.0182), (101.864, -105.3), (100.291, -104.048), (72.9506, -52.5835), (74.989, -38.8242), (101.232, -37.2805), (134.115, -64.1851), (134.536, -74.0182)))
(((87.9218, -628.106), (75.5498, -583.679), (78.5377, -504.501), (83.6629, -499.742), (140.088, -505.202), (140.244, -505.363), (129.252, -628.106), (87.9218, -628.106)))
(((59.716, 630.203), (76.0983, 642.106), (137.902, 642.106), (148.538, 634.378), (125.172, 504.567), (55.0916, 513.438), (59.716, 630.203)))
(((137.28, -445.346), (99.8202, -446.875), (81.6923, -405.439), (112.086, -392.506), (120.75, -395.875), (138.509, -440.274), (137.28, -445.346)))
(((139.135, -448.943), (140.088, -505.202), (83.6629, -499.742), (80.1688, -465.965), (99.8202, -446.875), (137.28, -445.346), (139.135, -448.943)))
(((118.444, 265.107), (79.9104, 273.96), (66.8103, 302.472), (86.88, 345.12), (131.077, 353.538), (118.444, 265.107)))
(((125.275, -290.929), (108.024, -291.731), (86.141, -263.283), (110.386, -234.346), (134.319, -255.759), (125.275, -290.929)))
(((148.781, -333.06), (104.021, -345.267), (95.3163, -341.617), (85.9989, -318.545), (108.024, -291.731), (125.275, -290.929), (150.037, -314.963), (148.781, -333.06)))
(((141.5, -156.288), (133.159, -166.651), (103.675, -174.179), (95.2958, -168.481), (98.1804, -112.232), (101.884, -106.132), (141.5, -136.944), (141.5, -156.288)))
(((154.268, 147.705), (126.502, 128.774), (75.3665, 188.725), (113.96, 205.449), (145.668, 189.271), (154.268, 147.705)))
(((165.289, -19.502), (134.115, -64.1851), (101.232, -37.2805), (125.805, 3.67452), (166.042, -11.3292), (165.289, -19.502)))
(((151.96, -205.595), (109.484, -225.199), (106.8, -222.107), (103.675, -174.179), (133.159, -166.651), (151.96, -205.595)))
(((163.808, -374.346), (120.75, -395.875), (112.086, -392.506), (104.021, -345.267), (148.781, -333.06), (166.775, -353.574), (163.808, -374.346)))
(((166.563, 62.0037), (114.624, 17.8552), (98.0509, 27.3642), (95.9137, 33.0635), (120.444, 93.1638), (167.318, 66.0267), (166.563, 62.0037)))
(((186.783, 264.891), (125.806, 260.375), (118.444, 265.107), (131.077, 353.538), (132.261, 354.13), (158.725, 347.79), (186.783, 264.891)))
(((192.495, -104.364), (141.5, -136.944), (101.884, -106.132), (101.864, -105.3), (134.536, -74.0182), (192.989, -103.245), (192.495, -104.364)))
(((186.79, 264.887), (180.617, 220.442), (145.668, 189.271), (113.96, 205.449), (125.806, 260.375), (186.783, 264.891), (186.79, 264.887)))
(((166.46, -255.075), (134.319, -255.759), (110.386, -234.346), (109.484, -225.199), (151.96, -205.595), (162.722, -207.829), (168.51, -252.978), (166.46, -255.075)))
(((170.16, -294.84), (150.037, -314.963), (125.275, -290.929), (134.319, -255.759), (166.46, -255.075), (170.16, -294.84)))
(((181.034, -405.722), (138.509, -440.274), (120.75, -395.875), (163.808, -374.346), (181.034, -405.722)))
(((166.042, -11.3292), (125.805, 3.67452), (114.624, 17.8552), (166.563, 62.0037), (177.456, -1.99066), (166.042, -11.3292)))
(((162.722, -207.829), (151.96, -205.595), (133.159, -166.651), (141.5, -156.288), (173.232, -165.904), (177.067, -199.461), (162.722, -207.829)))
(((148.309, 633.106), (187.902, 633.106), (237.902, 596.779), (244.773, 575.632), (226.235, 538.22), (149.371, 483.824), (125.172, 504.567), (148.309, 633.106)))
(((238.626, 393.139), (158.725, 347.79), (132.261, 354.13), (123.449, 427.925), (150.828, 452.957), (241.582, 402.134), (238.626, 393.139)))
(((189.286, 75.8968), (167.318, 66.0267), (120.444, 93.1638), (115.233, 104.714), (126.502, 128.774), (154.268, 147.705), (178.686, 143.636), (199.738, 110.554), (189.286, 75.8968)))
(((194.108, -147.907), (173.232, -165.904), (141.5, -156.288), (141.5, -136.944), (192.495, -104.364), (194.108, -147.907)))
(((176.895, -504.3), (140.244, -505.363), (140.088, -505.202), (139.135, -448.943), (220.547, -461.664), (176.895, -504.3)))
(((192.989, -103.245), (134.536, -74.0182), (134.115, -64.1851), (165.289, -19.502), (198.301, -66.8668), (197.155, -100.666), (192.989, -103.245)))
(((242.226, -604.809), (201.902, -634.106), (140.098, -634.106), (129.41, -626.34), (140.244, -505.363), (176.895, -504.3), (242.226, -604.809)))
(((220.547, -461.664), (139.135, -448.943), (137.28, -445.346), (138.509, -440.274), (181.034, -405.722), (206.212, -416.213), (228.742, -457.621), (220.547, -461.664)))
(((178.686, 143.636), (154.268, 147.705), (145.668, 189.271), (180.617, 220.442), (211.561, 175.745), (178.686, 143.636)))
(((200.279, -249.669), (168.51, -252.978), (162.722, -207.829), (177.067, -199.461), (181.738, -200.09), (209.763, -215.18), (200.279, -249.669)))
(((207.458, -319.763), (178.736, -350.982), (166.775, -353.574), (148.781, -333.06), (150.037, -314.963), (170.16, -294.84), (193.825, -297.042), (207.458, -319.763)))
(((220.753, -269.037), (193.825, -297.042), (170.16, -294.84), (166.46, -255.075), (168.51, -252.978), (200.279, -249.669), (220.753, -269.037)))
(((213.419, -165.972), (181.738, -200.09), (177.067, -199.461), (173.232, -165.904), (194.108, -147.907), (213.419, -165.972)))
(((287.264, 13.191), (287.105, 12.7017), (269.009, 6.66981), (177.456, -1.99066), (166.563, 62.0037), (167.318, 66.0267), (189.286, 75.8968), (287.264, 13.191)))
(((206.212, -416.213), (181.034, -405.722), (163.808, -374.346), (166.775, -353.574), (178.736, -350.982), (231.883, -368.219), (206.212, -416.213)))
(((198.301, -66.8668), (165.289, -19.502), (166.042, -11.3292), (177.456, -1.99066), (269.009, 6.66981), (198.301, -66.8668)))
(((264.202, 297.467), (229.858, 269.842), (186.79, 264.887), (186.783, 264.891), (158.725, 347.79), (238.626, 393.139), (264.202, 297.467)))
(((241.582, 402.134), (150.828, 452.957), (149.371, 483.824), (226.235, 538.22), (246.54, 406.238), (241.582, 402.134)))
(((209.763, -215.18), (181.738, -200.09), (213.419, -165.972), (224.829, -169.862), (218.026, -212.04), (209.763, -215.18)))
(((243.577, -606.888), (176.895, -504.3), (220.547, -461.664), (228.742, -457.621), (248.81, -463.175), (310.489, -514.574), (291.902, -571.779), (243.577, -606.888)))
(((242.394, -362.788), (231.883, -368.219), (178.736, -350.982), (207.458, -319.763), (229.568, -322.459), (245.186, -349.947), (242.394, -362.788)))
(((245.115, -284.563), (229.568, -322.459), (207.458, -319.763), (193.825, -297.042), (220.753, -269.037), (237.537, -271.473), (245.115, -284.563)))
(((261.515, 177.886), (211.561, 175.745), (180.617, 220.442), (186.79, 264.887), (229.858, 269.842), (261.515, 177.886)))
(((314.638, 127.576), (199.738, 110.554), (178.686, 143.636), (211.561, 175.745), (261.515, 177.886), (318.899, 141.312), (319, 141), (319, 141), (314.638, 127.576)))
(((233.808, -166.93), (224.829, -169.862), (213.419, -165.972), (194.108, -147.907), (192.495, -104.364), (192.989, -103.245), (197.155, -100.666), (198.021, -100.74), (240.251, -125.694), (233.808, -166.93)))
(((237.537, -271.473), (220.753, -269.037), (200.279, -249.669), (209.763, -215.18), (218.026, -212.04), (239.388, -217.737), (245.381, -258.49), (237.537, -271.473)))
(((287.237, 13.208), (189.286, 75.8968), (199.738, 110.554), (313.854, 127.46), (327, 87), (327, 87), (307.902, 28.2215), (287.237, 13.208)))
(((301.123, 2.43003), (262.709, -68.3953), (198.021, -100.74), (197.155, -100.666), (198.301, -66.8668), (269.009, 6.66981), (287.023, 12.6743), (301.123, 2.43003)))
(((239.388, -217.737), (218.026, -212.04), (224.829, -169.862), (233.808, -166.93), (250.784, -173.103), (249.277, -212.298), (239.388, -217.737)))
(((248.81, -463.175), (228.742, -457.621), (206.212, -416.213), (231.883, -368.219), (242.394, -362.788), (273.118, -388.733), (248.81, -463.175)))
(((269.606, -122.099), (240.251, -125.694), (198.021, -100.74), (262.709, -68.3953), (270.562, -120.746), (269.606, -122.099)))
(((273.75, -168), (250.784, -173.103), (233.808, -166.93), (240.251, -125.694), (269.606, -122.099), (279.696, -157.023), (273.75, -168)))
(((288.484, -322.885), (245.186, -349.947), (229.568, -322.459), (245.115, -284.563), (266.956, -292.586), (288.484, -322.885)))
(((285.194, -242.096), (245.381, -258.49), (239.388, -217.737), (249.277, -212.298), (286.176, -216.082), (285.194, -242.096)))
(((286.176, -216.082), (249.277, -212.298), (250.784, -173.103), (273.75, -168), (293.447, -207.393), (286.176, -216.082)))
(((352.443, 435.121), (246.54, 406.238), (226.235, 538.22), (245.998, 578.106), (298.902, 578.106), (348.902, 541.779), (368, 483), (368, 483), (352.443, 435.121)))
(((301.13, -261.518), (266.956, -292.586), (245.115, -284.563), (237.537, -271.473), (245.381, -258.49), (285.194, -242.096), (301.13, -261.518)))
(((316.28, 142.981), (261.515, 177.886), (229.858, 269.842), (264.202, 297.467), (363.013, 275.047), (377, 232), (377, 232), (357.902, 173.221), (316.28, 142.981)))
(((336.321, -377.336), (273.118, -388.733), (242.394, -362.788), (245.186, -349.947), (288.484, -322.885), (291.885, -323.545), (336.321, -377.336)))
(((385.877, -90.5441), (270.562, -120.746), (262.709, -68.3953), (300.405, 1.10565), (317.902, 1.10565), (367.902, -35.2215), (385.877, -90.5441)))
(((307.527, -512.106), (248.81, -463.175), (273.118, -388.733), (336.321, -377.336), (383.536, -394.028), (391, -417), (391, -417), (371.902, -475.779), (321.902, -512.106), (307.527, -512.106)))
(((322.486, -288.723), (291.885, -323.545), (288.484, -322.885), (266.956, -292.586), (301.13, -261.518), (310.229, -264.72), (322.486, -288.723)))
(((383.438, -91.1829), (396.821, -132.372), (373.389, -149.816), (279.696, -157.023), (269.606, -122.099), (270.562, -120.746), (383.438, -91.1829)))
(((333.334, -200.08), (293.447, -207.393), (273.75, -168), (279.696, -157.023), (373.389, -149.816), (333.334, -200.08)))
(((361.68, 275.35), (264.202, 297.467), (238.626, 393.139), (241.582, 402.134), (246.54, 406.238), (350.682, 434.641), (384.902, 409.779), (404, 351), (404, 351), (384.902, 292.221), (361.68, 275.35)))
(((339.648, -237.262), (310.229, -264.72), (301.13, -261.518), (285.194, -242.096), (286.176, -216.082), (293.447, -207.393), (333.334, -200.08), (339.648, -237.262)))
(((383.283, -393.938), (336.321, -377.336), (291.885, -323.545), (322.486, -288.723), (425.313, -315.884), (426, -318), (426, -318), (406.902, -376.779), (383.283, -393.938)))
(((423.613, -315.435), (322.486, -288.723), (310.229, -264.72), (339.648, -237.262), (430.161, -295.282), (423.613, -315.435)))
(((430.843, -295.72), (339.648, -237.262), (333.334, -200.08), (373.389, -149.816), (397.372, -131.962), (445.902, -167.221), (465, -226), (465, -226), (445.902, -284.779), (430.843, -295.72)))
