(((-227.445, -304.445), (-266.902, -275.779), (-286, -217), (-266.902, -158.221), (-221.677, -125.364), (-200.337, -138.21), (-153.159, -195.979), (-147.869, -224.869), (-227.445, -304.445)))
(((-157.422, 413.894), (-173.902, 413.894), (-223.902, 450.221), (-243, 509), (-223.902, 567.779), (-173.902, 604.106), (-153.655, 604.106), (-80.4051, 528.142), (-156.167, 414.5), (-157.422, 413.894)))
(((-226.757, -303.757), (-147.869, -224.869), (-101.827, -244.378), (-81.1344, -308.048), (-136.3, -358.106), (-170.902, -358.106), (-220.902, -321.779), (-226.757, -303.757)))
(((-91.8121, -159.097), (-99.9884, -179.733), (-153.159, -195.979), (-200.337, -138.21), (-102.224, -141.844), (-91.8121, -159.097)))
(((-219.975, -126.389), (-224, -114), (-204.902, -55.2215), (-154.902, -18.8943), (-148.939, -18.8943), (-93.2252, -115.322), (-102.224, -141.844), (-200.337, -138.21), (-219.975, -126.389)))
(((-101.827, -244.378), (-147.869, -224.869), (-153.159, -195.979), (-99.9884, -179.733), (-86.2015, -218.336), (-101.827, -244.378)))
(((-147.978, -20.5581), (-127.665, -5.80041), (-67.5914, -50.6013), (-56.741, -106.403), (-93.2252, -115.322), (-147.978, -20.5581)))
(((-129.387, 288.684), (-154.902, 307.221), (-174, 366), (-158.627, 413.313), (-156.167, 414.5), (-41.8214, 414.5), (-34.1274, 385.123), (-47.4835, 324.575), (-129.387, 288.684)))
(((-41.8214, 414.5), (-156.167, 414.5), (-80.4051, 528.142), (-61.828, 525.948), (-41.367, 503.412), (-26.0381, 432.177), (-41.8214, 414.5)))
(((-32.8721, -203.892), (-86.2015, -218.336), (-99.9884, -179.733), (-91.8121, -159.097), (-49.8581, -162.843), (-32.8721, -203.892)))
(((-32.6404, -134.326), (-49.8581, -162.843), (-91.8121, -159.097), (-102.224, -141.844), (-93.2252, -115.322), (-56.741, -106.403), (-37.859, -115.481), (-32.6404, -134.326)))
(((-29.9612, -205.712), (-30.931, -262.931), (-75.2586, -307.259), (-81.1344, -308.048), (-101.827, -244.378), (-86.2015, -218.336), (-32.8721, -203.892), (-29.9612, -205.712)))
(((-154.225, 604.696), (-139.902, 648.779), (-89.9017, 685.106), (-28.0983, 685.106), (21.9017, 648.779), (30.3218, 622.864), (-61.828, 525.948), (-80.4051, 528.142), (-154.225, 604.696)))
(((-87.0924, -556.061), (-132.902, -522.779), (-152, -464), (-133.857, -408.161), (-15.9933, -420.834), (8.66343, -436.572), (12.837, -443.097), (-87.0924, -556.061)))
(((-8.3187, -80.7279), (-37.859, -115.481), (-56.741, -106.403), (-67.5914, -50.6013), (-17.841, -58.2552), (-8.3187, -80.7279)))
(((-129.783, -408.599), (-142, -371), (-138.442, -360.049), (-81.1344, -308.048), (-75.2586, -307.259), (-17.7259, -334.204), (-15.9933, -420.834), (-129.783, -408.599)))
(((-119.939, 142.337), (-139, 201), (-125.146, 243.639), (-27.9514, 238.524), (3.49873, 205.735), (-47.7931, 146.345), (-119.939, 142.337)))
(((-127.502, -5.92249), (-115.902, 29.7785), (-111.104, 33.264), (-92.2799, 32.9554), (-4.3671, -3.00891), (3.18046, -18.548), (-17.841, -58.2552), (-67.5914, -50.6013), (-127.502, -5.92249)))
(((-124.143, 243.586), (-135, 277), (-131.505, 287.756), (-47.4835, 324.575), (1.72258, 305.291), (6.6223, 292.173), (-27.9514, 238.524), (-124.143, 243.586)))
(((-112.618, 33.2888), (-113.902, 34.2215), (-133, 93), (-116.915, 142.505), (-47.7931, 146.345), (2.625, 118.975), (-0.74483, 73.8193), (-92.2799, 32.9554), (-112.618, 33.2888)))
(((19.8114, -196.166), (-29.9612, -205.712), (-32.8721, -203.892), (-49.8581, -162.843), (-32.6404, -134.326), (20.4429, -147.066), (23.4647, -191.185), (19.8114, -196.166)))
(((30.78, 44.22), (-4.3671, -3.00891), (-92.2799, 32.9554), (-0.74483, 73.8193), (30.6355, 47.9766), (30.78, 44.22)))
(((1.72258, 305.291), (-47.4835, 324.575), (-34.1274, 385.123), (39.8265, 353.143), (1.72258, 305.291)))
(((15.1469, -328.726), (-17.7259, -334.204), (-75.2586, -307.259), (-30.931, -262.931), (15.4064, -266.363), (32.6062, -297.798), (15.1469, -328.726)))
(((20.4429, -147.066), (-32.6404, -134.326), (-37.859, -115.481), (-8.3187, -80.7279), (13.577, -87.779), (23.9613, -142.297), (20.4429, -147.066)))
(((31.3209, -235.171), (15.4064, -266.363), (-30.931, -262.931), (-29.9612, -205.712), (19.8114, -196.166), (31.3209, -235.171)))
(((91.2287, -536.995), (80.9017, -568.779), (30.9017, -605.106), (-30.9017, -605.106), (-80.9017, -568.779), (-85.5869, -554.359), (12.837, -443.097), (19.7339, -446.575), (91.2287, -536.995)))
(((33.761, 626.481), (52.7139, 612.711), (39.6356, 508.085), (-41.367, 503.412), (-61.828, 525.948), (33.761, 626.481)))
(((51.8123, 177.806), (22.7714, 126.765), (2.625, 118.975), (-47.7931, 146.345), (3.49873, 205.735), (27.7175, 204.311), (51.8123, 177.806)))
(((44.9666, 498.311), (18.3186, 434.588), (-26.0381, 432.177), (-41.367, 503.412), (39.6356, 508.085), (44.9666, 498.311)))
(((8.66343, -436.572), (-15.9933, -420.834), (-17.7259, -334.204), (15.1469, -328.726), (42.991, -360.455), (8.66343, -436.572)))
(((27.7175, 204.311), (3.49873, 205.735), (-27.9514, 238.524), (6.6223, 292.173), (51.9588, 263.459), (27.7175, 204.311)))
(((67.6095, 366.34), (39.8265, 353.143), (-34.1274, 385.123), (-41.8214, 414.5), (-26.0381, 432.177), (18.3186, 434.588), (66.7368, 399.502), (67.6095, 366.34)))
(((38.9812, -76.3222), (13.577, -87.779), (-8.3187, -80.7279), (-17.841, -58.2552), (3.18046, -18.548), (24.6095, -25.2226), (38.9812, -76.3222)))
(((81.1169, 85.8377), (30.6355, 47.9766), (-0.74483, 73.8193), (2.625, 118.975), (22.7714, 126.765), (81.096, 86.4933), (81.1169, 85.8377)))
(((56.5667, -17.2333), (24.6095, -25.2226), (3.18046, -18.548), (-4.3671, -3.00891), (30.78, 44.22), (69.05, 5.95), (56.5667, -17.2333)))
(((57, -130.453), (23.9613, -142.297), (13.577, -87.779), (38.9812, -76.3222), (57, -79.025), (57, -130.453)))
(((86.6099, -290.203), (32.6062, -297.798), (15.4064, -266.363), (31.3209, -235.171), (61.4001, -243.565), (86.6099, -290.203)))
(((57, -79.025), (38.9812, -76.3222), (24.6095, -25.2226), (56.5667, -17.2333), (86.4398, -65.7771), (57, -79.025)))
(((98.723, 337.85), (56.2499, 264.621), (51.9588, 263.459), (6.6223, 292.173), (1.72258, 305.291), (39.8265, 353.143), (67.6095, 366.34), (98.723, 337.85)))
(((110.695, -332.305), (83.7812, -359.219), (42.991, -360.455), (15.1469, -328.726), (32.6062, -297.798), (86.6099, -290.203), (91.1316, -291.711), (110.695, -332.305)))
(((97.5929, -163.067), (54.2465, -190.158), (23.4647, -191.185), (20.4429, -147.066), (23.9613, -142.297), (57, -130.453), (85.4585, -139.581), (97.5929, -163.067)))
(((89.77, -407.984), (19.7339, -446.575), (12.837, -443.097), (8.66343, -436.572), (42.991, -360.455), (83.7812, -359.219), (89.77, -407.984)))
(((61.4001, -243.565), (31.3209, -235.171), (19.8114, -196.166), (23.4647, -191.185), (54.2465, -190.158), (81.5972, -221.612), (61.4001, -243.565)))
(((106.762, 438.315), (66.7368, 399.502), (18.3186, 434.588), (44.9666, 498.311), (95.9409, 481.058), (106.762, 438.315)))
(((81.096, 86.4933), (22.7714, 126.765), (51.8123, 177.806), (60.4684, 177.062), (101.03, 119.716), (81.096, 86.4933)))
(((98.0114, 13.765), (69.05, 5.95), (30.78, 44.22), (30.6355, 47.9766), (81.1169, 85.8377), (108.177, 55.0633), (98.0114, 13.765)))
(((123.61, 209.619), (60.4684, 177.062), (51.8123, 177.806), (27.7175, 204.311), (51.9588, 263.459), (56.2499, 264.621), (116.477, 235.582), (123.61, 209.619)))
(((113.285, -85.1922), (85.4585, -139.581), (57, -130.453), (57, -79.025), (86.4398, -65.7771), (91.4765, -66.4966), (113.055, -83.4981), (113.285, -85.1922)))
(((85.058, 617.106), (127.843, 521.468), (95.9409, 481.058), (44.9666, 498.311), (39.6356, 508.085), (53.2632, 617.106), (85.058, 617.106)))
(((120.55, -186.69), (107.301, -220.416), (81.5972, -221.612), (54.2465, -190.158), (97.5929, -163.067), (110.71, -169.533), (120.55, -186.69)))
(((91.1316, -291.711), (86.6099, -290.203), (61.4001, -243.565), (81.5972, -221.612), (107.301, -220.416), (120.668, -254.79), (91.1316, -291.711)))
(((152.716, -511.085), (116.902, -537.106), (91.3161, -537.106), (19.7339, -446.575), (89.77, -407.984), (128.828, -428.908), (152.716, -511.085)))
(((118.28, -6.9344), (91.4765, -66.4966), (86.4398, -65.7771), (56.5667, -17.2333), (69.05, 5.95), (98.0114, 13.765), (118.28, -6.9344)))
(((116.477, 235.582), (56.2499, 264.621), (98.723, 337.85), (99.3404, 337.707), (143.188, 290.727), (116.477, 235.582)))
(((142.251, 134.265), (101.03, 119.716), (60.4684, 177.062), (123.61, 209.619), (124.081, 209.313), (143.262, 134.983), (142.251, 134.265)))
(((157.575, -376.978), (128.828, -428.908), (89.77, -407.984), (83.7812, -359.219), (110.695, -332.305), (142.925, -340.118), (157.575, -376.978)))
(((150.708, -128.285), (110.71, -169.533), (97.5929, -163.067), (85.4585, -139.581), (113.285, -85.1922), (150.708, -128.285)))
(((169.042, 380.025), (99.3404, 337.707), (98.723, 337.85), (67.6095, 366.34), (66.7368, 399.502), (106.762, 438.315), (132.068, 433.901), (169.042, 380.025)))
(((165.518, -55.836), (113.055, -83.4981), (91.4765, -66.4966), (118.28, -6.9344), (149.479, -10.7743), (165.518, -55.836)))
(((139.212, 58.3058), (108.177, 55.0633), (81.1169, 85.8377), (81.096, 86.4933), (101.03, 119.716), (142.251, 134.265), (139.212, 58.3058)))
(((178.408, 22.7566), (149.479, -10.7743), (118.28, -6.9344), (98.0114, 13.765), (108.177, 55.0633), (139.212, 58.3058), (156.833, 53.5), (178.408, 22.7566)))
(((143.282, -254.442), (120.668, -254.79), (107.301, -220.416), (120.55, -186.69), (144.21, -191.345), (173.076, -221.036), (143.282, -254.442)))
(((199.938, 481.809), (132.068, 433.901), (106.762, 438.315), (95.9409, 481.058), (127.843, 521.468), (192.548, 505.906), (199.665, 498.438), (199.938, 481.809)))
(((142.925, -340.118), (110.695, -332.305), (91.1316, -291.711), (120.668, -254.79), (143.282, -254.442), (187.778, -304.5), (142.925, -340.118)))
(((180.13, -158.188), (144.21, -191.345), (120.55, -186.69), (110.71, -169.533), (150.708, -128.285), (155.378, -128.644), (180.13, -158.188)))
(((190.694, 104.291), (156.833, 53.5), (139.212, 58.3058), (142.251, 134.265), (143.262, 134.983), (186.05, 128.439), (190.694, 104.291)))
(((195.769, -90.6288), (155.378, -128.644), (150.708, -128.285), (113.285, -85.1922), (113.055, -83.4981), (165.518, -55.836), (171.621, -58.2452), (196.191, -89.5158), (195.769, -90.6288)))
(((202.456, 342.791), (164.658, 291.714), (143.188, 290.727), (99.3404, 337.707), (169.042, 380.025), (179.813, 378.013), (202.456, 342.791)))
(((83.8912, 619.714), (127.098, 651.106), (188.148, 651.106), (192.548, 505.906), (127.843, 521.468), (83.8912, 619.714)))
(((189.382, 212.891), (124.081, 209.313), (123.61, 209.619), (116.477, 235.582), (143.188, 290.727), (164.658, 291.714), (190.367, 268.062), (189.382, 212.891)))
(((216.866, 157.054), (186.05, 128.439), (143.262, 134.983), (124.081, 209.313), (189.382, 212.891), (212.857, 195.937), (216.866, 157.054)))
(((271.831, -417.521), (252.902, -475.779), (202.902, -512.106), (153.013, -512.106), (128.828, -428.908), (157.575, -376.978), (271.831, -417.521)))
(((254.782, -219.834), (173.076, -221.036), (144.21, -191.345), (180.13, -158.188), (215.806, -166.324), (241.14, -184.365), (254.782, -219.834)))
(((228.988, 434.671), (179.813, 378.013), (169.042, 380.025), (132.068, 433.901), (199.938, 481.809), (228.988, 434.671)))
(((264.398, -290.708), (187.778, -304.5), (143.282, -254.442), (173.076, -221.036), (254.782, -219.834), (269.474, -234.916), (276, -255), (276, -255), (264.398, -290.708)))
(((263.808, 16.6566), (171.621, -58.2452), (165.518, -55.836), (149.479, -10.7743), (178.408, 22.7566), (263.808, 16.6566)))
(((215.806, -166.324), (180.13, -158.188), (155.378, -128.644), (195.769, -90.6288), (215.806, -166.324)))
(((278.082, 21.1656), (277.377, 18.9961), (263.808, 16.6566), (178.408, 22.7566), (156.833, 53.5), (190.694, 104.291), (278.082, 21.1656)))
(((270.434, -417.025), (157.575, -376.978), (142.925, -340.118), (187.778, -304.5), (266.735, -290.288), (274.902, -296.221), (294, -355), (294, -355), (274.902, -413.779), (270.434, -417.025)))
(((256.331, 323.744), (226.325, 275.113), (190.367, 268.062), (164.658, 291.714), (202.456, 342.791), (248.922, 331.458), (256.331, 323.744)))
(((309.899, -45.5341), (272.932, -78.3939), (196.191, -89.5158), (171.621, -58.2452), (263.808, 16.6566), (276.333, 18.8161), (292.902, 6.77853), (309.899, -45.5341)))
(((212.857, 195.937), (189.382, 212.891), (190.367, 268.062), (226.325, 275.113), (255.15, 226.633), (212.857, 195.937)))
(((241.14, -184.365), (215.806, -166.324), (195.769, -90.6288), (196.191, -89.5158), (272.932, -78.3939), (241.14, -184.365)))
(((188.196, 649.544), (193.098, 653.106), (254.902, 653.106), (255.567, 652.622), (283.465, 537.686), (199.665, 498.438), (192.548, 505.906), (188.196, 649.544)))
(((248.922, 331.458), (202.456, 342.791), (179.813, 378.013), (228.988, 434.671), (263.653, 423.116), (248.922, 331.458)))
(((277.793, 21.4404), (190.694, 104.291), (186.05, 128.439), (216.866, 157.054), (328.61, 112.356), (331, 105), (331, 105), (311.902, 46.2215), (277.793, 21.4404)))
(((343.983, 235.094), (255.15, 226.633), (226.325, 275.113), (256.331, 323.744), (345.445, 298.408), (355, 269), (355, 269), (343.983, 235.094)))
(((348.729, 441.234), (263.653, 423.116), (228.988, 434.671), (199.938, 481.809), (199.665, 498.438), (283.465, 537.686), (357.119, 490.944), (361, 479), (361, 479), (348.729, 441.234)))
(((326.164, 113.334), (216.866, 157.054), (212.857, 195.937), (255.15, 226.633), (346.641, 235.347), (363, 185), (363, 185), (343.902, 126.221), (326.164, 113.334)))
(((345.764, 298.317), (256.331, 323.744), (248.922, 331.458), (263.653, 423.116), (349.043, 441.301), (364.902, 429.779), (384, 371), (384, 371), (364.902, 312.221), (345.764, 298.317)))
(((271.607, -237.106), (254.782, -219.834), (241.14, -184.365), (272.932, -78.3939), (308.369, -46.8943), (322.902, -46.8943), (372.902, -83.2215), (392, -142), (392, -142), (372.902, -200.779), (322.902, -237.106), (271.607, -237.106)))
(((359.777, 489.257), (283.465, 537.686), (256.385, 649.252), (296.098, 678.106), (357.902, 678.106), (407.902, 641.779), (427, 583), (427, 583), (407.902, 524.221), (359.777, 489.257)))
