(((-273.492, -242.248), (-287.902, -231.779), (-307, -173), (-291.503, -125.305), (-203.014, -134.499), (-173.196, -187.357), (-218.777, -230.148), (-273.492, -242.248)))
(((-289.408, -125.523), (-299, -96), (-293.35, -78.6125), (-194.088, -82.1576), (-176.052, -101.195), (-187.047, -125.499), (-203.014, -134.499), (-289.408, -125.523)))
(((-269.648, -442.502), (-278.902, -435.779), (-298, -377), (-278.902, -318.221), (-274.831, -315.264), (-235.687, -320.744), (-203.998, -334.258), (-175.681, -361.123), (-173.688, -384.54), (-215.174, -438.9), (-269.648, -442.502)))
(((-294.566, -78.5691), (-298, -68), (-278.902, -9.22147), (-228.902, 27.1057), (-167.098, 27.1057), (-143.08, 9.65553), (-194.088, -82.1576), (-294.566, -78.5691)))
(((-158.216, 440.442), (-163.098, 436.894), (-224.902, 436.894), (-274.902, 473.221), (-294, 532), (-274.902, 590.779), (-273.439, 591.841), (-139.068, 545.506), (-134.817, 466.866), (-158.216, 440.442)))
(((-228.862, -587.322), (-270.902, -556.779), (-290, -498), (-272.018, -442.658), (-215.174, -438.9), (-198.742, -444.258), (-155.577, -487.423), (-208.816, -572.605), (-228.862, -587.322)))
(((-271.412, -315.742), (-284, -277), (-272.648, -242.062), (-218.777, -230.148), (-170.911, -250.165), (-160.097, -285.311), (-235.687, -320.744), (-271.412, -315.742)))
(((-136.682, 8.08468), (-150.974, -85.6053), (-176.052, -101.195), (-194.088, -82.1576), (-141.862, 11.8482), (-136.682, 8.08468)))
(((-273.406, 591.83), (-254.902, 648.779), (-204.902, 685.106), (-143.098, 685.106), (-93.0983, 648.779), (-88.3702, 634.227), (-139.068, 545.506), (-273.406, 591.83)))
(((-147.541, -318.684), (-203.998, -334.258), (-235.687, -320.744), (-160.097, -285.311), (-142.284, -295.027), (-147.541, -318.684)))
(((-140.431, -159.211), (-168.951, -186.939), (-173.196, -187.357), (-203.014, -134.499), (-187.047, -125.499), (-146.313, -137.946), (-140.431, -159.211)))
(((-134.668, -349.405), (-175.681, -361.123), (-203.998, -334.258), (-147.541, -318.684), (-133.37, -346.279), (-134.668, -349.405)))
(((-144.436, -240.313), (-170.911, -250.165), (-218.777, -230.148), (-173.196, -187.357), (-168.951, -186.939), (-138.487, -211.311), (-144.436, -240.313)))
(((-140.68, -425.728), (-198.742, -444.258), (-215.174, -438.9), (-173.688, -384.54), (-143.505, -392.771), (-140.68, -425.728)))
(((-146.313, -137.946), (-187.047, -125.499), (-176.052, -101.195), (-150.974, -85.6053), (-130.056, -112.5), (-146.313, -137.946)))
(((-126.114, -377.699), (-143.505, -392.771), (-173.688, -384.54), (-175.681, -361.123), (-134.668, -349.405), (-126.114, -377.699)))
(((-122.559, -543.853), (-208.816, -572.605), (-155.577, -487.423), (-130.755, -489.196), (-117.347, -499.923), (-122.559, -543.853)))
(((-119.198, -439.5), (-130.755, -489.196), (-155.577, -487.423), (-198.742, -444.258), (-140.68, -425.728), (-125.993, -431.603), (-119.198, -439.5)))
(((-127.764, -289.38), (-142.284, -295.027), (-160.097, -285.311), (-170.911, -250.165), (-144.436, -240.313), (-125.774, -252.577), (-127.764, -289.38)))
(((-106.185, -203.047), (-138.487, -211.311), (-168.951, -186.939), (-140.431, -159.211), (-111.245, -166.358), (-102.529, -198.107), (-106.185, -203.047)))
(((-181.496, -658.596), (-212.902, -635.779), (-228.688, -587.195), (-208.816, -572.605), (-122.559, -543.853), (-82.3635, -578.917), (-177.82, -657.528), (-181.496, -658.596)))
(((-103.552, -391.899), (-125.993, -431.603), (-140.68, -425.728), (-143.505, -392.771), (-126.114, -377.699), (-106.938, -385.28), (-103.552, -391.899)))
(((-95.3776, -331.452), (-133.37, -346.279), (-147.541, -318.684), (-142.284, -295.027), (-127.764, -289.38), (-113.937, -293.635), (-94.1829, -328.44), (-95.3776, -331.452)))
(((-100.062, -242.848), (-125.774, -252.577), (-144.436, -240.313), (-138.487, -211.311), (-106.185, -203.047), (-100.062, -242.848)))
(((-101.112, -155.068), (-111.245, -166.358), (-140.431, -159.211), (-146.313, -137.946), (-130.056, -112.5), (-112.735, -112.5), (-99.0766, -126.573), (-101.112, -155.068)))
(((-136.679, 8.10565), (-128.868, 8.10565), (-120.11, -3.29393), (-94.0822, -77.2664), (-112.735, -112.5), (-130.056, -112.5), (-150.974, -85.6053), (-136.679, 8.10565)))
(((-84.3133, -357.269), (-106.938, -385.28), (-126.114, -377.699), (-134.668, -349.405), (-133.37, -346.279), (-95.3776, -331.452), (-84.3133, -357.269)))
(((-81.3229, -271.541), (-113.937, -293.635), (-127.764, -289.38), (-125.774, -252.577), (-100.062, -242.848), (-83.1357, -252.689), (-81.3229, -271.541)))
(((-61.633, -467.63), (-111.545, -498.97), (-117.347, -499.923), (-130.755, -489.196), (-119.198, -439.5), (-86.95, -439.5), (-61.633, -467.63)))
(((-86.95, -439.5), (-119.198, -439.5), (-125.993, -431.603), (-103.552, -391.899), (-77.892, -406.562), (-86.95, -439.5)))
(((-75.6233, -796.106), (-126.902, -796.106), (-176.902, -759.779), (-196, -701), (-182.298, -658.828), (-177.82, -657.528), (-64.286, -666.86), (-75.6233, -796.106)))
(((-43.0831, -571.784), (-54.7635, -578.635), (-82.3635, -578.917), (-122.559, -543.853), (-117.347, -499.923), (-111.545, -498.97), (-38.4057, -547.73), (-43.0831, -571.784)))
(((-64.286, -666.86), (-177.82, -657.528), (-82.3635, -578.917), (-54.7635, -578.635), (-63.537, -666.37), (-64.286, -666.86)))
(((-56.5465, -310.477), (-94.1829, -328.44), (-113.937, -293.635), (-81.3229, -271.541), (-63.0403, -287.285), (-56.5465, -310.477)))
(((-75.125, -121.25), (-99.0766, -126.573), (-112.735, -112.5), (-94.0822, -77.2664), (-61.8457, -94.6915), (-75.125, -121.25)))
(((-50.8662, -224.641), (-55.7911, -233.259), (-83.1357, -252.689), (-100.062, -242.848), (-106.185, -203.047), (-102.529, -198.107), (-78.3359, -198.582), (-53.7748, -214.546), (-50.8662, -224.641)))
(((-6.76878, 600.172), (-69.8486, 477.517), (-134.817, 466.866), (-139.068, 545.506), (-89.0111, 633.106), (-52.0983, 633.106), (-6.76878, 600.172)))
(((-50.7698, -394.769), (-77.892, -406.562), (-103.552, -391.899), (-106.938, -385.28), (-84.3133, -357.269), (-51.1553, -370.872), (-50.7698, -394.769)))
(((-62.013, -161.484), (-78.3359, -198.582), (-102.529, -198.107), (-111.245, -166.358), (-101.112, -155.068), (-62.1478, -158.721), (-62.013, -161.484)))
(((-62.1478, -158.721), (-101.112, -155.068), (-99.0766, -126.573), (-75.125, -121.25), (-53.2703, -147.476), (-62.1478, -158.721)))
(((-38.4057, -547.73), (-111.545, -498.97), (-61.633, -467.63), (-50.4057, -469.478), (-33.4882, -485.073), (-25.0514, -520.427), (-38.4057, -547.73)))
(((-36.9826, -89.0621), (-61.8457, -94.6915), (-94.0822, -77.2664), (-120.11, -3.29393), (-38.2182, -55.4066), (-36.0383, -87.5608), (-36.9826, -89.0621)))
(((-31.5294, -347.114), (-51.1553, -370.872), (-84.3133, -357.269), (-95.3776, -331.452), (-94.1829, -328.44), (-56.5465, -310.477), (-50.413, -313.543), (-31.5294, -347.114)))
(((-89.3135, 252.894), (-96.9017, 252.894), (-146.902, 289.221), (-166, 348), (-153.674, 385.934), (-40.3501, 380.935), (-17.5644, 302.983), (-89.3135, 252.894)))
(((-153.225, 385.914), (-163, 416), (-153.228, 446.074), (-134.817, 466.866), (-69.8486, 477.517), (-15.9145, 446.16), (-19.998, 406.686), (-40.3501, 380.935), (-153.225, 385.914)))
(((-50.4057, -469.478), (-61.633, -467.63), (-86.95, -439.5), (-77.892, -406.562), (-50.7698, -394.769), (-41.4466, -403.101), (-38.7293, -433.67), (-50.4057, -469.478)))
(((-53.7748, -214.546), (-78.3359, -198.582), (-62.013, -161.484), (-37.6719, -191.442), (-53.7748, -214.546)))
(((-40.2003, -267.559), (-63.0403, -287.285), (-81.3229, -271.541), (-83.1357, -252.689), (-55.7911, -233.259), (-40.2003, -267.559)))
(((-27.4968, -122.94), (-42.3702, -144.424), (-53.2703, -147.476), (-75.125, -121.25), (-61.8457, -94.6915), (-36.9826, -89.0621), (-27.4968, -122.94)))
(((-23.2534, -184.634), (-37.6719, -191.442), (-62.013, -161.484), (-62.1478, -158.721), (-53.2703, -147.476), (-42.3702, -144.424), (-17.8364, -171.091), (-23.2534, -184.634)))
(((18.2311, -781.976), (-8.0983, -801.106), (-69.9017, -801.106), (-75.6928, -796.898), (-64.286, -666.86), (-63.537, -666.37), (-48.5, -668.25), (7.04486, -718.588), (18.2311, -781.976)))
(((-128.657, 7.83167), (-125.748, 16.7845), (-11.1625, 6.20731), (-15.6662, -37.9288), (-38.2182, -55.4066), (-120.11, -3.29393), (-128.657, 7.83167)))
(((-18.8639, -294.207), (-50.413, -313.543), (-56.5465, -310.477), (-63.0403, -287.285), (-40.2003, -267.559), (-16.2948, -269.8), (-18.8639, -294.207)))
(((-121.197, 80.4401), (-136, 126), (-116.902, 184.779), (-112.035, 188.314), (-14.375, 149.25), (-2.11857, 103.726), (-31.8375, 83.594), (-121.197, 80.4401)))
(((-4.03383, -257.88), (-16.2948, -269.8), (-40.2003, -267.559), (-55.7911, -233.259), (-50.8662, -224.641), (-13.1667, -233.019), (-4.03383, -257.88)))
(((-125.113, 16.7258), (-133, 41), (-120.173, 80.4762), (-31.8375, 83.594), (4.60638, 21.7979), (4.28957, 15.6993), (-11.1625, 6.20731), (-125.113, 16.7258)))
(((0.560976, -643.72), (-48.5, -668.25), (-63.537, -666.37), (-54.7635, -578.635), (-43.0831, -571.784), (-1.86888, -595.122), (0.560976, -643.72)))
(((-13.1667, -233.019), (-50.8662, -224.641), (-53.7748, -214.546), (-37.6719, -191.442), (-23.2534, -184.634), (1.01178, -212.539), (-13.1667, -233.019)))
(((-14.0153, -401.187), (-41.4466, -403.101), (-50.7698, -394.769), (-51.1553, -370.872), (-31.5294, -347.114), (-28.2227, -347.216), (8.70779, -370.89), (-14.0153, -401.187)))
(((0.5, -321.808), (-28.2227, -347.216), (-31.5294, -347.114), (-50.413, -313.543), (-18.8639, -294.207), (0.5, -307.833), (0.5, -321.808)))
(((9.25647, -431.144), (-38.7293, -433.67), (-41.4466, -403.101), (-14.0153, -401.187), (10.2867, -428.803), (9.25647, -431.144)))
(((7.65347, -457.327), (-33.4882, -485.073), (-50.4057, -469.478), (-38.7293, -433.67), (9.25647, -431.144), (7.65347, -457.327)))
(((8.72335, -160.876), (-17.8364, -171.091), (-42.3702, -144.424), (-27.4968, -122.94), (2.30776, -130.936), (8.72335, -160.876)))
(((-111.671, 188.168), (-94.9017, 239.779), (-90.4257, 243.031), (29.7363, 199.693), (24.3605, 177.593), (-14.375, 149.25), (-111.671, 188.168)))
(((-8.34566, 597.106), (13.4685, 597.106), (26.7136, 462.762), (-15.9145, 446.16), (-69.8486, 477.517), (-8.34566, 597.106)))
(((7.04486, -718.588), (-48.5, -668.25), (0.560976, -643.72), (23.34, -664.909), (7.04486, -718.588)))
(((3.99282, -84.7679), (-36.0383, -87.5608), (-38.2182, -55.4066), (-15.6662, -37.9288), (16.1777, -54.3057), (3.99282, -84.7679)))
(((25.4849, -108.483), (2.30776, -130.936), (-27.4968, -122.94), (-36.9826, -89.0621), (-36.0383, -87.5608), (3.99282, -84.7679), (25.4849, -108.483)))
(((27.6522, -171.523), (11.4528, -208.984), (1.01178, -212.539), (-23.2534, -184.634), (-17.8364, -171.091), (8.72335, -160.876), (27.6522, -171.523)))
(((50.656, 352.619), (-13.9083, 303.247), (-17.5644, 302.983), (-40.3501, 380.935), (-19.998, 406.686), (54.0954, 360.378), (50.656, 352.619)))
(((22.3, -293.3), (0.5, -307.833), (-18.8639, -294.207), (-16.2948, -269.8), (-4.03383, -257.88), (12.8117, -262.247), (22.3, -293.3)))
(((19.8635, -370.332), (8.70779, -370.89), (-28.2227, -347.216), (0.5, -321.808), (26.0989, -335.592), (19.8635, -370.332)))
(((51.3532, 87.5897), (4.60638, 21.7979), (-31.8375, 83.594), (-2.11857, 103.726), (52.91, 96.4855), (51.3532, 87.5897)))
(((35.3539, -414.56), (10.2867, -428.803), (-14.0153, -401.187), (8.70779, -370.89), (19.8635, -370.332), (37.0962, -382.037), (35.3539, -414.56)))
(((-91.5351, 243.431), (-88.2099, 253.665), (-17.5644, 302.983), (-13.9083, 303.247), (45.4079, 258.499), (47.2735, 211.237), (29.7363, 199.693), (-91.5351, 243.431)))
(((34.8265, -47.8357), (16.1777, -54.3057), (-15.6662, -37.9288), (-11.1625, 6.20731), (4.28957, 15.6993), (32.791, 1.01677), (34.8265, -47.8357)))
(((47.7697, -514.623), (44.8269, -516.192), (-25.0514, -520.427), (-33.4882, -485.073), (7.65347, -457.327), (47.3306, -477.165), (52.7053, -503.655), (47.7697, -514.623)))
(((27.0078, -254.984), (12.8117, -262.247), (-4.03383, -257.88), (-13.1667, -233.019), (1.01178, -212.539), (11.4528, -208.984), (40.253, -228.494), (27.0078, -254.984)))
(((61.5, 103.167), (52.91, 96.4855), (-2.11857, 103.726), (-14.375, 149.25), (24.3605, 177.593), (62.2373, 105.133), (61.5, 103.167)))
(((26.2362, -590.555), (-1.86888, -595.122), (-43.0831, -571.784), (-38.4057, -547.73), (-25.0514, -520.427), (44.8269, -516.192), (26.2362, -590.555)))
(((44.5, -321.652), (26.0989, -335.592), (0.5, -321.808), (0.5, -307.833), (22.3, -293.3), (44.5, -303.816), (44.5, -321.652)))
(((89.2414, 390.866), (54.0954, 360.378), (-19.998, 406.686), (-15.9145, 446.16), (26.7136, 462.762), (71.6486, 447.784), (89.2414, 390.866)))
(((57.9082, -118.317), (33.9117, -170.545), (27.6522, -171.523), (8.72335, -160.876), (2.30776, -130.936), (25.4849, -108.483), (46.3527, -108.825), (57.9082, -118.317)))
(((46.3527, -108.825), (25.4849, -108.483), (3.99282, -84.7679), (16.1777, -54.3057), (34.8265, -47.8357), (51.9714, -58.2571), (46.3527, -108.825)))
(((74.0354, -644.201), (64.4603, -653.944), (23.34, -664.909), (0.560976, -643.72), (-1.86888, -595.122), (26.2362, -590.555), (46.3521, -597.072), (74.5896, -640.638), (74.0354, -644.201)))
(((47.3306, -477.165), (7.65347, -457.327), (9.25647, -431.144), (10.2867, -428.803), (35.3539, -414.56), (67.6091, -438.948), (47.3306, -477.165)))
(((46.5625, -177.812), (55.75, -223.75), (40.253, -228.494), (11.4528, -208.984), (27.6522, -171.523), (33.9117, -170.545), (46.5625, -177.812)))
(((60, -290.355), (44.5, -303.816), (22.3, -293.3), (12.8117, -262.247), (27.0078, -254.984), (60, -273.46), (60, -290.355)))
(((72.4857, -369.398), (37.0962, -382.037), (19.8635, -370.332), (26.0989, -335.592), (44.5, -321.652), (68.4421, -340.515), (72.4857, -369.398)))
(((75.2732, 10.3098), (32.791, 1.01677), (4.28957, 15.6993), (4.60638, 21.7979), (51.3532, 87.5897), (75.2732, 10.3098)))
(((18.9598, -786.106), (7.04486, -718.588), (23.34, -664.909), (64.4603, -653.944), (73.9004, -786.106), (18.9598, -786.106)))
(((72.258, -257.77), (60, -273.46), (27.0078, -254.984), (40.253, -228.494), (55.75, -223.75), (69.2995, -227.445), (72.258, -257.77)))
(((88.3618, 284.749), (45.4079, 258.499), (-13.9083, 303.247), (50.656, 352.619), (88.3618, 284.749)))
(((86.8064, -562.236), (46.3521, -597.072), (26.2362, -590.555), (44.8269, -516.192), (47.7697, -514.623), (89.8609, -557.793), (86.8064, -562.236)))
(((97.1971, -20.7921), (79.2762, -51.4309), (51.9714, -58.2571), (34.8265, -47.8357), (32.791, 1.01677), (75.2732, 10.3098), (87.3129, 5.93165), (97.1971, -20.7921)))
(((13.7355, 594.397), (27.0983, 604.106), (63.6108, 604.106), (123.543, 515.59), (122.981, 505.156), (71.6486, 447.784), (26.7136, 462.762), (13.7355, 594.397)))
(((106.133, 147.612), (62.2373, 105.133), (24.3605, 177.593), (29.7363, 199.693), (47.2735, 211.237), (82.7369, 200.858), (106.133, 147.612)))
(((80.8, -133.733), (76.748, -175.604), (46.5625, -177.812), (33.9117, -170.545), (57.9082, -118.317), (61.5581, -118.767), (80.8, -133.733)))
(((100.593, -412.02), (80.3866, -435.516), (67.6091, -438.948), (35.3539, -414.56), (37.0962, -382.037), (72.4857, -369.398), (76.3119, -371.22), (100.596, -411.983), (100.593, -412.02)))
(((91.2957, -195.899), (81.2282, -221.364), (69.2995, -227.445), (55.75, -223.75), (46.5625, -177.812), (76.748, -175.604), (88.9956, -184.628), (91.2957, -195.899)))
(((99.0731, -312.24), (68.4421, -340.515), (44.5, -321.652), (44.5, -303.816), (60, -290.355), (93.6748, -301.876), (99.0731, -312.24)))
(((99.7233, -83.3284), (61.5581, -118.767), (57.9082, -118.317), (46.3527, -108.825), (51.9714, -58.2571), (79.2762, -51.4309), (99.7233, -83.3284)))
(((99.1057, -493.447), (52.7053, -503.655), (47.3306, -477.165), (67.6091, -438.948), (80.3866, -435.516), (111.084, -476.445), (99.1057, -493.447)))
(((93.6748, -301.876), (60, -290.355), (60, -273.46), (72.258, -257.77), (106.15, -268.288), (93.6748, -301.876)))
(((74.5896, -640.638), (46.3521, -597.072), (86.8064, -562.236), (97.652, -623.694), (74.5896, -640.638)))
(((117.492, 228.4), (82.7369, 200.858), (47.2735, 211.237), (45.4079, 258.499), (88.3618, 284.749), (113.387, 280.948), (117.492, 228.4)))
(((134.487, 48.3887), (87.3129, 5.93165), (75.2732, 10.3098), (51.3532, 87.5897), (52.91, 96.4855), (61.5, 103.167), (134.612, 54.4254), (134.487, 48.3887)))
(((169.795, -744.029), (168.902, -746.779), (118.902, -783.106), (73.6861, -783.106), (64.4603, -653.944), (74.0354, -644.201), (142.5, -695.151), (169.795, -744.029)))
(((114.357, -263.208), (106.15, -268.288), (72.258, -257.77), (69.2995, -227.445), (81.2282, -221.364), (113.776, -237.638), (114.357, -263.208)))
(((103.653, -556.261), (89.8609, -557.793), (47.7697, -514.623), (52.7053, -503.655), (99.1057, -493.447), (115.061, -521.159), (103.653, -556.261)))
(((123.703, -328.955), (103.744, -357.896), (76.3119, -371.22), (72.4857, -369.398), (68.4421, -340.515), (99.0731, -312.24), (118.288, -321.282), (123.703, -328.955)))
(((115.711, -164.592), (88.9956, -184.628), (76.748, -175.604), (80.8, -133.733), (100.53, -135.378), (117.252, -156.113), (115.711, -164.592)))
(((146.568, 304.264), (113.387, 280.948), (88.3618, 284.749), (50.656, 352.619), (54.0954, 360.378), (89.2414, 390.866), (108.137, 384.729), (146.568, 304.264)))
(((127.653, -103.538), (100.53, -135.378), (80.8, -133.733), (61.5581, -118.767), (99.7233, -83.3284), (128.559, -90.4012), (127.653, -103.538)))
(((142.5, -607.308), (97.652, -623.694), (86.8064, -562.236), (89.8609, -557.793), (103.653, -556.261), (159.406, -586.5), (142.5, -607.308)))
(((130.5, -223.955), (113.776, -237.638), (81.2282, -221.364), (91.2957, -195.899), (130.5, -204.611), (130.5, -223.955)))
(((100.596, -411.983), (76.3119, -371.22), (103.744, -357.896), (136.105, -383.784), (100.596, -411.983)))
(((141.382, -80.2772), (128.559, -90.4012), (99.7233, -83.3284), (79.2762, -51.4309), (97.1971, -20.7921), (127.956, -31.3985), (143.429, -66.7669), (141.382, -80.2772)))
(((146.606, -449.175), (131.931, -471.897), (111.084, -476.445), (80.3866, -435.516), (100.593, -412.02), (144.635, -440.587), (146.606, -449.175)))
(((130.5, -204.611), (91.2957, -195.899), (88.9956, -184.628), (115.711, -164.592), (139.63, -192.1), (130.5, -204.611)))
(((118.288, -321.282), (99.0731, -312.24), (93.6748, -301.876), (106.15, -268.288), (114.357, -263.208), (143.722, -275.5), (118.288, -321.282)))
(((142.5, -695.151), (74.0354, -644.201), (74.5896, -640.638), (97.652, -623.694), (142.5, -607.308), (142.5, -695.151)))
(((176.511, 104.23), (134.612, 54.4254), (61.5, 103.167), (62.2373, 105.133), (106.133, 147.612), (149.488, 144.754), (177.396, 106.912), (176.511, 104.23)))
(((145.579, -380.884), (136.105, -383.784), (103.744, -357.896), (123.703, -328.955), (146.513, -337.916), (145.579, -380.884)))
(((151.586, -142.587), (117.252, -156.113), (100.53, -135.378), (127.653, -103.538), (151.586, -142.587)))
(((158.445, -511.668), (115.061, -521.159), (99.1057, -493.447), (111.084, -476.445), (131.931, -471.897), (158.445, -511.668)))
(((149.488, 144.754), (106.133, 147.612), (82.7369, 200.858), (117.492, 228.4), (176.054, 206.187), (149.488, 144.754)))
(((175.162, 4.32497), (127.956, -31.3985), (97.1971, -20.7921), (87.3129, 5.93165), (134.487, 48.3887), (175.162, 4.32497)))
(((159.406, -586.5), (103.653, -556.261), (115.061, -521.159), (158.445, -511.668), (176.042, -520.781), (167.431, -584.186), (159.406, -586.5)))
(((196.406, 414.845), (108.137, 384.729), (89.2414, 390.866), (71.6486, 447.784), (122.981, 505.156), (189.87, 445.943), (198.744, 416.826), (196.406, 414.845)))
(((161.842, -264.633), (151.186, -274.342), (143.722, -275.5), (114.357, -263.208), (113.776, -237.638), (130.5, -223.955), (163.664, -240.034), (161.842, -264.633)))
(((162.656, -411.597), (144.635, -440.587), (100.593, -412.02), (100.596, -411.983), (136.105, -383.784), (145.579, -380.884), (152.711, -385.49), (162.656, -411.597)))
(((164.139, -184.799), (139.63, -192.1), (115.711, -164.592), (117.252, -156.113), (151.586, -142.587), (158.371, -144.936), (167.615, -179.779), (164.139, -184.799)))
(((171.356, -327.455), (146.513, -337.916), (123.703, -328.955), (118.288, -321.282), (143.722, -275.5), (151.186, -274.342), (172.181, -326.023), (171.356, -327.455)))
(((219.678, 231.392), (176.054, 206.187), (117.492, 228.4), (113.387, 280.948), (146.568, 304.264), (179.935, 299.542), (190.023, 293.021), (221.376, 239.88), (219.678, 231.392)))
(((163.664, -240.034), (130.5, -223.955), (130.5, -204.611), (139.63, -192.1), (164.139, -184.799), (176.355, -227), (163.664, -240.034)))
(((63.7264, 603.935), (73.0983, 632.779), (123.098, 669.106), (157.467, 669.106), (183.114, 543.72), (123.543, 515.59), (63.7264, 603.935)))
(((189.116, -120.498), (158.371, -144.936), (151.586, -142.587), (127.653, -103.538), (128.559, -90.4012), (141.382, -80.2772), (193.306, -103.477), (189.116, -120.498)))
(((196.669, -35.8532), (143.429, -66.7669), (127.956, -31.3985), (175.162, 4.32497), (181.553, 2.52046), (196.669, -35.8532)))
(((176.042, -520.781), (158.445, -511.668), (131.931, -471.897), (146.606, -449.175), (188.107, -461.164), (189.251, -462.913), (178.541, -518.841), (176.042, -520.781)))
(((179.935, 299.542), (146.568, 304.264), (108.137, 384.729), (196.406, 414.845), (179.935, 299.542)))
(((174.477, -740.106), (167.604, -740.106), (142.5, -695.151), (142.5, -607.308), (159.406, -586.5), (167.431, -584.186), (187.019, -593.784), (174.477, -740.106)))
(((196.288, -370.51), (152.711, -385.49), (145.579, -380.884), (146.513, -337.916), (171.356, -327.455), (197.553, -367.319), (196.288, -370.51)))
(((188.107, -461.164), (146.606, -449.175), (144.635, -440.587), (162.656, -411.597), (200.712, -416.476), (188.107, -461.164)))
(((193.962, -313.511), (172.181, -326.023), (151.186, -274.342), (161.842, -264.633), (192.515, -274.358), (200.359, -292.352), (193.962, -313.511)))
(((203.801, -41.8588), (196.01, -101.588), (193.306, -103.477), (141.382, -80.2772), (143.429, -66.7669), (196.669, -35.8532), (203.801, -41.8588)))
(((203.215, -414.774), (200.712, -416.476), (162.656, -411.597), (152.711, -385.49), (196.288, -370.51), (205.692, -406.415), (203.215, -414.774)))
(((181.553, 2.52046), (175.162, 4.32497), (134.487, 48.3887), (134.612, 54.4254), (176.511, 104.23), (217.613, 28.1907), (181.553, 2.52046)))
(((207.018, -146.962), (191.935, -178.29), (167.615, -179.779), (158.371, -144.936), (189.116, -120.498), (207.018, -146.962)))
(((230.82, 517.96), (189.87, 445.943), (122.981, 505.156), (123.543, 515.59), (183.114, 543.72), (230.589, 537.859), (230.82, 517.96)))
(((214.33, -250.726), (192.515, -274.358), (161.842, -264.633), (163.664, -240.034), (176.355, -227), (204.726, -227), (214.33, -250.726)))
(((204.726, -227), (176.355, -227), (164.139, -184.799), (167.615, -179.779), (191.935, -178.29), (224.604, -200.069), (204.726, -227)))
(((157.11, 670.849), (167.098, 678.106), (228.902, 678.106), (278.902, 641.779), (293.307, 597.442), (230.589, 537.859), (183.114, 543.72), (157.11, 670.849)))
(((251.956, -727.808), (230.902, -743.106), (174.22, -743.106), (187.019, -593.784), (206.109, -596.379), (251.956, -727.808)))
(((235.766, 206.865), (206.991, 113.346), (177.396, 106.912), (149.488, 144.754), (176.054, 206.187), (219.678, 231.392), (235.766, 206.865)))
(((236.039, -334.194), (230.015, -354.039), (197.553, -367.319), (171.356, -327.455), (172.181, -326.023), (193.962, -313.511), (235.144, -332.891), (236.039, -334.194)))
(((238.653, -470.276), (207.315, -516.361), (178.541, -518.841), (189.251, -462.913), (237.516, -468.525), (238.653, -470.276)))
(((298.475, 390.627), (190.023, 293.021), (179.935, 299.542), (196.406, 414.845), (198.744, 416.826), (296.907, 395.452), (298.475, 390.627)))
(((247.638, -582.693), (206.109, -596.379), (187.019, -593.784), (167.431, -584.186), (176.042, -520.781), (178.541, -518.841), (207.315, -516.361), (242.645, -533.595), (247.638, -582.693)))
(((237.516, -468.525), (189.251, -462.913), (188.107, -461.164), (200.712, -416.476), (203.215, -414.774), (241.144, -437.085), (237.516, -468.525)))
(((224.604, -200.069), (191.935, -178.29), (207.018, -146.962), (239.649, -153.307), (227.298, -199.345), (224.604, -200.069)))
(((236.562, -287.525), (200.359, -292.352), (192.515, -274.358), (214.33, -250.726), (233.199, -258.09), (240.926, -282.457), (236.562, -287.525)))
(((235.144, -332.891), (193.962, -313.511), (200.359, -292.352), (236.562, -287.525), (235.144, -332.891)))
(((308.943, 33.9711), (217.613, 28.1907), (176.511, 104.23), (177.396, 106.912), (206.991, 113.346), (313.484, 88.0538), (320, 68), (320, 68), (308.943, 33.9711)))
(((239.649, -153.307), (207.018, -146.962), (189.116, -120.498), (193.306, -103.477), (196.01, -101.588), (227.722, -102.701), (239.976, -110.262), (250.021, -145.804), (239.649, -153.307)))
(((245.743, -388.614), (205.692, -406.415), (196.288, -370.51), (197.553, -367.319), (230.015, -354.039), (246.457, -377.181), (245.743, -388.614)))
(((227.722, -102.701), (196.01, -101.588), (203.801, -41.8588), (249.716, -43.3164), (227.722, -102.701)))
(((310.359, 34.0607), (319.864, 4.80831), (297.182, -27.061), (249.716, -43.3164), (203.801, -41.8588), (196.669, -35.8532), (181.553, 2.52046), (217.613, 28.1907), (310.359, 34.0607)))
(((257.081, -236.767), (233.199, -258.09), (214.33, -250.726), (204.726, -227), (224.604, -200.069), (227.298, -199.345), (246.825, -207.366), (257.081, -236.767)))
(((260.276, -513.949), (242.645, -533.595), (207.315, -516.361), (238.653, -470.276), (251.455, -477.862), (260.276, -513.949)))
(((258.944, -422.845), (241.144, -437.085), (203.215, -414.774), (205.692, -406.415), (245.743, -388.614), (261.531, -412.297), (258.944, -422.845)))
(((317.109, 87.1928), (206.991, 113.346), (235.766, 206.865), (334.416, 133.891), (319.902, 89.2215), (317.109, 87.1928)))
(((294.722, 395.927), (198.744, 416.826), (189.87, 445.943), (230.82, 517.96), (319.801, 414.149), (294.722, 395.927)))
(((329.511, -674.514), (323.902, -691.779), (273.902, -728.106), (252.06, -728.106), (206.109, -596.379), (247.638, -582.693), (258.94, -586.3), (329.511, -674.514)))
(((346.297, 303.76), (221.376, 239.88), (190.023, 293.021), (298.018, 390.217), (328.902, 367.779), (348, 309), (348, 309), (346.297, 303.76)))
(((294.386, -67.1305), (281.473, -89.5135), (239.976, -110.262), (227.722, -102.701), (249.716, -43.3164), (297.182, -27.061), (294.386, -67.1305)))
(((275.718, -327.845), (236.039, -334.194), (235.144, -332.891), (236.562, -287.525), (240.926, -282.457), (271.823, -285.968), (275.718, -327.845)))
(((277.207, -176), (272.627, -194.78), (246.825, -207.366), (227.298, -199.345), (239.649, -153.307), (250.021, -145.804), (268.134, -149.427), (277.207, -176)))
(((282.644, -275.688), (271.823, -285.968), (240.926, -282.457), (233.199, -258.09), (257.081, -236.767), (277.224, -245.198), (282.644, -275.688)))
(((284.826, -339.825), (272.383, -368.539), (246.457, -377.181), (230.015, -354.039), (236.039, -334.194), (275.718, -327.845), (283.948, -333.179), (284.826, -339.825)))
(((276.842, -470.187), (251.455, -477.862), (238.653, -470.276), (237.516, -468.525), (241.144, -437.085), (258.944, -422.845), (282.082, -440.841), (276.842, -470.187)))
(((286.963, -137.556), (268.134, -149.427), (250.021, -145.804), (239.976, -110.262), (281.473, -89.5135), (286.963, -137.556)))
(((296.083, -396.421), (261.531, -412.297), (245.743, -388.614), (246.457, -377.181), (272.383, -368.539), (296.083, -396.421)))
(((303.981, -548.766), (258.94, -586.3), (247.638, -582.693), (242.645, -533.595), (260.276, -513.949), (295.253, -518.511), (303.981, -548.766)))
(((317.387, 416.965), (230.82, 517.96), (230.589, 537.859), (294.006, 598.106), (304.902, 598.106), (354.902, 561.779), (374, 503), (374, 503), (354.902, 444.221), (317.387, 416.965)))
(((300.494, -227.247), (277.224, -245.198), (257.081, -236.767), (246.825, -207.366), (272.627, -194.78), (297.429, -211.581), (300.494, -227.247)))
(((310.933, -495.244), (295.253, -518.511), (260.276, -513.949), (251.455, -477.862), (276.842, -470.187), (302.723, -480.404), (310.933, -495.244)))
(((316.379, -433.339), (282.082, -440.841), (258.944, -422.845), (261.531, -412.297), (296.083, -396.421), (303.685, -396.844), (316.379, -433.339)))
(((303.685, -396.844), (296.083, -396.421), (272.383, -368.539), (284.826, -339.825), (319.17, -379.321), (303.685, -396.844)))
(((334.66, 133.711), (235.766, 206.865), (219.678, 231.392), (221.376, 239.88), (343.126, 302.138), (373.902, 279.779), (393, 221), (393, 221), (373.902, 162.221), (334.66, 133.711)))
(((319.44, -435.826), (302.723, -480.404), (276.842, -470.187), (282.082, -440.841), (316.379, -433.339), (319.44, -435.826)))
(((324.364, -295.799), (312.31, -322.317), (283.948, -333.179), (275.718, -327.845), (271.823, -285.968), (282.644, -275.688), (316.317, -280.598), (324.364, -295.799)))
(((322.953, -182.576), (297.429, -211.581), (272.627, -194.78), (277.207, -176), (316.765, -176), (322.953, -182.576)))
(((316.765, -176), (277.207, -176), (268.134, -149.427), (286.963, -137.556), (308.322, -140.119), (316.765, -176)))
(((316.317, -280.598), (282.644, -275.688), (277.224, -245.198), (300.494, -227.247), (334.725, -242.029), (316.317, -280.598)))
(((322.561, -130.626), (308.322, -140.119), (286.963, -137.556), (281.473, -89.5135), (294.386, -67.1305), (328.2, -115.034), (322.561, -130.626)))
(((330.785, -676.106), (258.94, -586.3), (303.981, -548.766), (407.564, -579.66), (408, -581), (408, -581), (388.902, -639.779), (338.902, -676.106), (330.785, -676.106)))
(((325.85, -377.017), (319.17, -379.321), (284.826, -339.825), (283.948, -333.179), (312.31, -322.317), (338.489, -347.526), (325.85, -377.017)))
(((334.725, -242.029), (300.494, -227.247), (297.429, -211.581), (322.953, -182.576), (338.786, -185.214), (351.131, -235.719), (334.725, -242.029)))
(((406.972, -579.483), (303.981, -548.766), (295.253, -518.511), (310.933, -495.244), (357.558, -496.062), (421.843, -533.715), (406.972, -579.483)))
(((357.558, -496.062), (310.933, -495.244), (302.723, -480.404), (319.44, -435.826), (338.712, -438.075), (357.558, -496.062)))
(((347.769, -177.694), (338.786, -185.214), (322.953, -182.576), (316.765, -176), (308.322, -140.119), (322.561, -130.626), (355.191, -155.426), (347.769, -177.694)))
(((338.712, -438.075), (319.44, -435.826), (316.379, -433.339), (303.685, -396.844), (319.17, -379.321), (325.85, -377.017), (381.825, -407.804), (338.712, -438.075)))
(((433.306, -81.7079), (328.2, -115.034), (294.386, -67.1305), (297.182, -27.061), (320.075, 5.10565), (366.902, 5.10565), (416.902, -31.2215), (433.306, -81.7079)))
(((435.883, -312.408), (436.026, -312.846), (338.489, -347.526), (312.31, -322.317), (324.364, -295.799), (435.883, -312.408)))
(((433.939, -312.119), (324.364, -295.799), (316.317, -280.598), (334.725, -242.029), (351.131, -235.719), (440.914, -259.346), (446, -275), (446, -275), (433.939, -312.119)))
(((433.014, -81.8004), (439.195, -100.823), (355.191, -155.426), (322.561, -130.626), (328.2, -115.034), (433.014, -81.8004)))
(((444.309, -399.903), (381.825, -407.804), (325.85, -377.017), (338.489, -347.526), (436.852, -312.552), (437.295, -312.509), (455, -367), (455, -367), (444.309, -399.903)))
(((419.762, -532.496), (357.558, -496.062), (338.712, -438.075), (381.825, -407.804), (448.261, -399.404), (466, -454), (466, -454), (446.902, -512.779), (419.762, -532.496)))
(((443.726, -260.086), (351.131, -235.719), (338.786, -185.214), (347.769, -177.694), (461.088, -214.118), (446.902, -257.779), (443.726, -260.086)))
(((460.999, -214.089), (347.769, -177.694), (355.191, -155.426), (439.733, -100.474), (455.902, -112.221), (475, -171), (475, -171), (460.999, -214.089)))
