(((-191.22, -591.106), (-237.902, -591.106), (-287.902, -554.779), (-307, -496), (-287.902, -437.221), (-278.95, -430.718), (-214.83, -435.568), (-193, -451.333), (-163.065, -501.226), (-191.22, -591.106)))
(((-280.586, -430.594), (-298, -377), (-278.902, -318.221), (-273.171, -314.058), (-234.22, -320.353), (-169.962, -363.192), (-171.14, -395.596), (-214.83, -435.568), (-280.586, -430.594)))
(((-278.64, -259.43), (-296, -206), (-282.123, -163.29), (-174.086, -187.844), (-172.191, -216.904), (-215.136, -247.082), (-278.64, -259.43)))
(((-276.596, -127.409), (-292, -80), (-272.902, -21.2215), (-222.902, 15.1057), (-196.459, 15.1057), (-164.049, -86.448), (-165.008, -89.7473), (-236.376, -124.467), (-276.596, -127.409)))
(((-285.856, -162.442), (-286, -162), (-274.716, -127.272), (-236.376, -124.467), (-178.743, -139.835), (-161.17, -170.847), (-162.847, -177.976), (-174.086, -187.844), (-285.856, -162.442)))
(((-270.124, -314.551), (-282, -278), (-275.786, -258.875), (-215.136, -247.082), (-154.315, -267.935), (-154.979, -274.979), (-188.5, -308.5), (-234.22, -320.353), (-270.124, -314.551)))
(((-147.851, -119.976), (-178.743, -139.835), (-236.376, -124.467), (-165.008, -89.7473), (-147.851, -119.976)))
(((-154.315, -267.935), (-215.136, -247.082), (-172.191, -216.904), (-151.067, -227.467), (-152.099, -265.664), (-154.315, -267.935)))
(((-140.729, -347.643), (-169.962, -363.192), (-234.22, -320.353), (-188.5, -308.5), (-140.283, -324.572), (-138.031, -330.255), (-140.729, -347.643)))
(((-140.283, -324.572), (-188.5, -308.5), (-154.979, -274.979), (-135.974, -303.987), (-140.283, -324.572)))
(((-127.084, -146.164), (-161.17, -170.847), (-178.743, -139.835), (-147.851, -119.976), (-134.408, -125.189), (-125.267, -142.117), (-127.084, -146.164)))
(((-134.421, -438.316), (-193, -451.333), (-214.83, -435.568), (-171.14, -395.596), (-143.241, -403.036), (-134.421, -438.316)))
(((-115.596, -204.84), (-117.267, -213.452), (-151.067, -227.467), (-172.191, -216.904), (-174.086, -187.844), (-162.847, -177.976), (-116.184, -202.112), (-115.596, -204.84)))
(((-165.843, 400.894), (-179.902, 400.894), (-229.902, 437.221), (-249, 496), (-229.902, 554.779), (-179.902, 591.106), (-154.233, 591.106), (-90.8553, 472.69), (-121.886, 427.268), (-165.843, 400.894)))
(((-134.224, -490.527), (-163.065, -501.226), (-193, -451.333), (-134.421, -438.316), (-118.649, -446.918), (-134.224, -490.527)))
(((-196.476, 15.1577), (-175.902, 30.1057), (-127.13, 30.1057), (-111.52, -0.819277), (-133.751, -78.6294), (-164.049, -86.448), (-196.476, 15.1577)))
(((-115.759, -388.181), (-143.241, -403.036), (-171.14, -395.596), (-169.962, -363.192), (-140.729, -347.643), (-118.697, -366.776), (-115.759, -388.181)))
(((-134.408, -125.189), (-147.851, -119.976), (-165.008, -89.7473), (-164.049, -86.448), (-133.751, -78.6294), (-113.725, -96.0438), (-134.408, -125.189)))
(((-116.184, -202.112), (-162.847, -177.976), (-161.17, -170.847), (-127.084, -146.164), (-114.5, -196.5), (-116.184, -202.112)))
(((-102.249, -240.27), (-112.003, -261.552), (-152.099, -265.664), (-151.067, -227.467), (-117.267, -213.452), (-102.249, -240.27)))
(((-102.143, -287.071), (-135.974, -303.987), (-154.979, -274.979), (-154.315, -267.935), (-152.099, -265.664), (-112.003, -261.552), (-102.143, -287.071)))
(((-177.762, -600.496), (-191.121, -590.791), (-163.065, -501.226), (-134.224, -490.527), (-84.6898, -510.551), (-78.3465, -542.267), (-177.762, -600.496)))
(((-98.4387, -440.752), (-118.649, -446.918), (-134.421, -438.316), (-143.241, -403.036), (-115.759, -388.181), (-105.025, -395.744), (-98.4387, -440.752)))
(((-83.5408, -43.1925), (-106.027, -94.1623), (-113.725, -96.0438), (-133.751, -78.6294), (-111.52, -0.819277), (-83.4359, -36.2694), (-83.5408, -43.1925)))
(((-98.8824, -289.245), (-91.4036, -322.484), (-138.031, -330.255), (-140.283, -324.572), (-135.974, -303.987), (-102.143, -287.071), (-98.8824, -289.245)))
(((-77.2838, -342.729), (-118.697, -366.776), (-140.729, -347.643), (-138.031, -330.255), (-91.4036, -322.484), (-78.3502, -334.199), (-77.2838, -342.729)))
(((-89.0891, -776.106), (-137.902, -776.106), (-187.902, -739.779), (-207, -681), (-187.902, -622.221), (-177.087, -614.364), (-60.3854, -645.834), (-46.4505, -686.478), (-89.0891, -776.106)))
(((-77.4, -159.4), (-114.5, -196.5), (-127.084, -146.164), (-125.267, -142.117), (-88.4207, -142.869), (-77.4, -159.4)))
(((-88.4207, -142.869), (-125.267, -142.117), (-134.408, -125.189), (-113.725, -96.0438), (-106.027, -94.1623), (-78.4506, -115.305), (-88.4207, -142.869)))
(((-65.6921, -473.168), (-84.6898, -510.551), (-134.224, -490.527), (-118.649, -446.918), (-98.4387, -440.752), (-68.1977, -451.453), (-65.6921, -473.168)))
(((-75.5, -344.833), (-75.5, -387.974), (-105.025, -395.744), (-115.759, -388.181), (-118.697, -366.776), (-77.2838, -342.729), (-75.5, -344.833)))
(((-58.6055, -278.057), (-98.8824, -289.245), (-102.143, -287.071), (-112.003, -261.552), (-102.249, -240.27), (-64.8771, -241.765), (-55.1784, -269.244), (-58.6055, -278.057)))
(((-62.7389, -200.925), (-115.596, -204.84), (-116.184, -202.112), (-114.5, -196.5), (-77.4, -159.4), (-71.2426, -162.365), (-62.3587, -199.874), (-62.7389, -200.925)))
(((-175.603, -614.764), (-179.843, -601.715), (-78.3465, -542.267), (-45.4265, -557.196), (-49.4814, -629.17), (-60.3854, -645.834), (-175.603, -614.764)))
(((-64.8771, -241.765), (-102.249, -240.27), (-117.267, -213.452), (-115.596, -204.84), (-62.7389, -200.925), (-56.5104, -228.953), (-64.8771, -241.765)))
(((-78.4506, -115.305), (-106.027, -94.1623), (-83.5408, -43.1925), (-56.8234, -104.261), (-78.4506, -115.305)))
(((-39.415, -423.184), (-68.1977, -451.453), (-98.4387, -440.752), (-105.025, -395.744), (-75.5, -387.974), (-49.2438, -403.866), (-39.415, -423.184)))
(((-156.185, 594.753), (-108.902, 629.106), (-71.85, 629.106), (-44.3926, 485.717), (-90.8553, 472.69), (-156.185, 594.753)))
(((-48.8685, -306.619), (-78.3502, -334.199), (-91.4036, -322.484), (-98.8824, -289.245), (-58.6055, -278.057), (-48.8685, -306.619)))
(((-157.293, 319.582), (-174, 371), (-163.91, 402.054), (-121.886, 427.268), (-34.9432, 386.902), (-21.3861, 345.188), (-157.293, 319.582)))
(((-128.764, 233.677), (-141.902, 243.221), (-161, 302), (-155.156, 319.985), (-21.3861, 345.188), (-8.52117, 336.115), (-42.9275, 252.011), (-128.764, 233.677)))
(((-37.0199, -357.686), (-49.2438, -403.866), (-75.5, -387.974), (-75.5, -344.833), (-37.0263, -357.658), (-37.0199, -357.686)))
(((-37.1725, -112.134), (-40.3214, -154.119), (-71.2426, -162.365), (-77.4, -159.4), (-88.4207, -142.869), (-78.4506, -115.305), (-56.8234, -104.261), (-44.4972, -105.877), (-37.1725, -112.134)))
(((-29.5416, -67.9132), (-44.4972, -105.877), (-56.8234, -104.261), (-83.5408, -43.1925), (-83.4359, -36.2694), (-45.453, -43.0083), (-29.5416, -67.9132)))
(((-7.5224, 436.26), (-34.9432, 386.902), (-121.886, 427.268), (-90.8553, 472.69), (-44.3926, 485.717), (-12.4366, 481.034), (-7.5224, 436.26)))
(((-23.6724, -170.55), (-28.7981, -188.257), (-62.3587, -199.874), (-71.2426, -162.365), (-40.3214, -154.119), (-26.4143, -163.39), (-23.6724, -170.55)))
(((-20.7131, -337.266), (-37.0263, -357.658), (-75.5, -344.833), (-77.2838, -342.729), (-78.3502, -334.199), (-48.8685, -306.619), (-30.3117, -312.67), (-20.7131, -337.266)))
(((-45.4265, -557.196), (-78.3465, -542.267), (-84.6898, -510.551), (-65.6921, -473.168), (-21.9342, -491.765), (-14.964, -546.365), (-45.4265, -557.196)))
(((-126.636, 29.1288), (-120.902, 46.7785), (-113.027, 52.5), (-76.5968, 52.5), (-11.9504, -6.44233), (-13.1015, -22.2702), (-45.453, -43.0083), (-83.4359, -36.2694), (-111.52, -0.819277), (-126.636, 29.1288)))
(((-113.027, 52.5), (-120.902, 58.2215), (-140, 117), (-126.334, 159.059), (0.804211, 157.508), (6.22829, 155.295), (0.480422, 117.454), (-54.52, 59.704), (-76.5968, 52.5), (-113.027, 52.5)))
(((-126.021, 159.055), (-139, 199), (-127.656, 233.913), (-42.9275, 252.011), (-36.4204, 248.243), (0.804211, 157.508), (-126.021, 159.055)))
(((-17.167, -225.206), (-56.5104, -228.953), (-62.7389, -200.925), (-62.3587, -199.874), (-28.7981, -188.257), (-12.7264, -219.329), (-17.167, -225.206)))
(((-9.2634, -265.713), (-55.1784, -269.244), (-64.8771, -241.765), (-56.5104, -228.953), (-17.167, -225.206), (-9.2634, -265.713)))
(((-2.23729, -288.339), (-30.3117, -312.67), (-48.8685, -306.619), (-58.6055, -278.057), (-55.1784, -269.244), (-9.2634, -265.713), (-4.97423, -269.18), (-2.23729, -288.339)))
(((-72.1479, 630.661), (-61.9017, 638.106), (-39.6098, 638.106), (19.1249, 500.207), (-12.4366, 481.034), (-44.3926, 485.717), (-72.1479, 630.661)))
(((14.2883, -459.804), (-21.9342, -491.765), (-65.6921, -473.168), (-68.1977, -451.453), (-39.415, -423.184), (-18.2663, -423.682), (-7.3941, -429.046), (14.2883, -459.804)))
(((-18.2663, -423.682), (-39.415, -423.184), (-49.2438, -403.866), (-37.0199, -357.686), (-5.67857, -379.625), (-18.2663, -423.682)))
(((7.9734, -136.167), (-26.4143, -163.39), (-40.3214, -154.119), (-37.1725, -112.134), (-6.57792, -112.734), (3.54934, -122.342), (7.9734, -136.167)))
(((-6.57792, -112.734), (-37.1725, -112.134), (-44.4972, -105.877), (-29.5416, -67.9132), (7.33784, -70.9865), (-6.57792, -112.734)))
(((7.33784, -70.9865), (-29.5416, -67.9132), (-45.453, -43.0083), (-13.1015, -22.2702), (12.3966, -44.1256), (8.92781, -69.8934), (7.33784, -70.9865)))
(((22.5156, -557.225), (15.5546, -615.897), (-49.4814, -629.17), (-45.4265, -557.196), (-14.964, -546.365), (13.548, -550.82), (22.5156, -557.225)))
(((19.7, -361.86), (-5.67857, -379.625), (-37.0199, -357.686), (-37.0263, -357.658), (-20.7131, -337.266), (14.4913, -342.067), (19.7, -361.86)))
(((9.5, -212.071), (-12.7264, -219.329), (-28.7981, -188.257), (-23.6724, -170.55), (9.5, -180.845), (9.5, -212.071)))
(((12.4532, 8.97044), (-11.9504, -6.44233), (-76.5968, 52.5), (-54.52, 59.704), (14.1351, 45.973), (12.4532, 8.97044)))
(((14.4913, -342.067), (-20.7131, -337.266), (-30.3117, -312.67), (-2.23729, -288.339), (30.3939, -314.1), (14.4913, -342.067)))
(((94.2568, -735.365), (76.9017, -788.779), (26.9017, -825.106), (-34.9017, -825.106), (-84.9017, -788.779), (-89.0477, -776.019), (-46.4505, -686.478), (9.54203, -687.795), (87.7878, -729.458), (94.2568, -735.365)))
(((22.6034, -624.121), (9.54203, -687.795), (-46.4505, -686.478), (-60.3854, -645.834), (-49.4814, -629.17), (15.5546, -615.897), (22.6034, -624.121)))
(((28, -162.983), (9.5, -180.845), (-23.6724, -170.55), (-26.4143, -163.39), (7.9734, -136.167), (28, -151.688), (28, -162.983)))
(((23.0694, 161.266), (6.22829, 155.295), (0.804211, 157.508), (-36.4204, 248.243), (50.0203, 241.04), (23.0694, 161.266)))
(((35.6945, 58.4547), (14.1351, 45.973), (-54.52, 59.704), (0.480422, 117.454), (38.4081, 67.3357), (35.6945, 58.4547)))
(((35.5375, -468.359), (13.548, -550.82), (-14.964, -546.365), (-21.9342, -491.765), (14.2883, -459.804), (35.5375, -468.359)))
(((50.0203, 241.04), (-36.4204, 248.243), (-42.9275, 252.011), (-8.52117, 336.115), (6.39099, 335.993), (52.0835, 277.925), (51.3212, 242.096), (50.0203, 241.04)))
(((49.3573, 370.83), (6.39099, 335.993), (-8.52117, 336.115), (-21.3861, 345.188), (-34.9432, 386.902), (-7.5224, 436.26), (55.0325, 391.348), (49.3573, 370.83)))
(((37.1948, -249.718), (-4.97423, -269.18), (-9.2634, -265.713), (-17.167, -225.206), (-12.7264, -219.329), (9.5, -212.071), (10.6892, -212.581), (37.5556, -248.792), (37.1948, -249.718)))
(((40.0541, -393.459), (-7.3941, -429.046), (-18.2663, -423.682), (-5.67857, -379.625), (19.7, -361.86), (30.0652, -370.152), (40.0541, -393.459)))
(((29.1744, -35.3372), (12.3966, -44.1256), (-13.1015, -22.2702), (-11.9504, -6.44233), (12.4532, 8.97044), (38.7977, -5.66539), (29.1744, -35.3372)))
(((54.3267, -93.6414), (3.54934, -122.342), (-6.57792, -112.734), (7.33784, -70.9865), (8.92781, -69.8934), (52.0569, -89.88), (54.3267, -93.6414)))
(((122.274, 563.766), (53.4398, 503.11), (19.1249, 500.207), (-39.5977, 638.077), (-7.9017, 661.106), (53.9017, 661.106), (103.902, 624.779), (123, 566), (123, 566), (122.274, 563.766)))
(((33.2159, -313.216), (30.3939, -314.1), (-2.23729, -288.339), (-4.97423, -269.18), (37.1948, -249.718), (54.6707, -294.5), (33.2159, -313.216)))
(((58.8392, -194.062), (10.6892, -212.581), (9.5, -212.071), (9.5, -180.845), (28, -162.983), (59.1193, -193.029), (58.8392, -194.062)))
(((59.3998, -97.5774), (38.9057, -144.871), (28, -151.688), (7.9734, -136.167), (3.54934, -122.342), (54.3267, -93.6414), (59.3998, -97.5774)))
(((65.7063, -439.951), (36.9297, -468.14), (35.5375, -468.359), (14.2883, -459.804), (-7.3941, -429.046), (40.0541, -393.459), (54.6113, -400.326), (65.7063, -439.951)))
(((84.0411, 420.803), (55.0325, 391.348), (-7.5224, 436.26), (-12.4366, 481.034), (19.1249, 500.207), (53.4398, 503.11), (84.0411, 420.803)))
(((68.1293, 4.72289), (38.7977, -5.66539), (12.4532, 8.97044), (14.1351, 45.973), (35.6945, 58.4547), (72.8456, 17.0577), (68.1293, 4.72289)))
(((87.7878, -729.458), (9.54203, -687.795), (22.6034, -624.121), (53.175, -630.235), (87.7878, -729.458)))
(((52.0569, -89.88), (8.92781, -69.8934), (12.3966, -44.1256), (29.1744, -35.3372), (58.2143, -49.8571), (52.0569, -89.88)))
(((66.4227, -231.221), (37.5556, -248.792), (10.6892, -212.581), (58.8392, -194.062), (66.4227, -231.221)))
(((76.8608, 94.2526), (38.4081, 67.3357), (0.480422, 117.454), (6.22829, 155.295), (23.0694, 161.266), (44.8851, 152.283), (76.8608, 94.2526)))
(((69.0405, -349.041), (30.0652, -370.152), (19.7, -361.86), (14.4913, -342.067), (30.3939, -314.1), (33.2159, -313.216), (69.0405, -349.041)))
(((82.5161, -602.571), (53.175, -630.235), (22.6034, -624.121), (15.5546, -615.897), (22.5156, -557.225), (48.444, -557.51), (81.8135, -577.63), (82.5161, -602.571)))
(((48.444, -557.51), (22.5156, -557.225), (13.548, -550.82), (35.5375, -468.359), (36.9297, -468.14), (79.1814, -504.054), (48.444, -557.51)))
(((84.2005, -32.533), (58.2143, -49.8571), (29.1744, -35.3372), (38.7977, -5.66539), (68.1293, 4.72289), (84.2005, -32.533)))
(((77.3696, -180.457), (59.1193, -193.029), (28, -162.983), (28, -151.688), (38.9057, -144.871), (79.2439, -152.341), (77.3696, -180.457)))
(((78.5508, -384.98), (54.6113, -400.326), (40.0541, -393.459), (30.0652, -370.152), (69.0405, -349.041), (87.5495, -351.985), (78.5508, -384.98)))
(((79.2439, -152.341), (38.9057, -144.871), (59.3998, -97.5774), (63.9342, -98.5354), (83.8966, -146.138), (79.2439, -152.341)))
(((90.2801, -350.181), (87.5495, -351.985), (69.0405, -349.041), (33.2159, -313.216), (54.6707, -294.5), (68.4118, -294.5), (96.6, -324.45), (90.2801, -350.181)))
(((96.7871, -263.379), (68.4118, -294.5), (54.6707, -294.5), (37.1948, -249.718), (37.5556, -248.792), (66.4227, -231.221), (76.1052, -234.852), (96.7871, -263.379)))
(((117.666, 321.209), (52.0835, 277.925), (6.39099, 335.993), (49.3573, 370.83), (117.536, 322.537), (117.666, 321.209)))
(((101.657, 30.7551), (72.8456, 17.0577), (35.6945, 58.4547), (38.4081, 67.3357), (76.8608, 94.2526), (106.58, 88.849), (101.657, 30.7551)))
(((128.429, 181.766), (115.324, 169.285), (44.8851, 152.283), (23.0694, 161.266), (50.0203, 241.04), (51.3212, 242.096), (111.308, 224.028), (128.498, 189.249), (128.429, 181.766)))
(((104.406, -54.203), (89.2934, -91.5397), (63.9342, -98.5354), (59.3998, -97.5774), (54.3267, -93.6414), (52.0569, -89.88), (58.2143, -49.8571), (84.2005, -32.533), (100.8, -40.2604), (104.406, -54.203)))
(((133.388, -716.769), (110.902, -733.106), (91.7824, -733.106), (87.7878, -729.458), (53.175, -630.235), (82.5161, -602.571), (137.346, -658.882), (133.388, -716.769)))
(((96.1123, -502.442), (79.1814, -504.054), (36.9297, -468.14), (65.7063, -439.951), (92.0208, -440.786), (109.568, -471.494), (96.1123, -502.442)))
(((116.791, -415.381), (92.0208, -440.786), (65.7063, -439.951), (54.6113, -400.326), (78.5508, -384.98), (117.269, -412.226), (116.791, -415.381)))
(((117.839, -205.484), (76.1052, -234.852), (66.4227, -231.221), (58.8392, -194.062), (59.1193, -193.029), (77.3696, -180.457), (111.545, -191.848), (117.839, -205.484)))
(((97.6109, -503.836), (93.0312, -572.531), (81.8135, -577.63), (48.444, -557.51), (79.1814, -504.054), (96.1123, -502.442), (97.6109, -503.836)))
(((106.58, 88.849), (76.8608, 94.2526), (44.8851, 152.283), (115.324, 169.285), (106.581, 88.8496), (106.58, 88.849)))
(((120.659, -111.43), (90.5082, -144.754), (83.8966, -146.138), (63.9342, -98.5354), (89.2934, -91.5397), (120.659, -111.43)))
(((150.009, 284.014), (111.308, 224.028), (51.3212, 242.096), (52.0835, 277.925), (117.666, 321.209), (150.009, 284.014)))
(((127.5, -309), (96.6, -324.45), (68.4118, -294.5), (96.7871, -263.379), (98.7364, -263.574), (127.5, -300.182), (127.5, -309)))
(((157.282, 393.663), (117.536, 322.537), (49.3573, 370.83), (55.0325, 391.348), (84.0411, 420.803), (128.697, 415.103), (157.282, 393.663)))
(((111.545, -191.848), (77.3696, -180.457), (79.2439, -152.341), (83.8966, -146.138), (90.5082, -144.754), (125.553, -162.277), (111.545, -191.848)))
(((139.777, -561.744), (93.0312, -572.531), (97.6109, -503.836), (158.864, -538.639), (139.777, -561.744)))
(((139.116, -384.474), (117.269, -412.226), (78.5508, -384.98), (87.5495, -351.985), (90.2801, -350.181), (131.151, -369.643), (139.116, -384.474)))
(((132.943, -17.0878), (100.8, -40.2604), (84.2005, -32.533), (68.1293, 4.72289), (72.8456, 17.0577), (101.657, 30.7551), (125.685, 17.8832), (132.943, -17.0878)))
(((127.062, -211.452), (126.178, -247.686), (98.7364, -263.574), (96.7871, -263.379), (76.1052, -234.852), (117.839, -205.484), (127.062, -211.452)))
(((155.355, 551.058), (128.697, 415.103), (84.0411, 420.803), (53.4398, 503.11), (118.12, 560.106), (142.902, 560.106), (155.355, 551.058)))
(((138.491, -127.897), (130.007, -159.519), (125.553, -162.277), (90.5082, -144.754), (120.659, -111.43), (131.3, -112.317), (138.491, -127.897)))
(((137.346, -658.882), (82.5161, -602.571), (81.8135, -577.63), (93.0312, -572.531), (139.777, -561.744), (150.696, -635.445), (137.346, -658.882)))
(((155.809, -80.3192), (131.3, -112.317), (120.659, -111.43), (89.2934, -91.5397), (104.406, -54.203), (155.5, -79.75), (155.809, -80.3192)))
(((144.837, -333.849), (131.151, -369.643), (90.2801, -350.181), (96.6, -324.45), (127.5, -309), (140.967, -318.368), (144.837, -333.849)))
(((167.521, -466.225), (109.568, -471.494), (92.0208, -440.786), (116.791, -415.381), (166.13, -459.616), (167.521, -466.225)))
(((158.864, -538.639), (97.6109, -503.836), (96.1123, -502.442), (109.568, -471.494), (167.521, -466.225), (174.456, -474.547), (163.361, -536.679), (158.864, -538.639)))
(((153.425, -268.364), (127.5, -300.182), (98.7364, -263.574), (126.178, -247.686), (152.588, -261.248), (153.425, -268.364)))
(((175.417, 43.3022), (125.685, 17.8832), (101.657, 30.7551), (106.58, 88.849), (106.581, 88.8496), (140.871, 88.4043), (175.417, 43.3022)))
(((155.5, -79.75), (104.406, -54.203), (100.8, -40.2604), (132.943, -17.0878), (155.5, -26.2778), (155.5, -79.75)))
(((184.551, 137.411), (140.871, 88.4043), (106.581, 88.8496), (115.324, 169.285), (128.429, 181.766), (184.551, 137.411)))
(((166.871, -205.327), (127.062, -211.452), (117.839, -205.484), (111.545, -191.848), (125.553, -162.277), (130.007, -159.519), (164.637, -176.276), (166.871, -205.327)))
(((171.552, -209.005), (170.856, -242.39), (152.588, -261.248), (126.178, -247.686), (127.062, -211.452), (166.871, -205.327), (171.552, -209.005)))
(((166.13, -459.616), (116.791, -415.381), (117.269, -412.226), (139.116, -384.474), (157.62, -386.437), (176.19, -420.924), (166.13, -459.616)))
(((177.709, -158.362), (164.637, -176.276), (130.007, -159.519), (138.491, -127.897), (171.7, -138.334), (177.709, -158.362)))
(((186.869, -302.631), (140.967, -318.368), (127.5, -309), (127.5, -300.182), (153.425, -268.364), (189.187, -299.017), (186.869, -302.631)))
(((188.032, 39.5647), (177.737, -17.6302), (155.5, -26.2778), (132.943, -17.0878), (125.685, 17.8832), (175.417, 43.3022), (188.032, 39.5647)))
(((181.443, -369.496), (157.62, -386.437), (139.116, -384.474), (131.151, -369.643), (144.837, -333.849), (183.688, -350.037), (181.443, -369.496)))
(((173.671, 282.358), (184.764, 217.382), (128.498, 189.249), (111.308, 224.028), (150.009, 284.014), (173.671, 282.358)))
(((155.168, 550.106), (171.855, 550.106), (226.067, 457.17), (184.22, 394.767), (157.282, 393.663), (128.697, 415.103), (155.168, 550.106)))
(((194.53, -109.55), (171.7, -138.334), (138.491, -127.897), (131.3, -112.317), (155.809, -80.3192), (179.5, -84.5), (194.53, -109.55)))
(((183.688, -350.037), (144.837, -333.849), (140.967, -318.368), (186.869, -302.631), (187.882, -344.165), (183.688, -350.037)))
(((213.137, 296.787), (173.671, 282.358), (150.009, 284.014), (117.666, 321.209), (117.536, 322.537), (157.282, 393.663), (184.22, 394.767), (228.678, 340.05), (213.137, 296.787)))
(((206.368, -609.185), (150.696, -635.445), (139.777, -561.744), (158.864, -538.639), (163.361, -536.679), (213.857, -560.166), (206.368, -609.185)))
(((212.611, -51.3889), (179.5, -84.5), (155.809, -80.3192), (155.5, -79.75), (155.5, -26.2778), (177.737, -17.6302), (214.763, -41.4915), (212.611, -51.3889)))
(((195.743, -295.951), (189.187, -299.017), (153.425, -268.364), (152.588, -261.248), (170.856, -242.39), (197.445, -256.571), (204.599, -279.82), (195.743, -295.951)))
(((272.876, 64.0754), (188.032, 39.5647), (175.417, 43.3022), (140.871, 88.4043), (184.551, 137.411), (198.655, 137), (278.056, 80.0183), (272.876, 64.0754)))
(((198.655, 137), (184.551, 137.411), (128.429, 181.766), (128.498, 189.249), (184.764, 217.382), (219.576, 204.413), (198.655, 137)))
(((212.361, -409.222), (176.19, -420.924), (157.62, -386.437), (181.443, -369.496), (218.676, -388.59), (212.361, -409.222)))
(((204.375, -206.702), (171.552, -209.005), (166.871, -205.327), (164.637, -176.276), (177.709, -158.362), (214.22, -161.171), (204.375, -206.702)))
(((214.22, -161.171), (177.709, -158.362), (171.7, -138.334), (194.53, -109.55), (201.001, -112.114), (223.441, -154.5), (214.22, -161.171)))
(((219.587, -228.278), (197.445, -256.571), (170.856, -242.39), (171.552, -209.005), (204.375, -206.702), (216.343, -214.761), (219.587, -228.278)))
(((281.605, -693.38), (277.902, -704.779), (227.902, -741.106), (166.098, -741.106), (133.35, -717.313), (137.346, -658.882), (150.696, -635.445), (206.368, -609.185), (281.605, -693.38)))
(((223.192, -430.885), (178.054, -473.971), (174.456, -474.547), (167.521, -466.225), (166.13, -459.616), (176.19, -420.924), (212.361, -409.222), (223.192, -430.885)))
(((266.556, 230.967), (219.576, 204.413), (184.764, 217.382), (173.671, 282.358), (213.137, 296.787), (266.556, 230.967)))
(((297.515, 22.1128), (290.269, 8.84581), (214.763, -41.4915), (177.737, -17.6302), (188.032, 39.5647), (273.756, 64.3295), (286.902, 54.7785), (297.515, 22.1128)))
(((223.946, -343.002), (187.882, -344.165), (186.869, -302.631), (189.187, -299.017), (195.743, -295.951), (229.999, -318.117), (223.946, -343.002)))
(((232.007, -381.432), (218.676, -388.59), (181.443, -369.496), (183.688, -350.037), (187.882, -344.165), (223.946, -343.002), (234.176, -359.742), (232.007, -381.432)))
(((213.857, -560.166), (163.361, -536.679), (174.456, -474.547), (178.054, -473.971), (233.663, -483.414), (239.476, -551.714), (213.857, -560.166)))
(((237.159, -84.4757), (224.269, -103.471), (201.001, -112.114), (194.53, -109.55), (179.5, -84.5), (212.611, -51.3889), (237.159, -84.4757)))
(((252.838, -265.349), (204.599, -279.82), (197.445, -256.571), (219.587, -228.278), (252.325, -257.742), (253.349, -264.505), (252.838, -265.349)))
(((244.119, -475.305), (233.663, -483.414), (178.054, -473.971), (223.192, -430.885), (247.552, -440.985), (244.119, -475.305)))
(((248.259, -200.097), (216.343, -214.761), (204.375, -206.702), (214.22, -161.171), (223.441, -154.5), (240.443, -154.5), (248.259, -200.097)))
(((240.443, -154.5), (223.441, -154.5), (201.001, -112.114), (224.269, -103.471), (263.874, -140.6), (240.443, -154.5)))
(((254.761, -296.764), (243.109, -313.543), (229.999, -318.117), (195.743, -295.951), (204.599, -279.82), (252.838, -265.349), (254.761, -296.764)))
(((261.951, -430.655), (247.552, -440.985), (223.192, -430.885), (212.361, -409.222), (218.676, -388.59), (232.007, -381.432), (256.413, -391.891), (261.951, -430.655)))
(((277.816, 80.1911), (198.655, 137), (219.576, 204.413), (266.556, 230.967), (326.164, 216.661), (341, 171), (341, 171), (321.902, 112.221), (277.816, 80.1911)))
(((277.519, -136.962), (263.874, -140.6), (224.269, -103.471), (237.159, -84.4757), (263.638, -86.367), (279.687, -132.627), (277.519, -136.962)))
(((282.069, -693.898), (206.368, -609.185), (213.857, -560.166), (239.476, -551.714), (272.054, -556.553), (340.235, -615.588), (324.902, -662.779), (282.069, -693.898)))
(((267.775, -342.321), (234.176, -359.742), (223.946, -343.002), (229.999, -318.117), (243.109, -313.543), (267.775, -342.321)))
(((252.325, -257.742), (219.587, -228.278), (216.343, -214.761), (248.259, -200.097), (255.029, -202.931), (264.405, -234.185), (252.325, -257.742)))
(((286.958, -43.4564), (263.638, -86.367), (237.159, -84.4757), (212.611, -51.3889), (214.763, -41.4915), (290.269, 8.84581), (286.958, -43.4564)))
(((282.035, 352.081), (228.678, 340.05), (184.22, 394.767), (226.067, 457.17), (273.664, 452.537), (282.035, 352.081)))
(((292.487, -496.327), (272.054, -556.553), (239.476, -551.714), (233.663, -483.414), (244.119, -475.305), (289.517, -487.687), (292.487, -496.327)))
(((287.926, -376.501), (256.413, -391.891), (232.007, -381.432), (234.176, -359.742), (267.775, -342.321), (273.797, -343.257), (287.926, -376.501)))
(((351.475, 487.841), (273.664, 452.537), (226.067, 457.17), (171.759, 550.27), (178.098, 569.779), (228.098, 606.106), (289.902, 606.106), (339.902, 569.779), (359, 511), (359, 511), (351.475, 487.841)))
(((288.526, -155.83), (289.199, -190.871), (255.029, -202.931), (248.259, -200.097), (240.443, -154.5), (263.874, -140.6), (277.519, -136.962), (288.526, -155.83)))
(((291.564, -322.318), (273.797, -343.257), (267.775, -342.321), (243.109, -313.543), (254.761, -296.764), (289.341, -312.819), (291.564, -322.318)))
(((289.517, -487.687), (244.119, -475.305), (247.552, -440.985), (261.951, -430.655), (281.742, -434.08), (296.853, -470.347), (289.517, -487.687)))
(((324.238, 217.123), (266.556, 230.967), (213.137, 296.787), (228.678, 340.05), (282.035, 352.081), (361.733, 324.522), (371, 296), (371, 296), (351.902, 237.221), (324.238, 217.123)))
(((310.766, -219.797), (264.405, -234.185), (255.029, -202.931), (289.199, -190.871), (310.576, -215.301), (310.766, -219.797)))
(((289.341, -312.819), (254.761, -296.764), (252.838, -265.349), (253.349, -264.505), (310.46, -270.581), (289.341, -312.819)))
(((315.28, -387.924), (314.967, -409.835), (281.742, -434.08), (261.951, -430.655), (256.413, -391.891), (287.926, -376.501), (311.347, -383.918), (315.28, -387.924)))
(((326.849, -257.851), (321.524, -265.567), (310.46, -270.581), (253.349, -264.505), (252.325, -257.742), (264.405, -234.185), (310.766, -219.797), (326.68, -250.629), (326.849, -257.851)))
(((317, -112.333), (279.687, -132.627), (263.638, -86.367), (286.958, -43.4564), (322.035, -101.332), (317, -112.333)))
(((311.347, -383.918), (287.926, -376.501), (273.797, -343.257), (291.564, -322.318), (319.917, -332.496), (311.347, -383.918)))
(((347.347, -448.512), (296.853, -470.347), (281.742, -434.08), (314.967, -409.835), (347.347, -448.512)))
(((361.77, 324.509), (282.035, 352.081), (273.664, 452.537), (352.433, 488.275), (388.902, 461.779), (408, 403), (408, 403), (388.902, 344.221), (361.77, 324.509)))
(((341.635, -321.878), (319.917, -332.496), (291.564, -322.318), (289.341, -312.819), (310.46, -270.581), (321.524, -265.567), (341.635, -321.878)))
(((341.988, -617.106), (272.054, -556.553), (292.487, -496.327), (414.387, -520.112), (415, -522), (415, -522), (395.902, -580.779), (345.902, -617.106), (341.988, -617.106)))
(((334.113, -192.5), (310.576, -215.301), (289.199, -190.871), (288.526, -155.83), (327.926, -165.1), (334.113, -192.5)))
(((410.536, -519.361), (292.487, -496.327), (289.517, -487.687), (296.853, -470.347), (347.347, -448.512), (421.336, -475.878), (423, -481), (423, -481), (410.536, -519.361)))
(((351.772, -144.787), (327.926, -165.1), (288.526, -155.83), (277.519, -136.962), (279.687, -132.627), (317, -112.333), (351.772, -144.787)))
(((418.217, -48.1246), (322.035, -101.332), (286.958, -43.4564), (290.269, 8.84581), (299.696, 26.1057), (355.902, 26.1057), (405.902, -10.2215), (418.217, -48.1246)))
(((360.912, -356.187), (321.21, -386.306), (315.28, -387.924), (311.347, -383.918), (319.917, -332.496), (341.635, -321.878), (355.457, -326.486), (360.912, -356.187)))
(((372.582, -215.437), (326.68, -250.629), (310.766, -219.797), (310.576, -215.301), (334.113, -192.5), (355.565, -192.5), (372.582, -215.437)))
(((378.96, -147.172), (355.565, -192.5), (334.113, -192.5), (327.926, -165.1), (351.772, -144.787), (378.96, -147.172)))
(((419.376, -475.153), (347.347, -448.512), (314.967, -409.835), (315.28, -387.924), (321.21, -386.306), (446.122, -419.937), (430.902, -466.779), (419.376, -475.153)))
(((448.974, -122.235), (378.96, -147.172), (351.772, -144.787), (317, -112.333), (322.035, -101.332), (418.878, -47.7591), (431.902, -57.2215), (451, -116), (451, -116), (448.974, -122.235)))
(((355.457, -326.486), (341.635, -321.878), (321.524, -265.567), (326.849, -257.851), (427.547, -285.493), (355.457, -326.486)))
(((444.79, -419.578), (321.21, -386.306), (360.912, -356.187), (445.791, -416.497), (444.79, -419.578)))
(((456.239, -281.274), (427.547, -285.493), (326.849, -257.851), (326.68, -250.629), (372.582, -215.437), (464.897, -229.371), (469, -242), (469, -242), (456.239, -281.274)))
(((463.93, -229.225), (372.582, -215.437), (355.565, -192.5), (378.96, -147.172), (447.589, -122.729), (457.902, -130.221), (477, -189), (477, -189), (463.93, -229.225)))
(((445.907, -416.579), (360.912, -356.187), (355.457, -326.486), (427.547, -285.493), (458.924, -280.879), (464.902, -285.221), (484, -344), (484, -344), (464.902, -402.779), (445.907, -416.579)))
