(((-138.082, 420.894), (-188.902, 420.894), (-238.902, 457.221), (-258, 516), (-238.902, 574.779), (-188.902, 611.106), (-136.718, 611.106), (-86.3025, 487.468), (-138.082, 420.894)))
(((-137.289, 612.507), (-135.902, 616.779), (-90.3936, 649.842), (9.4759, 526.319), (5.58541, 497.141), (-86.3025, 487.468), (-137.289, 612.507)))
(((-133.814, 281.028), (-152, 337), (-134.144, 391.955), (-17.6248, 377.391), (-10.058, 363.384), (-48.2409, 287.018), (-133.814, 281.028)))
(((-41.2038, 141.894), (-75.9017, 141.894), (-125.902, 178.221), (-145, 237), (-130.622, 281.251), (-48.2409, 287.018), (-15, 270.182), (-15, 152.033), (-41.2038, 141.894)))
(((-130.099, 391.45), (-139.199, 419.458), (-86.3025, 487.468), (5.58541, 497.141), (15.6275, 486.575), (14.7412, 437.386), (-17.6248, 377.391), (-130.099, 391.45)))
(((-96.5372, -41.6671), (-113, 9), (-93.9017, 67.7785), (-74.4802, 81.8891), (42.5188, 17.5397), (41.3169, 12.2098), (28.3238, -2.82148), (-96.5372, -41.6671)))
(((-90.4735, 649.941), (-88.9017, 654.779), (-38.9017, 691.106), (22.9017, 691.106), (72.9017, 654.779), (78.3743, 637.935), (76.2761, 631.291), (9.4759, 526.319), (-90.4735, 649.941)))
(((46.4128, 286.931), (-15, 270.182), (-48.2409, 287.018), (-10.058, 363.384), (26.9531, 341.706), (46.4128, 286.931)))
(((-72.9202, -99.8509), (-79.9017, -94.7785), (-97.1016, -41.8427), (28.3238, -2.82148), (19.0996, -72.0027), (-72.9202, -99.8509)))
(((40.1302, 167.473), (15.5862, 152.943), (-15, 152.033), (-15, 270.182), (46.4128, 286.931), (81.752, 268.242), (40.1302, 167.473)))
(((-75.6101, 82.5106), (-60.9017, 127.779), (-41.7795, 141.672), (-15, 152.033), (15.5862, 152.943), (79.3654, 50.5997), (78.02, 47.0528), (42.5188, 17.5397), (-75.6101, 82.5106)))
(((21.4472, -207.106), (-6.9017, -207.106), (-56.9017, -170.779), (-76, -112), (-71.9579, -99.5596), (19.0996, -72.0027), (79.5062, -90.9877), (21.4472, -207.106)))
(((26.9531, 341.706), (-10.058, 363.384), (-17.6248, 377.391), (14.7412, 437.386), (76.4571, 382), (26.9531, 341.706)))
(((79.5062, -90.9877), (19.0996, -72.0027), (28.3238, -2.82148), (41.3169, 12.2098), (101.699, -80.5195), (79.5062, -90.9877)))
(((133.696, 281.776), (81.752, 268.242), (46.4128, 286.931), (26.9531, 341.706), (76.4571, 382), (86.6, 382), (139.905, 343.925), (145.098, 306.21), (133.696, 281.776)))
(((103.903, 454.097), (86.6, 382), (76.4571, 382), (14.7412, 437.386), (15.6275, 486.575), (96.7908, 479.638), (103.903, 454.097)))
(((96.7908, 479.638), (15.6275, 486.575), (5.58541, 497.141), (9.4759, 526.319), (76.2761, 631.291), (118.542, 495.436), (96.7908, 479.638)))
(((172.027, -66.2376), (169.902, -72.7785), (163.706, -77.2803), (101.699, -80.5195), (41.3169, 12.2098), (42.5188, 17.5397), (78.02, 47.0528), (172.027, -66.2376)))
(((116.32, 70.5639), (79.3654, 50.5997), (15.5862, 152.943), (40.1302, 167.473), (126.208, 149.664), (116.32, 70.5639)))
(((19.8754, -210.249), (79.5062, -90.9877), (101.699, -80.5195), (160.683, -77.4382), (176.902, -89.2215), (196, -148), (196, -148), (176.902, -206.779), (126.902, -243.106), (65.0983, -243.106), (19.8754, -210.249)))
(((146.89, 261.069), (133.171, 153.036), (126.208, 149.664), (40.1302, 167.473), (81.752, 268.242), (133.696, 281.776), (146.89, 261.069)))
(((139.905, 343.925), (86.6, 382), (103.903, 454.097), (170.724, 397.103), (139.905, 343.925)))
(((212.708, 516.17), (118.542, 495.436), (76.2761, 631.291), (78.2703, 637.606), (94.0983, 649.106), (155.902, 649.106), (205.902, 612.779), (225, 554), (225, 554), (212.708, 516.17)))
(((172.102, -66.3277), (78.02, 47.0528), (79.3654, 50.5997), (116.32, 70.5639), (229.079, 46.2994), (236, 25), (236, 25), (216.902, -33.7785), (172.102, -66.3277)))
(((212.815, 516.193), (229.902, 503.779), (241.173, 469.09), (207.524, 422.646), (170.724, 397.103), (103.903, 454.097), (96.7908, 479.638), (118.542, 495.436), (212.815, 516.193)))
(((233.914, 45.259), (116.32, 70.5639), (126.208, 149.664), (133.171, 153.036), (228.123, 134.482), (252.989, 104.034), (253, 104), (253, 104), (233.914, 45.259)))
(((228.123, 134.482), (133.171, 153.036), (146.89, 261.069), (219.447, 215.72), (228.123, 134.482)))
(((244.51, 319.614), (145.098, 306.21), (139.905, 343.925), (170.724, 397.103), (207.524, 422.646), (244.51, 319.614)))
(((314.291, 288.571), (219.447, 215.72), (146.89, 261.069), (133.696, 281.776), (145.098, 306.21), (244.51, 319.614), (309.762, 302.509), (314.291, 288.571)))
(((310.234, 302.385), (244.51, 319.614), (207.524, 422.646), (241.184, 469.106), (277.902, 469.106), (327.902, 432.779), (347, 374), (347, 374), (327.902, 315.221), (310.234, 302.385)))
(((250.653, 106.894), (228.123, 134.482), (219.447, 215.72), (314.951, 289.078), (353.902, 260.779), (373, 202), (373, 202), (353.902, 143.221), (303.902, 106.894), (250.653, 106.894)))
