(((-295.755, -217.92), (-311, -171), (-291.902, -112.221), (-263.262, -91.4138), (-237.096, -103.231), (-183.576, -170.627), (-207.183, -209.972), (-295.755, -217.92)))
(((-279.032, -467.496), (-286.902, -461.779), (-306, -403), (-286.996, -344.511), (-207.435, -354.561), (-185.369, -375.303), (-179.062, -413.93), (-245.843, -459.006), (-279.032, -467.496)))
(((-289.435, -293.828), (-304, -249), (-293.846, -217.749), (-207.183, -209.972), (-184.726, -223.695), (-177.186, -240.414), (-179.866, -275.257), (-289.435, -293.828)))
(((-281.929, -345.151), (-294, -308), (-289.393, -293.821), (-179.866, -275.257), (-171.036, -282), (-174.382, -328.853), (-207.435, -354.561), (-281.929, -345.151)))
(((-276.41, -584.516), (-286, -555), (-274.397, -519.291), (-183.486, -522.046), (-136.916, -558.868), (-142.8, -578.2), (-144.673, -579.449), (-276.41, -584.516)))
(((-239.387, -684.316), (-264.902, -665.779), (-284, -607), (-276.698, -584.527), (-144.673, -579.449), (-178.707, -657.725), (-239.387, -684.316)))
(((-274.155, -519.298), (-284, -489), (-276.83, -466.933), (-245.843, -459.006), (-162.104, -468.108), (-155.305, -482.838), (-183.486, -522.046), (-274.155, -519.298)))
(((-144.539, -430.583), (-162.104, -468.108), (-245.843, -459.006), (-179.062, -413.93), (-144.733, -429.664), (-144.539, -430.583)))
(((-144.383, -152.533), (-155.888, -167.369), (-183.576, -170.627), (-237.096, -103.231), (-149.372, -113.864), (-144.383, -152.533)))
(((-176.11, 441.894), (-204.902, 441.894), (-254.902, 478.221), (-274, 537), (-254.902, 595.779), (-204.902, 632.106), (-143.098, 632.106), (-128.3, 621.354), (-141.997, 474.601), (-176.11, 441.894)))
(((-145.709, -201.041), (-184.726, -223.695), (-207.183, -209.972), (-183.576, -170.627), (-155.888, -167.369), (-145.709, -201.041)))
(((-264.879, -90.6838), (-269, -78), (-249.902, -19.2215), (-199.902, 17.1057), (-148.271, 17.1057), (-139.985, -96.8308), (-148.489, -113.041), (-149.372, -113.864), (-237.096, -103.231), (-264.879, -90.6838)))
(((-133.263, -372.822), (-185.369, -375.303), (-207.435, -354.561), (-174.382, -328.853), (-145.212, -333.715), (-133.263, -372.822)))
(((-115.893, -386.841), (-144.733, -429.664), (-179.062, -413.93), (-185.369, -375.303), (-133.263, -372.822), (-116.788, -383.391), (-115.893, -386.841)))
(((-131.948, -238.739), (-177.186, -240.414), (-184.726, -223.695), (-145.709, -201.041), (-137.285, -205.827), (-131.948, -238.739)))
(((-136.916, -558.868), (-183.486, -522.046), (-155.305, -482.838), (-138.755, -489.881), (-122.796, -547.334), (-136.916, -558.868)))
(((-145.212, -333.715), (-174.382, -328.853), (-171.036, -282), (-157.022, -282), (-126.927, -316.609), (-145.212, -333.715)))
(((-127.71, -243.362), (-140.814, -272.19), (-157.022, -282), (-171.036, -282), (-179.866, -275.257), (-177.186, -240.414), (-131.948, -238.739), (-127.71, -243.362)))
(((-211.886, -764.962), (-225.902, -754.779), (-245, -696), (-241.505, -685.244), (-178.707, -657.725), (-133.117, -662.35), (-82.4945, -721.831), (-211.886, -764.962)))
(((-101.819, -619.181), (-133.117, -662.35), (-178.707, -657.725), (-144.673, -579.449), (-142.8, -578.2), (-101.819, -619.181)))
(((-101.762, -473.884), (-138.755, -489.881), (-155.305, -482.838), (-162.104, -468.108), (-144.539, -430.583), (-102.865, -457.615), (-101.762, -473.884)))
(((-109.808, -314.595), (-126.927, -316.609), (-157.022, -282), (-140.814, -272.19), (-106.085, -287.289), (-109.808, -314.595)))
(((-104.753, -195.554), (-137.285, -205.827), (-145.709, -201.041), (-155.888, -167.369), (-144.383, -152.533), (-102.799, -164.285), (-104.753, -195.554)))
(((-116.788, -383.391), (-133.263, -372.822), (-145.212, -333.715), (-126.927, -316.609), (-109.808, -314.595), (-104.695, -318.913), (-109.774, -373.09), (-116.788, -383.391)))
(((-97.932, -277.731), (-106.085, -287.289), (-140.814, -272.19), (-127.71, -243.362), (-102.133, -244.96), (-97.932, -277.731)))
(((-42.526, -843.448), (-86.0983, -875.106), (-147.902, -875.106), (-197.902, -838.779), (-217, -780), (-212.142, -765.047), (-82.4945, -721.831), (-80.1142, -722.196), (-42.526, -843.448)))
(((-86.4508, -498.363), (-102.052, -541.699), (-122.796, -547.334), (-138.755, -489.881), (-101.762, -473.884), (-87.7819, -488.546), (-86.4508, -498.363)))
(((-91.2963, -235.888), (-102.133, -244.96), (-127.71, -243.362), (-131.948, -238.739), (-137.285, -205.827), (-104.753, -195.554), (-92.4496, -208.209), (-91.2963, -235.888)))
(((-98.0612, -160.901), (-102.799, -164.285), (-144.383, -152.533), (-149.372, -113.864), (-148.489, -113.041), (-86.538, -129.721), (-98.0612, -160.901)))
(((-148.379, 18.5796), (-144.902, 21.1057), (-127.259, 21.1057), (-96.9654, -8.82331), (-86.1182, -87.853), (-139.985, -96.8308), (-148.379, 18.5796)))
(((-79.713, -433.059), (-102.865, -457.615), (-144.539, -430.583), (-144.733, -429.664), (-115.893, -386.841), (-94.0922, -399.76), (-79.713, -433.059)))
(((-80.2363, -124.005), (-86.538, -129.721), (-148.489, -113.041), (-139.985, -96.8308), (-86.1182, -87.853), (-80.7922, -93.4267), (-80.2363, -124.005)))
(((-29.4802, 597.048), (-21.5474, 569.368), (-78.2338, 487.353), (-141.997, 474.601), (-127.95, 625.106), (-68.0983, 625.106), (-29.4802, 597.048)))
(((-80.1142, -722.196), (-82.4945, -721.831), (-133.117, -662.35), (-101.819, -619.181), (-69.6677, -620.943), (-63.9512, -708.119), (-80.1142, -722.196)))
(((-69.6677, -620.943), (-101.819, -619.181), (-142.8, -578.2), (-136.916, -558.868), (-122.796, -547.334), (-102.052, -541.699), (-67.9815, -556.842), (-53.2975, -607.42), (-69.6677, -620.943)))
(((-56.4055, -345.486), (-109.774, -373.09), (-104.695, -318.913), (-64.674, -323.916), (-56.4055, -345.486)))
(((-64.674, -323.916), (-104.695, -318.913), (-109.808, -314.595), (-106.085, -287.289), (-97.932, -277.731), (-68.9505, -281.993), (-57.6692, -308.786), (-64.674, -323.916)))
(((-180.308, 437.87), (-141.997, 474.601), (-78.2338, 487.353), (-25.1131, 425.585), (-124.333, 353.926), (-161.902, 381.221), (-180.308, 437.87)))
(((-68.9505, -281.993), (-97.932, -277.731), (-102.133, -244.96), (-91.2963, -235.888), (-49.8333, -246.944), (-68.9505, -281.993)))
(((-50.5, -177.534), (-50.5, -192.955), (-92.4496, -208.209), (-104.753, -195.554), (-102.799, -164.285), (-98.0612, -160.901), (-50.7011, -177.181), (-50.5, -177.534)))
(((-50.8543, -350.29), (-57.1373, -387.09), (-94.0922, -399.76), (-115.893, -386.841), (-116.788, -383.391), (-109.774, -373.09), (-56.4055, -345.486), (-50.8543, -350.29)))
(((-40.5072, -465.625), (-87.7819, -488.546), (-101.762, -473.884), (-102.865, -457.615), (-79.713, -433.059), (-51.4739, -437.947), (-40.5072, -465.625)))
(((-50.7011, -177.181), (-98.0612, -160.901), (-86.538, -129.721), (-80.2363, -124.005), (-47.6029, -135.872), (-50.7011, -177.181)))
(((-43.9241, -244.975), (-49.8333, -246.944), (-91.2963, -235.888), (-92.4496, -208.209), (-50.5, -192.955), (-37.8516, -210.969), (-43.9241, -244.975)))
(((-35.7104, -532.459), (-67.9815, -556.842), (-102.052, -541.699), (-86.4508, -498.363), (-37.1794, -515.419), (-35.7104, -532.459)))
(((-43.1213, -426.091), (-51.4739, -437.947), (-79.713, -433.059), (-94.0922, -399.76), (-57.1373, -387.09), (-40.6815, -404.133), (-43.1213, -426.091)))
(((-32.0588, -81.8235), (-80.7922, -93.4267), (-86.1182, -87.853), (-96.9654, -8.82331), (-45.1169, -29.972), (-26.8241, -67.8643), (-32.0588, -81.8235)))
(((-21.4387, -478.69), (-37.1794, -515.419), (-86.4508, -498.363), (-87.7819, -488.546), (-40.5072, -465.625), (-21.4387, -478.69)))
(((-30.4091, -86.7727), (-45.9136, -135.009), (-47.6029, -135.872), (-80.2363, -124.005), (-80.7922, -93.4267), (-32.0588, -81.8235), (-30.4091, -86.7727)))
(((-26.4714, -256.5), (-31.2695, -298.483), (-57.6692, -308.786), (-68.9505, -281.993), (-49.8333, -246.944), (-43.9241, -244.975), (-26.4714, -256.5)))
(((-113.728, 63.4627), (-118.902, 67.2215), (-138, 126), (-119.075, 184.247), (-2.5025, 138.631), (0.78187, 111.992), (-39.2199, 67.2836), (-113.728, 63.4627)))
(((-37.6226, -702.69), (-63.9512, -708.119), (-69.6677, -620.943), (-53.2975, -607.42), (-32.1307, -608.636), (3.05602, -660.317), (-37.6226, -702.69)))
(((-9.09146, -388.817), (-40.6815, -404.133), (-57.1373, -387.09), (-50.8543, -350.29), (-24.1032, -352.103), (-7.45225, -383.134), (-9.09146, -388.817)))
(((20.8654, -568.166), (-32.1307, -608.636), (-53.2975, -607.42), (-67.9815, -556.842), (-35.7104, -532.459), (9.97661, -554.389), (20.8654, -568.166)))
(((-127.87, 21.7094), (-114.314, 63.4326), (-39.2199, 67.2836), (12.731, 27.1397), (13.7483, 21.8836), (1.26913, -3.87987), (-45.1169, -29.972), (-96.9654, -8.82331), (-127.87, 21.7094)))
(((-24.1032, -352.103), (-50.8543, -350.29), (-56.4055, -345.486), (-64.674, -323.916), (-57.6692, -308.786), (-31.2695, -298.483), (-14.5, -307.095), (-14.5, -342.5), (-24.1032, -352.103)))
(((-113.605, 202.462), (-131, 256), (-112.327, 313.47), (-16.2577, 311.755), (17.9091, 291.255), (-19.5808, 214.775), (-113.605, 202.462)))
(((6.11399, 426.128), (-25.1131, 425.585), (-78.2338, 487.353), (-21.5474, 569.368), (-21.3028, 569.118), (21.1131, 438.014), (6.11399, 426.128)))
(((-7.82383, -165.762), (-50.5, -177.534), (-50.7011, -177.181), (-47.6029, -135.872), (-45.9136, -135.009), (-10.5266, -138.734), (-7.82383, -165.762)))
(((-111.276, 313.451), (-124.409, 353.871), (-25.1131, 425.585), (6.11399, 426.128), (9.51535, 395.138), (-16.2577, 311.755), (-111.276, 313.451)))
(((-10.5266, -138.734), (-45.9136, -135.009), (-30.4091, -86.7727), (5.7042, -121.548), (-10.5266, -138.734)))
(((-0.288711, -203.107), (-37.8516, -210.969), (-50.5, -192.955), (-50.5, -177.534), (-7.82383, -165.762), (5.00935, -178.206), (-0.288711, -203.107)))
(((-9.67853, -476.809), (-21.4387, -478.69), (-40.5072, -465.625), (-51.4739, -437.947), (-43.1213, -426.091), (6.98148, -428.019), (-9.67853, -476.809)))
(((-116.365, 183.186), (-109.946, 202.942), (-19.5808, 214.775), (27.3273, 182.973), (-2.5025, 138.631), (-116.365, 183.186)))
(((6.98148, -428.019), (-43.1213, -426.091), (-40.6815, -404.133), (-9.09146, -388.817), (9.33333, -425.667), (6.98148, -428.019)))
(((-42.3222, -844.106), (-80.1142, -722.196), (-63.9512, -708.119), (-37.6226, -702.69), (21.0345, -738.603), (-41.8183, -844.106), (-42.3222, -844.106)))
(((21.0267, -293.652), (-14.5, -307.095), (-31.2695, -298.483), (-26.4714, -256.5), (0.290698, -256.5), (21.0267, -293.652)))
(((0.290698, -256.5), (-26.4714, -256.5), (-43.9241, -244.975), (-37.8516, -210.969), (-0.288711, -203.107), (21.7716, -228.51), (0.290698, -256.5)))
(((9.97661, -554.389), (-35.7104, -532.459), (-37.1794, -515.419), (-21.4387, -478.69), (-9.67853, -476.809), (11.7501, -486.996), (9.97661, -554.389)))
(((27.773, -61.5647), (-26.8241, -67.8643), (-45.1169, -29.972), (1.26913, -3.87987), (27.773, -61.5647)))
(((29.4451, -62.3159), (11.6438, -120.575), (5.7042, -121.548), (-30.4091, -86.7727), (-32.0588, -81.8235), (-26.8241, -67.8643), (27.773, -61.5647), (29.4451, -62.3159)))
(((24.782, -295.437), (22.7805, -338.47), (-14.5, -342.5), (-14.5, -307.095), (21.0267, -293.652), (24.782, -295.437)))
(((22.7947, -338.486), (14.8758, -376.496), (-7.45225, -383.134), (-24.1032, -352.103), (-14.5, -342.5), (22.7805, -338.47), (22.7947, -338.486)))
(((47.5738, -588.191), (19.952, -659.683), (3.05602, -660.317), (-32.1307, -608.636), (20.8654, -568.166), (30.6994, -570.058), (47.5738, -588.191)))
(((43.493, -146.176), (24.5945, -171.374), (5.00935, -178.206), (-7.82383, -165.762), (-10.5266, -138.734), (5.7042, -121.548), (11.6438, -120.575), (37.0865, -133.805), (43.493, -146.176)))
(((61.8725, -729.587), (21.0345, -738.603), (-37.6226, -702.69), (3.05602, -660.317), (19.952, -659.683), (38.0542, -671.464), (63.2807, -724.439), (61.8725, -729.587)))
(((41.1834, -397.089), (20.3182, -424.909), (9.33333, -425.667), (-9.09146, -388.817), (-7.45225, -383.134), (14.8758, -376.496), (39.6132, -386.546), (41.1834, -397.089)))
(((54.1053, 63.3421), (12.731, 27.1397), (-39.2199, 67.2836), (0.78187, 111.992), (58.2702, 96.6613), (54.1053, 63.3421)))
(((55.7507, 206.546), (32.1595, 183.728), (27.3273, 182.973), (-19.5808, 214.775), (17.9091, 291.255), (42.2846, 290.036), (55.7507, 206.546)))
(((56.453, -457.482), (37.9402, -483.194), (11.7501, -486.996), (-9.67853, -476.809), (6.98148, -428.019), (9.33333, -425.667), (20.3182, -424.909), (55.9276, -454.235), (56.453, -457.482)))
(((33.526, -227.619), (21.7716, -228.51), (-0.288711, -203.107), (5.00935, -178.206), (24.5945, -171.374), (50.9522, -205.968), (33.526, -227.619)))
(((58.9229, 298.506), (42.2846, 290.036), (17.9091, 291.255), (-16.2577, 311.755), (9.51535, 395.138), (66.2027, 336.27), (58.9229, 298.506)))
(((114.001, -826.241), (110.902, -835.779), (60.9017, -872.106), (-0.9017, -872.106), (-41.0999, -842.9), (21.0345, -738.603), (61.8725, -729.587), (114.001, -826.241)))
(((30.6994, -570.058), (20.8654, -568.166), (9.97661, -554.389), (11.7501, -486.996), (37.9402, -483.194), (63.6541, -523.743), (30.6994, -570.058)))
(((56.03, -364.219), (39.6132, -386.546), (14.8758, -376.496), (22.7947, -338.486), (56.5332, -351.137), (56.03, -364.219)))
(((60.5997, -257.154), (28.0505, -294.711), (24.782, -295.437), (21.0267, -293.652), (0.290698, -256.5), (21.7716, -228.51), (33.526, -227.619), (60.5997, -257.154)))
(((69.2939, -14.0466), (42.728, -61.4858), (29.4451, -62.3159), (27.773, -61.5647), (1.26913, -3.87987), (13.7483, 21.8836), (66.474, -9.32137), (69.2939, -14.0466)))
(((84.0219, 117.561), (58.2702, 96.6613), (0.78187, 111.992), (-2.5025, 138.631), (27.3273, 182.973), (32.1595, 183.728), (84.2606, 118.23), (84.0219, 117.561)))
(((67.4527, -90.4247), (37.0865, -133.805), (11.6438, -120.575), (29.4451, -62.3159), (42.728, -61.4858), (65.558, -81.2425), (67.4527, -90.4247)))
(((111.097, 477.152), (62.6714, 443.209), (21.1131, 438.014), (-21.3028, 569.118), (106.256, 519.512), (111.097, 477.152)))
(((75.5, -334.429), (56.5332, -351.137), (22.7947, -338.486), (22.7805, -338.47), (24.782, -295.437), (28.0505, -294.711), (75.5, -315.23), (75.5, -334.429)))
(((72.2435, -197.278), (50.9522, -205.968), (24.5945, -171.374), (43.493, -146.176), (63.8978, -153.464), (72.2435, -197.278)))
(((78.0795, -415.71), (55.9276, -454.235), (20.3182, -424.909), (41.1834, -397.089), (77.3604, -414.594), (78.0795, -415.71)))
(((89.6207, 367.494), (66.2027, 336.27), (9.51535, 395.138), (6.11399, 426.128), (21.1131, 438.014), (62.6714, 443.209), (89.6207, 367.494)))
(((91.7162, -635.689), (38.0542, -671.464), (19.952, -659.683), (47.5738, -588.191), (63.0854, -593.362), (91.7783, -635.604), (91.7162, -635.689)))
(((93.5299, -293.301), (75.5, -315.23), (28.0505, -294.711), (60.5997, -257.154), (77.0089, -258.823), (93.5299, -293.301)))
(((66.474, -9.32137), (13.7483, 21.8836), (12.731, 27.1397), (54.1053, 63.3421), (84.418, 40.0246), (66.474, -9.32137)))
(((77.3604, -414.594), (41.1834, -397.089), (39.6132, -386.546), (56.03, -364.219), (79.4945, -382.583), (77.3604, -414.594)))
(((-29.0143, 595.422), (-15.9017, 635.779), (25.0104, 665.503), (120.85, 548.699), (106.256, 519.512), (-21.3028, 569.118), (-21.5474, 569.368), (-29.0143, 595.422)))
(((77.0089, -258.823), (60.5997, -257.154), (33.526, -227.619), (50.9522, -205.968), (72.2435, -197.278), (76.7549, -199.019), (88.3871, -245.548), (77.0089, -258.823)))
(((78.0173, -146.992), (63.8978, -153.464), (43.493, -146.176), (37.0865, -133.805), (67.4527, -90.4247), (89.4203, -111.746), (78.0173, -146.992)))
(((89.379, -519.251), (63.6541, -523.743), (37.9402, -483.194), (56.453, -457.482), (81.1362, -466.935), (102.822, -506.883), (89.379, -519.251)))
(((63.2807, -724.439), (38.0542, -671.464), (91.7162, -635.689), (86.1727, -707.756), (63.2807, -724.439)))
(((118.59, 144.713), (84.2606, 118.23), (32.1595, 183.728), (55.7507, 206.546), (103.15, 204.543), (118.59, 144.713)))
(((106.73, -570.63), (63.0854, -593.362), (47.5738, -588.191), (30.6994, -570.058), (63.6541, -523.743), (89.379, -519.251), (107.798, -568.84), (106.73, -570.63)))
(((108.028, -368.887), (79.4945, -382.583), (56.03, -364.219), (56.5332, -351.137), (75.5, -334.429), (106.38, -352.074), (108.028, -368.887)))
(((117.867, -27.3556), (104.378, -63.3256), (65.558, -81.2425), (42.728, -61.4858), (69.2939, -14.0466), (115.846, -22.6408), (117.867, -27.3556)))
(((151.918, 256.857), (103.15, 204.543), (55.7507, 206.546), (42.2846, 290.036), (58.9229, 298.506), (154.087, 271.172), (151.918, 256.857)))
(((108.79, -450.145), (81.1362, -466.935), (56.453, -457.482), (55.9276, -454.235), (78.0795, -415.71), (99.1148, -417.732), (115.052, -430.88), (108.79, -450.145)))
(((109.703, -192.295), (76.7549, -199.019), (72.2435, -197.278), (63.8978, -153.464), (78.0173, -146.992), (107.596, -156.585), (115.422, -183.977), (109.703, -192.295)))
(((119.17, 42.0688), (84.418, 40.0246), (54.1053, 63.3421), (58.2702, 96.6613), (84.0219, 117.561), (133.765, 56.1136), (119.17, 42.0688)))
(((115.748, -378.922), (99.1148, -417.732), (78.0795, -415.71), (77.3604, -414.594), (79.4945, -382.583), (108.028, -368.887), (115.748, -378.922)))
(((115.846, -22.6408), (69.2939, -14.0466), (66.474, -9.32137), (84.418, 40.0246), (119.17, 42.0688), (116.531, -21.2489), (115.846, -22.6408)))
(((128.306, -236.476), (88.3871, -245.548), (76.7549, -199.019), (109.703, -192.295), (128.306, -236.476)))
(((119.376, -111.081), (89.4203, -111.746), (67.4527, -90.4247), (65.558, -81.2425), (104.378, -63.3256), (130.538, -100.697), (119.376, -111.081)))
(((120.891, -140.63), (107.596, -156.585), (78.0173, -146.992), (89.4203, -111.746), (119.376, -111.081), (120.891, -140.63)))
(((140.749, -691.478), (86.1727, -707.756), (91.7162, -635.689), (91.7783, -635.604), (120.287, -637.612), (158.01, -670.701), (140.749, -691.478)))
(((23.1265, 667.799), (73.0983, 704.106), (134.902, 704.106), (184.902, 667.779), (201.779, 615.834), (120.85, 548.699), (23.1265, 667.799)))
(((117.537, -504.538), (102.822, -506.883), (81.1362, -466.935), (108.79, -450.145), (131.592, -485.108), (117.537, -504.538)))
(((129.842, -334.953), (106.38, -352.074), (75.5, -334.429), (75.5, -315.23), (93.5299, -293.301), (113.576, -294.304), (133.022, -322.724), (129.842, -334.953)))
(((120.287, -637.612), (91.7783, -635.604), (63.0854, -593.362), (106.73, -570.63), (129.751, -607.193), (120.287, -637.612)))
(((136.388, -241.465), (135.236, -272.008), (113.576, -294.304), (93.5299, -293.301), (77.0089, -258.823), (88.3871, -245.548), (128.306, -236.476), (134.268, -239.258), (136.388, -241.465)))
(((154.087, 271.172), (58.9229, 298.506), (66.2027, 336.27), (89.6207, 367.494), (116.82, 366.199), (154.631, 271.673), (154.087, 271.172)))
(((173.967, 416.006), (164.19, 397.134), (116.82, 366.199), (89.6207, 367.494), (62.6714, 443.209), (111.097, 477.152), (177.084, 442.281), (173.967, 416.006)))
(((152.068, -551.735), (107.798, -568.84), (89.379, -519.251), (102.822, -506.883), (117.537, -504.538), (155.846, -543.942), (152.068, -551.735)))
(((112.849, -824.106), (61.8725, -729.587), (63.2807, -724.439), (86.1727, -707.756), (140.749, -691.478), (148.217, -810.975), (144.762, -824.106), (112.849, -824.106)))
(((156.81, -425.365), (115.052, -430.88), (99.1148, -417.732), (115.748, -378.922), (145.137, -386.619), (164.946, -418.314), (156.81, -425.365)))
(((148.83, -476.665), (131.592, -485.108), (108.79, -450.145), (115.052, -430.88), (156.81, -425.365), (148.83, -476.665)))
(((156.984, -64.731), (136.117, -99.8254), (130.538, -100.697), (104.378, -63.3256), (117.867, -27.3556), (151.206, -46.3133), (156.984, -64.731)))
(((159.29, -159.843), (151.971, -179.104), (115.422, -183.977), (107.596, -156.585), (120.891, -140.63), (155.544, -152.181), (159.29, -159.843)))
(((145.137, -386.619), (115.748, -378.922), (108.028, -368.887), (106.38, -352.074), (129.842, -334.953), (154.294, -358.386), (145.137, -386.619)))
(((149.569, 57.7485), (133.765, 56.1136), (84.0219, 117.561), (84.2606, 118.23), (118.59, 144.713), (138.309, 142.878), (180.344, 114.636), (149.569, 57.7485)))
(((161.18, -588.944), (129.751, -607.193), (106.73, -570.63), (107.798, -568.84), (152.068, -551.735), (161.18, -588.944)))
(((158.087, -189.455), (134.268, -239.258), (128.306, -236.476), (109.703, -192.295), (115.422, -183.977), (151.971, -179.104), (158.087, -189.455)))
(((155.544, -152.181), (120.891, -140.63), (119.376, -111.081), (130.538, -100.697), (136.117, -99.8254), (160.628, -115.582), (155.544, -152.181)))
(((177.03, 204.48), (138.309, 142.878), (118.59, 144.713), (103.15, 204.543), (151.918, 256.857), (177.03, 204.48)))
(((180.26, 14.8638), (116.531, -21.2489), (119.17, 42.0688), (133.765, 56.1136), (149.569, 57.7485), (175.949, 32.3453), (180.26, 14.8638)))
(((175.146, -309.763), (133.022, -322.724), (113.576, -294.304), (135.236, -272.008), (170.952, -292.098), (175.664, -308.745), (175.146, -309.763)))
(((154.631, 271.673), (116.82, 366.199), (164.19, 397.134), (177.48, 284.169), (154.631, 271.673)))
(((186.755, -666.817), (158.01, -670.701), (120.287, -637.612), (129.751, -607.193), (161.18, -588.944), (196.728, -614.571), (200.224, -620.921), (186.755, -666.817)))
(((180.307, -515.416), (165.484, -539.627), (155.846, -543.942), (117.537, -504.538), (131.592, -485.108), (148.83, -476.665), (176.304, -490.402), (180.307, -515.416)))
(((180.065, -348.363), (154.294, -358.386), (129.842, -334.953), (133.022, -322.724), (175.146, -309.763), (181.832, -344.677), (180.065, -348.363)))
(((190.496, 2.92112), (186.021, -24.4299), (151.206, -46.3133), (117.867, -27.3556), (115.846, -22.6408), (116.531, -21.2489), (180.26, 14.8638), (190.496, 2.92112)))
(((193.081, -210.752), (186.483, -239.501), (136.388, -241.465), (134.268, -239.258), (158.087, -189.455), (191.824, -208.603), (193.081, -210.752)))
(((192.128, -248.501), (170.952, -292.098), (135.236, -272.008), (136.388, -241.465), (186.483, -239.501), (192.128, -248.501)))
(((198.16, -677.272), (204.029, -717.29), (148.217, -810.975), (140.749, -691.478), (158.01, -670.701), (186.755, -666.817), (198.16, -677.272)))
(((193.167, -93.5), (176.419, -112.558), (160.628, -115.582), (136.117, -99.8254), (156.984, -64.731), (187.3, -75.9), (193.167, -93.5)))
(((176.86, -417.784), (164.946, -418.314), (145.137, -386.619), (154.294, -358.386), (180.065, -348.363), (198.822, -397.419), (176.86, -417.784)))
(((209.716, -461.904), (176.304, -490.402), (148.83, -476.665), (156.81, -425.365), (164.946, -418.314), (176.86, -417.784), (209.716, -461.904)))
(((201.942, -154.641), (159.29, -159.843), (155.544, -152.181), (160.628, -115.582), (176.419, -112.558), (205.739, -151.652), (201.942, -154.641)))
(((222.776, 159.426), (193.005, 116.985), (180.344, 114.636), (138.309, 142.878), (177.03, 204.48), (219.329, 176.281), (222.776, 159.426)))
(((202.107, 616.106), (207.902, 616.106), (257.902, 579.779), (262.695, 565.026), (230.78, 463.054), (177.084, 442.281), (111.097, 477.152), (106.256, 519.512), (120.85, 548.699), (202.107, 616.106)))
(((191.824, -208.603), (158.087, -189.455), (151.971, -179.104), (159.29, -159.843), (201.942, -154.641), (191.824, -208.603)))
(((206.347, -50.2284), (187.3, -75.9), (156.984, -64.731), (151.206, -46.3133), (186.021, -24.4299), (206.347, -50.2284)))
(((196.728, -614.571), (161.18, -588.944), (152.068, -551.735), (155.846, -543.942), (165.484, -539.627), (203.987, -559.399), (196.728, -614.571)))
(((240.781, 70.1642), (175.949, 32.3453), (149.569, 57.7485), (180.344, 114.636), (193.005, 116.985), (240.781, 70.1642)))
(((214.407, 289.405), (177.48, 284.169), (164.19, 397.134), (173.967, 416.006), (237.527, 339.295), (214.407, 289.405)))
(((232.833, -288), (219.601, -302.887), (175.664, -308.745), (170.952, -292.098), (192.128, -248.501), (227.088, -264.039), (233.649, -273.32), (232.833, -288)))
(((215.792, -149.642), (205.739, -151.652), (176.419, -112.558), (193.167, -93.5), (231.358, -103.916), (215.792, -149.642)))
(((225.996, -549.442), (203.987, -559.399), (165.484, -539.627), (180.307, -515.416), (214.201, -516.308), (230.172, -533.931), (225.996, -549.442)))
(((228.568, -466.822), (214.201, -516.308), (180.307, -515.416), (176.304, -490.402), (209.716, -461.904), (228.568, -466.822)))
(((224.787, -343.335), (181.832, -344.677), (175.146, -309.763), (175.664, -308.745), (219.601, -302.887), (224.787, -343.335)))
(((226.066, -344.649), (216.94, -392.89), (198.822, -397.419), (180.065, -348.363), (181.832, -344.677), (224.787, -343.335), (226.066, -344.649)))
(((238.218, -99.9147), (231.358, -103.916), (193.167, -93.5), (187.3, -75.9), (206.347, -50.2284), (249.998, -52.0101), (238.218, -99.9147)))
(((245.481, -201.437), (193.081, -210.752), (191.824, -208.603), (201.942, -154.641), (205.739, -151.652), (215.792, -149.642), (233.662, -162.041), (245.481, -201.437)))
(((302.87, -788.253), (294.902, -812.779), (244.902, -849.106), (183.098, -849.106), (145.392, -821.71), (148.217, -810.975), (204.029, -717.29), (302.87, -788.253)))
(((264.713, -38.4445), (249.998, -52.0101), (206.347, -50.2284), (186.021, -24.4299), (190.496, 2.92112), (286.805, 1.23149), (264.713, -38.4445)))
(((276.025, 248.968), (219.329, 176.281), (177.03, 204.48), (151.918, 256.857), (154.087, 271.172), (154.631, 271.673), (177.48, 284.169), (214.407, 289.405), (276.025, 248.968)))
(((312.064, 21.9625), (286.805, 1.23149), (190.496, 2.92112), (180.26, 14.8638), (175.949, 32.3453), (240.781, 70.1642), (309.55, 47.7745), (315, 31), (315, 31), (312.064, 21.9625)))
(((230.019, -610.378), (200.224, -620.921), (196.728, -614.571), (203.987, -559.399), (225.996, -549.442), (248.722, -576.226), (230.019, -610.378)))
(((228.568, -466.822), (209.716, -461.904), (176.86, -417.784), (198.822, -397.419), (216.94, -392.89), (247.546, -402.925), (237.621, -465.313), (228.568, -466.822)))
(((249.854, -204.498), (227.088, -264.039), (192.128, -248.501), (186.483, -239.501), (193.081, -210.752), (245.481, -201.437), (249.854, -204.498)))
(((315.649, 394.097), (237.527, 339.295), (173.967, 416.006), (177.084, 442.281), (230.78, 463.054), (315.649, 394.097)))
(((244.412, -468.278), (259.13, -520.463), (230.172, -533.931), (214.201, -516.308), (228.568, -466.822), (237.621, -465.313), (244.412, -468.278)))
(((268.688, -370.873), (252.153, -401.299), (247.546, -402.925), (216.94, -392.89), (226.066, -344.649), (264.863, -345.531), (268.688, -370.873)))
(((302.925, -788.292), (204.029, -717.29), (198.16, -677.272), (291.009, -679.815), (330.942, -749.033), (322.902, -773.779), (302.925, -788.292)))
(((264.863, -345.531), (226.066, -344.649), (224.787, -343.335), (219.601, -302.887), (232.833, -288), (280.133, -323.475), (264.863, -345.531)))
(((309.531, 47.7806), (240.781, 70.1642), (193.005, 116.985), (222.776, 159.426), (341.699, 121.005), (343, 117), (343, 117), (323.902, 58.2215), (309.531, 47.7806)))
(((291.009, -679.815), (198.16, -677.272), (186.755, -666.817), (200.224, -620.921), (230.019, -610.378), (264.842, -626.131), (291.886, -672.937), (291.009, -679.815)))
(((270.223, -144.836), (233.662, -162.041), (215.792, -149.642), (231.358, -103.916), (238.218, -99.9147), (265.348, -115.59), (270.223, -144.836)))
(((272.152, -572.091), (248.722, -576.226), (225.996, -549.442), (230.172, -533.931), (259.13, -520.463), (277.525, -526.935), (275.722, -567.5), (272.152, -572.091)))
(((276.737, -259.915), (233.649, -273.32), (227.088, -264.039), (249.854, -204.498), (265.169, -206.176), (277.99, -257.46), (276.737, -259.915)))
(((283.032, -596.573), (264.842, -626.131), (230.019, -610.378), (248.722, -576.226), (272.152, -572.091), (283.032, -596.573)))
(((273.187, -202.668), (265.169, -206.176), (249.854, -204.498), (245.481, -201.437), (233.662, -162.041), (270.223, -144.836), (290.138, -157.466), (273.187, -202.668)))
(((341.804, 120.971), (222.776, 159.426), (219.329, 176.281), (276.025, 248.968), (342.431, 242.573), (344.902, 240.779), (364, 182), (364, 182), (344.902, 123.221), (341.804, 120.971)))
(((284.341, -459.55), (279.476, -463.603), (244.412, -468.278), (237.621, -465.313), (247.546, -402.925), (252.153, -401.299), (292.358, -421.869), (284.341, -459.55)))
(((288.251, -320.656), (280.133, -323.475), (232.833, -288), (233.649, -273.32), (276.737, -259.915), (300.165, -300.913), (288.251, -320.656)))
(((277.525, -526.935), (259.13, -520.463), (244.412, -468.278), (279.476, -463.603), (299.414, -516.772), (277.525, -526.935)))
(((297.593, -102.013), (265.348, -115.59), (238.218, -99.9147), (249.998, -52.0101), (264.713, -38.4445), (297.593, -102.013)))
(((337.074, 243.089), (276.025, 248.968), (214.407, 289.405), (237.527, 339.295), (315.649, 394.097), (338.73, 389.708), (357.902, 375.779), (377, 317), (377, 317), (357.902, 258.221), (337.074, 243.089)))
(((301.458, -417.577), (292.358, -421.869), (252.153, -401.299), (268.688, -370.873), (309.469, -379.524), (301.458, -417.577)))
(((291.886, -672.937), (264.842, -626.131), (283.032, -596.573), (310.776, -605.242), (316.875, -636.414), (291.886, -672.937)))
(((309.438, -152.64), (290.138, -157.466), (270.223, -144.836), (265.348, -115.59), (297.593, -102.013), (308.107, -104.592), (319.784, -134.707), (309.438, -152.64)))
(((316.031, -217.996), (314.436, -243.524), (277.99, -257.46), (265.169, -206.176), (273.187, -202.668), (310.578, -211.825), (316.031, -217.996)))
(((315, -375.341), (309.469, -379.524), (268.688, -370.873), (264.863, -345.531), (280.133, -323.475), (288.251, -320.656), (315, -344.514), (315, -375.341)))
(((334.573, -567.994), (310.776, -605.242), (283.032, -596.573), (272.152, -572.091), (275.722, -567.5), (334.39, -567.5), (334.573, -567.994)))
(((334.39, -567.5), (275.722, -567.5), (277.525, -526.935), (299.414, -516.772), (306.231, -517.373), (322.603, -530.07), (335.111, -558.733), (334.39, -567.5)))
(((385.12, -23.0492), (308.107, -104.592), (297.593, -102.013), (264.713, -38.4445), (286.805, 1.23149), (309.801, 20.1057), (332.902, 20.1057), (382.902, -16.2215), (385.12, -23.0492)))
(((324.018, -173.949), (310.578, -211.825), (273.187, -202.668), (290.138, -157.466), (309.438, -152.64), (324.018, -173.949)))
(((319.388, -292.874), (300.165, -300.913), (276.737, -259.915), (277.99, -257.46), (314.436, -243.524), (325.252, -255.736), (319.388, -292.874)))
(((331.153, -475.4), (306.231, -517.373), (299.414, -516.772), (279.476, -463.603), (284.341, -459.55), (325.588, -467.148), (331.153, -475.4)))
(((344.117, 388.683), (315.649, 394.097), (230.78, 463.054), (262.539, 564.528), (277.098, 575.106), (338.902, 575.106), (388.902, 538.779), (408, 480), (408, 480), (388.902, 421.221), (344.117, 388.683)))
(((325.588, -467.148), (284.341, -459.55), (292.358, -421.869), (301.458, -417.577), (335.521, -427.417), (325.588, -467.148)))
(((353.184, -401.395), (337.632, -426.518), (335.521, -427.417), (301.458, -417.577), (309.469, -379.524), (315, -375.341), (350.104, -384.76), (353.184, -401.395)))
(((362.348, -332.996), (315, -344.514), (288.251, -320.656), (300.165, -300.913), (319.388, -292.874), (347.908, -301.605), (362.348, -332.996)))
(((349.379, -213.929), (316.031, -217.996), (310.578, -211.825), (324.018, -173.949), (369.492, -182.553), (349.379, -213.929)))
(((400.985, -617.139), (316.875, -636.414), (310.776, -605.242), (334.573, -567.994), (400.985, -617.139)))
(((379.146, -344.475), (350.104, -384.76), (315, -375.341), (315, -344.514), (362.348, -332.996), (379.146, -344.475)))
(((384.89, -487.714), (322.603, -530.07), (306.231, -517.373), (331.153, -475.4), (384.89, -487.714)))
(((431.877, -127.844), (319.784, -134.707), (308.107, -104.592), (383.648, -24.6081), (418.902, -50.2215), (438, -109), (438, -109), (431.877, -127.844)))
(((360.874, -252.848), (325.252, -255.736), (314.436, -243.524), (316.031, -217.996), (349.379, -213.929), (364.204, -245.433), (360.874, -252.848)))
(((431.215, -127.885), (437.562, -147.42), (369.492, -182.553), (324.018, -173.949), (309.438, -152.64), (319.784, -134.707), (431.215, -127.885)))
(((367.968, -274.601), (347.908, -301.605), (319.388, -292.874), (325.252, -255.736), (360.874, -252.848), (367.968, -274.601)))
(((331.561, -750.106), (291.009, -679.815), (291.886, -672.937), (316.875, -636.414), (400.985, -617.139), (436.784, -626.637), (446, -655), (446, -655), (426.902, -713.779), (376.902, -750.106), (331.561, -750.106)))
(((384.89, -487.714), (331.153, -475.4), (325.588, -467.148), (335.521, -427.417), (337.632, -426.518), (423.178, -484.568), (384.89, -487.714)))
(((443.232, -493.861), (335.111, -558.733), (322.603, -530.07), (384.89, -487.714), (423.178, -484.568), (440.956, -486.856), (443.232, -493.861)))
(((444.428, -487.303), (423.178, -484.568), (337.632, -426.518), (353.184, -401.395), (463.091, -438.03), (447.902, -484.779), (444.428, -487.303)))
(((437.643, -626.865), (400.985, -617.139), (334.573, -567.994), (334.39, -567.5), (335.111, -558.733), (445.241, -492.656), (452.902, -498.221), (472, -557), (472, -557), (452.902, -615.779), (437.643, -626.865)))
(((467.956, -204.478), (364.204, -245.433), (349.379, -213.929), (369.492, -182.553), (436.009, -148.221), (453.902, -161.221), (467.956, -204.478)))
(((475.549, -303.464), (462.822, -342.636), (379.146, -344.475), (362.348, -332.996), (347.908, -301.605), (367.968, -274.601), (475.549, -303.464)))
(((463.364, -438.121), (353.184, -401.395), (350.104, -384.76), (379.146, -344.475), (463.605, -342.619), (479, -390), (479, -390), (463.364, -438.121)))
(((473.414, -302.892), (367.968, -274.601), (360.874, -252.848), (364.204, -245.433), (470.308, -203.549), (488, -258), (488, -258), (473.414, -302.892)))
