(((-279.133, -263.696), (-285.902, -258.779), (-305, -200), (-296.242, -173.044), (-179.27, -181.817), (-175.486, -187.032), (-180.1, -218.173), (-261.756, -259.835), (-279.133, -263.696)))
(((-297.8, -172.928), (-302, -160), (-282.902, -101.221), (-272.811, -93.89), (-218.552, -109.032), (-176.696, -140.638), (-179.27, -181.817), (-297.8, -172.928)))
(((-269.729, -336.998), (-285, -290), (-276.245, -263.054), (-261.756, -259.835), (-166.538, -271.447), (-150.325, -294.145), (-169.597, -329.581), (-269.729, -336.998)))
(((-166.538, -271.447), (-261.756, -259.835), (-180.1, -218.173), (-155.808, -235.355), (-166.538, -271.447)))
(((-256.395, -432.326), (-259.902, -429.779), (-279, -371), (-267.908, -336.864), (-169.597, -329.581), (-151.787, -347.748), (-140.27, -377.979), (-144.102, -387.833), (-256.395, -432.326)))
(((-271.41, -94.2808), (-278, -74), (-258.902, -15.2215), (-208.902, 21.1057), (-147.098, 21.1057), (-144.91, 19.5157), (-150.516, -85.1272), (-218.552, -109.032), (-271.41, -94.2808)))
(((-206.193, 494.465), (-249.902, 526.221), (-269, 585), (-249.902, 643.779), (-199.902, 680.106), (-138.098, 680.106), (-88.0983, 643.779), (-74.1438, 600.831), (-82.9817, 578.147), (-145.547, 516.927), (-206.193, 494.465)))
(((-135.5, -109.385), (-152.486, -135.516), (-176.696, -140.638), (-218.552, -109.032), (-150.516, -85.1272), (-135.5, -104.118), (-135.5, -109.385)))
(((-255.42, -431.94), (-144.102, -387.833), (-120.869, -435.228), (-176.336, -519.106), (-188.902, -519.106), (-238.902, -482.779), (-255.42, -431.94)))
(((-144.568, -184.971), (-175.486, -187.032), (-179.27, -181.817), (-176.696, -140.638), (-152.486, -135.516), (-127.532, -163.349), (-144.568, -184.971)))
(((-130.971, -231.534), (-155.808, -235.355), (-180.1, -218.173), (-175.486, -187.032), (-144.568, -184.971), (-125.636, -214.864), (-130.971, -231.534)))
(((-122, -242), (-125.542, -288.051), (-150.325, -294.145), (-166.538, -271.447), (-155.808, -235.355), (-130.971, -231.534), (-122, -242)))
(((-101.82, -324.686), (-151.787, -347.748), (-169.597, -329.581), (-150.325, -294.145), (-125.542, -288.051), (-102.868, -297.434), (-101.82, -324.686)))
(((-107.98, -161.845), (-127.532, -163.349), (-152.486, -135.516), (-135.5, -109.385), (-96.6976, -137.74), (-107.98, -161.845)))
(((-144.985, 18.1057), (-122.556, 18.1057), (-90.4104, -20.2223), (-101.189, -87.9711), (-135.5, -104.118), (-150.516, -85.1272), (-144.985, 18.1057)))
(((-99.1512, -174.5), (-99.7458, -200.069), (-125.636, -214.864), (-144.568, -184.971), (-127.532, -163.349), (-107.98, -161.845), (-99.1512, -174.5)))
(((-155.967, 359.301), (-199.902, 391.221), (-219, 450), (-204.328, 495.156), (-145.547, 516.927), (-77.1566, 450.165), (-128.027, 371.181), (-155.967, 359.301)))
(((-86.229, -368.626), (-140.27, -377.979), (-151.787, -347.748), (-101.82, -324.686), (-83.2761, -351.177), (-86.229, -368.626)))
(((-73.1429, -386.5), (-85.375, -429.312), (-120.869, -435.228), (-144.102, -387.833), (-140.27, -377.979), (-86.229, -368.626), (-73.1429, -386.5)))
(((-86.1589, -131.593), (-96.6976, -137.74), (-135.5, -109.385), (-135.5, -104.118), (-101.189, -87.9711), (-82.4036, -107.452), (-86.1589, -131.593)))
(((-102.868, -297.434), (-125.542, -288.051), (-122, -242), (-91.9914, -244.308), (-80.2329, -286.116), (-102.868, -297.434)))
(((-68.5, -221.6), (-91.9914, -244.308), (-122, -242), (-130.971, -231.534), (-125.636, -214.864), (-99.7458, -200.069), (-68.5, -221.206), (-68.5, -221.6)))
(((-172.402, -527.048), (-176.902, -523.779), (-177.733, -521.219), (-120.869, -435.228), (-85.375, -429.312), (-48.5, -462.5), (-40.4225, -478.655), (-172.402, -527.048)))
(((-88.1579, -714.106), (-118.902, -714.106), (-168.902, -677.779), (-188, -619), (-168.902, -560.221), (-167.402, -559.132), (-49.1264, -576.747), (-25.4531, -624.094), (-88.1579, -714.106)))
(((-54.896, -204.401), (-68.5, -221.206), (-99.7458, -200.069), (-99.1512, -174.5), (-51.2347, -174.5), (-54.896, -204.401)))
(((-51.2347, -174.5), (-99.1512, -174.5), (-107.98, -161.845), (-96.6976, -137.74), (-86.1589, -131.593), (-57.0807, -143.649), (-45.7806, -167.277), (-51.2347, -174.5)))
(((-89.4121, -20.7977), (-49.5526, -91.0263), (-82.4036, -107.452), (-101.189, -87.9711), (-90.4104, -20.2223), (-89.4121, -20.7977)))
(((-44.2243, 457.575), (-77.1566, 450.165), (-145.547, 516.927), (-82.9817, 578.147), (-33.2691, 483.241), (-44.2243, 457.575)))
(((-62.3681, -337.774), (-83.2761, -351.177), (-101.82, -324.686), (-102.868, -297.434), (-80.2329, -286.116), (-77.0343, -286.313), (-55.7158, -301.187), (-62.3681, -337.774)))
(((-162.682, -559.835), (-173.235, -527.353), (-40.4225, -478.655), (-36.7052, -480.758), (-44.717, -568.887), (-49.1264, -576.747), (-162.682, -559.835)))
(((-46.9246, -250.729), (-77.0343, -286.313), (-80.2329, -286.116), (-91.9914, -244.308), (-68.5, -221.6), (-46.8613, -247.566), (-46.9246, -250.729)))
(((-141.766, 261.217), (-145.902, 264.221), (-165, 323), (-152.762, 360.664), (-128.027, 371.181), (-58.0286, 367.249), (-21.0706, 314.892), (-35.236, 285.03), (-141.766, 261.217)))
(((-34.2052, -108.734), (-57.0807, -143.649), (-86.1589, -131.593), (-82.4036, -107.452), (-49.5526, -91.0263), (-45.3518, -92.5539), (-34.2052, -108.734)))
(((-10.0148, 408.921), (-58.0286, 367.249), (-128.027, 371.181), (-77.1566, 450.165), (-44.2243, 457.575), (-10.0148, 408.921)))
(((-24.7723, -391.317), (-48.5, -462.5), (-85.375, -429.312), (-73.1429, -386.5), (-36.14, -386.5), (-24.7723, -391.317)))
(((-36.14, -386.5), (-73.1429, -386.5), (-86.229, -368.626), (-83.2761, -351.177), (-62.3681, -337.774), (-39.5964, -343.295), (-36.14, -386.5)))
(((-36.0192, -299.981), (-55.7158, -301.187), (-77.0343, -286.313), (-46.9246, -250.729), (-24.5289, -276.324), (-36.0192, -299.981)))
(((-132.901, 197.687), (-146, 238), (-138.197, 262.015), (-35.236, 285.03), (-17.537, 263.275), (-34.8641, 200.267), (-132.901, 197.687)))
(((-103.9, 87.9632), (-124.902, 103.221), (-144, 162), (-132.4, 197.7), (-34.8641, 200.267), (7.03125, 175.774), (-35.214, 117.281), (-103.9, 87.9632)))
(((-9.3125, -326.688), (-39.5964, -343.295), (-62.3681, -337.774), (-55.7158, -301.187), (-36.0192, -299.981), (-9.3125, -326.688)))
(((-11.2248, -57.005), (-45.3518, -92.5539), (-49.5526, -91.0263), (-89.4121, -20.7977), (-27.6154, -32.3846), (-11.6579, -48.3421), (-11.2248, -57.005)))
(((-7.73662, -229.897), (-46.8613, -247.566), (-68.5, -221.6), (-68.5, -221.206), (-54.896, -204.401), (-9.01163, -215.872), (-7.73662, -229.897)))
(((-22.2704, -166.082), (-45.7806, -167.277), (-57.0807, -143.649), (-34.2052, -108.734), (-9.87963, -116.519), (-22.2704, -166.082)))
(((-9.01163, -215.872), (-54.896, -204.401), (-51.2347, -174.5), (-45.7806, -167.277), (-22.2704, -166.082), (-21.5681, -166.481), (-5.22451, -207.969), (-9.01163, -215.872)))
(((-123.195, 18.8668), (-109.902, 59.7785), (-106.09, 62.548), (-0.110834, 35.7179), (1.29825, 13.8772), (-27.6154, -32.3846), (-89.4121, -20.7977), (-90.4104, -20.2223), (-123.195, 18.8668)))
(((17.125, -353.344), (-12.0943, -389.868), (-24.7723, -391.317), (-36.14, -386.5), (-39.5964, -343.295), (-9.3125, -326.688), (-3.91514, -327.973), (8.42327, -334.54), (16.7933, -349.777), (17.125, -353.344)))
(((-1.80611, -269.747), (-24.5289, -276.324), (-46.9246, -250.729), (-46.8613, -247.566), (-7.73662, -229.897), (9.77011, -249.835), (-1.80611, -269.747)))
(((-10.2386, -392.466), (-5.74688, -477.809), (-36.7052, -480.758), (-40.4225, -478.655), (-48.5, -462.5), (-24.7723, -391.317), (-12.0943, -389.868), (-10.2386, -392.466)))
(((-1.24602, -114.137), (-9.87963, -116.519), (-34.2052, -108.734), (-45.3518, -92.5539), (-11.2248, -57.005), (5.9156, -79.2239), (-1.24602, -114.137)))
(((-74.82, 599.095), (-46.0537, 619.995), (32.0507, 501.492), (-33.2691, 483.241), (-82.9817, 578.147), (-74.82, 599.095)))
(((15.5483, 328.436), (-21.0706, 314.892), (-58.0286, 367.249), (-10.0148, 408.921), (-6.97315, 408.362), (30.7913, 355.492), (15.5483, 328.436)))
(((-9.3125, -326.688), (-36.0192, -299.981), (-24.5289, -276.324), (-1.80611, -269.747), (-0.815789, -272.184), (-3.91514, -327.973), (-9.3125, -326.688)))
(((-103.082, 61.7866), (-109, 80), (-106.817, 86.7183), (-35.214, 117.281), (18.5, 93.5465), (18.5, 46.14), (-0.110834, 35.7179), (-103.082, 61.7866)))
(((19.3578, -543.257), (-44.717, -568.887), (-36.7052, -480.758), (-5.74688, -477.809), (0.67734, -478.355), (26.1132, -529.226), (19.3578, -543.257)))
(((12.7614, 176.656), (7.03125, 175.774), (-34.8641, 200.267), (-17.537, 263.275), (27.181, 248.874), (28.0522, 190.5), (12.7614, 176.656)))
(((24.1166, -161.672), (-21.5681, -166.481), (-22.2704, -166.082), (-9.87963, -116.519), (-1.24602, -114.137), (27.5813, -127.397), (25.7666, -159.456), (24.1166, -161.672)))
(((-88.2161, -714.189), (-25.4531, -624.094), (50.9307, -628.955), (65.2842, -634.164), (91.0788, -650.466), (101, -681), (101, -681), (81.9017, -739.779), (31.9017, -776.106), (-29.9017, -776.106), (-79.9017, -739.779), (-88.2161, -714.189)))
(((0.67734, -478.355), (-5.74688, -477.809), (-10.2386, -392.466), (25.1514, -420.534), (13.8086, -470.442), (0.67734, -478.355)))
(((36.1487, -29.6859), (-11.6579, -48.3421), (-27.6154, -32.3846), (1.29825, 13.8772), (36.1487, -29.6859)))
(((26.4266, -194.781), (-5.22451, -207.969), (-21.5681, -166.481), (24.1166, -161.672), (26.4266, -194.781)))
(((52.4867, 447.319), (-6.97315, 408.362), (-10.0148, 408.921), (-44.2243, 457.575), (-33.2691, 483.241), (32.0507, 501.492), (50.4268, 496.756), (52.4867, 447.319)))
(((8.42327, -334.54), (-3.91514, -327.973), (-0.815789, -272.184), (28.4508, -301.451), (8.42327, -334.54)))
(((50.9307, -628.955), (-25.4531, -624.094), (-49.1264, -576.747), (-44.717, -568.887), (19.3578, -543.257), (50.9307, -628.955)))
(((47.4111, 117.751), (18.5, 93.5465), (-35.214, 117.281), (7.03125, 175.774), (12.7614, 176.656), (47.4111, 117.751)))
(((27.181, 248.874), (-17.537, 263.275), (-35.236, 285.03), (-21.0706, 314.892), (15.5483, 328.436), (56.8218, 273.404), (27.181, 248.874)))
(((28.2793, -249.229), (9.77011, -249.835), (-7.73662, -229.897), (-9.01163, -215.872), (-5.22451, -207.969), (26.4266, -194.781), (46.2656, -209.024), (28.2793, -249.229)))
(((45.3268, -31.6627), (42.672, -75.0232), (5.9156, -79.2239), (-11.2248, -57.005), (-11.6579, -48.3421), (36.1487, -29.6859), (45.3268, -31.6627)))
(((43.9504, -291.397), (28.4508, -301.451), (-0.815789, -272.184), (-1.80611, -269.747), (9.77011, -249.835), (28.2793, -249.229), (47.2784, -264.773), (43.9504, -291.397)))
(((57.2894, -110.581), (27.5813, -127.397), (-1.24602, -114.137), (5.9156, -79.2239), (42.672, -75.0232), (60.7267, -100.413), (57.2894, -110.581)))
(((57.5, -403.115), (25.1514, -420.534), (-10.2386, -392.466), (-12.0943, -389.868), (17.125, -353.344), (57.5, -383.625), (57.5, -403.115)))
(((-44.731, 617.988), (-1.9017, 649.106), (59.9017, 649.106), (109.902, 612.779), (113.961, 600.286), (112.275, 543.973), (50.4268, 496.756), (32.0507, 501.492), (-44.731, 617.988)))
(((58.7264, -24.7658), (45.3268, -31.6627), (36.1487, -29.6859), (1.29825, 13.8772), (-0.110834, 35.7179), (18.5, 46.14), (60.404, 38.8766), (61.4729, -20.9818), (58.7264, -24.7658)))
(((81.1525, 420.502), (48.1171, 358.741), (30.7913, 355.492), (-6.97315, 408.362), (52.4867, 447.319), (81.1525, 420.502)))
(((75.2487, -424.05), (47.5129, -468.955), (13.8086, -470.442), (25.1514, -420.534), (57.5, -403.115), (75.2487, -424.05)))
(((67.5623, -325.212), (16.7933, -349.777), (8.42327, -334.54), (28.4508, -301.451), (43.9504, -291.397), (68.5267, -310.424), (67.5623, -325.212)))
(((50.9307, -628.955), (19.3578, -543.257), (26.1132, -529.226), (62.2372, -530.564), (65.2842, -634.164), (50.9307, -628.955)))
(((60.404, 38.8766), (18.5, 46.14), (18.5, 93.5465), (47.4111, 117.751), (53.7092, 116.457), (74.4451, 83.872), (65.7514, 41.9839), (60.404, 38.8766)))
(((52.2182, -207.961), (46.2656, -209.024), (26.4266, -194.781), (24.1166, -161.672), (25.7666, -159.456), (70.9042, -167.92), (52.2182, -207.961)))
(((81.2675, -519.074), (62.2372, -530.564), (26.1132, -529.226), (0.67734, -478.355), (13.8086, -470.442), (47.5129, -468.955), (81.6792, -491.491), (81.2675, -519.074)))
(((70.9042, -167.92), (25.7666, -159.456), (27.5813, -127.397), (57.2894, -110.581), (58.275, -111.975), (80.1777, -163.081), (70.9042, -167.92)))
(((70.0447, -259.309), (47.2784, -264.773), (28.2793, -249.229), (46.2656, -209.024), (52.2182, -207.961), (85.5157, -223.817), (70.0447, -259.309)))
(((76.5272, 274.27), (56.8218, 273.404), (15.5483, 328.436), (30.7913, 355.492), (48.1171, 358.741), (95.0757, 335.673), (77.0789, 274.684), (76.5272, 274.27)))
(((92.2141, -361.205), (57.5, -383.625), (17.125, -353.344), (16.7933, -349.777), (67.5623, -325.212), (92.0758, -352.352), (92.2141, -361.205)))
(((100.926, 146.885), (53.7092, 116.457), (47.4111, 117.751), (12.7614, 176.656), (28.0522, 190.5), (72.14, 190.5), (100.926, 146.885)))
(((93.1552, 215.518), (72.14, 190.5), (28.0522, 190.5), (27.181, 248.874), (56.8218, 273.404), (76.5272, 274.27), (93.1552, 215.518)))
(((99.0302, -82.6289), (60.7267, -100.413), (42.672, -75.0232), (45.3268, -31.6627), (58.7264, -24.7658), (101.916, -75.467), (99.0302, -82.6289)))
(((98.8191, -290.823), (68.5267, -310.424), (43.9504, -291.397), (47.2784, -264.773), (70.0447, -259.309), (100.819, -284.489), (98.8191, -290.823)))
(((101.224, -169.259), (85.9158, -223.688), (85.5157, -223.817), (52.2182, -207.961), (70.9042, -167.92), (80.1777, -163.081), (98.8983, -166.457), (101.224, -169.259)))
(((81.6792, -491.491), (47.5129, -468.955), (75.2487, -424.05), (97.5671, -428.513), (89.7115, -485.466), (81.6792, -491.491)))
(((145.192, -626.192), (110.902, -651.106), (92.0912, -651.106), (65.2842, -634.164), (62.2372, -530.564), (81.2675, -519.074), (134.536, -554.928), (145.192, -626.192)))
(((95.0757, 335.673), (48.1171, 358.741), (81.1525, 420.502), (94.2979, 418.183), (127.085, 349.757), (95.0757, 335.673)))
(((98.8983, -166.457), (80.1777, -163.081), (58.275, -111.975), (111.686, -134.865), (98.8983, -166.457)))
(((114.668, 1.472), (101.641, -15.7425), (61.4729, -20.9818), (60.404, 38.8766), (65.7514, 41.9839), (103.694, 35.9612), (114.668, 1.472)))
(((107.881, 145.013), (116.631, 93.6071), (74.4451, 83.872), (53.7092, 116.457), (100.926, 146.885), (107.881, 145.013)))
(((112.231, -424.618), (97.5671, -428.513), (75.2487, -424.05), (57.5, -403.115), (57.5, -383.625), (92.2141, -361.205), (115.351, -376.787), (112.231, -424.618)))
(((114.447, -325.009), (92.0758, -352.352), (67.5623, -325.212), (68.5267, -310.424), (98.8191, -290.823), (114.447, -325.009)))
(((111.686, -134.865), (58.275, -111.975), (57.2894, -110.581), (60.7267, -100.413), (99.0302, -82.6289), (125.023, -119.377), (111.686, -134.865)))
(((123.295, -58.3636), (101.916, -75.467), (58.7264, -24.7658), (61.4729, -20.9818), (101.641, -15.7425), (124.288, -54.7453), (123.295, -58.3636)))
(((100.819, -284.489), (70.0447, -259.309), (85.5157, -223.817), (85.9158, -223.688), (106.347, -229), (127.385, -268.862), (100.819, -284.489)))
(((134.194, 57.1242), (103.694, 35.9612), (65.7514, 41.9839), (74.4451, 83.872), (116.631, 93.6071), (134.807, 78.9111), (134.194, 57.1242)))
(((115.766, 540.164), (134.517, 439.59), (94.2979, 418.183), (81.1525, 420.502), (52.4867, 447.319), (50.4268, 496.756), (112.275, 543.973), (115.766, 540.164)))
(((140.529, -472.132), (137.524, -477.86), (89.7115, -485.466), (97.5671, -428.513), (112.231, -424.618), (121.91, -429.219), (141.153, -466.904), (140.529, -472.132)))
(((139.424, -204.459), (106.347, -229), (85.9158, -223.688), (101.224, -169.259), (129.552, -180.483), (139.424, -204.459)))
(((149.505, 160.473), (107.881, 145.013), (100.926, 146.885), (72.14, 190.5), (93.1552, 215.518), (138.813, 213.115), (149.505, 160.473)))
(((138.813, 213.115), (93.1552, 215.518), (76.5272, 274.27), (77.0789, 274.684), (134.727, 270.708), (164.149, 248.241), (138.813, 213.115)))
(((134.536, -554.928), (81.2675, -519.074), (81.6792, -491.491), (89.7115, -485.466), (137.524, -477.86), (148.462, -527.077), (134.536, -554.928)))
(((140.802, 347.658), (134.727, 270.708), (77.0789, 274.684), (95.0757, 335.673), (127.085, 349.757), (140.802, 347.658)))
(((156.944, -366.389), (115.351, -376.787), (92.2141, -361.205), (92.0758, -352.352), (114.447, -325.009), (127.152, -325.6), (159.255, -350.212), (156.944, -366.389)))
(((128.841, -268.986), (143.992, -298.397), (127.152, -325.6), (114.447, -325.009), (98.8191, -290.823), (100.819, -284.489), (127.385, -268.862), (128.841, -268.986)))
(((151.184, -30.9223), (124.288, -54.7453), (101.641, -15.7425), (114.668, 1.472), (145.741, -3.7069), (151.184, -30.9223)))
(((157.719, -154.076), (129.552, -180.483), (101.224, -169.259), (98.8983, -166.457), (111.686, -134.865), (125.023, -119.377), (125.183, -119.39), (155.06, -136.463), (157.719, -154.076)))
(((145.746, -213.32), (152.364, -257.003), (128.841, -268.986), (127.385, -268.862), (106.347, -229), (139.424, -204.459), (139.833, -204.679), (145.746, -213.32)))
(((158.276, 10.7272), (145.741, -3.7069), (114.668, 1.472), (103.694, 35.9612), (134.194, 57.1242), (161.179, 35.8807), (158.276, 10.7272)))
(((158.645, 351.721), (140.802, 347.658), (127.085, 349.757), (94.2979, 418.183), (134.517, 439.59), (178.683, 423.859), (158.645, 351.721)))
(((159.887, -82.7581), (125.183, -119.39), (125.023, -119.377), (99.0302, -82.6289), (101.916, -75.467), (123.295, -58.3636), (159.887, -82.7581)))
(((166.09, -407.726), (121.91, -429.219), (112.231, -424.618), (115.351, -376.787), (156.944, -366.389), (171.282, -385.847), (166.09, -407.726)))
(((189.852, 141.354), (188.579, 115.125), (134.807, 78.9111), (116.631, 93.6071), (107.881, 145.013), (149.505, 160.473), (188.97, 142.405), (189.852, 141.354)))
(((177.903, -328.301), (159.255, -350.212), (127.152, -325.6), (143.992, -298.397), (177.36, -311.744), (177.903, -328.301)))
(((176.442, -118.226), (155.06, -136.463), (125.183, -119.39), (159.887, -82.7581), (165.397, -83.0822), (176.442, -118.226)))
(((184.196, -440.002), (141.153, -466.904), (121.91, -429.219), (166.09, -407.726), (184.196, -440.002)))
(((207.181, 256.499), (164.149, 248.241), (134.727, 270.708), (140.802, 347.658), (158.645, 351.721), (198.592, 327.555), (207.181, 256.499)))
(((187.251, -65.5993), (165.397, -83.0822), (159.887, -82.7581), (123.295, -58.3636), (124.288, -54.7453), (151.184, -30.9223), (165.517, -35.4828), (187.414, -60.6235), (187.251, -65.5993)))
(((177.36, -311.744), (143.992, -298.397), (128.841, -268.986), (152.364, -257.003), (173.808, -259.221), (186.861, -295.118), (177.36, -311.744)))
(((178.683, 423.859), (134.517, 439.59), (115.766, 540.164), (187.867, 505.518), (196.814, 432.827), (178.683, 423.859)))
(((196.38, -182.931), (139.833, -204.679), (139.424, -204.459), (129.552, -180.483), (157.719, -154.076), (195.003, -175.514), (196.38, -182.931)))
(((173.808, -259.221), (152.364, -257.003), (145.746, -213.32), (183.414, -222.289), (187.316, -247), (173.808, -259.221)))
(((197.652, -508.63), (148.462, -527.077), (137.524, -477.86), (140.529, -472.132), (208.424, -489.106), (197.652, -508.63)))
(((199.278, -187.389), (183.414, -222.289), (145.746, -213.32), (139.833, -204.679), (196.38, -182.931), (199.278, -187.389)))
(((218.586, 67.3863), (200.004, 46.8691), (161.179, 35.8807), (134.194, 57.1242), (134.807, 78.9111), (188.579, 115.125), (218.586, 67.3863)))
(((165.517, -35.4828), (151.184, -30.9223), (145.741, -3.7069), (158.276, 10.7272), (193.476, -7.52439), (165.517, -35.4828)))
(((231.869, -467.336), (208.424, -489.106), (140.529, -472.132), (141.153, -466.904), (184.196, -440.002), (221.351, -454.188), (231.869, -467.336)))
(((211.657, 253.57), (188.97, 142.405), (149.505, 160.473), (138.813, 213.115), (164.149, 248.241), (207.181, 256.499), (211.657, 253.57)))
(((212.888, -144.381), (195.003, -175.514), (157.719, -154.076), (155.06, -136.463), (176.442, -118.226), (207.277, -122.337), (212.888, -144.381)))
(((207.039, -6.59959), (193.476, -7.52439), (158.276, 10.7272), (161.179, 35.8807), (200.004, 46.8691), (207.039, -6.59959)))
(((241.41, -618.026), (217.902, -635.106), (156.098, -635.106), (145.358, -627.303), (134.536, -554.928), (148.462, -527.077), (197.652, -508.63), (241.41, -618.026)))
(((226.323, -20.3732), (187.414, -60.6235), (165.517, -35.4828), (193.476, -7.52439), (207.039, -6.59959), (226.323, -20.3732)))
(((207.277, -122.337), (176.442, -118.226), (165.397, -83.0822), (187.251, -65.5993), (224.964, -94.3801), (207.277, -122.337)))
(((209.574, -384.48), (171.282, -385.847), (156.944, -366.389), (159.255, -350.212), (177.903, -328.301), (213.151, -340.05), (221.404, -355.838), (209.574, -384.48)))
(((221.351, -454.188), (184.196, -440.002), (166.09, -407.726), (171.282, -385.847), (209.574, -384.48), (220.186, -397.099), (221.351, -454.188)))
(((114.092, 604.682), (115.098, 607.779), (165.098, 644.106), (226.902, 644.106), (229.098, 642.51), (248.057, 529.943), (187.867, 505.518), (115.766, 540.164), (112.275, 543.973), (114.092, 604.682)))
(((227.253, -250.049), (218.522, -291.52), (186.861, -295.118), (173.808, -259.221), (187.316, -247), (220.521, -247), (227.253, -250.049)))
(((209.128, -192.314), (220.521, -247), (187.316, -247), (183.414, -222.289), (199.278, -187.389), (209.128, -192.314)))
(((258.734, 363.64), (198.592, 327.555), (158.645, 351.721), (178.683, 423.859), (196.814, 432.827), (259.796, 420.979), (258.734, 363.64)))
(((234.57, -306.231), (213.151, -340.05), (177.903, -328.301), (177.36, -311.744), (186.861, -295.118), (218.522, -291.52), (234.57, -306.231)))
(((252.281, -22.0372), (229.786, -92.9823), (224.964, -94.3801), (187.251, -65.5993), (187.414, -60.6235), (226.323, -20.3732), (252.281, -22.0372)))
(((318.13, 4.01316), (252.281, -22.0372), (226.323, -20.3732), (207.039, -6.59959), (200.004, 46.8691), (218.586, 67.3863), (312.944, 49.9507), (323, 19), (323, 19), (318.13, 4.01316)))
(((316.993, 167.434), (189.852, 141.354), (188.97, 142.405), (211.657, 253.57), (309.088, 234.896), (324, 189), (324, 189), (316.993, 167.434)))
(((306.113, 461.001), (259.796, 420.979), (196.814, 432.827), (187.867, 505.518), (248.057, 529.943), (301.798, 487.583), (306.113, 461.001)))
(((323.58, -534.526), (307.902, -582.779), (257.902, -619.106), (241.842, -619.106), (197.652, -508.63), (208.424, -489.106), (231.869, -467.336), (240.247, -468.682), (323.58, -534.526)))
(((242.334, -197.048), (247.851, -245.321), (227.253, -250.049), (220.521, -247), (209.128, -192.314), (239.002, -194.143), (242.334, -197.048)))
(((239.002, -194.143), (209.128, -192.314), (199.278, -187.389), (196.38, -182.931), (195.003, -175.514), (212.888, -144.381), (252.558, -152.121), (239.002, -194.143)))
(((270.225, -325.743), (248.4, -354.552), (221.404, -355.838), (213.151, -340.05), (234.57, -306.231), (261.667, -307.709), (270.225, -325.743)))
(((252.558, -152.121), (212.888, -144.381), (207.277, -122.337), (224.964, -94.3801), (229.786, -92.9823), (247.726, -99.7097), (267.48, -145.391), (252.558, -152.121)))
(((266.634, -390.648), (220.186, -397.099), (209.574, -384.48), (221.404, -355.838), (248.4, -354.552), (267.162, -388.766), (266.634, -390.648)))
(((316.796, 49.2387), (218.586, 67.3863), (188.579, 115.125), (189.852, 141.354), (321.372, 168.333), (340, 111), (340, 111), (320.902, 52.2215), (316.796, 49.2387)))
(((261.667, -307.709), (234.57, -306.231), (218.522, -291.52), (227.253, -250.049), (247.851, -245.321), (253.885, -247.271), (272.682, -284.864), (261.667, -307.709)))
(((276.154, -415.4), (240.247, -468.682), (231.869, -467.336), (221.351, -454.188), (220.186, -397.099), (266.634, -390.648), (276.154, -415.4)))
(((307.284, 235.241), (211.657, 253.57), (207.181, 256.499), (198.592, 327.555), (258.734, 363.64), (339.335, 285.41), (327.902, 250.221), (307.284, 235.241)))
(((316.868, 3.51363), (328.442, -4.89561), (290.977, -82.4091), (247.726, -99.7097), (229.786, -92.9823), (252.281, -22.0372), (316.868, 3.51363)))
(((290.925, -184.002), (271.136, -196.225), (242.334, -197.048), (239.002, -194.143), (252.558, -152.121), (267.48, -145.391), (283.483, -148.735), (293.55, -166.5), (290.925, -184.002)))
(((253.885, -247.271), (247.851, -245.321), (242.334, -197.048), (271.136, -196.225), (273.116, -235.824), (253.885, -247.271)))
(((301.652, -361.592), (267.162, -388.766), (248.4, -354.552), (270.225, -325.743), (283.487, -332.248), (301.652, -361.592)))
(((283.483, -148.735), (267.48, -145.391), (247.726, -99.7097), (290.977, -82.4091), (301.337, -123.848), (283.483, -148.735)))
(((320.306, -230.337), (273.116, -235.824), (271.136, -196.225), (290.925, -184.002), (320.513, -230.161), (320.306, -230.337)))
(((303.841, -278.632), (272.682, -284.864), (253.885, -247.271), (273.116, -235.824), (320.306, -230.337), (303.841, -278.632)))
(((325.136, -535.756), (240.247, -468.682), (276.154, -415.4), (335.241, -422.352), (385.612, -459.583), (371.902, -501.779), (325.136, -535.756)))
(((229.838, 638.12), (260.098, 660.106), (321.902, 660.106), (371.902, 623.779), (379.532, 600.296), (301.798, 487.583), (248.057, 529.943), (229.838, 638.12)))
(((335.241, -422.352), (276.154, -415.4), (266.634, -390.648), (267.162, -388.766), (301.652, -361.592), (312.067, -364.416), (335.241, -422.352)))
(((323.556, -308.504), (283.487, -332.248), (270.225, -325.743), (261.667, -307.709), (272.682, -284.864), (303.841, -278.632), (324.65, -298.845), (323.556, -308.504)))
(((342.909, -342.601), (312.067, -364.416), (301.652, -361.592), (283.487, -332.248), (323.556, -308.504), (342.909, -342.601)))
(((342.957, 281.894), (258.734, 363.64), (259.796, 420.979), (306.113, 461.001), (401.434, 412.596), (413, 377), (413, 377), (393.902, 318.221), (343.902, 281.894), (342.957, 281.894)))
(((413.229, -118.762), (301.337, -123.848), (290.977, -82.4091), (327.959, -5.89435), (349.902, -5.89435), (399.902, -42.2215), (419, -101), (419, -101), (413.229, -118.762)))
(((410.837, -219.279), (320.513, -230.161), (290.925, -184.002), (293.55, -166.5), (414.014, -166.5), (421, -188), (421, -188), (410.837, -219.279)))
(((414.014, -166.5), (293.55, -166.5), (283.483, -148.735), (301.337, -123.848), (412.486, -118.796), (421, -145), (421, -145), (414.014, -166.5)))
(((424.946, -252.367), (324.65, -298.845), (303.841, -278.632), (320.306, -230.337), (320.513, -230.161), (414.068, -218.889), (424.946, -252.367)))
(((385.809, -459.728), (335.241, -422.352), (312.067, -364.416), (342.909, -342.601), (435.688, -354.573), (442, -374), (442, -374), (422.902, -432.779), (385.809, -459.728)))
(((436.148, -354.632), (342.909, -342.601), (323.556, -308.504), (324.65, -298.845), (427.864, -251.014), (430.902, -253.221), (450, -312), (450, -312), (436.148, -354.632)))
(((406.754, 409.894), (306.113, 461.001), (301.798, 487.583), (379.4, 600.106), (408.902, 600.106), (458.902, 563.779), (478, 505), (478, 505), (458.902, 446.221), (408.902, 409.894), (406.754, 409.894)))
