(((-130.09, 349.211), (-176.902, 383.221), (-196, 442), (-178.781, 494.994), (-60.4318, 486.086), (-53.4926, 473.057), (-79.1586, 376.432), (-130.09, 349.211)))
(((-175.932, 494.78), (-189, 535), (-169.902, 593.779), (-119.902, 630.106), (-58.0983, 630.106), (-27.6228, 607.964), (-29.173, 546.473), (-60.4318, 486.086), (-175.932, 494.78)))
(((-55.07, 230.894), (-64.9017, 230.894), (-114.902, 267.221), (-134, 326), (-125.695, 351.559), (-79.1586, 376.432), (-33.4499, 375.509), (14.2449, 265.215), (3.551, 253.263), (-55.07, 230.894)))
(((24.1207, 399.786), (-33.4499, 375.509), (-79.1586, 376.432), (-53.4926, 473.057), (9.0829, 446.51), (24.1207, 399.786)))
(((-61.1489, -1.56676), (-104.902, 30.2215), (-124, 89), (-104.902, 147.779), (-71.6315, 171.951), (22.1354, 119), (-35.3198, 8.68605), (-61.1489, -1.56676)))
(((9.0829, 446.51), (-53.4926, 473.057), (-60.4318, 486.086), (-29.173, 546.473), (37.7315, 490.991), (9.0829, 446.51)))
(((43.1246, 284.06), (14.2449, 265.215), (-33.4499, 375.509), (24.1207, 399.786), (78.6925, 374.221), (43.1246, 284.06)))
(((61.5, 62.6111), (-22.1251, 9.18396), (-35.3198, 8.68605), (22.1354, 119), (61.5, 119), (61.5, 62.6111)))
(((-75.8853, 174.353), (-57.8598, 229.83), (3.551, 253.263), (89.9795, 156.463), (74.0201, 127.536), (61.5, 119), (22.1354, 119), (-75.8853, 174.353)))
(((54.1036, -137.106), (-2.9017, -137.106), (-52.9017, -100.779), (-72, -42), (-58.5239, -0.524743), (-35.3198, 8.68605), (-22.1251, 9.18396), (76.5966, -17.6119), (54.1036, -137.106)))
(((-27.6297, 607.687), (-0.901699, 627.106), (49.0915, 627.106), (62.6378, 586.015), (54.481, 496.291), (37.7315, 490.991), (-29.173, 546.473), (-27.6297, 607.687)))
(((76.5966, -17.6119), (-22.1251, 9.18396), (61.5, 62.6111), (103.007, 2.65654), (76.5966, -17.6119)))
(((129.829, 393.148), (78.6925, 374.221), (24.1207, 399.786), (9.0829, 446.51), (37.7315, 490.991), (54.481, 496.291), (126.017, 467.29), (138.507, 413.925), (129.829, 393.148)))
(((89.9795, 156.463), (3.551, 253.263), (14.2449, 265.215), (43.1246, 284.06), (117.882, 252.164), (116.794, 170.576), (89.9795, 156.463)))
(((126.017, 467.29), (54.481, 496.291), (62.6378, 586.015), (140.347, 506.086), (126.017, 467.29)))
(((186.942, 26.8888), (182.014, 11.7229), (103.007, 2.65654), (61.5, 62.6111), (61.5, 119), (74.0201, 127.536), (186.942, 26.8888)))
(((149.462, 366.419), (141.584, 265.574), (117.882, 252.164), (43.1246, 284.06), (78.6925, 374.221), (129.829, 393.148), (149.462, 366.419)))
(((54.8222, -133.288), (76.5966, -17.6119), (103.007, 2.65654), (179.271, 11.4082), (193.902, 0.778525), (213, -58), (213, -58), (193.902, -116.779), (143.902, -153.106), (82.0983, -153.106), (54.8222, -133.288)))
(((49.0365, 627.273), (90.0983, 657.106), (151.902, 657.106), (201.902, 620.779), (213, 586.62), (201.589, 566.522), (140.347, 506.086), (62.6378, 586.015), (49.0365, 627.273)))
(((187.152, 26.7012), (74.0201, 127.536), (89.9795, 156.463), (116.794, 170.576), (224.984, 156.215), (240, 110), (240, 110), (220.902, 51.2215), (187.152, 26.7012)))
(((224.897, 156.226), (116.794, 170.576), (117.882, 252.164), (141.584, 265.574), (251.755, 232.988), (255, 223), (255, 223), (235.902, 164.221), (224.897, 156.226)))
(((253.228, 232.552), (141.584, 265.574), (149.462, 366.419), (238.552, 316.812), (261.533, 249.474), (256.902, 235.221), (253.228, 232.552)))
(((228.287, 438.96), (138.507, 413.925), (126.017, 467.29), (140.347, 506.086), (201.589, 566.522), (228.287, 438.96)))
(((238.552, 316.812), (149.462, 366.419), (129.829, 393.148), (138.507, 413.925), (228.287, 438.96), (304.425, 429.527), (238.552, 316.812)))
(((318.305, 435.062), (304.425, 429.527), (228.287, 438.96), (201.589, 566.522), (214.979, 590.106), (269.902, 590.106), (319.902, 553.779), (339, 495), (339, 495), (319.902, 436.221), (318.305, 435.062)))
(((261.818, 248.637), (238.552, 316.812), (304.425, 429.527), (310.892, 432.106), (332.902, 432.106), (382.902, 395.779), (402, 337), (402, 337), (382.902, 278.221), (332.902, 241.894), (271.098, 241.894), (261.818, 248.637)))
