(((-287.167, -164.573), (-301, -122), (-281.902, -63.2215), (-231.902, -26.8943), (-221.981, -26.8943), (-179.625, -88.8786), (-174.204, -142.001), (-181.75, -157.353), (-287.167, -164.573)))
(((-273.043, -256.582), (-276.902, -253.779), (-296, -195), (-286.09, -164.499), (-181.75, -157.353), (-161.591, -182.093), (-161.976, -195.171), (-246.916, -253.567), (-273.043, -256.582)))
(((-221.198, -389.531), (-264.902, -357.779), (-284, -299), (-270.107, -256.243), (-246.916, -253.567), (-158.894, -265.792), (-151.937, -276.992), (-167.914, -337.216), (-221.198, -389.531)))
(((-158.894, -265.792), (-246.916, -253.567), (-161.976, -195.171), (-139.163, -230.15), (-158.894, -265.792)))
(((-181.921, 424.894), (-204.902, 424.894), (-254.902, 461.221), (-274, 520), (-254.902, 578.779), (-204.902, 615.106), (-189.713, 615.106), (-120.784, 522.767), (-139.809, 459.787), (-181.921, 424.894)))
(((-128.568, -128.579), (-174.204, -142.001), (-179.625, -88.8786), (-121.008, -106.789), (-128.568, -128.579)))
(((-113.809, -167.551), (-161.591, -182.093), (-181.75, -157.353), (-174.204, -142.001), (-128.568, -128.579), (-112.555, -165.316), (-113.809, -167.551)))
(((-222.956, -25.4667), (-221.902, -22.2215), (-171.902, 14.1057), (-121.719, 14.1057), (-110.83, -17.5398), (-120.491, -106.418), (-121.008, -106.789), (-179.625, -88.8786), (-222.956, -25.4667)))
(((-104.511, -293.778), (-119.585, -331.463), (-167.914, -337.216), (-151.937, -276.992), (-105.098, -291.738), (-104.511, -293.778)))
(((-219.119, -387.489), (-167.914, -337.216), (-119.585, -331.463), (-89.5237, -371.93), (-165.757, -445.578), (-210.902, -412.779), (-219.119, -387.489)))
(((-111.637, -225.637), (-139.163, -230.15), (-161.976, -195.171), (-161.591, -182.093), (-113.809, -167.551), (-99.0088, -213.009), (-111.637, -225.637)))
(((-105.098, -291.738), (-151.937, -276.992), (-158.894, -265.792), (-139.163, -230.15), (-111.637, -225.637), (-90.6603, -271.524), (-105.098, -291.738)))
(((-76.6517, -152.127), (-112.555, -165.316), (-128.568, -128.579), (-121.008, -106.789), (-120.491, -106.418), (-79.2295, -113.295), (-72.7656, -127.516), (-76.6517, -152.127)))
(((-189.438, 614.738), (-183.902, 631.779), (-133.902, 668.106), (-72.0983, 668.106), (-34.9558, 641.12), (-34.7566, 639.265), (-45.5064, 561.328), (-63.9945, 540.081), (-120.784, 522.767), (-189.438, 614.738)))
(((-84.9884, -370.756), (-89.5237, -371.93), (-119.585, -331.463), (-104.511, -293.778), (-61.2491, -325.915), (-84.9884, -370.756)))
(((-62.4468, -79), (-79.2295, -113.295), (-120.491, -106.418), (-110.83, -17.5398), (-62.4468, -79)))
(((-169.502, 361.147), (-187, 415), (-184.472, 422.78), (-139.809, 459.787), (-58.5849, 450.168), (-63.7371, 384.477), (-169.502, 361.147)))
(((-58.4536, -211.634), (-99.0088, -213.009), (-113.809, -167.551), (-112.555, -165.316), (-76.6517, -152.127), (-56.3273, -171.943), (-58.4536, -211.634)))
(((-54.0157, -215.913), (-63.4338, -264.05), (-90.6603, -271.524), (-111.637, -225.637), (-99.0088, -213.009), (-58.4536, -211.634), (-54.0157, -215.913)))
(((-58.5849, 450.168), (-139.809, 459.787), (-120.784, 522.767), (-63.9945, 540.081), (-40.7578, 459.527), (-58.5849, 450.168)))
(((-158.222, -458.483), (-163.213, -443.121), (-89.5237, -371.93), (-84.9884, -370.756), (-39.3879, -393.556), (-20.4115, -433.809), (-43.2336, -451.296), (-158.222, -458.483)))
(((-117.532, -636.476), (-152.902, -610.779), (-172, -552), (-160.423, -516.37), (-39.1616, -524.591), (-11.7984, -550.189), (-11.3919, -555.608), (-117.532, -636.476)))
(((-118.889, 263.51), (-152.902, 288.221), (-172, 347), (-167.241, 361.645), (-63.7371, 384.477), (-12.8118, 355.832), (-90.3052, 267.702), (-118.889, 263.51)))
(((-35.4676, -315.519), (-61.2491, -325.915), (-104.511, -293.778), (-105.098, -291.738), (-90.6603, -271.524), (-63.4338, -264.05), (-37.4469, -283.85), (-35.4676, -315.519)))
(((-160.406, -516.371), (-168, -493), (-156.755, -458.391), (-43.2336, -451.296), (-39.1616, -524.591), (-160.406, -516.371)))
(((-101.12, 116.584), (-130.902, 138.221), (-150, 197), (-130.902, 255.779), (-120.608, 263.258), (-90.3052, 267.702), (-31.2451, 246.225), (-15.4639, 167.319), (-97.6381, 117.348), (-101.12, 116.584)))
(((-23.2335, -102.044), (-30.5219, -125.031), (-72.7656, -127.516), (-79.2295, -113.295), (-62.4468, -79), (-49.0577, -79), (-26.8365, -92.4361), (-23.2335, -102.044)))
(((-121.964, 14.8187), (-107.54, 25.2989), (-33.8006, 7.83434), (-14.6987, -26.451), (-49.0577, -79), (-62.4468, -79), (-110.83, -17.5398), (-121.964, 14.8187)))
(((-16.3842, -156.152), (-56.3273, -171.943), (-76.6517, -152.127), (-72.7656, -127.516), (-30.5219, -125.031), (-15.6915, -152.573), (-16.3842, -156.152)))
(((-9.59535, -344.696), (-39.3879, -393.556), (-84.9884, -370.756), (-61.2491, -325.915), (-35.4676, -315.519), (-15.4666, -327.338), (-9.59535, -344.696)))
(((-17.1039, -266.719), (-37.4469, -283.85), (-63.4338, -264.05), (-54.0157, -215.913), (-20.8927, -219.99), (-17.1039, -266.719)))
(((-12.8118, 355.832), (-63.7371, 384.477), (-58.5849, 450.168), (-40.7578, 459.527), (0.424267, 455.192), (-8.81918, 356.595), (-12.8118, 355.832)))
(((-9.93289, -165.517), (-11.2837, -215.496), (-20.8927, -219.99), (-54.0157, -215.913), (-58.4536, -211.634), (-56.3273, -171.943), (-16.3842, -156.152), (-9.93289, -165.517)))
(((14.3636, 462.645), (0.424267, 455.192), (-40.7578, 459.527), (-63.9945, 540.081), (-45.5064, 561.328), (26.1311, 506.547), (14.3636, 462.645)))
(((69.1334, -636.133), (56.9017, -673.779), (6.9017, -710.106), (-54.9017, -710.106), (-104.902, -673.779), (-117.123, -636.165), (-11.3919, -555.608), (69.1334, -636.133)))
(((12.4735, -57.8433), (-26.8365, -92.4361), (-49.0577, -79), (-14.6987, -26.451), (13.585, -48.6739), (12.4735, -57.8433)))
(((-108.147, 25.4427), (-121, 65), (-104.479, 115.845), (-97.6381, 117.348), (26.3258, 83.1515), (28.0985, 72.9321), (-7.09567, 23.1451), (-33.8006, 7.83434), (-108.147, 25.4427)))
(((13.7585, -520.292), (-11.7984, -550.189), (-39.1616, -524.591), (-43.2336, -451.296), (-20.4115, -433.809), (1.34326, -435.984), (25.0058, -485.528), (13.7585, -520.292)))
(((9.97394, 349.354), (-7.52744, 251.346), (-31.2451, 246.225), (-90.3052, 267.702), (-12.8118, 355.832), (-8.81918, 356.595), (9.97394, 349.354)))
(((24, -124.909), (-15.6915, -152.573), (-30.5219, -125.031), (-23.2335, -102.044), (24, -112.71), (24, -124.909)))
(((-15.4666, -327.338), (-35.4676, -315.519), (-37.4469, -283.85), (-17.1039, -266.719), (4.1165, -269.307), (15.9573, -306.145), (-15.4666, -327.338)))
(((26.3258, 83.1515), (-97.6381, 117.348), (-15.4639, 167.319), (1.44681, 165.33), (39.1429, 108.786), (26.3258, 83.1515)))
(((1.34326, -435.984), (-20.4115, -433.809), (-39.3879, -393.556), (-9.59535, -344.696), (10.4804, -355.989), (7.45618, -431.596), (1.34326, -435.984)))
(((30.772, -250.148), (4.1165, -269.307), (-17.1039, -266.719), (-20.8927, -219.99), (-11.2837, -215.496), (17.4797, -219.268), (30.4103, -244.632), (30.772, -250.148)))
(((24, -112.71), (-23.2335, -102.044), (-26.8365, -92.4361), (12.4735, -57.8433), (29.7384, -102.529), (24, -112.71)))
(((51.2479, 201.036), (1.44681, 165.33), (-15.4639, 167.319), (-31.2451, 246.225), (-7.52744, 251.346), (45.236, 245.625), (51.2479, 201.036)))
(((17.4797, -219.268), (-11.2837, -215.496), (-9.93289, -165.517), (19.449, -172.862), (22.653, -212.912), (17.4797, -219.268)))
(((26.1311, 506.547), (-45.5064, 561.328), (-34.7566, 639.265), (65.3171, 536.064), (26.1311, 506.547)))
(((45.236, 245.625), (-7.52744, 251.346), (9.97394, 349.354), (42.9857, 345.3), (47.605, 248.294), (45.236, 245.625)))
(((40.1522, -161.13), (19.449, -172.862), (-9.93289, -165.517), (-16.3842, -156.152), (-15.6915, -152.573), (24, -124.909), (42.4969, -146.769), (40.1522, -161.13)))
(((43.9467, -416.905), (7.45618, -431.596), (10.4804, -355.989), (31.2181, -356.835), (49.897, -400.864), (43.9467, -416.905)))
(((42.7431, -38.6508), (13.585, -48.6739), (-14.6987, -26.451), (-33.8006, 7.83434), (-7.09567, 23.1451), (44.517, 0.374836), (42.7431, -38.6508)))
(((50.572, -305.479), (15.9573, -306.145), (4.1165, -269.307), (30.772, -250.148), (54.5, -275.194), (54.5, -301.08), (50.572, -305.479)))
(((51.7773, -338.626), (31.2181, -356.835), (10.4804, -355.989), (-9.59535, -344.696), (-15.4666, -327.338), (15.9573, -306.145), (50.572, -305.479), (51.7773, -338.626)))
(((97.1788, 413.511), (49.3116, 348.093), (42.9857, 345.3), (9.97394, 349.354), (-8.81918, 356.595), (0.424267, 455.192), (14.3636, 462.645), (95.3082, 416.237), (97.1788, 413.511)))
(((61.9174, -193.81), (22.653, -212.912), (19.449, -172.862), (40.1522, -161.13), (62.1547, -193.134), (61.9174, -193.81)))
(((80.2938, 29.195), (44.517, 0.374836), (-7.09567, 23.1451), (28.0985, 72.9321), (78.8744, 37.9142), (80.2938, 29.195)))
(((82.483, 128.972), (39.1429, 108.786), (1.44681, 165.33), (51.2479, 201.036), (68.5586, 187.454), (82.483, 128.972)))
(((77.9374, -64.7651), (59.5218, -95.7033), (29.7384, -102.529), (12.4735, -57.8433), (13.585, -48.6739), (42.7431, -38.6508), (75.4118, -50.2429), (77.9374, -64.7651)))
(((-35.4798, 645.999), (-34.9017, 647.779), (15.0983, 684.106), (76.9017, 684.106), (122.307, 651.117), (88.891, 541.47), (65.3171, 536.064), (-34.7566, 639.265), (-35.4798, 645.999)))
(((118.434, -609.384), (78.9017, -638.106), (71.1057, -638.106), (-11.3919, -555.608), (-11.7984, -550.189), (13.7585, -520.292), (74.2098, -531.992), (118.434, -609.384)))
(((75.1965, -224.274), (30.4103, -244.632), (17.4797, -219.268), (22.653, -212.912), (61.9174, -193.81), (75.1965, -224.274)))
(((93.1896, -472.459), (77.5194, -484.555), (25.0058, -485.528), (1.34326, -435.984), (7.45618, -431.596), (43.9467, -416.905), (82.1588, -438.841), (93.1896, -472.459)))
(((74.2098, -531.992), (13.7585, -520.292), (25.0058, -485.528), (77.5194, -484.555), (74.2098, -531.992)))
(((78.3478, -378.565), (49.897, -400.864), (31.2181, -356.835), (51.7773, -338.626), (81.3163, -357.786), (78.3478, -378.565)))
(((78.51, -137.985), (42.4969, -146.769), (24, -124.909), (24, -112.71), (29.7384, -102.529), (59.5218, -95.7033), (84.4354, -129.282), (78.51, -137.985)))
(((86.8807, -252.708), (54.5, -275.194), (30.772, -250.148), (30.4103, -244.632), (75.1965, -224.274), (86.0831, -232.369), (86.8807, -252.708)))
(((88.1594, -177.655), (62.1547, -193.134), (40.1522, -161.13), (42.4969, -146.769), (78.51, -137.985), (88.1594, -177.655)))
(((84.5, 24.4), (84.5, -41.7), (75.4118, -50.2429), (42.7431, -38.6508), (44.517, 0.374836), (80.2938, 29.195), (84.5, 24.4)))
(((104.543, 525.208), (95.3082, 416.237), (14.3636, 462.645), (26.1311, 506.547), (65.3171, 536.064), (88.891, 541.47), (104.543, 525.208)))
(((116.37, 77.114), (78.8744, 37.9142), (28.0985, 72.9321), (26.3258, 83.1515), (39.1429, 108.786), (82.483, 128.972), (92.9769, 125.513), (116.37, 77.114)))
(((98.1771, 259.912), (47.605, 248.294), (42.9857, 345.3), (49.3116, 348.093), (111.614, 307.779), (98.1771, 259.912)))
(((107.177, -343.093), (81.3163, -357.786), (51.7773, -338.626), (50.572, -305.479), (54.5, -301.08), (102.211, -307.759), (109.105, -336.399), (107.177, -343.093)))
(((82.1588, -438.841), (43.9467, -416.905), (49.897, -400.864), (78.3478, -378.565), (116.8, -404.2), (82.1588, -438.841)))
(((102.211, -307.759), (54.5, -301.08), (54.5, -275.194), (86.8807, -252.708), (125.011, -278.797), (102.211, -307.759)))
(((97.1817, -125.574), (84.4354, -129.282), (59.5218, -95.7033), (77.9374, -64.7651), (113.99, -91.0736), (97.1817, -125.574)))
(((114.076, -215.725), (86.0831, -232.369), (75.1965, -224.274), (61.9174, -193.81), (62.1547, -193.134), (88.1594, -177.655), (104.418, -181.481), (114.076, -215.725)))
(((130.61, 202.346), (68.5586, 187.454), (51.2479, 201.036), (45.236, 245.625), (47.605, 248.294), (98.1771, 259.912), (141.931, 229.737), (130.61, 202.346)))
(((153.944, -591.185), (127.902, -610.106), (118.846, -610.106), (74.2098, -531.992), (77.5194, -484.555), (93.1896, -472.459), (134.641, -483.087), (153.944, -591.185)))
(((129.063, -164.845), (104.418, -181.481), (88.1594, -177.655), (78.51, -137.985), (84.4354, -129.282), (97.1817, -125.574), (135.173, -149.847), (129.063, -164.845)))
(((134.797, -31.6407), (84.5, -41.7), (84.5, 24.4), (124.373, 8.45089), (134.797, -31.6407)))
(((125.627, -402.379), (116.8, -404.2), (78.3478, -378.565), (81.3163, -357.786), (107.177, -343.093), (139.489, -383.783), (125.627, -402.379)))
(((145.464, 153.092), (92.9769, 125.513), (82.483, 128.972), (68.5586, 187.454), (130.61, 202.346), (145.464, 153.092)))
(((130.192, 393.114), (139.075, 317.616), (111.614, 307.779), (49.3116, 348.093), (97.1788, 413.511), (115.313, 410.721), (130.192, 393.114)))
(((125.011, -278.797), (86.8807, -252.708), (86.0831, -232.369), (114.076, -215.725), (135.259, -223.227), (137.43, -275.32), (125.011, -278.797)))
(((136.516, -32.7325), (143.109, -55.6124), (119.62, -89.8672), (113.99, -91.0736), (77.9374, -64.7651), (75.4118, -50.2429), (84.5, -41.7), (134.797, -31.6407), (136.516, -32.7325)))
(((134.641, -483.087), (93.1896, -472.459), (82.1588, -438.841), (116.8, -404.2), (125.627, -402.379), (156.351, -461.033), (134.641, -483.087)))
(((160.423, 37.6809), (124.373, 8.45089), (84.5, 24.4), (80.2938, 29.195), (78.8744, 37.9142), (116.37, 77.114), (154.165, 69.8656), (160.423, 37.6809)))
(((152.328, -140.678), (135.173, -149.847), (97.1817, -125.574), (113.99, -91.0736), (119.62, -89.8672), (157.955, -117.421), (152.328, -140.678)))
(((153.996, -210.6), (135.259, -223.227), (114.076, -215.725), (104.418, -181.481), (129.063, -164.845), (155.761, -204.891), (153.996, -210.6)))
(((186.262, 462.412), (115.313, 410.721), (97.1788, 413.511), (95.3082, 416.237), (104.543, 525.208), (146.577, 514.444), (186.262, 462.412)))
(((157.772, -328.288), (109.105, -336.399), (102.211, -307.759), (125.011, -278.797), (137.43, -275.32), (138.493, -275.692), (160.125, -298.286), (157.772, -328.288)))
(((172.484, 241.752), (141.931, 229.737), (98.1771, 259.912), (111.614, 307.779), (139.075, 317.616), (171.644, 305.57), (172.484, 241.752)))
(((182.124, 97.3505), (154.165, 69.8656), (116.37, 77.114), (92.9769, 125.513), (145.464, 153.092), (163.151, 145.835), (182.124, 97.3505)))
(((172.09, -353.621), (140.812, -383.374), (139.489, -383.783), (107.177, -343.093), (109.105, -336.399), (157.772, -328.288), (172.09, -353.621)))
(((166.269, -110.522), (157.955, -117.421), (119.62, -89.8672), (143.109, -55.6124), (173.064, -73.1473), (166.269, -110.522)))
(((203.813, 636.186), (197.729, 566.978), (146.577, 514.444), (104.543, 525.208), (88.891, 541.47), (122.608, 652.106), (181.902, 652.106), (203.813, 636.186)))
(((188.082, -11.4334), (136.516, -32.7325), (134.797, -31.6407), (124.373, 8.45089), (160.423, 37.6809), (182.809, 19.2452), (188.082, -11.4334)))
(((188.484, -178.713), (155.761, -204.891), (129.063, -164.845), (135.173, -149.847), (152.328, -140.678), (189.356, -167.373), (188.484, -178.713)))
(((182.16, -454.353), (156.351, -461.033), (125.627, -402.379), (139.489, -383.783), (140.812, -383.374), (215.477, -433.151), (182.16, -454.353)))
(((183.689, -247.444), (138.493, -275.692), (137.43, -275.32), (135.259, -223.227), (153.996, -210.6), (186.948, -237.871), (183.689, -247.444)))
(((171.644, 305.57), (139.075, 317.616), (130.192, 393.114), (240.337, 352.32), (171.644, 305.57)))
(((223.457, 189.587), (163.151, 145.835), (145.464, 153.092), (130.61, 202.346), (141.931, 229.737), (172.484, 241.752), (227.783, 216.56), (223.457, 189.587)))
(((197.275, -18.6908), (194.354, -64.4576), (173.064, -73.1473), (143.109, -55.6124), (136.516, -32.7325), (188.082, -11.4334), (197.275, -18.6908)))
(((260.863, -419.623), (215.477, -433.151), (140.812, -383.374), (172.09, -353.621), (194.223, -355.934), (252.423, -407.545), (260.863, -419.623)))
(((206.45, -294.504), (160.125, -298.286), (138.493, -275.692), (183.689, -247.444), (208.216, -288.833), (206.45, -294.504)))
(((221.746, -587.954), (211.902, -595.106), (154.644, -595.106), (134.641, -483.087), (156.351, -461.033), (182.16, -454.353), (221.746, -587.954)))
(((262.2, 412.5), (241.207, 352.52), (240.337, 352.32), (130.192, 393.114), (115.313, 410.721), (186.262, 462.412), (221.934, 459.931), (250.44, 438.224), (262.2, 412.5)))
(((212.02, -305.087), (194.223, -355.934), (172.09, -353.621), (157.772, -328.288), (160.125, -298.286), (206.45, -294.504), (212.02, -305.087)))
(((202.743, -229.798), (186.948, -237.871), (153.996, -210.6), (155.761, -204.891), (188.484, -178.713), (206.812, -201.318), (202.743, -229.798)))
(((208.623, -153.725), (189.356, -167.373), (152.328, -140.678), (157.955, -117.421), (166.269, -110.522), (210.293, -116.166), (208.623, -153.725)))
(((221.934, 459.931), (186.262, 462.412), (146.577, 514.444), (197.729, 566.978), (226.318, 514.729), (221.934, 459.931)))
(((218.941, -107.729), (210.293, -116.166), (166.269, -110.522), (173.064, -73.1473), (194.354, -64.4576), (207.557, -72.2073), (222.389, -96.1667), (218.941, -107.729)))
(((287.02, 76.5608), (182.809, 19.2452), (160.423, 37.6809), (154.165, 69.8656), (182.124, 97.3505), (274.745, 85.5036), (286.705, 77.5302), (287.02, 76.5608)))
(((274.745, 85.5036), (182.124, 97.3505), (163.151, 145.835), (223.457, 189.587), (274.745, 85.5036)))
(((235.363, -262.462), (208.216, -288.833), (183.689, -247.444), (186.948, -237.871), (202.743, -229.798), (229.181, -242.678), (235.363, -262.462)))
(((221.494, -587.106), (182.16, -454.353), (215.477, -433.151), (260.863, -419.623), (277.562, -424.983), (288.902, -433.221), (308, -492), (308, -492), (288.902, -550.779), (238.902, -587.106), (221.494, -587.106)))
(((261.344, 323.491), (238.116, 222.837), (227.783, 216.56), (172.484, 241.752), (171.644, 305.57), (240.337, 352.32), (241.207, 352.52), (261.344, 323.491)))
(((309.826, -10.0808), (282.709, -15.843), (197.275, -18.6908), (188.082, -11.4334), (182.809, 19.2452), (287.644, 76.9041), (291.29, 75.5825), (297.902, 70.7785), (317, 12), (317, 12), (309.826, -10.0808)))
(((207.557, -72.2073), (194.354, -64.4576), (197.275, -18.6908), (282.709, -15.843), (207.557, -72.2073)))
(((254.135, -168.834), (239.497, -196.778), (206.812, -201.318), (188.484, -178.713), (189.356, -167.373), (208.623, -153.725), (249.905, -163.597), (254.135, -168.834)))
(((252.423, -407.545), (194.223, -355.934), (212.02, -305.087), (239.677, -315.773), (252.423, -407.545)))
(((248.179, -219.722), (229.181, -242.678), (202.743, -229.798), (206.812, -201.318), (239.497, -196.778), (248.179, -219.722)))
(((249.905, -163.597), (208.623, -153.725), (210.293, -116.166), (218.941, -107.729), (253.002, -131.856), (249.905, -163.597)))
(((330.858, -58.3287), (222.389, -96.1667), (207.557, -72.2073), (282.709, -15.843), (314.668, -9.05177), (314.902, -9.22147), (330.858, -58.3287)))
(((286.601, -292.912), (239.677, -315.773), (212.02, -305.087), (206.45, -294.504), (208.216, -288.833), (235.363, -262.462), (278.52, -274.546), (286.601, -292.912)))
(((204.06, 638.992), (211.098, 644.106), (240.72, 644.106), (278.936, 547.802), (226.318, 514.729), (197.729, 566.978), (204.06, 638.992)))
(((331.781, -58.0065), (333.388, -62.9527), (253.002, -131.856), (218.941, -107.729), (222.389, -96.1667), (331.781, -58.0065)))
(((278.52, -274.546), (235.363, -262.462), (229.181, -242.678), (248.179, -219.722), (272.308, -224.802), (284.314, -253.757), (278.52, -274.546)))
(((354.813, -345.965), (340.902, -388.779), (290.902, -425.106), (277.945, -425.106), (260.863, -419.623), (252.423, -407.545), (239.677, -315.773), (286.601, -292.912), (354.813, -345.965)))
(((296.828, -186.271), (272.308, -224.802), (248.179, -219.722), (239.497, -196.778), (254.135, -168.834), (289.901, -174.422), (296.828, -186.271)))
(((250.44, 438.224), (221.934, 459.931), (226.318, 514.729), (278.936, 547.802), (316.62, 522.052), (250.44, 438.224)))
(((339.409, -69.6921), (289.901, -174.422), (254.135, -168.834), (249.905, -163.597), (253.002, -131.856), (331.895, -64.2328), (339.409, -69.6921)))
(((287.671, 76.8943), (287.644, 76.9041), (274.745, 85.5036), (223.457, 189.587), (227.783, 216.56), (238.116, 222.837), (364.479, 204.379), (375, 172), (375, 172), (355.902, 113.221), (305.902, 76.8943), (287.671, 76.8943)))
(((369.371, 203.665), (238.116, 222.837), (261.344, 323.491), (381.226, 281.848), (388, 261), (388, 261), (369.371, 203.665)))
(((350.007, -215.114), (284.314, -253.757), (272.308, -224.802), (296.828, -186.271), (350.007, -215.114)))
(((391.845, 533.515), (316.62, 522.052), (278.936, 547.802), (240.489, 644.687), (274.098, 669.106), (335.902, 669.106), (385.902, 632.779), (405, 574), (405, 574), (391.845, 533.515)))
(((355.738, -346.685), (286.601, -292.912), (278.52, -274.546), (284.314, -253.757), (350.007, -215.114), (404.343, -222.125), (416, -258), (416, -258), (396.902, -316.779), (355.738, -346.685)))
(((380.898, 281.962), (261.344, 323.491), (241.207, 352.52), (262.2, 412.5), (402.642, 412.5), (421, 356), (421, 356), (401.902, 297.221), (380.898, 281.962)))
(((402.642, 412.5), (262.2, 412.5), (250.44, 438.224), (316.62, 522.052), (393.632, 533.787), (401.902, 527.779), (421, 469), (421, 469), (402.642, 412.5)))
(((409.234, -222.756), (350.007, -215.114), (296.828, -186.271), (289.901, -174.422), (339.314, -69.8943), (358.902, -69.8943), (408.902, -106.221), (428, -165), (428, -165), (409.234, -222.756)))
