(((-285.178, -359.696), (-301, -311), (-295.471, -293.983), (-180.694, -298.234), (-168.673, -320.184), (-172.597, -327.172), (-285.178, -359.696)))
(((-296.772, -293.934), (-300, -284), (-280.902, -225.221), (-279.781, -224.408), (-177.524, -265.746), (-180.694, -298.234), (-296.772, -293.934)))
(((-284.646, -169.021), (-297, -131), (-277.902, -72.2215), (-235.185, -41.1858), (-170.676, -135.017), (-171.923, -137.459), (-284.646, -169.021)))
(((-273.658, -206.295), (-285.676, -169.309), (-171.923, -137.459), (-169.761, -178.543), (-196.632, -197.737), (-273.658, -206.295)))
(((-275.953, -393.078), (-286.66, -360.124), (-172.597, -327.172), (-162.967, -359.767), (-202.276, -390.943), (-275.953, -393.078)))
(((-245.077, -499.635), (-266.902, -483.779), (-286, -425), (-275.625, -393.069), (-202.276, -390.943), (-160.09, -413.09), (-157.851, -430.367), (-245.077, -499.635)))
(((-277.242, -225.434), (-270.925, -205.992), (-196.632, -197.737), (-159.62, -227.809), (-173.659, -264.079), (-177.524, -265.746), (-277.242, -225.434)))
(((-160.09, -413.09), (-202.276, -390.943), (-162.967, -359.767), (-154.538, -363.981), (-145.368, -398.368), (-160.09, -413.09)))
(((-205.345, -20.755), (-136.515, -105.127), (-142.485, -126.873), (-170.676, -135.017), (-234.612, -42.019), (-205.345, -20.755)))
(((-235.064, -521.293), (-239.902, -517.779), (-245.649, -500.089), (-157.851, -430.367), (-133.474, -446.42), (-130.662, -453.871), (-162.052, -508.089), (-235.064, -521.293)))
(((-141.845, -312.867), (-168.673, -320.184), (-180.694, -298.234), (-177.524, -265.746), (-173.659, -264.079), (-138.631, -272.162), (-141.845, -312.867)))
(((-127.84, -224.198), (-159.62, -227.809), (-196.632, -197.737), (-169.761, -178.543), (-148.145, -179.815), (-127.315, -195.305), (-127.84, -224.198)))
(((-130.494, -141.571), (-148.145, -179.815), (-169.761, -178.543), (-171.923, -137.459), (-170.676, -135.017), (-142.485, -126.873), (-130.494, -141.571)))
(((-124.592, -227.974), (-126.845, -264.024), (-138.631, -272.162), (-173.659, -264.079), (-159.62, -227.809), (-127.84, -224.198), (-124.592, -227.974)))
(((-112.616, -352.884), (-154.538, -363.981), (-162.967, -359.767), (-172.597, -327.172), (-168.673, -320.184), (-141.845, -312.867), (-128.726, -318.669), (-111.707, -349.871), (-112.616, -352.884)))
(((-228.693, -593.956), (-242, -553), (-231.488, -520.647), (-162.052, -508.089), (-122.158, -519.725), (-104.689, -576.241), (-228.693, -593.956)))
(((-104.542, -381.95), (-113.85, -396.062), (-145.368, -398.368), (-154.538, -363.981), (-112.616, -352.884), (-104.542, -381.95)))
(((-177.526, -694.934), (-214.902, -667.779), (-234, -609), (-229.132, -594.019), (-104.689, -576.241), (-93.7634, -583.276), (-144.257, -679.673), (-177.526, -694.934)))
(((-109.227, -416.4), (-133.474, -446.42), (-157.851, -430.367), (-160.09, -413.09), (-145.368, -398.368), (-113.85, -396.062), (-109.227, -416.4)))
(((-207.082, -18.6257), (-157.902, 17.1057), (-118.605, 17.1057), (-108.398, -2.05938), (-94.526, -92.9964), (-136.515, -105.127), (-207.082, -18.6257)))
(((-105.5, -181.125), (-127.315, -195.305), (-148.145, -179.815), (-130.494, -141.571), (-105.5, -148.547), (-105.5, -181.125)))
(((-78.7452, -481.875), (-96.5105, -503.87), (-122.158, -519.725), (-162.052, -508.089), (-130.662, -453.871), (-88.5221, -468.921), (-78.7452, -481.875)))
(((-98.3723, -295.904), (-128.726, -318.669), (-141.845, -312.867), (-138.631, -272.162), (-126.845, -264.024), (-100.085, -277.061), (-98.3723, -295.904)))
(((-83.3931, -133.637), (-105.5, -148.547), (-130.494, -141.571), (-142.485, -126.873), (-136.515, -105.127), (-94.526, -92.9964), (-85.0203, -101.094), (-83.3931, -133.637)))
(((-88.5221, -468.921), (-130.662, -453.871), (-133.474, -446.42), (-109.227, -416.4), (-86.4539, -429.624), (-88.5221, -468.921)))
(((-73.4349, -258.025), (-100.085, -277.061), (-126.845, -264.024), (-124.592, -227.974), (-98.1308, -229.125), (-69.1297, -247.653), (-73.4349, -258.025)))
(((-169.939, 476.53), (-181.902, 485.221), (-201, 544), (-181.902, 602.779), (-131.902, 639.106), (-97.0732, 639.106), (-74.9023, 604.534), (-67.4875, 493.312), (-72.826, 489.197), (-169.939, 476.53)))
(((-72.4588, -332.528), (-111.707, -349.871), (-128.726, -318.669), (-98.3723, -295.904), (-74.3179, -313.193), (-72.4588, -332.528)))
(((-80.6312, -192.376), (-98.1308, -229.125), (-124.592, -227.974), (-127.84, -224.198), (-127.315, -195.305), (-105.5, -181.125), (-80.7293, -190.414), (-80.6312, -192.376)))
(((-66.2943, -672.504), (-144.257, -679.673), (-93.7634, -583.276), (-52.476, -585.449), (-66.2943, -672.504)))
(((-63.8966, -415.953), (-86.4539, -429.624), (-109.227, -416.4), (-113.85, -396.062), (-104.542, -381.95), (-65.6896, -387.862), (-63.8966, -415.953)))
(((-46.8448, -582.338), (-52.476, -585.449), (-93.7634, -583.276), (-104.689, -576.241), (-122.158, -519.725), (-96.5105, -503.87), (-44.9627, -575.244), (-46.8448, -582.338)))
(((-159.59, 364.909), (-166.902, 370.221), (-186, 429), (-170.584, 476.446), (-72.826, 489.197), (-43.7969, 399.053), (-159.59, 364.909)))
(((-62.7316, -178.573), (-80.7293, -190.414), (-105.5, -181.125), (-105.5, -148.547), (-83.3931, -133.637), (-72.0556, -141.278), (-62.7316, -178.573)))
(((-72.6766, -813.106), (-114.902, -813.106), (-164.902, -776.779), (-184, -718), (-176.327, -694.384), (-144.257, -679.673), (-66.2943, -672.504), (-52.2759, -682.517), (-40.9522, -704.336), (-72.6766, -813.106)))
(((-51.1116, -374.301), (-65.6896, -387.862), (-104.542, -381.95), (-112.616, -352.884), (-111.707, -349.871), (-72.4588, -332.528), (-59.6903, -341.307), (-51.1116, -374.301)))
(((-65.6935, -245.876), (-69.1297, -247.653), (-98.1308, -229.125), (-80.6312, -192.376), (-56.2761, -230.938), (-65.6935, -245.876)))
(((-74.3179, -313.193), (-98.3723, -295.904), (-100.085, -277.061), (-73.4349, -258.025), (-56.6377, -294.203), (-74.3179, -313.193)))
(((-44.9627, -575.244), (-96.5105, -503.87), (-78.7452, -481.875), (-60.9614, -482.092), (-42.5369, -495.167), (-29.9967, -544.544), (-44.9627, -575.244)))
(((-60.9614, -482.092), (-78.7452, -481.875), (-88.5221, -468.921), (-86.4539, -429.624), (-63.8966, -415.953), (-46.593, -428.93), (-49.4299, -457.299), (-60.9614, -482.092)))
(((-50.0494, -91.494), (-85.0203, -101.094), (-94.526, -92.9964), (-108.398, -2.05938), (-46.2344, -53.3441), (-50.0494, -91.494)))
(((-108.541, 266.531), (-143.902, 292.221), (-163, 351), (-158.363, 365.271), (-43.7969, 399.053), (-19.6794, 390.103), (-6.00348, 364.299), (-108.541, 266.531)))
(((-36.2834, -217.772), (-56.2761, -230.938), (-80.6312, -192.376), (-80.7293, -190.414), (-62.7316, -178.573), (-44.3356, -182.879), (-36.2834, -217.772)))
(((-36.1415, -136.425), (-72.0556, -141.278), (-83.3931, -133.637), (-85.0203, -101.094), (-50.0494, -91.494), (-25.6617, -104.985), (-36.1415, -136.425)))
(((-35.6795, -293.679), (-56.6377, -294.203), (-73.4349, -258.025), (-69.1297, -247.653), (-65.6935, -245.876), (-15.5444, -273.544), (-35.6795, -293.679)))
(((-28, -170.842), (-44.3356, -182.879), (-62.7316, -178.573), (-72.0556, -141.278), (-36.1415, -136.425), (-28, -149.522), (-28, -170.842)))
(((-28.5678, -326.19), (-59.6903, -341.307), (-72.4588, -332.528), (-74.3179, -313.193), (-56.6377, -294.203), (-35.6795, -293.679), (-28.5678, -326.19)))
(((-88.1903, 59.6429), (-128.902, 89.2215), (-148, 148), (-128.902, 206.779), (-88.6493, 236.024), (-1.51814, 139.956), (-88.1014, 59.6696), (-88.1903, 59.6429)))
(((-8.3961, -416.516), (-46.593, -428.93), (-63.8966, -415.953), (-65.6896, -387.862), (-51.1116, -374.301), (-32.1424, -377.689), (-4.7764, -408.372), (-8.3961, -416.516)))
(((7.13287, 525.057), (-15.359, 500.61), (-67.4875, 493.312), (-74.9023, 604.534), (11.7377, 554.125), (7.13287, 525.057)))
(((-119.484, 18.7548), (-115.902, 29.7785), (-93.0617, 46.3727), (-6.28031, -21.6452), (-5.71969, -24.3548), (-28.243, -50.4818), (-46.2344, -53.3441), (-108.398, -2.05938), (-119.484, 18.7548)))
(((-13.1044, -272.875), (-15.5444, -273.544), (-65.6935, -245.876), (-56.2761, -230.938), (-36.2834, -217.772), (-24.9715, -220.487), (-8.62402, -265.071), (-13.1044, -272.875)))
(((-11.831, -353.845), (-32.1424, -377.689), (-51.1116, -374.301), (-59.6903, -341.307), (-28.5678, -326.19), (-16.5, -330.5), (-11.831, -353.845)))
(((0.678571, -647.214), (-52.2759, -682.517), (-66.2943, -672.504), (-52.476, -585.449), (-46.8448, -582.338), (4.56325, -608.367), (0.678571, -647.214)))
(((-0.796651, -448.181), (-49.4299, -457.299), (-46.593, -428.93), (-8.3961, -416.516), (-0.796651, -448.181)))
(((-5.25882, -99.6335), (-25.6617, -104.985), (-50.0494, -91.494), (-46.2344, -53.3441), (-28.243, -50.4818), (-1.07626, -81.938), (-5.25882, -99.6335)))
(((-19.6794, 390.103), (-43.7969, 399.053), (-72.826, 489.197), (-67.4875, 493.312), (-15.359, 500.61), (15.0951, 440.684), (-19.6794, 390.103)))
(((6.81415, -474.783), (-42.5369, -495.167), (-60.9614, -482.092), (-49.4299, -457.299), (-0.796651, -448.181), (8.20683, -463.294), (6.81415, -474.783)))
(((-86.4295, 237.254), (-102.902, 249.221), (-108.529, 266.542), (-6.00348, 364.299), (34.9093, 339.155), (37.2154, 334.02), (-30.3379, 245.134), (-86.4295, 237.254)))
(((0.156489, -208.889), (-24.9715, -220.487), (-36.2834, -217.772), (-44.3356, -182.879), (-28, -170.842), (-3.67031, -179.806), (0.156489, -208.889)))
(((4.52612, -318.485), (-16.5, -330.5), (-28.5678, -326.19), (-35.6795, -293.679), (-15.5444, -273.544), (-13.1044, -272.875), (8.91811, -299.16), (4.52612, -318.485)))
(((60.8742, -803.611), (18.9017, -834.106), (-42.9017, -834.106), (-72.5244, -812.584), (-40.9522, -704.336), (1.29502, -709.106), (60.8742, -803.611)))
(((11.533, -140.928), (-28, -149.522), (-36.1415, -136.425), (-25.6617, -104.985), (-5.25882, -99.6335), (5.4726, -108.353), (11.533, -140.928)))
(((-97.2029, 639.308), (-89.9017, 661.779), (-39.9017, 698.106), (21.9017, 698.106), (71.9017, 661.779), (78.6875, 640.894), (62.4396, 603.399), (11.7377, 554.125), (-74.9023, 604.534), (-97.2029, 639.308)))
(((25.7778, -158.389), (-3.67031, -179.806), (-28, -170.842), (-28, -149.522), (11.533, -140.928), (25.7778, -158.389)))
(((39.451, -523.079), (-29.9967, -544.544), (-42.5369, -495.167), (6.81415, -474.783), (38.3742, -513.818), (39.451, -523.079)))
(((-1.07626, -81.938), (-28.243, -50.4818), (-5.71969, -24.3548), (28.6443, -51.2887), (-1.07626, -81.938)))
(((-93.4365, 46.6665), (-89.3314, 59.3006), (-88.1014, 59.6696), (7.19992, 49.5788), (19.5057, 8.2666), (-6.28031, -21.6452), (-93.4365, 46.6665)))
(((1.29502, -709.106), (-40.9522, -704.336), (-52.2759, -682.517), (0.678571, -647.214), (26.9695, -678.763), (1.29502, -709.106)))
(((-88.96, 236.366), (-88.7788, 236.924), (-30.3379, 245.134), (43.9063, 215.616), (13.6956, 141.251), (-1.51814, 139.956), (-88.96, 236.366)))
(((9.65827, -402.219), (-4.7764, -408.372), (-32.1424, -377.689), (-11.831, -353.845), (21.8512, -362.827), (9.65827, -402.219)))
(((13.2206, -252.588), (-8.62402, -265.071), (-24.9715, -220.487), (0.156489, -208.889), (19.6391, -217.745), (13.2206, -252.588)))
(((-86.1015, 59.4578), (-86.6174, 61.0457), (-1.51814, 139.956), (13.6956, 141.251), (33.7882, 124.704), (21.0969, 57.0166), (7.19992, 49.5788), (-86.1015, 59.4578)))
(((34.704, -352.664), (21.8512, -362.827), (-11.831, -353.845), (-16.5, -330.5), (4.52612, -318.485), (35.2269, -347.958), (34.704, -352.664)))
(((46.8732, -530.958), (18.6462, -605.054), (4.56325, -608.367), (-46.8448, -582.338), (-44.9627, -575.244), (-29.9967, -544.544), (39.451, -523.079), (46.8732, -530.958)))
(((35.2188, -165.039), (28.3742, -214.662), (19.6391, -217.745), (0.156489, -208.889), (-3.67031, -179.806), (25.7778, -158.389), (29.6876, -159.244), (35.2188, -165.039)))
(((31.1017, -295.373), (8.91811, -299.16), (-13.1044, -272.875), (-8.62402, -265.071), (13.2206, -252.588), (43.8978, -264.859), (31.1017, -295.373)))
(((49.5619, -441.467), (8.20683, -463.294), (-0.796651, -448.181), (-8.3961, -416.516), (-4.7764, -408.372), (9.65827, -402.219), (35.4091, -410.803), (49.5619, -441.467)))
(((34.8006, -50.9318), (28.6443, -51.2887), (-5.71969, -24.3548), (-6.28031, -21.6452), (19.5057, 8.2666), (52.7426, -7.07353), (34.8006, -50.9318)))
(((56.6806, -103.232), (5.4726, -108.353), (-5.25882, -99.6335), (-1.07626, -81.938), (28.6443, -51.2887), (34.8006, -50.9318), (64.4052, -74.1511), (56.6806, -103.232)))
(((49.7132, -330.303), (35.2269, -347.958), (4.52612, -318.485), (8.91811, -299.16), (31.1017, -295.373), (50.9099, -312.351), (49.7132, -330.303)))
(((51.9498, 323.01), (54.04, 218.498), (43.9063, 215.616), (-30.3379, 245.134), (37.2154, 334.02), (51.9498, 323.01)))
(((73.5853, -656.243), (51.8307, -677.579), (26.9695, -678.763), (0.678571, -647.214), (4.56325, -608.367), (18.6462, -605.054), (42.8839, -612.782), (74.0444, -653.206), (73.5853, -656.243)))
(((61.5149, -115.843), (29.6876, -159.244), (25.7778, -158.389), (11.533, -140.928), (5.4726, -108.353), (56.6806, -103.232), (61.5149, -115.843)))
(((78.7498, -795.044), (64.9017, -805.106), (61.8166, -805.106), (1.29502, -709.106), (26.9695, -678.763), (51.8307, -677.579), (78.7498, -795.044)))
(((74.4719, 443.059), (15.0951, 440.684), (-15.359, 500.61), (7.13287, 525.057), (94.9717, 481.967), (74.4719, 443.059)))
(((53.5022, -261.458), (43.8978, -264.859), (13.2206, -252.588), (19.6391, -217.745), (28.3742, -214.662), (55.5755, -221.028), (53.5022, -261.458)))
(((84.7376, 407.524), (34.9093, 339.155), (-6.00348, 364.299), (-19.6794, 390.103), (15.0951, 440.684), (74.4719, 443.059), (84.7376, 407.524)))
(((64.5716, -388.445), (35.4091, -410.803), (9.65827, -402.219), (21.8512, -362.827), (34.704, -352.664), (63.35, -375.74), (64.5716, -388.445)))
(((76.1179, -461.246), (38.3742, -513.818), (6.81415, -474.783), (8.20683, -463.294), (49.5619, -441.467), (76.2592, -451.355), (76.1179, -461.246)))
(((63.8493, -2.00735), (52.7426, -7.07353), (19.5057, 8.2666), (7.19992, 49.5788), (21.0969, 57.0166), (68.9794, 49.2937), (63.8493, -2.00735)))
(((73.9331, -190.169), (61.0294, -217.912), (55.5755, -221.028), (28.3742, -214.662), (35.2188, -165.039), (64.3394, -174.535), (73.9331, -190.169)))
(((85.3343, 59.0578), (68.9794, 49.2937), (21.0969, 57.0166), (33.7882, 124.704), (59.1408, 122.07), (90.853, 71.7676), (85.3343, 59.0578)))
(((71.8425, -298.171), (50.9099, -312.351), (31.1017, -295.373), (43.8978, -264.859), (53.5022, -261.458), (69.5499, -269.133), (71.8425, -298.171)))
(((90.5682, -574.038), (42.8839, -612.782), (18.6462, -605.054), (46.8732, -530.958), (53.2553, -533.085), (90.5682, -574.038)))
(((91.9393, 148.035), (59.1408, 122.07), (33.7882, 124.704), (13.6956, 141.251), (43.9063, 215.616), (54.04, 218.498), (76.7642, 214.573), (91.9393, 148.035)))
(((94.9717, 481.967), (7.13287, 525.057), (11.7377, 554.125), (62.4396, 603.399), (105.181, 488.673), (94.9717, 481.967)))
(((76.2592, -451.355), (49.5619, -441.467), (35.4091, -410.803), (64.5716, -388.445), (84.4649, -404.928), (91.1729, -437.797), (76.2592, -451.355)))
(((90.244, -134.996), (64.3394, -174.535), (35.2188, -165.039), (29.6876, -159.244), (61.5149, -115.843), (90.244, -134.996)))
(((98.8286, -349.417), (63.35, -375.74), (34.704, -352.664), (35.2269, -347.958), (49.7132, -330.303), (93.1293, -339.285), (98.8286, -349.417)))
(((111.023, -26.5355), (85.4483, -66.7241), (64.4052, -74.1511), (34.8006, -50.9318), (52.7426, -7.07353), (63.8493, -2.00735), (108.504, -22.6172), (111.023, -26.5355)))
(((93.1293, -339.285), (49.7132, -330.303), (50.9099, -312.351), (71.8425, -298.171), (94.5465, -309.523), (93.1293, -339.285)))
(((92.1015, -260.741), (69.5499, -269.133), (53.5022, -261.458), (55.5755, -221.028), (61.0294, -217.912), (99.0971, -237.602), (92.1015, -260.741)))
(((123.694, 295.241), (89.8264, 219.69), (76.7642, 214.573), (54.04, 218.498), (51.9498, 323.01), (112.727, 310.855), (123.694, 295.241)))
(((100.022, -576.499), (81.487, -647.55), (74.0444, -653.206), (42.8839, -612.782), (90.5682, -574.038), (100.022, -576.499)))
(((103.991, -510.254), (53.2553, -533.085), (46.8732, -530.958), (39.451, -523.079), (38.3742, -513.818), (76.1179, -461.246), (110.929, -501.214), (103.991, -510.254)))
(((150.134, -767.055), (112.902, -794.106), (78.5346, -794.106), (51.8307, -677.579), (73.5853, -656.243), (126.489, -703.721), (150.134, -767.055)))
(((111.992, -209.986), (99.4863, -237.342), (99.0971, -237.602), (61.0294, -217.912), (73.9331, -190.169), (101.639, -190.758), (111.992, -209.986)))
(((111.602, -355.198), (110.922, -383.762), (84.4649, -404.928), (64.5716, -388.445), (63.35, -375.74), (98.8286, -349.417), (111.215, -354.756), (111.602, -355.198)))
(((119.612, -292.117), (94.5465, -309.523), (71.8425, -298.171), (69.5499, -269.133), (92.1015, -260.741), (119.498, -285.398), (119.612, -292.117)))
(((115.708, -170.197), (101.639, -190.758), (73.9331, -190.169), (64.3394, -174.535), (90.244, -134.996), (108.433, -135.28), (115.708, -170.197)))
(((116.867, -127.94), (108.433, -135.28), (90.244, -134.996), (61.5149, -115.843), (56.6806, -103.232), (64.4052, -74.1511), (85.4483, -66.7241), (120.357, -99.5176), (116.867, -127.94)))
(((108.504, -22.6172), (63.8493, -2.00735), (68.9794, 49.2937), (85.3343, 59.0578), (115.993, 26.5958), (108.504, -22.6172)))
(((112.727, 310.855), (51.9498, 323.01), (37.2154, 334.02), (34.9093, 339.155), (84.7376, 407.524), (145.343, 380.295), (112.727, 310.855)))
(((133.481, 92.3943), (90.853, 71.7676), (59.1408, 122.07), (91.9393, 148.035), (128.94, 136.51), (133.481, 92.3943)))
(((100.022, -576.499), (90.5682, -574.038), (53.2553, -533.085), (103.991, -510.254), (115.782, -552.365), (104.708, -576.262), (100.022, -576.499)))
(((148.19, -624.81), (81.487, -647.55), (100.022, -576.499), (104.708, -576.262), (161.634, -611.366), (148.19, -624.81)))
(((103.819, -437.603), (91.1729, -437.797), (84.4649, -404.928), (110.922, -383.762), (138.607, -409.14), (103.819, -437.603)))
(((133.743, -496.651), (110.929, -501.214), (76.1179, -461.246), (76.2592, -451.355), (91.1729, -437.797), (103.819, -437.603), (147.699, -473.255), (133.743, -496.651)))
(((80.9458, 646.106), (127.332, 646.106), (157.672, 515.819), (122.291, 490.935), (105.181, 488.673), (62.4396, 603.399), (80.9458, 646.106)))
(((139.146, -310.067), (111.215, -354.756), (98.8286, -349.417), (93.1293, -339.285), (94.5465, -309.523), (119.612, -292.117), (139.146, -310.067)))
(((177.536, 180.607), (128.94, 136.51), (91.9393, 148.035), (76.7642, 214.573), (89.8264, 219.69), (172.647, 196.36), (177.536, 180.607)))
(((126.489, -703.721), (73.5853, -656.243), (74.0444, -653.206), (81.487, -647.55), (148.19, -624.81), (126.489, -703.721)))
(((142.213, -260.334), (119.498, -285.398), (92.1015, -260.741), (99.0971, -237.602), (99.4863, -237.342), (141.749, -248.721), (142.213, -260.334)))
(((165.86, -69.9407), (120.357, -99.5176), (85.4483, -66.7241), (111.023, -26.5355), (119.576, -28.1392), (158.678, -56.175), (165.86, -69.9407)))
(((152.779, -529.598), (115.782, -552.365), (103.991, -510.254), (110.929, -501.214), (133.743, -496.651), (152.779, -529.598)))
(((141.749, -248.721), (99.4863, -237.342), (111.992, -209.986), (137.816, -212.777), (146.46, -240.281), (141.749, -248.721)))
(((173.398, 61.3902), (165.747, 38.7309), (115.993, 26.5958), (85.3343, 59.0578), (90.853, 71.7676), (133.481, 92.3943), (165.911, 74.5348), (173.398, 61.3902)))
(((145.343, 380.295), (84.7376, 407.524), (74.4719, 443.059), (94.9717, 481.967), (105.181, 488.673), (122.291, 490.935), (183.167, 393.533), (145.343, 380.295)))
(((158.678, -187.903), (137.816, -212.777), (111.992, -209.986), (101.639, -190.758), (115.708, -170.197), (157.477, -181.799), (158.678, -187.903)))
(((150.067, -408.134), (138.607, -409.14), (110.922, -383.762), (111.602, -355.198), (155.537, -362.188), (150.067, -408.134)))
(((172.647, 196.36), (89.8264, 219.69), (123.694, 295.241), (150.281, 287.108), (173.12, 197.657), (172.647, 196.36)))
(((165.05, -432.576), (154.315, -470.147), (147.699, -473.255), (103.819, -437.603), (138.607, -409.14), (150.067, -408.134), (157.241, -413.238), (165.05, -432.576)))
(((170.925, 15.6026), (119.576, -28.1392), (111.023, -26.5355), (108.504, -22.6172), (115.993, 26.5958), (165.747, 38.7309), (170.925, 15.6026)))
(((157.477, -181.799), (115.708, -170.197), (108.433, -135.28), (116.867, -127.94), (150.931, -135.187), (165.218, -165.349), (157.477, -181.799)))
(((161.634, -611.366), (104.708, -576.262), (115.782, -552.365), (152.779, -529.598), (176.815, -543.003), (171.321, -609.85), (161.634, -611.366)))
(((155.537, -362.188), (111.602, -355.198), (111.215, -354.756), (139.146, -310.067), (162, -314.462), (162, -357.571), (155.537, -362.188)))
(((169.374, -71.9287), (174.176, -112.744), (150.931, -135.187), (116.867, -127.94), (120.357, -99.5176), (165.86, -69.9407), (169.374, -71.9287)))
(((180.144, -301.9), (162, -314.462), (139.146, -310.067), (119.612, -292.117), (119.498, -285.398), (142.213, -260.334), (178.402, -281.346), (180.144, -301.9)))
(((208.639, -751.039), (187.902, -766.106), (149.779, -766.106), (126.489, -703.721), (148.19, -624.81), (161.634, -611.366), (171.321, -609.85), (172.246, -610.317), (208.639, -751.039)))
(((191.007, -218.525), (184.177, -231.66), (146.46, -240.281), (137.816, -212.777), (158.678, -187.903), (189.284, -212.067), (191.007, -218.525)))
(((188.146, -2.43902), (158.678, -56.175), (119.576, -28.1392), (170.925, 15.6026), (188.146, -2.43902)))
(((212.133, 377.867), (182.643, 296.418), (150.281, 287.108), (123.694, 295.241), (112.727, 310.855), (145.343, 380.295), (183.167, 393.533), (197.944, 392.056), (212.133, 377.867)))
(((212.685, 154.44), (165.911, 74.5348), (133.481, 92.3943), (128.94, 136.51), (177.536, 180.607), (212.685, 154.44)))
(((190.677, -261.991), (178.402, -281.346), (142.213, -260.334), (141.749, -248.721), (146.46, -240.281), (184.177, -231.66), (190.677, -261.991)))
(((176.815, -543.003), (152.779, -529.598), (133.743, -496.651), (147.699, -473.255), (154.315, -470.147), (187.457, -481.62), (189.965, -533.027), (176.815, -543.003)))
(((201.31, -391.914), (157.241, -413.238), (150.067, -408.134), (155.537, -362.188), (162, -357.571), (189.496, -363.744), (203.776, -385.165), (201.31, -391.914)))
(((240.614, 505.395), (197.944, 392.056), (183.167, 393.533), (122.291, 490.935), (157.672, 515.819), (233.368, 509.511), (240.614, 505.395)))
(((197.807, -155.262), (165.218, -165.349), (150.931, -135.187), (174.176, -112.744), (200.986, -130.362), (197.807, -155.262)))
(((228.026, 254.899), (173.12, 197.657), (150.281, 287.108), (182.643, 296.418), (229.161, 263.318), (228.026, 254.899)))
(((127.674, 644.634), (153.098, 663.106), (191.253, 663.106), (233.368, 509.511), (157.672, 515.819), (127.674, 644.634)))
(((210.803, -332.291), (189.496, -363.744), (162, -357.571), (162, -314.462), (180.144, -301.9), (208.622, -313.391), (210.803, -332.291)))
(((197.649, -476.931), (187.457, -481.62), (154.315, -470.147), (165.05, -432.576), (215.556, -436.905), (197.649, -476.931)))
(((215.556, -436.905), (165.05, -432.576), (157.241, -413.238), (201.31, -391.914), (215.84, -436.714), (215.556, -436.905)))
(((217.383, -173.751), (189.284, -212.067), (158.678, -187.903), (157.477, -181.799), (165.218, -165.349), (197.807, -155.262), (217.383, -173.751)))
(((188.572, -69.7346), (169.374, -71.9287), (165.86, -69.9407), (158.678, -56.175), (188.146, -2.43902), (254.121, -16.9758), (188.572, -69.7346)))
(((214.916, -122.208), (200.986, -130.362), (174.176, -112.744), (169.374, -71.9287), (188.572, -69.7346), (221.669, -98.266), (214.916, -122.208)))
(((298.393, 7.74434), (270.98, -13.604), (254.121, -16.9758), (188.146, -2.43902), (170.925, 15.6026), (165.747, 38.7309), (173.398, 61.3902), (293.273, 58.0134), (304, 25), (304, 25), (298.393, 7.74434)))
(((293.654, 58.0027), (173.398, 61.3902), (165.911, 74.5348), (212.685, 154.44), (292.96, 136.132), (306, 96), (306, 96), (293.654, 58.0027)))
(((238.6, -271.322), (217.819, -308.162), (208.622, -313.391), (180.144, -301.9), (178.402, -281.346), (190.677, -261.991), (235.461, -263.27), (238.6, -271.322)))
(((211.748, -531.938), (189.965, -533.027), (187.457, -481.62), (197.649, -476.931), (238.076, -495.307), (211.748, -531.938)))
(((235.461, -263.27), (190.677, -261.991), (184.177, -231.66), (191.007, -218.525), (219.25, -225.25), (239.2, -245.2), (235.461, -263.27)))
(((236.291, -597.953), (211.531, -609.063), (172.246, -610.317), (171.321, -609.85), (176.815, -543.003), (189.965, -533.027), (211.748, -531.938), (237.212, -551.896), (236.291, -597.953)))
(((272.786, -731.573), (245.902, -751.106), (208.657, -751.106), (172.246, -610.317), (211.531, -609.063), (272.786, -731.573)))
(((246.816, -376.007), (203.776, -385.165), (189.496, -363.744), (210.803, -332.291), (247.451, -360.795), (250.108, -366.954), (246.816, -376.007)))
(((238.181, -193.699), (219.25, -225.25), (191.007, -218.525), (189.284, -212.067), (217.383, -173.751), (227.244, -174.431), (238.181, -193.699)))
(((278.56, 303.455), (229.161, 263.318), (182.643, 296.418), (212.133, 377.867), (243.186, 367.429), (278.56, 303.455)))
(((246.289, -157.445), (227.244, -174.431), (217.383, -173.751), (197.807, -155.262), (200.986, -130.362), (214.916, -122.208), (241.944, -135.722), (246.289, -157.445)))
(((249.586, -491.813), (238.076, -495.307), (197.649, -476.931), (215.556, -436.905), (215.84, -436.714), (216.328, -436.729), (253.421, -461.132), (249.586, -491.813)))
(((270.98, -13.604), (257.17, -85.8404), (221.669, -98.266), (188.572, -69.7346), (254.121, -16.9758), (270.98, -13.604)))
(((253.306, -391.811), (250.977, -406.078), (216.328, -436.729), (215.84, -436.714), (201.31, -391.914), (203.776, -385.165), (246.816, -376.007), (253.306, -391.811)))
(((292.33, 136.276), (212.685, 154.44), (177.536, 180.607), (172.647, 196.36), (173.12, 197.657), (228.026, 254.899), (314.484, 156.09), (312.902, 151.221), (292.33, 136.276)))
(((247.451, -360.795), (210.803, -332.291), (208.622, -313.391), (217.819, -308.162), (254.136, -320.685), (247.451, -360.795)))
(((267.558, -106.616), (241.944, -135.722), (214.916, -122.208), (221.669, -98.266), (257.17, -85.8404), (267.558, -106.616)))
(((272.142, -223.239), (239.2, -245.2), (219.25, -225.25), (238.181, -193.699), (267.401, -208.752), (272.142, -223.239)))
(((266.079, -535.943), (237.212, -551.896), (211.748, -531.938), (238.076, -495.307), (249.586, -491.813), (263.311, -502.738), (266.079, -535.943)))
(((191.327, 662.835), (215.098, 680.106), (276.902, 680.106), (326.902, 643.779), (338.358, 608.521), (240.824, 505.414), (240.614, 505.395), (233.368, 509.511), (191.327, 662.835)))
(((317.501, -706.335), (277.902, -735.106), (274.553, -735.106), (211.531, -609.063), (236.291, -597.953), (267.155, -603.965), (317.501, -706.335)))
(((270.541, -311.035), (254.136, -320.685), (217.819, -308.162), (238.6, -271.322), (266.063, -283.528), (270.541, -311.035)))
(((276.263, -445.397), (253.421, -461.132), (216.328, -436.729), (250.977, -406.078), (276.708, -443.245), (276.263, -445.397)))
(((267.401, -208.752), (238.181, -193.699), (227.244, -174.431), (246.289, -157.445), (285.26, -163.507), (267.401, -208.752)))
(((346.907, 432.254), (243.186, 367.429), (212.133, 377.867), (197.944, 392.056), (240.614, 505.395), (240.824, 505.414), (346.907, 432.254)))
(((295.5, -576.223), (267.155, -603.965), (236.291, -597.953), (237.212, -551.896), (266.079, -535.943), (295.5, -554.857), (295.5, -576.223)))
(((285.26, -163.507), (246.289, -157.445), (241.944, -135.722), (267.558, -106.616), (278.068, -112.836), (286.206, -163.019), (285.26, -163.507)))
(((297.773, -351.411), (250.108, -366.954), (247.451, -360.795), (254.136, -320.685), (270.541, -311.035), (293.875, -324.125), (297.773, -351.411)))
(((296.581, -265.056), (266.063, -283.528), (238.6, -271.322), (235.461, -263.27), (239.2, -245.2), (272.142, -223.239), (280.063, -226.803), (296.581, -265.056)))
(((313.297, 157.447), (228.026, 254.899), (229.161, 263.318), (278.56, 303.455), (360.967, 278.956), (372, 245), (372, 245), (352.902, 186.221), (313.297, 157.447)))
(((303.251, -414.932), (276.708, -443.245), (250.977, -406.078), (253.306, -391.811), (293.809, -400.957), (303.251, -414.932)))
(((291.527, -497.095), (263.311, -502.738), (249.586, -491.813), (253.421, -461.132), (276.263, -445.397), (299, -464), (291.527, -497.095)))
(((302.934, -355.33), (293.809, -400.957), (253.306, -391.811), (246.816, -376.007), (250.108, -366.954), (297.773, -351.411), (302.934, -355.33)))
(((318.668, -532.792), (295.5, -554.857), (266.079, -535.943), (263.311, -502.738), (291.527, -497.095), (314.435, -510.357), (318.668, -532.792)))
(((317.034, -300.966), (293.875, -324.125), (270.541, -311.035), (266.063, -283.528), (296.581, -265.056), (300.188, -266.385), (317.034, -300.966)))
(((297.573, 7.10565), (322.902, 7.10565), (333.815, -0.823504), (328.791, -72.1698), (308.276, -107.216), (278.068, -112.836), (267.558, -106.616), (257.17, -85.8404), (270.98, -13.604), (297.573, 7.10565)))
(((310.292, -214.269), (280.063, -226.803), (272.142, -223.239), (267.401, -208.752), (285.26, -163.507), (286.206, -163.019), (299.878, -164.262), (317.721, -195.698), (310.292, -214.269)))
(((299.878, -164.262), (286.206, -163.019), (278.068, -112.836), (308.276, -107.216), (329.408, -143.919), (299.878, -164.262)))
(((360.821, 278.999), (278.56, 303.455), (243.186, 367.429), (346.907, 432.254), (364.078, 430.634), (385.902, 414.779), (405, 356), (405, 356), (385.902, 297.221), (360.821, 278.999)))
(((344.27, -459.473), (299, -464), (276.263, -445.397), (276.708, -443.245), (303.251, -414.932), (319.671, -416.425), (344.27, -459.473)))
(((403.321, -624.399), (388.902, -668.779), (338.902, -705.106), (316.896, -705.106), (267.155, -603.965), (295.5, -576.223), (403.321, -624.399)))
(((344.302, -459.492), (346.085, -475.317), (314.435, -510.357), (291.527, -497.095), (299, -464), (344.27, -459.473), (344.302, -459.492)))
(((335.372, -249.719), (300.188, -266.385), (296.581, -265.056), (280.063, -226.803), (310.292, -214.269), (336.88, -238.73), (335.372, -249.719)))
(((319.671, -416.425), (303.251, -414.932), (293.809, -400.957), (302.934, -355.33), (308.321, -356.317), (337.859, -394.717), (319.671, -416.425)))
(((365.499, 430.5), (346.907, 432.254), (240.824, 505.414), (339.857, 610.106), (350.902, 610.106), (400.902, 573.779), (420, 515), (420, 515), (400.902, 456.221), (365.499, 430.5)))
(((350.445, -323.69), (342.312, -343.57), (308.321, -356.317), (302.934, -355.33), (297.773, -351.411), (293.875, -324.125), (317.034, -300.966), (340.874, -303.716), (350.445, -323.69)))
(((405.163, -625.222), (295.5, -576.223), (295.5, -554.857), (318.668, -532.792), (420.79, -558.323), (428.927, -563.223), (409.902, -621.779), (405.163, -625.222)))
(((340.874, -303.716), (317.034, -300.966), (300.188, -266.385), (335.372, -249.719), (360.033, -275.97), (340.874, -303.716)))
(((332.696, -144.022), (351.061, -192.995), (317.721, -195.698), (299.878, -164.262), (329.408, -143.919), (332.696, -144.022)))
(((332.696, -144.022), (329.408, -143.919), (308.276, -107.216), (328.791, -72.1698), (365.888, -130.745), (332.696, -144.022)))
(((360.861, -217.746), (336.88, -238.73), (310.292, -214.269), (317.721, -195.698), (351.061, -192.995), (361.6, -197.806), (360.861, -217.746)))
(((375.031, -386.699), (337.859, -394.717), (308.321, -356.317), (342.312, -343.57), (375.031, -386.699)))
(((420.79, -558.323), (318.668, -532.792), (314.435, -510.357), (346.085, -475.317), (420.79, -558.323)))
(((440.453, -402.831), (344.302, -459.492), (344.27, -459.473), (319.671, -416.425), (337.859, -394.717), (375.031, -386.699), (440.453, -402.831)))
(((446.128, -139.694), (361.6, -197.806), (351.061, -192.995), (332.696, -144.022), (365.888, -130.745), (446.035, -139.409), (446.128, -139.694)))
(((360.033, -275.97), (335.372, -249.719), (336.88, -238.73), (360.861, -217.746), (418.008, -267.274), (360.033, -275.97)))
(((448.008, -139.142), (446.472, -139.456), (365.888, -130.745), (328.791, -72.1698), (334.022, 2.10565), (393.902, 2.10565), (443.902, -34.2215), (463, -93), (463, -93), (448.008, -139.142)))
(((448.852, -401.854), (440.453, -402.831), (375.031, -386.699), (342.312, -343.57), (350.445, -323.69), (463.329, -334.703), (467, -346), (467, -346), (448.852, -401.854)))
(((461.41, -334.516), (350.445, -323.69), (340.874, -303.716), (360.033, -275.97), (418.008, -267.274), (461.405, -275.471), (471, -305), (471, -305), (461.41, -334.516)))
(((425.344, -561.065), (420.79, -558.323), (346.085, -475.317), (344.302, -459.492), (440.453, -402.831), (443.917, -402.428), (462.902, -416.221), (482, -475), (482, -475), (462.902, -533.779), (425.344, -561.065)))
(((465.506, -276.246), (418.008, -267.274), (360.861, -217.746), (361.6, -197.806), (446.141, -139.685), (468.902, -156.221), (488, -215), (488, -215), (468.902, -273.779), (465.506, -276.246)))
