(((-297.31, -165.979), (-309, -130), (-289.902, -71.2215), (-243.571, -37.5604), (-215.057, -68.3111), (-186.522, -142.027), (-188.294, -146.412), (-297.31, -165.979)))
(((-296.32, -311.792), (-306, -282), (-286.902, -223.221), (-286.041, -222.596), (-244.616, -224.062), (-186.997, -270.878), (-191.546, -301.814), (-296.32, -311.792)))
(((-292.019, -354.717), (-302, -324), (-298.088, -311.961), (-191.546, -301.814), (-169.263, -319.881), (-178.178, -338.454), (-292.019, -354.717)))
(((-284.569, -222.648), (-302, -169), (-301.248, -166.686), (-188.294, -146.412), (-170.333, -182.333), (-170.449, -183.834), (-199.733, -211.872), (-244.616, -224.062), (-284.569, -222.648)))
(((-280.155, -410.844), (-297, -359), (-295.783, -355.255), (-178.178, -338.454), (-171.854, -364.323), (-221.373, -402.659), (-280.155, -410.844)))
(((-267.68, -494.384), (-286, -438), (-277.035, -410.41), (-221.373, -402.659), (-166.656, -417.479), (-158.389, -443.381), (-267.68, -494.384)))
(((-166.544, -266.456), (-186.997, -270.878), (-244.616, -224.062), (-199.733, -211.872), (-158.015, -240.093), (-166.544, -266.456)))
(((-148.238, -122.268), (-186.522, -142.027), (-215.057, -68.3111), (-145.003, -111.421), (-148.238, -122.268)))
(((-151.603, -401.97), (-166.656, -417.479), (-221.373, -402.659), (-171.854, -364.323), (-154.5, -373), (-151.603, -401.97)))
(((-253.908, -523.682), (-263.987, -492.661), (-158.389, -443.381), (-142.284, -455.192), (-142.134, -455.814), (-177.124, -511.799), (-253.908, -523.682)))
(((-157.065, -315.882), (-169.263, -319.881), (-191.546, -301.814), (-186.997, -270.878), (-166.544, -266.456), (-152.31, -280.69), (-157.065, -315.882)))
(((-153.608, 417.894), (-201.902, 417.894), (-251.902, 454.221), (-271, 513), (-255.079, 562), (-139, 562), (-107.071, 530.071), (-139.578, 428.726), (-153.608, 417.894)))
(((-255.079, 562), (-271, 611), (-251.902, 669.779), (-201.902, 706.106), (-140.098, 706.106), (-112.903, 686.347), (-139, 562), (-255.079, 562)))
(((-138.573, -150.573), (-170.333, -182.333), (-188.294, -146.412), (-186.522, -142.027), (-148.238, -122.268), (-138.573, -150.573)))
(((-226.781, -620.311), (-239.902, -610.779), (-259, -552), (-249.581, -523.013), (-177.124, -511.799), (-135.056, -524.288), (-126.414, -572.68), (-226.781, -620.311)))
(((-136.148, -234.747), (-158.015, -240.093), (-199.733, -211.872), (-170.449, -183.834), (-137.621, -199.466), (-131.151, -227.934), (-136.148, -234.747)))
(((-241.323, -39.9848), (-234.902, -20.2215), (-184.902, 16.1057), (-123.863, 16.1057), (-118.831, -0.0262288), (-120.255, -96.8377), (-145.003, -111.421), (-215.057, -68.3111), (-241.323, -39.9848)))
(((-119.9, -355.7), (-154.5, -373), (-171.854, -364.323), (-178.178, -338.454), (-169.263, -319.881), (-157.065, -315.882), (-129.833, -324.149), (-119.9, -355.7)))
(((-123.536, -270.481), (-152.31, -280.69), (-166.544, -266.456), (-158.015, -240.093), (-136.148, -234.747), (-123.536, -270.481)))
(((-110.8, -507.669), (-135.056, -524.288), (-177.124, -511.799), (-142.134, -455.814), (-103.485, -488.941), (-110.8, -507.669)))
(((-111.104, -425.05), (-142.284, -455.192), (-158.389, -443.381), (-166.656, -417.479), (-151.603, -401.97), (-113.61, -408.131), (-111.104, -425.05)))
(((-118, -184.75), (-137.621, -199.466), (-170.449, -183.834), (-170.333, -182.333), (-138.573, -150.573), (-123.057, -156.938), (-118, -184.75)))
(((-110.513, -305.82), (-129.833, -324.149), (-157.065, -315.882), (-152.31, -280.69), (-123.536, -270.481), (-109.402, -278.041), (-110.513, -305.82)))
(((-103.24, -390.966), (-113.61, -408.131), (-151.603, -401.97), (-154.5, -373), (-119.9, -355.7), (-110.251, -361.84), (-103.24, -390.966)))
(((-179.233, -693.514), (-211.902, -669.779), (-227.815, -620.802), (-126.414, -572.68), (-91.5126, -586.843), (-137.895, -677.5), (-179.233, -693.514)))
(((-91.4139, -140.637), (-123.057, -156.938), (-138.573, -150.573), (-148.238, -122.268), (-145.003, -111.421), (-120.255, -96.8377), (-98, -111), (-91.4139, -140.637)))
(((-89.8674, -207.984), (-103.321, -227.287), (-131.151, -227.934), (-137.621, -199.466), (-118, -184.75), (-87.7708, -191.91), (-89.8674, -207.984)))
(((-81.9091, -261.545), (-109.402, -278.041), (-123.536, -270.481), (-136.148, -234.747), (-131.151, -227.934), (-103.321, -227.287), (-81.9091, -261.545)))
(((-79.738, -475.485), (-103.485, -488.941), (-142.134, -455.814), (-142.284, -455.192), (-111.104, -425.05), (-85.6874, -441.771), (-79.738, -475.485)))
(((-80.2466, -185.582), (-87.7708, -191.91), (-118, -184.75), (-123.057, -156.938), (-91.4139, -140.637), (-77.5621, -152.027), (-80.2466, -185.582)))
(((-46.8704, -576.505), (-51.6063, -580.265), (-91.5126, -586.843), (-126.414, -572.68), (-135.056, -524.288), (-110.8, -507.669), (-44.714, -569.197), (-46.8704, -576.505)))
(((-69.7436, -343.515), (-110.251, -361.84), (-119.9, -355.7), (-129.833, -324.149), (-110.513, -305.82), (-72.4989, -319.176), (-69.7436, -343.515)))
(((2.05785, 618.443), (-41.8076, 544.259), (-107.071, 530.071), (-139, 562), (-112.324, 689.106), (-59.0983, 689.106), (-9.0983, 652.779), (2.05785, 618.443)))
(((-101.548, -817.106), (-118.902, -817.106), (-168.902, -780.779), (-188, -722), (-178.674, -693.297), (-137.895, -677.5), (-65.0616, -677.5), (-44.852, -711.03), (-101.548, -817.106)))
(((-65.0616, -677.5), (-137.895, -677.5), (-91.5126, -586.843), (-51.6063, -580.265), (-60.2628, -669.715), (-65.0616, -677.5)))
(((-62.1667, -95.1667), (-98, -111), (-120.255, -96.8377), (-118.831, -0.0262288), (-56.605, -72.9199), (-62.1667, -95.1667)))
(((-58.5269, -417.421), (-85.6874, -441.771), (-111.104, -425.05), (-113.61, -408.131), (-103.24, -390.966), (-60.4833, -397.074), (-58.5269, -417.421)))
(((-72.4989, -319.176), (-110.513, -305.82), (-109.402, -278.041), (-81.9091, -261.545), (-77.5178, -261.883), (-64.0496, -308.274), (-72.4989, -319.176)))
(((-72.3901, -259.503), (-77.5178, -261.883), (-81.9091, -261.545), (-103.321, -227.287), (-89.8674, -207.984), (-59.1531, -231.471), (-72.3901, -259.503)))
(((-60.4833, -397.074), (-103.24, -390.966), (-110.251, -361.84), (-69.7436, -343.515), (-66.1439, -346.065), (-50.2625, -384.367), (-60.4833, -397.074)))
(((-44.714, -569.197), (-110.8, -507.669), (-103.485, -488.941), (-79.738, -475.485), (-72.5176, -477.264), (-33.9977, -513.905), (-34.9753, -554.964), (-44.714, -569.197)))
(((-59.1531, -231.471), (-89.8674, -207.984), (-87.7708, -191.91), (-80.2466, -185.582), (-58, -192.812), (-48.6506, -224.367), (-59.1531, -231.471)))
(((-55.5249, -146.18), (-77.5621, -152.027), (-91.4139, -140.637), (-98, -111), (-62.1667, -95.1667), (-41.1822, -118.25), (-55.5249, -146.18)))
(((-138.69, 312.256), (-146.902, 318.221), (-166, 377), (-152.413, 418.817), (-139.578, 428.726), (-41.2983, 427.763), (-36.196, 424.452), (-42.4896, 342.635), (-138.69, 312.256)))
(((-29.0282, 519.788), (-41.2983, 427.763), (-139.578, 428.726), (-107.071, 530.071), (-41.8076, 544.259), (-29.0282, 519.788)))
(((-42.8543, -453.957), (-72.5176, -477.264), (-79.738, -475.485), (-85.6874, -441.771), (-58.5269, -417.421), (-45.5127, -427.373), (-42.8543, -453.957)))
(((-20.9448, -281.86), (-41.6237, -303.228), (-64.0496, -308.274), (-77.5178, -261.883), (-72.3901, -259.503), (-29.7975, -270.424), (-20.9133, -279.776), (-20.9448, -281.86)))
(((-30, -180.562), (-58, -192.812), (-80.2466, -185.582), (-77.5621, -152.027), (-55.5249, -146.18), (-30, -166.6), (-30, -180.562)))
(((-26.2473, -337.056), (-66.1439, -346.065), (-69.7436, -343.515), (-72.4989, -319.176), (-64.0496, -308.274), (-41.6237, -303.228), (-26.2473, -337.056)))
(((-123.648, 15.4159), (-107.907, 26.8528), (-64.8212, 25.3029), (-55.5843, 18.8614), (-18.5408, -57.5408), (-27.1757, -66.1757), (-56.605, -72.9199), (-118.831, -0.0262288), (-123.648, 15.4159)))
(((-29.7975, -270.424), (-72.3901, -259.503), (-59.1531, -231.471), (-48.6506, -224.367), (-28.3267, -226.302), (-29.7975, -270.424)))
(((-124.418, 246.889), (-142, 301), (-138.303, 312.378), (-42.4896, 342.635), (-2.1676, 326.954), (8.11372, 282.23), (-124.418, 246.889)))
(((-20.8387, -221.775), (-28.3267, -226.302), (-48.6506, -224.367), (-58, -192.812), (-30, -180.562), (-19.3442, -191.884), (-20.8387, -221.775)))
(((-109.46, 26.9086), (-120.902, 35.2215), (-140, 94), (-120.902, 152.779), (-92.8004, 173.195), (-46.125, 168.75), (0.655172, 75.1897), (-64.8212, 25.3029), (-109.46, 26.9086)))
(((-21.9015, -381.741), (-50.2625, -384.367), (-66.1439, -346.065), (-26.2473, -337.056), (-17.6387, -340.205), (-19.5931, -378.316), (-21.9015, -381.741)))
(((-2.83898, -481.297), (-33.9977, -513.905), (-72.5176, -477.264), (-42.8543, -453.957), (-5.5646, -463.58), (-2.25167, -467.788), (-2.83898, -481.297)))
(((-12.4433, -115.904), (-41.1822, -118.25), (-62.1667, -95.1667), (-56.605, -72.9199), (-27.1757, -66.1757), (-11.8514, -113.851), (-12.4433, -115.904)))
(((-11.8041, -423.023), (-45.5127, -427.373), (-58.5269, -417.421), (-60.4833, -397.074), (-50.2625, -384.367), (-21.9015, -381.741), (-5.1569, -411.59), (-11.8041, -423.023)))
(((43.2353, -817.348), (0.901699, -848.106), (-60.9017, -848.106), (-102.113, -818.164), (-44.852, -711.03), (-4.43811, -719.112), (43.2353, -817.348)))
(((-1.48513, -143.788), (-30, -166.6), (-55.5249, -146.18), (-41.1822, -118.25), (-12.4433, -115.904), (-0.692488, -132.493), (-1.48513, -143.788)))
(((-5.5646, -463.58), (-42.8543, -453.957), (-45.5127, -427.373), (-11.8041, -423.023), (-5.5646, -463.58)))
(((3.16292, -651.826), (-60.2628, -669.715), (-51.6063, -580.265), (-46.8704, -576.505), (10.702, -618.977), (3.16292, -651.826)))
(((-94.7313, 173.379), (-106.902, 182.221), (-126, 241), (-124.055, 246.985), (8.11372, 282.23), (34.3975, 258.903), (-33.937, 172.346), (-46.125, 168.75), (-94.7313, 173.379)))
(((3.44664, -328.437), (-17.6387, -340.205), (-26.2473, -337.056), (-41.6237, -303.228), (-20.9448, -281.86), (7.08791, -315.692), (3.44664, -328.437)))
(((-4.43811, -719.112), (-44.852, -711.03), (-65.0616, -677.5), (-60.2628, -669.715), (3.16292, -651.826), (20.8504, -687.201), (-4.43811, -719.112)))
(((1.10638, -265.096), (-20.9133, -279.776), (-29.7975, -270.424), (-28.3267, -226.302), (-20.8387, -221.775), (5.15862, -230.652), (1.10638, -265.096)))
(((26.7141, 359.724), (-2.1676, 326.954), (-42.4896, 342.635), (-36.196, 424.452), (12.2818, 420), (26.7141, 359.724)))
(((18.5, -11.3824), (-13.8317, -57.0271), (-18.5408, -57.5408), (-55.5843, 18.8614), (18.5, -5.83333), (18.5, -11.3824)))
(((24.0658, -184.224), (-19.3442, -191.884), (-30, -180.562), (-30, -166.6), (-1.48513, -143.788), (26.7926, -179.679), (24.0658, -184.224)))
(((-11.8514, -113.851), (-27.1757, -66.1757), (-18.5408, -57.5408), (-13.8317, -57.0271), (26.0714, -75.9286), (-11.8514, -113.851)))
(((35.357, 437.662), (12.2818, 420), (-36.196, 424.452), (-41.2983, 427.763), (-29.0282, 519.788), (42.167, 480.954), (35.357, 437.662)))
(((24.8348, -221.907), (5.15862, -230.652), (-20.8387, -221.775), (-19.3442, -191.884), (24.0658, -184.224), (24.8348, -221.907)))
(((30.9037, -364.28), (28.5548, -366.694), (-19.5931, -378.316), (-17.6387, -340.205), (3.44664, -328.437), (30.9576, -361.042), (30.9037, -364.28)))
(((44.6961, -541.053), (-34.9753, -554.964), (-33.9977, -513.905), (-2.83898, -481.297), (40.6, -507.36), (45.5984, -540.35), (44.6961, -541.053)))
(((18.3072, -410.612), (-5.1569, -411.59), (-21.9015, -381.741), (-19.5931, -378.316), (28.5548, -366.694), (18.3072, -410.612)))
(((31.4093, 2.98801), (18.5, -5.83333), (-55.5843, 18.8614), (-64.8212, 25.3029), (0.655172, 75.1897), (12.2787, 74.9255), (34.582, 55.8663), (31.4093, 2.98801)))
(((39.8478, -444.634), (-2.25167, -467.788), (-5.5646, -463.58), (-11.8041, -423.023), (-5.1569, -411.59), (18.3072, -410.612), (40.166, -425.54), (39.8478, -444.634)))
(((58.5, 137.955), (12.2787, 74.9255), (0.655172, 75.1897), (-46.125, 168.75), (-33.937, 172.346), (50.1236, 149.421), (58.5, 141.733), (58.5, 137.955)))
(((38.3956, -273.906), (28.2824, -305.802), (7.08791, -315.692), (-20.9448, -281.86), (-20.9133, -279.776), (1.10638, -265.096), (38.2036, -273.575), (38.3956, -273.906)))
(((41.0318, -74.4808), (26.0714, -75.9286), (-13.8317, -57.0271), (18.5, -11.3824), (44.4665, -67.8976), (41.0318, -74.4808)))
(((55.8502, -119.101), (-0.692488, -132.493), (-12.4433, -115.904), (-11.8514, -113.851), (26.0714, -75.9286), (41.0318, -74.4808), (57.6141, -114.661), (55.8502, -119.101)))
(((36.0635, -613.566), (10.702, -618.977), (-46.8704, -576.505), (-44.714, -569.197), (-34.9753, -554.964), (44.6961, -541.053), (36.0635, -613.566)))
(((38.2036, -273.575), (1.10638, -265.096), (5.15862, -230.652), (24.8348, -221.907), (43.8704, -233.907), (38.2036, -273.575)))
(((113.008, 562.909), (91.3462, 523.006), (42.167, 480.954), (-29.0282, 519.788), (-41.8076, 544.259), (3.63204, 621.106), (55.9017, 621.106), (105.902, 584.779), (113.008, 562.909)))
(((58.4498, -137.587), (36.2816, -176.141), (26.7926, -179.679), (-1.48513, -143.788), (-0.692488, -132.493), (55.8502, -119.101), (58.4498, -137.587)))
(((58.4405, 245.065), (50.1236, 149.421), (-33.937, 172.346), (34.3975, 258.903), (44.1192, 257.815), (58.4405, 245.065)))
(((40.6, -507.36), (-2.83898, -481.297), (-2.25167, -467.788), (39.8478, -444.634), (66.7095, -470.807), (40.6, -507.36)))
(((56.3039, -335.696), (30.9576, -361.042), (3.44664, -328.437), (7.08791, -315.692), (28.2824, -305.802), (54.1167, -321.948), (56.3039, -335.696)))
(((71.9, -672.1), (58.4844, -685.516), (20.8504, -687.201), (3.16292, -651.826), (10.702, -618.977), (36.0635, -613.566), (38.6031, -614.51), (74.1748, -658.451), (71.9, -672.1)))
(((83.2212, -804.702), (68.9017, -815.106), (42.1469, -815.106), (-4.43811, -719.112), (20.8504, -687.201), (58.4844, -685.516), (83.2212, -804.702)))
(((72.5303, -395.903), (70.4883, -402.438), (40.166, -425.54), (18.3072, -410.612), (28.5548, -366.694), (30.9037, -364.28), (71.8239, -391.17), (72.5303, -395.903)))
(((94.0837, 326.371), (44.1192, 257.815), (34.3975, 258.903), (8.11372, 282.23), (-2.1676, 326.954), (26.7141, 359.724), (84.1471, 349.735), (94.0837, 326.371)))
(((68.5615, -227.735), (43.8704, -233.907), (24.8348, -221.907), (24.0658, -184.224), (26.7926, -179.679), (36.2816, -176.141), (67.4085, -191.704), (73.3625, -213.896), (68.5615, -227.735)))
(((64.841, -55.596), (44.4665, -67.8976), (18.5, -11.3824), (18.5, -5.83333), (31.4093, 2.98801), (70.507, -3.18531), (64.841, -55.596)))
(((73.817, -303.036), (54.1167, -321.948), (28.2824, -305.802), (38.3956, -273.906), (71.0505, -280.904), (73.817, -303.036)))
(((89.0781, 89.7708), (64.8229, 57.4305), (34.582, 55.8663), (12.2787, 74.9255), (58.5, 137.955), (89.0781, 89.7708)))
(((84.1471, 349.735), (26.7141, 359.724), (12.2818, 420), (35.357, 437.662), (109, 407.985), (84.1471, 349.735)))
(((82.3187, 2.23645), (70.507, -3.18531), (31.4093, 2.98801), (34.582, 55.8663), (64.8229, 57.4305), (92.6344, 20.6796), (82.3187, 2.23645)))
(((99.0644, -587.638), (38.6031, -614.51), (36.0635, -613.566), (44.6961, -541.053), (45.5984, -540.35), (46.162, -540.444), (97.6877, -581.122), (99.0644, -587.638)))
(((71.8239, -391.17), (30.9037, -364.28), (30.9576, -361.042), (56.3039, -335.696), (93.6443, -352.766), (71.8239, -391.17)))
(((88.1545, -266.573), (71.0505, -280.904), (38.3956, -273.906), (38.2036, -273.575), (43.8704, -233.907), (68.5615, -227.735), (90.813, -250.622), (88.1545, -266.573)))
(((95.7904, -165.593), (67.4085, -191.704), (36.2816, -176.141), (58.4498, -137.587), (95.7904, -165.593)))
(((76.814, -470.221), (66.7095, -470.807), (39.8478, -444.634), (40.166, -425.54), (70.4883, -402.438), (101.812, -448), (76.814, -470.221)))
(((99.0083, -517.984), (46.162, -540.444), (45.5984, -540.35), (40.6, -507.36), (66.7095, -470.807), (76.814, -470.221), (103.236, -509.854), (99.0083, -517.984)))
(((99.5772, -588.191), (83.8684, -651.026), (74.1748, -658.451), (38.6031, -614.51), (99.0644, -587.638), (99.5772, -588.191)))
(((93.6443, -352.766), (56.3039, -335.696), (54.1167, -321.948), (73.817, -303.036), (89.4845, -311.392), (95.2857, -352), (93.6443, -352.766)))
(((94.9733, 156.722), (58.5, 141.733), (50.1236, 149.421), (58.4405, 245.065), (112.13, 228.209), (94.9733, 156.722)))
(((121.5, -70), (96.431, -107.603), (57.6141, -114.661), (41.0318, -74.4808), (44.4665, -67.8976), (64.841, -55.596), (114.06, -60.6184), (121.151, -68.8215), (121.5, -70)))
(((109, 407.985), (35.357, 437.662), (42.167, 480.954), (91.3462, 523.006), (119.965, 413.301), (109, 407.985)))
(((114.06, -60.6184), (64.841, -55.596), (70.507, -3.18531), (82.3187, 2.23645), (112.99, -31.7207), (114.06, -60.6184)))
(((117.432, -178.114), (107.882, -204.034), (73.3625, -213.896), (67.4085, -191.704), (95.7904, -165.593), (114.746, -165.925), (117.432, -178.114)))
(((162.061, -774.928), (121.902, -804.106), (83.0974, -804.106), (58.4844, -685.516), (71.9, -672.1), (129.595, -701.619), (162.061, -774.928)))
(((97.6877, -581.122), (46.162, -540.444), (99.0083, -517.984), (113.691, -552.594), (97.6877, -581.122)))
(((114.746, -165.925), (95.7904, -165.593), (58.4498, -137.587), (55.8502, -119.101), (57.6141, -114.661), (96.431, -107.603), (126.769, -150.077), (114.746, -165.925)))
(((116.912, -298.733), (89.4845, -311.392), (73.817, -303.036), (71.0505, -280.904), (88.1545, -266.573), (117.087, -290.339), (116.912, -298.733)))
(((126.823, 33.0101), (92.6344, 20.6796), (64.8229, 57.4305), (89.0781, 89.7708), (128.34, 82.2924), (126.823, 33.0101)))
(((117.9, -225.5), (104.127, -245.175), (90.813, -250.622), (68.5615, -227.735), (73.3625, -213.896), (107.882, -204.034), (117.9, -225.5)))
(((111.774, -446.811), (101.812, -448), (70.4883, -402.438), (72.5303, -395.903), (117.002, -400.35), (130.979, -420.404), (111.774, -446.811)))
(((112.13, 228.209), (58.4405, 245.065), (44.1192, 257.815), (94.0837, 326.371), (148.403, 307.359), (114.975, 228.877), (112.13, 228.209)))
(((164.233, -618.365), (145.316, -638.737), (83.8684, -651.026), (99.5772, -588.191), (164.254, -618.299), (164.233, -618.365)))
(((124.605, -367.763), (117.002, -400.35), (72.5303, -395.903), (71.8239, -391.17), (93.6443, -352.766), (95.2857, -352), (104.774, -352), (124.605, -367.763)))
(((131.172, -319.267), (104.774, -352), (95.2857, -352), (89.4845, -311.392), (116.912, -298.733), (131.172, -319.267)))
(((163.875, 111.267), (128.34, 82.2924), (89.0781, 89.7708), (58.5, 137.955), (58.5, 141.733), (94.9733, 156.722), (153.519, 137.527), (161.908, 126.72), (163.875, 111.267)))
(((134.192, -501.186), (103.236, -509.854), (76.814, -470.221), (101.812, -448), (111.774, -446.811), (146.648, -482.681), (134.192, -501.186)))
(((129.595, -701.619), (71.9, -672.1), (74.1748, -658.451), (83.8684, -651.026), (145.316, -638.737), (129.595, -701.619)))
(((135.632, -274.351), (117.087, -290.339), (88.1545, -266.573), (90.813, -250.622), (104.127, -245.175), (136.253, -261.936), (135.632, -274.351)))
(((158.565, 8.59622), (112.99, -31.7207), (82.3187, 2.23645), (92.6344, 20.6796), (126.823, 33.0101), (157.189, 10.8789), (158.565, 8.59622)))
(((151.277, -544.467), (113.691, -552.594), (99.0083, -517.984), (103.236, -509.854), (134.192, -501.186), (151.277, -544.467)))
(((126.769, -150.077), (96.431, -107.603), (121.5, -70), (158.132, -94.4214), (127.09, -149.97), (126.769, -150.077)))
(((153.519, 137.527), (94.9733, 156.722), (112.13, 228.209), (114.975, 228.877), (156.173, 211.848), (153.519, 137.527)))
(((151.242, -245.149), (136.253, -261.936), (104.127, -245.175), (117.9, -225.5), (145.012, -225.5), (151.242, -245.149)))
(((145.012, -225.5), (117.9, -225.5), (107.882, -204.034), (117.432, -178.114), (154.831, -207.202), (145.012, -225.5)))
(((113.657, 564.106), (138.995, 564.106), (172.912, 436.42), (140.524, 413.672), (119.965, 413.301), (91.3462, 523.006), (113.657, 564.106)))
(((164.254, -618.299), (99.5772, -588.191), (99.0644, -587.638), (97.6877, -581.122), (113.691, -552.594), (151.277, -544.467), (176.018, -558.741), (173.64, -610.46), (164.254, -618.299)))
(((148.403, 307.359), (94.0837, 326.371), (84.1471, 349.735), (109, 407.985), (119.965, 413.301), (140.524, 413.672), (186.346, 316.937), (148.403, 307.359)))
(((149.207, -416.759), (130.979, -420.404), (117.002, -400.35), (124.605, -367.763), (157.255, -368.473), (149.207, -416.759)))
(((162.494, -364.946), (157.255, -368.473), (124.605, -367.763), (104.774, -352), (131.172, -319.267), (164.802, -322.63), (162.494, -364.946)))
(((169.058, 1.10145), (170.951, -28.2435), (121.151, -68.8215), (114.06, -60.6184), (112.99, -31.7207), (158.565, 8.59622), (169.058, 1.10145)))
(((182.281, -306.141), (164.802, -322.63), (131.172, -319.267), (116.912, -298.733), (117.087, -290.339), (135.632, -274.351), (181.741, -299.967), (182.281, -306.141)))
(((168.5, -443.5), (156.165, -480.505), (146.648, -482.681), (111.774, -446.811), (130.979, -420.404), (149.207, -416.759), (158.299, -421.397), (168.5, -443.5)))
(((171.9, -200.235), (154.831, -207.202), (117.432, -178.114), (114.746, -165.925), (126.769, -150.077), (127.09, -149.97), (165.547, -158.43), (176.296, -175.322), (171.9, -200.235)))
(((181.741, -299.967), (135.632, -274.351), (136.253, -261.936), (151.242, -245.149), (179.651, -254.868), (184.644, -290.531), (181.741, -299.967)))
(((209.541, 295.233), (175.053, 217.978), (156.173, 211.848), (114.975, 228.877), (148.403, 307.359), (186.346, 316.937), (193.012, 315.347), (209.541, 295.233)))
(((186.364, -127.203), (165.547, -158.43), (127.09, -149.97), (158.132, -94.4214), (173.698, -94.8479), (184.367, -100.74), (186.364, -127.203)))
(((195.849, 88.1977), (157.189, 10.8789), (126.823, 33.0101), (128.34, 82.2924), (163.875, 111.267), (195.849, 88.1977)))
(((218.867, -753.514), (191.902, -773.106), (161.254, -773.106), (129.595, -701.619), (145.316, -638.737), (164.233, -618.365), (218.867, -753.514)))
(((176.018, -558.741), (151.277, -544.467), (134.192, -501.186), (146.648, -482.681), (156.165, -480.505), (189.105, -493.797), (190.027, -544.482), (176.018, -558.741)))
(((182.55, -43.2094), (173.698, -94.8479), (158.132, -94.4214), (121.5, -70), (121.151, -68.8215), (170.951, -28.2435), (182.55, -43.2094)))
(((202.887, -227.135), (179.651, -254.868), (151.242, -245.149), (145.012, -225.5), (154.831, -207.202), (171.9, -200.235), (201.474, -223.155), (202.887, -227.135)))
(((200.122, -402.509), (158.299, -421.397), (149.207, -416.759), (157.255, -368.473), (162.494, -364.946), (192.872, -377.346), (203.043, -393.422), (200.122, -402.509)))
(((219.652, 170.348), (161.908, 126.72), (153.519, 137.527), (156.173, 211.848), (175.053, 217.978), (221.019, 190.575), (219.652, 170.348)))
(((216.549, -447.069), (199.272, -487.987), (189.105, -493.797), (156.165, -480.505), (168.5, -443.5), (212.81, -443.5), (216.549, -447.069)))
(((212.81, -443.5), (168.5, -443.5), (158.299, -421.397), (200.122, -402.509), (212.81, -443.5)))
(((252.275, 403.612), (193.012, 315.347), (186.346, 316.937), (140.524, 413.672), (172.912, 436.42), (243.197, 432.941), (252.275, 403.612)))
(((284.506, 22.092), (169.058, 1.10145), (158.565, 8.59622), (157.189, 10.8789), (195.849, 88.1977), (282.061, 63.4347), (290, 39), (290, 39), (284.506, 22.092)))
(((218.323, -336.34), (192.872, -377.346), (162.494, -364.946), (164.802, -322.63), (182.281, -306.141), (215.188, -322.594), (218.323, -336.34)))
(((200.696, -170.706), (176.296, -175.322), (165.547, -158.43), (186.364, -127.203), (215.008, -149.237), (200.696, -170.706)))
(((139.109, 563.677), (163.098, 581.106), (198.239, 581.106), (245.427, 437.293), (243.197, 432.941), (172.912, 436.42), (139.109, 563.677)))
(((207.734, -94.8057), (184.367, -100.74), (173.698, -94.8479), (182.55, -43.2094), (234.673, -50.2531), (207.734, -94.8057)))
(((201.474, -223.155), (171.9, -200.235), (176.296, -175.322), (200.696, -170.706), (220.081, -191.111), (201.474, -223.155)))
(((285.963, 22.3569), (287.49, 17.6584), (263.077, -33.1204), (234.673, -50.2531), (182.55, -43.2094), (170.951, -28.2435), (169.058, 1.10145), (285.963, 22.3569)))
(((241.038, -259.201), (184.644, -290.531), (179.651, -254.868), (202.887, -227.135), (233.387, -241.522), (241.693, -252.736), (241.038, -259.201)))
(((262.41, -737.026), (238.902, -754.106), (219.107, -754.106), (164.233, -618.365), (164.254, -618.299), (173.64, -610.46), (213.816, -615.54), (262.41, -737.026)))
(((235.471, -145.982), (215.008, -149.237), (186.364, -127.203), (184.367, -100.74), (207.734, -94.8057), (229.95, -111.018), (235.471, -145.982)))
(((265.427, 224.076), (221.019, 190.575), (175.053, 217.978), (209.541, 295.233), (227.846, 287.606), (265.427, 224.076)))
(((250.107, -510.767), (201.098, -544.093), (190.027, -544.482), (189.105, -493.797), (199.272, -487.987), (247.818, -505.044), (250.107, -510.767)))
(((282.773, 63.23), (195.849, 88.1977), (163.875, 111.267), (161.908, 126.72), (219.652, 170.348), (302.286, 87.7142), (297.902, 74.2215), (282.773, 63.23)))
(((246.5, -602.19), (213.816, -615.54), (173.64, -610.46), (176.018, -558.741), (190.027, -544.482), (201.098, -544.093), (246.5, -565.375), (246.5, -602.19)))
(((254.045, -369), (243.908, -387.585), (203.043, -393.422), (192.872, -377.346), (218.323, -336.34), (253.761, -368.349), (254.045, -369)))
(((247.922, -161.514), (241.496, -184.744), (220.081, -191.111), (200.696, -170.706), (215.008, -149.237), (235.471, -145.982), (242.713, -150.472), (247.922, -161.514)))
(((247.545, -276.773), (231.292, -313.343), (215.188, -322.594), (182.281, -306.141), (181.741, -299.967), (184.644, -290.531), (241.038, -259.201), (247.545, -276.773)))
(((252.967, -414.033), (220.1, -446.9), (216.549, -447.069), (212.81, -443.5), (200.122, -402.509), (203.043, -393.422), (243.908, -387.585), (253.29, -411.285), (252.967, -414.033)))
(((247.818, -505.044), (199.272, -487.987), (216.549, -447.069), (220.1, -446.9), (257.854, -468.758), (247.818, -505.044)))
(((251.866, -200.299), (233.387, -241.522), (202.887, -227.135), (201.474, -223.155), (220.081, -191.111), (241.496, -184.744), (251.866, -200.299)))
(((264.608, -542.741), (246.5, -565.375), (201.098, -544.093), (250.107, -510.767), (259.119, -518.676), (264.608, -542.741)))
(((275.254, -94.9422), (229.95, -111.018), (207.734, -94.8057), (234.673, -50.2531), (263.077, -33.1204), (275.254, -94.9422)))
(((318.062, -709.654), (278.902, -738.106), (262.842, -738.106), (213.816, -615.54), (246.5, -602.19), (274.541, -612.459), (318.062, -709.654)))
(((253.761, -368.349), (218.323, -336.34), (215.188, -322.594), (231.292, -313.343), (265.451, -323.26), (253.761, -368.349)))
(((283.062, -114.966), (242.713, -150.472), (235.471, -145.982), (229.95, -111.018), (275.254, -94.9422), (285.094, -107.243), (283.062, -114.966)))
(((278.15, -458.809), (257.854, -468.758), (220.1, -446.9), (252.967, -414.033), (280.021, -451.055), (278.15, -458.809)))
(((273.14, -319.618), (265.451, -323.26), (231.292, -313.343), (247.545, -276.773), (274.857, -290.429), (273.14, -319.618)))
(((301.92, 88.0796), (219.652, 170.348), (221.019, 190.575), (265.427, 224.076), (347.992, 200.725), (357, 173), (357, 173), (337.902, 114.221), (301.92, 88.0796)))
(((198.23, 581.132), (227.098, 602.106), (261.245, 602.106), (328.358, 494.246), (245.427, 437.293), (198.23, 581.132)))
(((354.066, 337.329), (227.846, 287.606), (209.541, 295.233), (193.012, 315.347), (252.275, 403.612), (354.066, 337.329)))
(((287.707, -238.051), (241.693, -252.736), (233.387, -241.522), (251.866, -200.299), (278.055, -205.254), (288.727, -235.136), (287.707, -238.051)))
(((299.863, -170.56), (278.055, -205.254), (251.866, -200.299), (241.496, -184.744), (247.922, -161.514), (298.65, -169.524), (299.863, -170.56)))
(((298.65, -169.524), (247.922, -161.514), (242.713, -150.472), (283.062, -114.966), (298.65, -169.524)))
(((299.029, -587.971), (274.541, -612.459), (246.5, -602.19), (246.5, -565.375), (264.608, -542.741), (296.196, -554.674), (299.029, -587.971)))
(((292.618, -406.566), (253.29, -411.285), (243.908, -387.585), (254.045, -369), (300.526, -369), (292.618, -406.566)))
(((300.526, -369), (254.045, -369), (253.761, -368.349), (265.451, -323.26), (273.14, -319.618), (300.648, -331.843), (302.041, -368.072), (300.526, -369)))
(((304.146, -278.096), (274.857, -290.429), (247.545, -276.773), (241.038, -259.201), (241.693, -252.736), (287.707, -238.051), (306.727, -270.969), (304.146, -278.096)))
(((300.546, -502.565), (259.119, -518.676), (250.107, -510.767), (247.818, -505.044), (257.854, -468.758), (278.15, -458.809), (299.471, -477.825), (300.546, -502.565)))
(((303.275, -428.506), (280.021, -451.055), (252.967, -414.033), (253.29, -411.285), (292.618, -406.566), (303.275, -428.506)))
(((348.502, 200.58), (265.427, 224.076), (227.846, 287.606), (354.066, 337.329), (357.937, 336.565), (365.902, 330.779), (385, 272), (385, 272), (365.902, 213.221), (348.502, 200.58)))
(((326.553, -532.461), (296.196, -554.674), (264.608, -542.741), (259.119, -518.676), (300.546, -502.565), (324.866, -523.045), (326.553, -532.461)))
(((318.325, -313.126), (300.648, -331.843), (273.14, -319.618), (274.857, -290.429), (304.146, -278.096), (318.325, -313.126)))
(((319.706, -219.647), (288.727, -235.136), (278.055, -205.254), (299.863, -170.56), (307.782, -171.238), (325.311, -200.963), (319.706, -219.647)))
(((369.747, -5.75808), (341.241, -91.2759), (322.116, -105.988), (285.094, -107.243), (275.254, -94.9422), (263.077, -33.1204), (287.705, 18.1057), (336.902, 18.1057), (369.747, -5.75808)))
(((331.118, -154.853), (307.782, -171.238), (299.863, -170.56), (298.65, -169.524), (283.062, -114.966), (285.094, -107.243), (322.116, -105.988), (331.118, -154.853)))
(((340.726, -462.502), (299.471, -477.825), (278.15, -458.809), (280.021, -451.055), (303.275, -428.506), (322.669, -429.67), (340.726, -462.502)))
(((322.669, -429.67), (303.275, -428.506), (292.618, -406.566), (300.526, -369), (302.041, -368.072), (310.728, -369.972), (339.473, -407.465), (322.669, -429.67)))
(((317.368, -708.106), (274.541, -612.459), (299.029, -587.971), (411.751, -603), (415, -613), (415, -613), (395.902, -671.779), (345.902, -708.106), (317.368, -708.106)))
(((356.775, 336.794), (354.066, 337.329), (252.275, 403.612), (243.197, 432.941), (245.427, 437.293), (328.358, 494.246), (397.51, 477.829), (415, 424), (415, 424), (395.902, 365.221), (356.775, 336.794)))
(((333.847, -263.468), (306.727, -270.969), (287.707, -238.051), (288.727, -235.136), (319.706, -219.647), (343.458, -241.42), (333.847, -263.468)))
(((409.716, -602.729), (299.029, -587.971), (296.196, -554.674), (326.553, -532.461), (412.95, -592.776), (409.716, -602.729)))
(((351.603, -487.053), (324.866, -523.045), (300.546, -502.565), (299.471, -477.825), (340.726, -462.502), (352.273, -467.971), (351.603, -487.053)))
(((352.47, -353.683), (310.728, -369.972), (302.041, -368.072), (300.648, -331.843), (318.325, -313.126), (348.684, -316.698), (356.311, -330.637), (352.47, -353.683)))
(((348.684, -316.698), (318.325, -313.126), (304.146, -278.096), (306.727, -270.969), (333.847, -263.468), (362.128, -287.977), (348.684, -316.698)))
(((381.105, -199.368), (325.311, -200.963), (307.782, -171.238), (331.118, -154.853), (332.255, -154.959), (381.105, -199.368)))
(((416.457, -211.152), (343.458, -241.42), (319.706, -219.647), (325.311, -200.963), (381.105, -199.368), (416.457, -211.152)))
(((391.721, -400.293), (339.473, -407.465), (310.728, -369.972), (352.47, -353.683), (391.721, -400.293)))
(((378.143, -133.449), (332.255, -154.959), (331.118, -154.853), (322.116, -105.988), (341.241, -91.2759), (378.143, -133.449)))
(((393.79, 478.712), (328.358, 494.246), (260.891, 602.675), (267.098, 621.779), (317.098, 658.106), (378.902, 658.106), (428.902, 621.779), (448, 563), (448, 563), (428.902, 504.221), (393.79, 478.712)))
(((445.713, -420.459), (352.273, -467.971), (340.726, -462.502), (322.669, -429.67), (339.473, -407.465), (391.721, -400.293), (445.713, -420.459)))
(((412.85, -592.706), (326.553, -532.461), (324.866, -523.045), (351.603, -487.053), (440.58, -568.615), (438.902, -573.779), (412.85, -592.706)))
(((456.086, -250.032), (362.128, -287.977), (333.847, -263.468), (343.458, -241.42), (416.457, -211.152), (443.634, -211.707), (456.086, -250.032)))
(((444.518, -211.725), (416.457, -211.152), (381.105, -199.368), (332.255, -154.959), (378.143, -133.449), (459.542, -156.512), (461, -161), (461, -161), (444.518, -211.725)))
(((459.928, -156.621), (378.143, -133.449), (341.241, -91.2759), (369.702, -5.89435), (408.902, -5.89435), (458.902, -42.2215), (478, -101), (478, -101), (459.928, -156.621)))
(((438.102, -566.343), (351.603, -487.053), (352.273, -467.971), (445.125, -420.759), (460.902, -432.221), (480, -491), (480, -491), (460.902, -549.779), (438.102, -566.343)))
(((474.631, -327.523), (356.311, -330.637), (348.684, -316.698), (362.128, -287.977), (457.245, -249.565), (460.902, -252.221), (480, -311), (480, -311), (474.631, -327.523)))
(((444.878, -420.147), (391.721, -400.293), (352.47, -353.683), (356.311, -330.637), (474.027, -327.539), (481, -349), (481, -349), (461.902, -407.779), (444.878, -420.147)))
