(((-182.9, 502.894), (-203.902, 502.894), (-253.902, 539.221), (-273, 598), (-253.902, 656.779), (-203.902, 693.106), (-142.098, 693.106), (-125.979, 681.394), (-154.297, 519.208), (-182.9, 502.894)))
(((-125.855, 682.106), (-79.0983, 682.106), (-48.2082, 659.663), (-45.7619, 581.381), (-89.518, 526.522), (-154.297, 519.208), (-125.855, 682.106)))
(((-142.123, 378.953), (-176.902, 404.221), (-196, 463), (-183.069, 502.798), (-154.297, 519.208), (-89.518, 526.522), (-53.7675, 482.618), (-69.743, 415.897), (-142.123, 378.953)))
(((-152.846, -204.358), (-161.902, -197.779), (-181, -139), (-161.902, -80.2215), (-124.872, -53.3178), (-61.6693, -81.2181), (-53.4516, -143.438), (-152.846, -204.358)))
(((-109.72, -252.887), (-142.902, -228.779), (-151.17, -203.33), (-53.4516, -143.438), (-21.9083, -171.661), (-84.0365, -244.396), (-109.72, -252.887)))
(((-103.185, 127.904), (-133.902, 150.221), (-153, 209), (-140.944, 246.105), (-7.79545, 231.311), (-26.6755, 167.478), (-103.185, 127.904)))
(((-141.532, 246.17), (-147, 263), (-130.104, 315), (-58.4878, 315), (9.13287, 250.524), (8.12658, 245.11), (-7.79545, 231.311), (-141.532, 246.17)))
(((-130.104, 315), (-147, 367), (-143.314, 378.345), (-69.743, 415.897), (7.89145, 394.277), (6.21923, 358.492), (-58.4878, 315), (-130.104, 315)))
(((-123.59, -53.8838), (-132, -28), (-114.229, 26.6922), (-4.23443, 14.4705), (-27.1094, -79.8888), (-61.6693, -81.2181), (-123.59, -53.8838)))
(((12.5, -165.563), (-21.9083, -171.661), (-53.4516, -143.438), (-61.6693, -81.2181), (-27.1094, -79.8888), (4.77967, -89.522), (19.6499, -159.499), (12.5, -165.563)))
(((1.97269, 483.371), (-53.7675, 482.618), (-89.518, 526.522), (-45.7619, 581.381), (29.1571, 534.952), (1.97269, 483.371)))
(((7.89145, 394.277), (-69.743, 415.897), (-53.7675, 482.618), (1.97269, 483.371), (32.6683, 419.349), (7.89145, 394.277)))
(((-28.3145, -386.106), (-52.9017, -386.106), (-102.902, -349.779), (-122, -291), (-109.604, -252.848), (-84.0365, -244.396), (12.5, -254.05), (34.3348, -270.699), (-28.3145, -386.106)))
(((-110.389, 26.2655), (-122, 62), (-105.399, 113.093), (29.2565, 81.6735), (14.9943, 25.2729), (2.42136, 16.0326), (-4.23443, 14.4705), (-110.389, 26.2655)))
(((12.5, -254.05), (-84.0365, -244.396), (-21.9083, -171.661), (12.5, -165.563), (12.5, -254.05)))
(((-105.082, 113.019), (-108, 122), (-106.667, 126.103), (-26.6755, 167.478), (37.9008, 142.039), (52.3114, 102.198), (29.2565, 81.6735), (-105.082, 113.019)))
(((9.13287, 250.524), (-58.4878, 315), (6.21923, 358.492), (54.5116, 301.576), (9.13287, 250.524)))
(((4.77967, -89.522), (-27.1094, -79.8888), (-4.23443, 14.4705), (2.42136, 16.0326), (36.105, -69.2993), (4.77967, -89.522)))
(((37.9008, 142.039), (-26.6755, 167.478), (-7.79545, 231.311), (8.12658, 245.11), (63.318, 196.051), (37.9008, 142.039)))
(((-48.2324, 660.436), (-12.9017, 686.106), (48.9017, 686.106), (77.6709, 665.204), (80.5875, 574.789), (44.4694, 539.128), (29.1571, 534.952), (-45.7619, 581.381), (-48.2324, 660.436)))
(((104.41, -265.354), (34.3348, -270.699), (12.5, -254.05), (12.5, -165.563), (19.6499, -159.499), (58.7506, -164.794), (91.0041, -213.876), (104.41, -265.354)))
(((59.6465, -66.0436), (36.105, -69.2993), (2.42136, 16.0326), (14.9943, 25.2729), (61.0932, 5.62422), (90.7707, -34.4405), (59.6465, -66.0436)))
(((-30.2633, -389.695), (34.3348, -270.699), (104.41, -265.354), (132.965, -282.727), (148, -329), (148, -329), (128.902, -387.779), (78.9017, -424.106), (17.0983, -424.106), (-30.2633, -389.695)))
(((99.154, 436.009), (79.7012, 424.092), (32.6683, 419.349), (1.97269, 483.371), (29.1571, 534.952), (44.4694, 539.128), (99.4985, 453.922), (99.154, 436.009)))
(((58.7506, -164.794), (19.6499, -159.499), (4.77967, -89.522), (36.105, -69.2993), (59.6465, -66.0436), (92.5788, -126.23), (58.7506, -164.794)))
(((96.9007, 303.695), (54.5116, 301.576), (6.21923, 358.492), (7.89145, 394.277), (32.6683, 419.349), (79.7012, 424.092), (96.9007, 303.695)))
(((103.34, 61.9535), (61.0932, 5.62422), (14.9943, 25.2729), (29.2565, 81.6735), (52.3114, 102.198), (61.3441, 100.563), (103.34, 61.9535)))
(((130.518, 255.332), (93.2476, 203.011), (63.318, 196.051), (8.12658, 245.11), (9.13287, 250.524), (54.5116, 301.576), (96.9007, 303.695), (100.689, 302.215), (126.029, 270.619), (130.518, 255.332)))
(((129.725, 146.15), (61.3441, 100.563), (52.3114, 102.198), (37.9008, 142.039), (63.318, 196.051), (93.2476, 203.011), (129.725, 146.15)))
(((128.835, -30.0903), (90.7707, -34.4405), (61.0932, 5.62422), (103.34, 61.9535), (130.5, 52.4639), (130.5, -27.5794), (128.835, -30.0903)))
(((99.4985, 453.922), (44.4694, 539.128), (80.5875, 574.789), (148.533, 537.132), (99.4985, 453.922)))
(((150.467, -72.8386), (100.504, -125.829), (92.5788, -126.23), (59.6465, -66.0436), (90.7707, -34.4405), (128.835, -30.0903), (150.467, -72.8386)))
(((140.402, -152.717), (91.0041, -213.876), (58.7506, -164.794), (92.5788, -126.23), (100.504, -125.829), (140.402, -152.717)))
(((168.464, 375.759), (100.689, 302.215), (96.9007, 303.695), (79.7012, 424.092), (99.154, 436.009), (134.615, 424.297), (168.464, 375.759)))
(((130.5, 52.4639), (103.34, 61.9535), (61.3441, 100.563), (129.725, 146.15), (133.659, 145.39), (145.728, 60.9035), (130.5, 52.4639)))
(((225.611, -214.896), (215.902, -244.779), (165.902, -281.106), (130.3, -281.106), (104.41, -265.354), (91.0041, -213.876), (140.402, -152.717), (191.979, -156.566), (225.611, -214.896)))
(((216.317, 204.238), (139.559, 146.669), (133.659, 145.39), (129.725, 146.15), (93.2476, 203.011), (130.518, 255.332), (216.317, 204.238)))
(((191.979, -156.566), (140.402, -152.717), (100.504, -125.829), (150.467, -72.8386), (193.568, -100.424), (191.979, -156.566)))
(((241.176, 592.463), (171.702, 539.129), (148.533, 537.132), (80.5875, 574.789), (77.6514, 665.805), (111.098, 690.106), (172.902, 690.106), (222.902, 653.779), (242, 595), (242, 595), (241.176, 592.463)))
(((190.92, 464.515), (134.615, 424.297), (99.154, 436.009), (99.4985, 453.922), (148.533, 537.132), (171.702, 539.129), (190.92, 464.515)))
(((157.905, 62.4257), (145.728, 60.9035), (133.659, 145.39), (139.559, 146.669), (198.474, 94.3009), (157.905, 62.4257)))
(((201.967, 313.765), (126.029, 270.619), (100.689, 302.215), (168.464, 375.759), (199.61, 367.973), (201.967, 313.765)))
(((218.189, 0.258367), (130.5, -27.5794), (130.5, 52.4639), (145.728, 60.9035), (157.905, 62.4257), (218.189, 0.258367)))
(((274.015, 112.504), (198.474, 94.3009), (139.559, 146.669), (216.317, 204.238), (249.605, 201.713), (261.902, 192.779), (281, 134), (281, 134), (274.015, 112.504)))
(((284.39, -32.8895), (193.568, -100.424), (150.467, -72.8386), (128.835, -30.0903), (130.5, -27.5794), (218.189, 0.258367), (276.199, -7.67984), (284.39, -32.8895)))
(((247.633, 201.862), (216.317, 204.238), (130.518, 255.332), (126.029, 270.619), (201.967, 313.765), (279.662, 241.029), (272.902, 220.221), (247.633, 201.862)))
(((238.292, 385.519), (199.61, 367.973), (168.464, 375.759), (134.615, 424.297), (190.92, 464.515), (222.066, 453.422), (241.656, 389.308), (238.292, 385.519)))
(((281.112, -8.35219), (218.189, 0.258367), (157.905, 62.4257), (198.474, 94.3009), (277.121, 113.252), (281.902, 109.779), (301, 51), (301, 51), (281.902, -7.77853), (281.112, -8.35219)))
(((239.407, 591.106), (248.902, 591.106), (298.902, 554.779), (306.956, 529.99), (222.066, 453.422), (190.92, 464.515), (171.702, 539.129), (239.407, 591.106)))
(((280.182, 240.543), (201.967, 313.765), (199.61, 367.973), (238.292, 385.519), (292.657, 249.607), (280.182, 240.543)))
(((226.885, -217.106), (191.979, -156.566), (193.568, -100.424), (284.767, -32.609), (326.902, -63.2215), (346, -122), (346, -122), (326.902, -180.779), (276.902, -217.106), (226.885, -217.106)))
(((351.936, 407.87), (241.656, 389.308), (222.066, 453.422), (307.79, 530.742), (344.902, 503.779), (364, 445), (364, 445), (351.936, 407.87)))
(((292.942, 248.894), (238.292, 385.519), (241.656, 389.308), (354.337, 408.275), (361.902, 402.779), (381, 344), (381, 344), (361.902, 285.221), (311.902, 248.894), (292.942, 248.894)))
