(((-223.929, 483.437), (-242.902, 497.221), (-262, 556), (-242.902, 614.779), (-192.902, 651.106), (-131.098, 651.106), (-121.242, 643.945), (-110.582, 529.052), (-223.929, 483.437)))
(((-201.692, -245.368), (-225.902, -227.779), (-245, -169), (-225.902, -110.221), (-175.902, -73.8943), (-162.024, -73.8943), (-102.071, -139.929), (-97.4008, -151.482), (-99.7617, -182.511), (-201.692, -245.368)))
(((-162.482, 380.769), (-209.902, 415.221), (-229, 474), (-226.235, 482.509), (-110.582, 529.052), (-70.9463, 501.177), (-80.5488, 421.403), (-162.482, 380.769)))
(((-202.516, -245.877), (-99.7617, -182.511), (-50.6487, -233.478), (-143.756, -320.579), (-188.902, -287.779), (-202.516, -245.877)))
(((-160.915, -75.1158), (-149.902, -41.2215), (-117.659, -17.7956), (-82.1057, -33.6361), (-36.6054, -87.8031), (-34.1443, -100.487), (-102.071, -139.929), (-160.915, -75.1158)))
(((-116.317, 268.547), (-148.902, 292.221), (-168, 351), (-157.529, 383.225), (-80.5488, 421.403), (-38.0675, 403.252), (-26.2102, 359.056), (-76.059, 278.996), (-116.317, 268.547)))
(((-121.047, 641.837), (-95.9017, 660.106), (-34.0983, 660.106), (-29.9287, 657.076), (-26.2754, 520.076), (-70.9463, 501.177), (-110.582, 529.052), (-121.047, 641.837)))
(((-36.7961, -233.116), (-50.6487, -233.478), (-99.7617, -182.511), (-97.4008, -151.482), (-33.9022, -154.304), (-17.3134, -190.498), (-36.7961, -233.116)))
(((-16.7044, -119.909), (-33.9022, -154.304), (-97.4008, -151.482), (-102.071, -139.929), (-34.1443, -100.487), (-16.7044, -119.909)))
(((-127.922, -351.943), (-130.902, -349.779), (-141.174, -318.163), (-50.6487, -233.478), (-36.7961, -233.116), (-17.5, -248.693), (-17.5, -332.739), (-127.922, -351.943)))
(((-70.5738, -473.985), (-114.902, -441.779), (-134, -383), (-123.669, -351.203), (-17.5, -332.739), (20.7986, -353.137), (-70.5738, -473.985)))
(((-115.667, 163.577), (-134, 220), (-118.402, 268.006), (-76.059, 278.996), (-4.06787, 265.039), (11.7913, 234.762), (-42.0268, 169.528), (-115.667, 163.577)))
(((-103.422, 59.693), (-106.902, 62.2215), (-126, 121), (-112.071, 163.868), (-42.0268, 169.528), (26.299, 136.4), (22.7532, 122.371), (-6.26534, 75.8068), (-42.4189, 60.7097), (-103.422, 59.693)))
(((-117.933, -17.6736), (-124, 1), (-104.938, 59.6677), (-42.4189, 60.7097), (5.52531, 1.19272), (-7.26447, -27.2936), (-82.1057, -33.6361), (-117.933, -17.6736)))
(((38.1588, 489.794), (-8.81794, 414.885), (-38.0675, 403.252), (-80.5488, 421.403), (-70.9463, 501.177), (-26.2754, 520.076), (38.7466, 501.06), (38.1588, 489.794)))
(((17.1299, -56.3031), (-36.6054, -87.8031), (-82.1057, -33.6361), (-7.26447, -27.2936), (17.1299, -56.3031)))
(((42.5421, 321.143), (-4.06787, 265.039), (-76.059, 278.996), (-26.2102, 359.056), (42.0736, 323.052), (42.5421, 321.143)))
(((41.7183, -166.448), (-17.3134, -190.498), (-33.9022, -154.304), (-16.7044, -119.909), (-3.07899, -120.519), (40.9222, -160.007), (41.7183, -166.448)))
(((34.1303, -77.9939), (-3.07899, -120.519), (-16.7044, -119.909), (-34.1443, -100.487), (-36.6054, -87.8031), (17.1299, -56.3031), (29.7711, -61.4745), (34.1303, -77.9939)))
(((58.9807, 158.066), (26.299, 136.4), (-42.0268, 169.528), (11.7913, 234.762), (41.5021, 217.785), (58.9807, 158.066)))
(((106.04, -416.956), (87.9017, -472.779), (37.9017, -509.106), (-23.9017, -509.106), (-71.1651, -474.767), (20.7986, -353.137), (42.2913, -354.535), (106.04, -416.956)))
(((-29.8887, 655.576), (-20.9017, 662.106), (24.002, 662.106), (54.339, 512.754), (38.7466, 501.06), (-26.2754, 520.076), (-29.8887, 655.576)))
(((37.9936, 9.46895), (5.52531, 1.19272), (-42.4189, 60.7097), (-6.26534, 75.8068), (44.884, 42.7728), (37.9936, 9.46895)))
(((42.0736, 323.052), (-26.2102, 359.056), (-38.0675, 403.252), (-8.81794, 414.885), (62.2564, 381.438), (42.0736, 323.052)))
(((42.2913, -354.535), (20.7986, -353.137), (-17.5, -332.739), (-17.5, -248.693), (38.3858, -250.039), (49.2748, -258.691), (54.625, -315.25), (42.2913, -354.535)))
(((51.5104, -176.542), (38.3858, -250.039), (-17.5, -248.693), (-36.7961, -233.116), (-17.3134, -190.498), (41.7183, -166.448), (51.5104, -176.542)))
(((67.8667, -25), (29.7711, -61.4745), (17.1299, -56.3031), (-7.26447, -27.2936), (5.52531, 1.19272), (37.9936, 9.46895), (67.8667, -25)))
(((68.2389, -107.325), (40.9222, -160.007), (-3.07899, -120.519), (34.1303, -77.9939), (68.1846, -106.976), (68.2389, -107.325)))
(((68.2448, 385.759), (62.2564, 381.438), (-8.81794, 414.885), (38.1588, 489.794), (81.0327, 412.344), (68.2448, 385.759)))
(((44.884, 42.7728), (-6.26534, 75.8068), (22.7532, 122.371), (80.5323, 58.8145), (44.884, 42.7728)))
(((79.2315, 244.836), (41.5021, 217.785), (11.7913, 234.762), (-4.06787, 265.039), (42.5421, 321.143), (85.1728, 297.46), (79.2315, 244.836)))
(((101.691, 60.137), (80.5323, 58.8145), (22.7532, 122.371), (26.299, 136.4), (58.9807, 158.066), (80.9804, 153.588), (101.732, 60.2077), (101.691, 60.137)))
(((105.256, -67.7861), (68.1846, -106.976), (34.1303, -77.9939), (29.7711, -61.4745), (67.8667, -25), (68.7317, -25), (105.256, -67.7861)))
(((118.114, 14.6999), (68.7317, -25), (67.8667, -25), (37.9936, 9.46895), (44.884, 42.7728), (80.5323, 58.8145), (101.691, 60.137), (118.114, 14.6999)))
(((129.576, -208.78), (99.3609, -246.549), (49.2748, -258.691), (38.3858, -250.039), (51.5104, -176.542), (113.511, -185.635), (129.576, -208.78)))
(((24.1567, 661.344), (43.0983, 675.106), (104.902, 675.106), (137.944, 651.099), (138.93, 644.556), (85.4243, 517.728), (54.339, 512.754), (24.1567, 661.344)))
(((113.511, -185.635), (51.5104, -176.542), (41.7183, -166.448), (40.9222, -160.007), (68.2389, -107.325), (123.565, -139.137), (113.511, -185.635)))
(((123.976, 166.785), (80.9804, 153.588), (58.9807, 158.066), (41.5021, 217.785), (79.2315, 244.836), (117.298, 224.975), (123.976, 166.785)))
(((118.276, -292.785), (54.625, -315.25), (49.2748, -258.691), (99.3609, -246.549), (118.276, -292.785)))
(((135.754, 430.585), (81.0327, 412.344), (38.1588, 489.794), (38.7466, 501.06), (54.339, 512.754), (85.4243, 517.728), (115.341, 504.296), (135.754, 430.585)))
(((113.246, 302.883), (85.1728, 297.46), (42.5421, 321.143), (42.0736, 323.052), (62.2564, 381.438), (68.2448, 385.759), (130.798, 352.194), (113.246, 302.883)))
(((142.509, -405.399), (131.902, -413.106), (102.108, -413.106), (42.2913, -354.535), (54.625, -315.25), (118.276, -292.785), (138.557, -305.266), (142.509, -405.399)))
(((123.565, -139.137), (68.2389, -107.325), (68.1846, -106.976), (105.256, -67.7861), (118.117, -68.521), (137.802, -126.171), (123.565, -139.137)))
(((158.086, -42.1125), (118.117, -68.521), (105.256, -67.7861), (68.7317, -25), (118.114, 14.6999), (129.373, 8.8621), (158.34, -38.6731), (158.086, -42.1125)))
(((155.595, 261.308), (117.298, 224.975), (79.2315, 244.836), (85.1728, 297.46), (113.246, 302.883), (157.242, 275.304), (155.595, 261.308)))
(((159.133, 369.103), (130.798, 352.194), (68.2448, 385.759), (81.0327, 412.344), (135.754, 430.585), (164.599, 416.659), (159.133, 369.103)))
(((151.941, 87.7419), (101.732, 60.2077), (80.9804, 153.588), (123.976, 166.785), (127.82, 165.717), (165.245, 111.28), (151.941, 87.7419)))
(((171.522, -275.664), (138.557, -305.266), (118.276, -292.785), (99.3609, -246.549), (129.576, -208.78), (141.794, -211.634), (171.522, -275.664)))
(((194.233, 525.005), (115.341, 504.296), (85.4243, 517.728), (138.93, 644.556), (191.59, 556.431), (194.233, 525.005)))
(((193.715, -84.285), (154.167, -123.833), (137.802, -126.171), (118.117, -68.521), (158.086, -42.1125), (193.715, -84.285)))
(((191.196, 199.385), (127.82, 165.717), (123.976, 166.785), (117.298, 224.975), (155.595, 261.308), (191.759, 201.45), (191.196, 199.385)))
(((184.724, 37.8553), (129.373, 8.8621), (118.114, 14.6999), (101.691, 60.137), (101.732, 60.2077), (151.941, 87.7419), (184.724, 37.8553)))
(((217.478, 308.942), (157.242, 275.304), (113.246, 302.883), (130.798, 352.194), (159.133, 369.103), (214.944, 315.438), (217.478, 308.942)))
(((141.794, -211.634), (129.576, -208.78), (113.511, -185.635), (123.565, -139.137), (137.802, -126.171), (154.167, -123.833), (211.387, -185), (141.794, -211.634)))
(((208.384, 511.331), (193.52, 430.076), (164.599, 416.659), (135.754, 430.585), (115.341, 504.296), (194.233, 525.005), (208.384, 511.331)))
(((245.907, 20.3394), (158.34, -38.6731), (129.373, 8.8621), (184.724, 37.8553), (235.541, 27.6918), (245.907, 20.3394)))
(((142.594, -407.56), (138.557, -305.266), (171.522, -275.664), (269.302, -291.308), (277, -315), (277, -315), (257.902, -373.779), (207.902, -410.106), (146.098, -410.106), (142.594, -407.56)))
(((198.105, 113.259), (165.245, 111.28), (127.82, 165.717), (191.196, 199.385), (232.937, 143.035), (198.105, 113.259)))
(((235.541, 27.6918), (184.724, 37.8553), (151.941, 87.7419), (165.245, 111.28), (198.105, 113.259), (235.541, 27.6918)))
(((272.179, -291.769), (171.522, -275.664), (141.794, -211.634), (211.387, -185), (271.129, -185), (289, -240), (289, -240), (272.179, -291.769)))
(((271.129, -185), (211.387, -185), (154.167, -123.833), (193.715, -84.285), (279.405, -100.471), (289, -130), (289, -130), (271.129, -185)))
(((288.16, 274.206), (191.759, 201.45), (155.595, 261.308), (157.242, 275.304), (217.478, 308.942), (288.159, 274.211), (288.16, 274.206)))
(((214.944, 315.438), (159.133, 369.103), (164.599, 416.659), (193.52, 430.076), (239.371, 409.388), (214.944, 315.438)))
(((283.506, -101.246), (193.715, -84.285), (158.086, -42.1125), (158.34, -38.6731), (245.907, 20.3394), (289.623, 10.4039), (306, -40), (306, -40), (286.902, -98.7785), (283.506, -101.246)))
(((137.313, 655.285), (139.098, 660.779), (189.098, 697.106), (234.904, 697.106), (244.273, 589.358), (191.59, 556.431), (138.93, 644.556), (137.313, 655.285)))
(((286.479, 11.1183), (245.907, 20.3394), (235.541, 27.6918), (198.105, 113.259), (232.937, 143.035), (319.694, 142.184), (336, 92), (336, 92), (316.902, 33.2215), (286.479, 11.1183)))
(((320.163, 142.18), (232.937, 143.035), (191.196, 199.385), (191.759, 201.45), (288.164, 274.208), (288.445, 274.18), (317.902, 252.779), (337, 194), (337, 194), (320.163, 142.18)))
(((293.796, 416.835), (239.371, 409.388), (193.52, 430.076), (208.384, 511.331), (257.04, 509.46), (293.796, 416.835)))
(((257.04, 509.46), (208.384, 511.331), (194.233, 525.005), (191.59, 556.431), (244.273, 589.358), (317.333, 554.489), (257.04, 509.46)))
(((292.932, 273.729), (288.164, 274.208), (217.478, 308.942), (214.944, 315.438), (239.371, 409.388), (293.796, 416.835), (343.196, 396.252), (354, 363), (354, 363), (334.902, 304.221), (292.932, 273.729)))
(((352.826, 565.454), (317.333, 554.489), (244.273, 589.358), (234.588, 700.735), (235.098, 701.106), (296.902, 701.106), (346.902, 664.779), (366, 606), (366, 606), (352.826, 565.454)))
(((345.235, 395.402), (293.796, 416.835), (257.04, 509.46), (317.333, 554.489), (352.467, 565.344), (384.902, 541.779), (404, 483), (404, 483), (384.902, 424.221), (345.235, 395.402)))
