(((-266.474, -216.347), (-287.902, -200.779), (-307, -142), (-287.902, -83.2215), (-243.761, -51.1514), (-191.281, -95.3844), (-174.318, -150.264), (-188.796, -189.92), (-266.474, -216.347)))
(((-223.412, -390.735), (-272.902, -354.779), (-292, -296), (-273.458, -238.934), (-163.734, -273.584), (-178.755, -350.361), (-223.412, -390.735)))
(((-273.93, -238.785), (-266.66, -216.41), (-188.796, -189.92), (-174.763, -195.609), (-145.253, -230.038), (-161.753, -272.744), (-163.734, -273.584), (-273.93, -238.785)))
(((-222.831, 524.647), (-253.902, 547.221), (-273, 606), (-253.902, 664.779), (-203.902, 701.106), (-142.098, 701.106), (-123.098, 687.301), (-134.1, 552.125), (-136.814, 548.732), (-222.831, 524.647)))
(((-128.643, -103.374), (-137.686, -142.937), (-174.318, -150.264), (-191.281, -95.3844), (-132.005, -99.8581), (-128.643, -103.374)))
(((-241.771, -52.8288), (-228.902, -13.2215), (-178.902, 23.1057), (-122.376, 23.1057), (-109.166, 6.72573), (-132.005, -99.8581), (-191.281, -95.3844), (-241.771, -52.8288)))
(((-105.195, -295.666), (-128.425, -334.633), (-178.755, -350.361), (-163.734, -273.584), (-161.753, -272.744), (-109.65, -289.757), (-105.195, -295.666)))
(((-121.859, -178.903), (-174.763, -195.609), (-188.796, -189.92), (-174.318, -150.264), (-137.686, -142.937), (-114.271, -162.693), (-121.859, -178.903)))
(((-162.484, 385.894), (-168.902, 385.894), (-218.902, 422.221), (-238, 481), (-223.917, 524.343), (-136.814, 548.732), (-89.1263, 479.849), (-119.421, 415.273), (-162.484, 385.894)))
(((-105.569, -228.54), (-145.253, -230.038), (-174.763, -195.609), (-121.859, -178.903), (-100.942, -224.657), (-105.569, -228.54)))
(((-109.65, -289.757), (-161.753, -272.744), (-145.253, -230.038), (-105.569, -228.54), (-109.65, -289.757)))
(((-162.371, -460.132), (-206.902, -427.779), (-219.954, -387.609), (-178.755, -350.361), (-128.425, -334.633), (-83.661, -378.041), (-144.572, -451.383), (-162.371, -460.132)))
(((-87.4668, -152.765), (-114.271, -162.693), (-137.686, -142.937), (-128.643, -103.374), (-97.9475, -109.867), (-83.693, -141.616), (-87.4668, -152.765)))
(((-99.9448, -0.211253), (-75.3469, -81.2395), (-97.9475, -109.867), (-128.643, -103.374), (-132.005, -99.8581), (-109.166, 6.72573), (-99.9448, -0.211253)))
(((-72.6901, -219.948), (-100.942, -224.657), (-121.859, -178.903), (-114.271, -162.693), (-87.4668, -152.765), (-65.7782, -183.265), (-72.6048, -219.88), (-72.6901, -219.948)))
(((-83.661, -378.041), (-128.425, -334.633), (-105.195, -295.666), (-99.2554, -296.36), (-64.659, -337.134), (-82.488, -377.655), (-83.661, -378.041)))
(((-122.835, 690.521), (-117.902, 694.106), (-56.0983, 694.106), (-6.0983, 657.779), (9.88605, 608.584), (-3.521, 577.167), (-134.1, 552.125), (-122.835, 690.521)))
(((-60.8723, -277.56), (-99.2554, -296.36), (-105.195, -295.666), (-109.65, -289.757), (-105.569, -228.54), (-100.942, -224.657), (-72.6901, -219.948), (-60.8723, -277.56)))
(((-128.713, -636.618), (-162.902, -611.779), (-182, -553), (-165.07, -500.894), (-42.7036, -526.851), (-21.6687, -550.6), (-128.713, -636.618)))
(((-3.45488, 575.591), (-26.2091, 494.774), (-30.1567, 491.217), (-89.1263, 479.849), (-136.814, 548.732), (-134.1, 552.125), (-3.521, 577.167), (-3.45488, 575.591)))
(((-163.368, -501.255), (-168, -487), (-158.681, -458.318), (-144.572, -451.383), (-37.424, -452.936), (-42.7036, -526.851), (-163.368, -501.255)))
(((-42.857, -126.766), (-83.693, -141.616), (-97.9475, -109.867), (-75.3469, -81.2395), (-62.3571, -86.2143), (-38.6432, -118.177), (-42.857, -126.766)))
(((-37.424, -452.936), (-144.572, -451.383), (-83.661, -378.041), (-82.488, -377.655), (-46.3047, -391.525), (-25.0757, -443.632), (-37.424, -452.936)))
(((-113.109, 226.396), (-145.902, 250.221), (-165, 309), (-154.44, 341.5), (-54.375, 341.5), (-9.32453, 305.46), (-5.47954, 295.691), (-113.109, 226.396)))
(((-154.44, 341.5), (-165, 374), (-160.751, 387.076), (-119.421, 415.273), (-30.5729, 404.972), (-54.375, 341.5), (-154.44, 341.5)))
(((-33.3341, -326.484), (-64.659, -337.134), (-99.2554, -296.36), (-60.8723, -277.56), (-46.5501, -281.329), (-33.3341, -326.484)))
(((-30.5729, 404.972), (-119.421, 415.273), (-89.1263, 479.849), (-30.1567, 491.217), (-27.176, 406.266), (-30.5729, 404.972)))
(((-27.2869, -170.733), (-65.7782, -183.265), (-87.4668, -152.765), (-83.693, -141.616), (-42.857, -126.766), (-25.1719, -163.119), (-27.2869, -170.733)))
(((-21.205, -63.9235), (-62.3571, -86.2143), (-75.3469, -81.2395), (-99.9448, -0.211253), (-32.8036, -19.1859), (-21.205, -63.9235)))
(((-27.1715, -270.132), (-46.5501, -281.329), (-60.8723, -277.56), (-72.6901, -219.948), (-72.6048, -219.88), (-22.9993, -227.368), (-27.1715, -270.132)))
(((-5.02941, -357.853), (-46.3047, -391.525), (-82.488, -377.655), (-64.659, -337.134), (-33.3341, -326.484), (-9.45455, -335.727), (-5.02941, -357.853)))
(((-22.9993, -227.368), (-72.6048, -219.88), (-65.7782, -183.265), (-27.2869, -170.733), (-17.0142, -185.408), (-22.497, -227.077), (-22.9993, -227.368)))
(((53.4855, -638.283), (43.9017, -667.779), (-6.0983, -704.106), (-67.9017, -704.106), (-117.902, -667.779), (-128.169, -636.18), (-21.6687, -550.6), (-19.1364, -551.136), (53.4855, -638.283)))
(((-7.86364, -78.3182), (-37.3077, -117.577), (-38.6432, -118.177), (-62.3571, -86.2143), (-21.205, -63.9235), (-7.86364, -78.3182)))
(((-108.043, 76.785), (-116.902, 83.2215), (-136, 142), (-116.902, 200.779), (-110.98, 205.081), (-23.7695, 188.381), (-8.63559, 110.82), (-61.7195, 81.6611), (-108.043, 76.785)))
(((-9.32453, 305.46), (-54.375, 341.5), (-30.5729, 404.972), (-27.176, 406.266), (12.1889, 394.823), (-9.32453, 305.46)))
(((-122.433, 23.1767), (-124, 28), (-108.153, 76.7734), (-61.7195, 81.6611), (24.0924, 27.7792), (1.72299, -6.79175), (-32.8036, -19.1859), (-99.9448, -0.211253), (-109.166, 6.72573), (-122.433, 23.1767)))
(((-9.45455, -335.727), (-33.3341, -326.484), (-46.5501, -281.329), (-27.1715, -270.132), (-0.0313059, -280.062), (2.98096, -322.233), (-9.45455, -335.727)))
(((-107.753, 204.463), (-114.573, 225.453), (-5.47954, 295.691), (11.7608, 288.325), (4.51537, 195.946), (-23.7695, 188.381), (-107.753, 204.463)))
(((16.8458, -141.473), (-25.1719, -163.119), (-42.857, -126.766), (-38.6432, -118.177), (-37.3077, -117.577), (14.2603, -128.627), (17.5285, -132.736), (16.8458, -141.473)))
(((4.53143, -443.321), (-25.0757, -443.632), (-46.3047, -391.525), (-5.02941, -357.853), (-3.91398, -358.779), (15.2039, -433.126), (4.53143, -443.321)))
(((25.0556, -489.5), (13.5789, -518.421), (-19.1364, -551.136), (-21.6687, -550.6), (-42.7036, -526.851), (-37.424, -452.936), (-25.0757, -443.632), (4.53143, -443.321), (25.0556, -489.5)))
(((14.2603, -128.627), (-37.3077, -117.577), (-7.86364, -78.3182), (5.53673, -81.2708), (14.2603, -128.627)))
(((29.0629, -259.39), (-0.0313059, -280.062), (-27.1715, -270.132), (-22.9993, -227.368), (-22.497, -227.077), (12.7961, -230.471), (29.0629, -259.39)))
(((12.7961, -230.471), (-22.497, -227.077), (-17.0142, -185.408), (16.6685, -187.45), (18.5604, -220.556), (12.7961, -230.471)))
(((29.1275, 399.785), (12.1889, 394.823), (-27.176, 406.266), (-30.1567, 491.217), (-26.2091, 494.774), (48.8981, 451.443), (29.1275, 399.785)))
(((33.5378, -169.492), (16.6685, -187.45), (-17.0142, -185.408), (-27.2869, -170.733), (-25.1719, -163.119), (16.8458, -141.473), (33.5378, -169.492)))
(((31.2089, 31.1329), (24.0924, 27.7792), (-61.7195, 81.6611), (-8.63559, 110.82), (12.6338, 110.281), (45.2885, 56.9455), (31.2089, 31.1329)))
(((32.1849, -68.4592), (5.53673, -81.2708), (-7.86364, -78.3182), (-21.205, -63.9235), (-32.8036, -19.1859), (1.72299, -6.79175), (32.6289, -43.1517), (32.1849, -68.4592)))
(((50.8505, 146.938), (12.6338, 110.281), (-8.63559, 110.82), (-23.7695, 188.381), (4.51537, 195.946), (41.8963, 183.182), (50.8505, 146.938)))
(((39.0506, -424.027), (15.2039, -433.126), (-3.91398, -358.779), (37.2822, -367.205), (50.1055, -399.264), (39.0506, -424.027)))
(((56.6438, -302.425), (48.3945, -314.059), (2.98096, -322.233), (-0.0313059, -280.062), (29.0629, -259.39), (32.1602, -260.39), (56.3942, -285.201), (56.6438, -302.425)))
(((53.241, -114.88), (17.5285, -132.736), (14.2603, -128.627), (5.53673, -81.2708), (32.1849, -68.4592), (63.2688, -87.9628), (53.241, -114.88)))
(((60.4353, 295.402), (34.9109, 289.137), (11.7608, 288.325), (-5.47954, 295.691), (-9.32453, 305.46), (12.1889, 394.823), (29.1275, 399.785), (91.5574, 352.044), (60.4353, 295.402)))
(((48.8981, 451.443), (-26.2091, 494.774), (-3.45488, 575.591), (85.4971, 473.932), (48.8981, 451.443)))
(((56.1169, -346.353), (37.2822, -367.205), (-3.91398, -358.779), (-5.02941, -357.853), (-9.45455, -335.727), (2.98096, -322.233), (48.3945, -314.059), (56.1169, -346.353)))
(((41.8963, 183.182), (4.51537, 195.946), (11.7608, 288.325), (34.9109, 289.137), (51.7385, 192.379), (41.8963, 183.182)))
(((63.1057, -207.358), (18.5604, -220.556), (16.6685, -187.45), (33.5378, -169.492), (38.8021, -170.741), (64.2707, -204.046), (63.1057, -207.358)))
(((105.613, -614.613), (71.9017, -639.106), (54.1714, -639.106), (-19.1364, -551.136), (13.5789, -518.421), (79.2604, -541.879), (105.613, -614.613)))
(((66.5997, -227.448), (32.1602, -260.39), (29.0629, -259.39), (12.7961, -230.471), (18.5604, -220.556), (63.1057, -207.358), (66.5997, -227.448)))
(((67.1407, -26.3888), (32.6289, -43.1517), (1.72299, -6.79175), (24.0924, 27.7792), (31.2089, 31.1329), (75.9309, -4.64469), (67.1407, -26.3888)))
(((75.8659, -148.278), (38.8021, -170.741), (33.5378, -169.492), (16.8458, -141.473), (17.5285, -132.736), (53.241, -114.88), (75.8659, -148.278)))
(((79.2604, -541.879), (13.5789, -518.421), (25.0556, -489.5), (81.9237, -489.5), (79.2604, -541.879)))
(((81.9237, -489.5), (25.0556, -489.5), (4.53143, -443.321), (15.2039, -433.126), (39.0506, -424.027), (78.9212, -445.135), (90.5035, -480.461), (81.9237, -489.5)))
(((83.1155, 71.656), (45.2885, 56.9455), (12.6338, 110.281), (50.8505, 146.938), (69.2829, 136.932), (90.582, 85.9996), (83.1155, 71.656)))
(((90.4432, 212.624), (51.7385, 192.379), (34.9109, 289.137), (60.4353, 295.402), (98.3466, 254.964), (90.4432, 212.624)))
(((75.1435, -84.7396), (63.2688, -87.9628), (32.1849, -68.4592), (32.6289, -43.1517), (67.1407, -26.3888), (89.1507, -67.6576), (75.1435, -84.7396)))
(((79.2086, -387.906), (50.1055, -399.264), (37.2822, -367.205), (56.1169, -346.353), (85.9743, -357.836), (79.2086, -387.906)))
(((83.0459, -268.3), (56.3942, -285.201), (32.1602, -260.39), (66.5997, -227.448), (83.7904, -240.757), (83.0459, -268.3)))
(((80.7868, -149.281), (89.98, -192.62), (64.2707, -204.046), (38.8021, -170.741), (75.8659, -148.278), (80.7868, -149.281)))
(((8.21477, 604.667), (39.0983, 627.106), (100.902, 627.106), (130.507, 605.596), (105.998, 475.843), (85.4971, 473.932), (-3.45488, 575.591), (-3.521, 577.167), (8.21477, 604.667)))
(((108.979, -345.855), (85.9743, -357.836), (56.1169, -346.353), (48.3945, -314.059), (56.6438, -302.425), (105.742, -319.61), (110.776, -341.183), (108.979, -345.855)))
(((78.9212, -445.135), (39.0506, -424.027), (50.1055, -399.264), (79.2086, -387.906), (110.026, -411.02), (78.9212, -445.135)))
(((101.558, -139.558), (80.7868, -149.281), (75.8659, -148.278), (53.241, -114.88), (63.2688, -87.9628), (75.1435, -84.7396), (108.741, -120.654), (101.558, -139.558)))
(((113.566, 31.3545), (85.5459, -2.99211), (75.9309, -4.64469), (31.2089, 31.1329), (45.2885, 56.9455), (83.1155, 71.656), (113.566, 31.3545)))
(((113.16, 470.241), (105.036, 356.499), (91.5574, 352.044), (29.1275, 399.785), (48.8981, 451.443), (85.4971, 473.932), (105.998, 475.843), (113.16, 470.241)))
(((115.608, -227.831), (83.7904, -240.757), (66.5997, -227.448), (63.1057, -207.358), (64.2707, -204.046), (89.98, -192.62), (107.57, -197.017), (115.608, -227.831)))
(((130.701, 159.147), (69.2829, 136.932), (50.8505, 146.938), (41.8963, 183.182), (51.7385, 192.379), (90.4432, 212.624), (137.215, 175.023), (130.701, 159.147)))
(((105.742, -319.61), (56.6438, -302.425), (56.3942, -285.201), (83.0459, -268.3), (127.789, -280.604), (105.742, -319.61)))
(((117.125, -57.8422), (89.1507, -67.6576), (67.1407, -26.3888), (75.9309, -4.64469), (85.5459, -2.99211), (120.362, -31.4783), (117.125, -57.8422)))
(((118.183, -409.725), (110.026, -411.02), (79.2086, -387.906), (85.9743, -357.836), (108.979, -345.855), (133.987, -389.346), (118.183, -409.725)))
(((127.789, -280.604), (83.0459, -268.3), (83.7904, -240.757), (115.608, -227.831), (129.546, -238.284), (130.997, -278.903), (127.789, -280.604)))
(((107.57, -197.017), (89.98, -192.62), (80.7868, -149.281), (101.558, -139.558), (135.76, -173.76), (107.57, -197.017)))
(((140.144, 100.624), (90.582, 85.9996), (69.2829, 136.932), (130.701, 159.147), (143.43, 107.385), (140.144, 100.624)))
(((153.871, -604.683), (140.902, -614.106), (105.43, -614.106), (79.2604, -541.879), (81.9237, -489.5), (90.5035, -480.461), (138.968, -481.736), (153.871, -604.683)))
(((143.114, -87.7301), (129.737, -112.344), (108.741, -120.654), (75.1435, -84.7396), (89.1507, -67.6576), (117.125, -57.8422), (141.231, -75.6813), (143.114, -87.7301)))
(((138.968, -481.736), (90.5035, -480.461), (78.9212, -445.135), (110.026, -411.02), (118.183, -409.725), (154.795, -466.84), (138.968, -481.736)))
(((155.119, -5.4106), (120.362, -31.4783), (85.5459, -2.99211), (113.566, 31.3545), (154.244, 26.9737), (155.119, -5.4106)))
(((139, 340.711), (139, 261.007), (98.3466, 254.964), (60.4353, 295.402), (91.5574, 352.044), (105.036, 356.499), (128.37, 353.019), (139, 340.711)))
(((154.244, 26.9737), (113.566, 31.3545), (83.1155, 71.656), (90.582, 85.9996), (140.144, 100.624), (168.371, 41.9981), (154.244, 26.9737)))
(((160.878, -158.782), (140.636, -173.402), (135.76, -173.76), (101.558, -139.558), (108.741, -120.654), (129.737, -112.344), (163.063, -151.465), (160.878, -158.782)))
(((171.938, 190.503), (137.215, 175.023), (90.4432, 212.624), (98.3466, 254.964), (139, 261.007), (164.388, 251.744), (171.938, 190.503)))
(((140.636, -173.402), (160.396, -221.39), (129.546, -238.284), (115.608, -227.831), (107.57, -197.017), (135.76, -173.76), (140.636, -173.402)))
(((164.941, -304.084), (158.486, -335.066), (110.776, -341.183), (105.742, -319.61), (127.789, -280.604), (130.997, -278.903), (151.332, -285.183), (164.941, -304.084)))
(((189.938, 405.947), (128.37, 353.019), (105.036, 356.499), (113.16, 470.241), (137.386, 464.935), (189.938, 405.947)))
(((156.969, -385.955), (133.987, -389.346), (108.979, -345.855), (110.776, -341.183), (158.486, -335.066), (175.775, -360.702), (156.969, -385.955)))
(((187.926, -44.1625), (141.231, -75.6813), (117.125, -57.8422), (120.362, -31.4783), (155.119, -5.4106), (185.777, -37.5279), (187.926, -44.1625)))
(((171.801, -462.269), (154.795, -466.84), (118.183, -409.725), (133.987, -389.346), (156.969, -385.955), (194.81, -441.261), (171.801, -462.269)))
(((177.984, -137.585), (163.063, -151.465), (129.737, -112.344), (143.114, -87.7301), (183.443, -108.471), (177.984, -137.585)))
(((184.751, -254.898), (151.332, -285.183), (130.997, -278.903), (129.546, -238.284), (160.396, -221.39), (164.624, -222.221), (186.916, -247.39), (184.751, -254.898)))
(((164.388, 251.744), (139, 261.007), (139, 340.711), (228.192, 296.897), (164.388, 251.744)))
(((225.318, 585.1), (197.446, 499.255), (137.386, 464.935), (113.16, 470.241), (105.998, 475.843), (131.359, 610.106), (190.902, 610.106), (225.318, 585.1)))
(((217.426, 167.225), (204.96, 120.921), (143.43, 107.385), (130.701, 159.147), (137.215, 175.023), (171.938, 190.503), (211.962, 174.841), (217.426, 167.225)))
(((198.464, -189.735), (164.624, -222.221), (160.396, -221.39), (140.636, -173.402), (160.878, -158.782), (198.464, -189.735)))
(((195.427, -49.4012), (198.672, -98.087), (183.443, -108.471), (143.114, -87.7301), (141.231, -75.6813), (187.926, -44.1625), (195.427, -49.4012)))
(((245.112, -578.344), (206.902, -606.106), (154.043, -606.106), (138.968, -481.736), (154.795, -466.84), (171.801, -462.269), (245.112, -578.344)))
(((234.913, 51.7177), (168.371, 41.9981), (140.144, 100.624), (143.43, 107.385), (204.96, 120.921), (234.913, 51.7177)))
(((223.827, -306.947), (195.049, -359.497), (175.775, -360.702), (158.486, -335.066), (164.941, -304.084), (222.971, -306.607), (223.827, -306.947)))
(((240.871, 298.768), (228.192, 296.897), (139, 340.711), (128.37, 353.019), (189.938, 405.947), (226.666, 403.868), (231.62, 399.934), (258.487, 340.29), (240.871, 298.768)))
(((222.971, -306.607), (164.941, -304.084), (151.332, -285.183), (184.751, -254.898), (222.971, -306.607)))
(((194.81, -441.261), (156.969, -385.955), (175.775, -360.702), (195.049, -359.497), (263.706, -423.13), (194.81, -441.261)))
(((245.25, 46.9872), (185.777, -37.5279), (155.119, -5.4106), (154.244, 26.9737), (168.371, 41.9981), (234.913, 51.7177), (245.25, 46.9872)))
(((226.666, 403.868), (189.938, 405.947), (137.386, 464.935), (197.446, 499.255), (229.288, 453.033), (226.666, 403.868)))
(((214.239, -206.209), (202.855, -241.499), (186.916, -247.39), (164.624, -222.221), (198.464, -189.735), (202.493, -190.008), (214.239, -206.209)))
(((220.146, -168.824), (202.493, -190.008), (198.464, -189.735), (160.878, -158.782), (163.063, -151.465), (177.984, -137.585), (213.524, -145.947), (220.146, -168.824)))
(((256.759, 271.326), (211.962, 174.841), (171.938, 190.503), (164.388, 251.744), (228.192, 296.897), (240.871, 298.768), (256.759, 271.326)))
(((231.467, -108.623), (233.289, -120.166), (213.524, -145.947), (177.984, -137.585), (183.443, -108.471), (198.672, -98.087), (231.339, -108.513), (231.467, -108.623)))
(((223.827, -306.947), (222.971, -306.607), (184.751, -254.898), (186.916, -247.39), (202.855, -241.499), (236.895, -254.737), (242.267, -265.274), (227.157, -306.289), (223.827, -306.947)))
(((246.674, -580.818), (171.801, -462.269), (194.81, -441.261), (263.706, -423.13), (264.188, -423.176), (298.08, -438.004), (314, -487), (314, -487), (294.902, -545.779), (246.674, -580.818)))
(((317.122, -13.2187), (233.729, -48.7628), (195.427, -49.4012), (187.926, -44.1625), (185.777, -37.5279), (245.25, 46.9872), (301.138, 35.9727), (317.122, -13.2187)))
(((231.339, -108.513), (198.672, -98.087), (195.427, -49.4012), (233.729, -48.7628), (231.339, -108.513)))
(((236.895, -254.737), (202.855, -241.499), (214.239, -206.209), (247.911, -213.979), (236.895, -254.737)))
(((263.706, -423.13), (195.049, -359.497), (223.827, -306.947), (227.157, -306.289), (247.488, -318.8), (264.188, -423.176), (263.706, -423.13)))
(((262.178, -175.489), (248.961, -213.38), (247.911, -213.979), (214.239, -206.209), (202.493, -190.008), (220.146, -168.824), (257.553, -170.649), (262.178, -175.489)))
(((257.553, -170.649), (220.146, -168.824), (213.524, -145.947), (233.289, -120.166), (256.101, -139.413), (257.553, -170.649)))
(((225.32, 585.106), (232.453, 585.106), (274.086, 491.431), (229.288, 453.033), (197.446, 499.255), (225.32, 585.106)))
(((338.345, -59.5173), (231.467, -108.623), (231.339, -108.513), (233.729, -48.7628), (315.713, -13.819), (325.902, -21.2215), (338.345, -59.5173)))
(((296.233, 36.9395), (245.25, 46.9872), (234.913, 51.7177), (204.96, 120.921), (217.426, 167.225), (336.217, 148.109), (346, 118), (346, 118), (326.902, 59.2215), (296.233, 36.9395)))
(((341.252, 147.299), (217.426, 167.225), (211.962, 174.841), (256.759, 271.326), (359.494, 206.558), (360, 205), (360, 205), (341.252, 147.299)))
(((283.989, -259.948), (242.267, -265.274), (236.895, -254.737), (247.911, -213.979), (248.961, -213.38), (285.857, -229.657), (291.51, -250.25), (283.989, -259.948)))
(((352.566, -87.9648), (256.101, -139.413), (233.289, -120.166), (231.467, -108.623), (342.229, -57.7327), (342.902, -58.2215), (352.566, -87.9648)))
(((294.578, -310.539), (247.488, -318.8), (227.157, -306.289), (242.267, -265.274), (283.989, -259.948), (294.578, -310.539)))
(((334.952, 459.549), (231.62, 399.934), (226.666, 403.868), (229.288, 453.033), (274.086, 491.431), (334.952, 459.549)))
(((304.278, -196.5), (285.857, -229.657), (248.961, -213.38), (262.178, -175.489), (295.823, -176.649), (304.278, -196.5)))
(((374.554, -350.527), (357.902, -401.779), (307.902, -438.106), (298.313, -438.106), (264.188, -423.176), (247.488, -318.8), (294.578, -310.539), (374.554, -350.527)))
(((356.016, -86.1248), (356.511, -86.4842), (295.823, -176.649), (262.178, -175.489), (257.553, -170.649), (256.101, -139.413), (356.016, -86.1248)))
(((384.752, 365.305), (258.487, 340.29), (231.62, 399.934), (334.952, 459.549), (378.999, 458.4), (397, 403), (397, 403), (384.752, 365.305)))
(((379.744, 458.381), (334.952, 459.549), (274.086, 491.431), (231.991, 586.146), (269.098, 613.106), (330.902, 613.106), (380.902, 576.779), (400, 518), (400, 518), (380.902, 459.221), (379.744, 458.381)))
(((372.213, -349.357), (294.578, -310.539), (283.989, -259.948), (291.51, -250.25), (402.698, -254.527), (410, -277), (410, -277), (390.902, -335.779), (372.213, -349.357)))
(((402.41, -254.516), (291.51, -250.25), (285.857, -229.657), (304.278, -196.5), (407.254, -239.606), (402.41, -254.516)))
(((357.26, 207.967), (256.759, 271.326), (240.871, 298.768), (258.487, 340.29), (385.568, 365.466), (398.902, 355.779), (418, 297), (418, 297), (398.902, 238.221), (357.26, 207.967)))
(((410.592, -241.004), (304.278, -196.5), (295.823, -176.649), (356.235, -86.8943), (360.902, -86.8943), (410.902, -123.221), (430, -182), (430, -182), (410.902, -240.779), (410.592, -241.004)))
