(((-130.498, 354.894), (-137.902, 354.894), (-187.902, 391.221), (-207, 450), (-187.927, 508.701), (-69.4348, 495.401), (-63.8494, 485.284), (-81.9271, 386.552), (-130.498, 354.894)))
(((-183.053, 508.154), (-196, 548), (-176.902, 606.779), (-126.902, 643.106), (-65.0983, 643.106), (-32.1213, 619.146), (-33.9668, 562.396), (-69.4348, 495.401), (-183.053, 508.154)))
(((22.4252, 415.242), (-35.2007, 387.496), (-81.9271, 386.552), (-63.8494, 485.284), (7.07315, 458.419), (22.4252, 415.242)))
(((-52.032, 242.894), (-64.9017, 242.894), (-114.902, 279.221), (-134, 338), (-127.977, 356.537), (-81.9271, 386.552), (-35.2007, 387.496), (16.3055, 281.622), (0.773585, 264.226), (-52.032, 242.894)))
(((-59.8233, 7.37625), (-100.902, 37.2215), (-120, 96), (-100.902, 154.779), (-68.2047, 178.534), (19.838, 133.062), (-17.2783, 32.6294), (-29.4636, 18.9983), (-59.8233, 7.37625)))
(((7.07315, 458.419), (-63.8494, 485.284), (-69.4348, 495.401), (-33.9668, 562.396), (30.3029, 502.829), (7.07315, 458.419)))
(((38.7161, 295.866), (16.3055, 281.622), (-35.2007, 387.496), (22.4252, 415.242), (79.2683, 389.587), (38.7161, 295.866)))
(((62.0096, 70.3855), (-17.2783, 32.6294), (19.838, 133.062), (67.9769, 132.616), (62.0096, 70.3855)))
(((-70.6616, 179.803), (-73, 187), (-55.2629, 241.589), (0.773585, 264.226), (94.163, 170.837), (74.6113, 136.77), (67.9769, 132.616), (19.838, 133.062), (-70.6616, 179.803)))
(((-32.1394, 618.59), (-3.9017, 639.106), (46.0915, 639.106), (55.9941, 609.068), (50.0462, 509.937), (30.3029, 502.829), (-33.9668, 562.396), (-32.1394, 618.59)))
(((51.5789, -127.106), (-1.9017, -127.106), (-51.9017, -90.7785), (-71, -32), (-57.9761, 8.08336), (-29.4636, 18.9983), (75.6215, -6.89227), (51.5789, -127.106)))
(((75.6215, -6.89227), (-29.4636, 18.9983), (-17.2783, 32.6294), (62.0096, 70.3855), (100.745, 11.7288), (75.6215, -6.89227)))
(((129.179, 406.329), (79.2683, 389.587), (22.4252, 415.242), (7.07315, 458.419), (30.3029, 502.829), (50.0462, 509.937), (122.484, 486.797), (136.757, 423.257), (129.179, 406.329)))
(((122.484, 486.797), (50.0462, 509.937), (55.9941, 609.068), (132.284, 514.284), (122.484, 486.797)))
(((94.163, 170.837), (0.773585, 264.226), (16.3055, 281.622), (38.7161, 295.866), (118.334, 264.237), (117.325, 183.507), (94.163, 170.837)))
(((187.777, 37.4606), (181.606, 18.4672), (100.745, 11.7288), (62.0096, 70.3855), (67.9769, 132.616), (74.6113, 136.77), (187.777, 37.4606)))
(((128.513, 406.106), (129.331, 406.106), (146.34, 381.118), (138.782, 278.329), (118.334, 264.237), (38.7161, 295.866), (79.2683, 389.587), (128.513, 406.106)))
(((52.1495, -124.253), (75.6215, -6.89227), (100.745, 11.7288), (179.554, 18.2962), (189.902, 10.7785), (209, -48), (209, -48), (189.902, -106.779), (139.902, -143.106), (78.0983, -143.106), (52.1495, -124.253)))
(((46.0365, 639.273), (87.0983, 669.106), (148.902, 669.106), (198.902, 632.779), (209.504, 600.148), (199.966, 581.966), (132.284, 514.284), (55.9941, 609.068), (46.0365, 639.273)))
(((188.25, 37.0457), (74.6113, 136.77), (94.163, 170.837), (117.325, 183.507), (226.587, 168.436), (242, 121), (242, 121), (222.902, 62.2215), (188.25, 37.0457)))
(((225.618, 168.57), (117.325, 183.507), (118.334, 264.237), (138.782, 278.329), (253.777, 249.997), (258, 237), (258, 237), (238.902, 178.221), (225.618, 168.57)))
(((256.579, 249.307), (138.782, 278.329), (146.34, 381.118), (240.222, 325.444), (262.32, 266.976), (256.579, 249.307)))
(((227.104, 451.699), (136.757, 423.257), (122.484, 486.797), (132.284, 514.284), (199.966, 581.966), (227.104, 451.699)))
(((130.179, 404.861), (134.564, 418.357), (136.757, 423.257), (227.104, 451.699), (299.08, 443.16), (240.222, 325.444), (146.34, 381.118), (130.179, 404.861)))
(((321.13, 451.923), (299.08, 443.16), (227.104, 451.699), (199.966, 581.966), (212.105, 605.106), (270.902, 605.106), (320.902, 568.779), (340, 510), (340, 510), (321.13, 451.923)))
(((263.208, 264.627), (240.222, 325.444), (299.08, 443.16), (314.04, 449.106), (332.902, 449.106), (382.902, 412.779), (402, 354), (402, 354), (382.902, 295.221), (332.902, 258.894), (271.098, 258.894), (263.208, 264.627)))
