(((-252.368, -144.166), (-252.902, -143.779), (-272, -85), (-252.902, -26.2215), (-202.902, 10.1057), (-141.098, 10.1057), (-131.531, 3.15438), (-127.437, -26.9617), (-156.355, -121.426), (-252.368, -144.166)))
(((-198.922, -367.005), (-241.902, -335.779), (-261, -277), (-241.902, -218.221), (-240.389, -217.123), (-145.59, -247.218), (-137.486, -308.803), (-198.922, -367.005)))
(((-238.164, -209.738), (-254, -161), (-248.21, -143.181), (-156.355, -121.426), (-122.063, -138.853), (-109.743, -167.6), (-110.472, -178.418), (-238.164, -209.738)))
(((-239.939, -217.265), (-241, -214), (-239.741, -210.125), (-110.472, -178.418), (-109.443, -180.081), (-120.335, -239.38), (-145.59, -247.218), (-239.939, -217.265)))
(((-199.49, 514.931), (-210.902, 523.221), (-230, 582), (-210.902, 640.779), (-160.902, 677.106), (-99.0983, 677.106), (-49.0983, 640.779), (-47.9195, 637.151), (-59.4721, 572.456), (-114.787, 533.946), (-199.49, 514.931)))
(((-102.03, -299.653), (-137.486, -308.803), (-145.59, -247.218), (-120.335, -239.38), (-89.2466, -259.048), (-102.03, -299.653)))
(((-89.4091, -97.7727), (-122.063, -138.853), (-156.355, -121.426), (-127.437, -26.9617), (-89.4091, -97.7727)))
(((-154.761, 400.417), (-188.902, 425.221), (-208, 484), (-197.829, 515.304), (-114.787, 533.946), (-67.8192, 452.37), (-154.761, 400.417)))
(((-147.352, -422.24), (-187.902, -392.779), (-196.899, -365.088), (-137.486, -308.803), (-102.03, -299.653), (-69.658, -326.989), (-66.8849, -339.06), (-133.309, -416.051), (-147.352, -422.24)))
(((-82.698, -256.766), (-89.2466, -259.048), (-120.335, -239.38), (-109.443, -180.081), (-78.9797, -194.769), (-63.6124, -227.808), (-82.698, -256.766)))
(((-61.9614, -142.382), (-109.743, -167.6), (-122.063, -138.853), (-89.4091, -97.7727), (-60.3022, -105.049), (-61.9614, -142.382)))
(((-40.779, 456.654), (-67.8192, 452.37), (-114.787, 533.946), (-59.4721, 572.456), (-29.3235, 525), (-36.8683, 460.869), (-40.779, 456.654)))
(((-100.741, -642.106), (-101.902, -642.106), (-151.902, -605.779), (-171, -547), (-151.902, -488.221), (-147.774, -485.222), (-40.4395, -503.3), (-25.1071, -521.652), (-100.741, -642.106)))
(((-69.658, -326.989), (-102.03, -299.653), (-89.2466, -259.048), (-82.698, -256.766), (-35.7604, -283.406), (-69.658, -326.989)))
(((-131.28, 1.30816), (-124.746, 6.05531), (-44.7353, -46.8088), (-57.3614, -103.627), (-60.3022, -105.049), (-89.4091, -97.7727), (-127.437, -26.9617), (-131.28, 1.30816)))
(((-32.2543, -174.002), (-78.9797, -194.769), (-109.443, -180.081), (-110.472, -178.418), (-109.743, -167.6), (-61.9614, -142.382), (-30.4101, -166.51), (-32.2543, -174.002)))
(((-124.873, 332.303), (-139.902, 343.221), (-157.88, 398.553), (-67.8192, 452.37), (-40.779, 456.654), (-12.9416, 378.941), (-124.873, 332.303)))
(((-8.33005, -414.363), (-133.309, -416.051), (-66.8849, -339.06), (-30.533, -352.766), (-4.60076, -405.495), (-8.33005, -414.363)))
(((-143.999, -485.858), (-155, -452), (-144.993, -421.2), (-133.309, -416.051), (-8.33005, -414.363), (-5.03846, -426.394), (-40.4395, -503.3), (-143.999, -485.858)))
(((-23.1398, -226.982), (-63.6124, -227.808), (-78.9797, -194.769), (-32.2543, -174.002), (-16.6313, -212.278), (-23.1398, -226.982)))
(((-17.0939, -279.099), (-35.7604, -283.406), (-82.698, -256.766), (-63.6124, -227.808), (-23.1398, -226.982), (-10.3701, -261.809), (-17.0939, -279.099)))
(((-11.0618, -151.418), (-30.4101, -166.51), (-61.9614, -142.382), (-60.3022, -105.049), (-57.3614, -103.627), (-23.1614, -107.427), (-9.38743, -147.83), (-11.0618, -151.418)))
(((-116.586, 102.539), (-118.902, 104.221), (-138, 163), (-118.902, 221.779), (-81.3278, 249.078), (-54.5245, 247.633), (-7.73045, 188.424), (-29.3805, 110.845), (-116.586, 102.539)))
(((-6.14878, -295.96), (-15.5135, -334.355), (-30.533, -352.766), (-66.8849, -339.06), (-69.658, -326.989), (-35.7604, -283.406), (-17.0939, -279.099), (-6.14878, -295.96)))
(((3.20264, -81.7385), (-23.1614, -107.427), (-57.3614, -103.627), (-44.7353, -46.8088), (-19.4753, -47.2035), (6.66968, -66.5701), (3.20264, -81.7385)))
(((-125.086, 6.27987), (-118.564, 26.3528), (-14.9952, 20.6778), (-4.74785, 10.2334), (-19.4753, -47.2035), (-44.7353, -46.8088), (-125.086, 6.27987)))
(((-79.2706, 248.967), (-109.902, 271.221), (-129, 330), (-128.781, 330.675), (-12.9416, 378.941), (16.5146, 367.588), (30.7405, 338.857), (-7.10063, 268.934), (-54.5245, 247.633), (-79.2706, 248.967)))
(((61.2866, -606.972), (52.9017, -632.779), (2.9017, -669.106), (-58.9017, -669.106), (-99.2756, -639.772), (-25.1071, -521.652), (6.77119, -533.992), (61.2866, -606.972)))
(((-117.702, 26.3056), (-128, 58), (-113.431, 102.84), (-29.3805, 110.845), (-12.7014, 104.926), (4.29834, 65.6961), (-14.9952, 20.6778), (-117.702, 26.3056)))
(((22.7857, -202.214), (-16.6313, -212.278), (-32.2543, -174.002), (-30.4101, -166.51), (-11.0618, -151.418), (32.2442, -192.756), (22.7857, -202.214)))
(((30.3553, -384.055), (-4.60076, -405.495), (-30.533, -352.766), (-15.5135, -334.355), (27.1987, -340.457), (35.0663, -367.691), (30.3553, -384.055)))
(((28.5549, -133.712), (-9.38743, -147.83), (-23.1614, -107.427), (3.20264, -81.7385), (34.1381, -124.779), (28.5549, -133.712)))
(((43.8935, 166.766), (12.6886, 115.158), (-12.7014, 104.926), (-29.3805, 110.845), (-7.73045, 188.424), (39.1124, 173.834), (43.8935, 166.766)))
(((18.5, -61.5), (6.66968, -66.5701), (-19.4753, -47.2035), (-4.74785, 10.2334), (21.9336, 4.20853), (36.9655, -43.0345), (18.5, -61.5)))
(((34.7008, -491.647), (6.77119, -533.992), (-25.1071, -521.652), (-40.4395, -503.3), (-5.03846, -426.394), (32.5436, -454.256), (34.7008, -491.647)))
(((27.1987, -340.457), (-15.5135, -334.355), (-6.14878, -295.96), (33.1275, -309.331), (27.1987, -340.457)))
(((53.9596, 422.507), (16.5146, 367.588), (-12.9416, 378.941), (-40.779, 456.654), (-36.8683, 460.869), (48.7294, 458.314), (53.9596, 422.507)))
(((88.4181, 522.257), (48.7294, 458.314), (-36.8683, 460.869), (-29.3235, 525), (86.6029, 525), (88.4181, 522.257)))
(((-48.8787, 631.779), (-20.9017, 652.106), (40.9017, 652.106), (65.7555, 634.048), (86.6029, 525), (-29.3235, 525), (-59.4721, 572.456), (-48.8787, 631.779)))
(((31.0609, -251.865), (-10.3701, -261.809), (-23.1398, -226.982), (-16.6313, -212.278), (22.7857, -202.214), (31.0609, -251.865)))
(((38.5333, -190.692), (32.2442, -192.756), (-11.0618, -151.418), (-9.38743, -147.83), (28.5549, -133.712), (47.0561, -179.254), (38.5333, -190.692)))
(((47.9904, 20.494), (21.9336, 4.20853), (-4.74785, 10.2334), (-14.9952, 20.6778), (4.29834, 65.6961), (41.79, 56.9215), (47.9904, 20.494)))
(((51.8842, -300.464), (33.1275, -309.331), (-6.14878, -295.96), (-17.0939, -279.099), (-10.3701, -261.809), (31.0609, -251.865), (43.1499, -255.822), (51.8842, -300.464)))
(((59.1209, 239.195), (39.1124, 173.834), (-7.73045, 188.424), (-54.5245, 247.633), (-7.10063, 268.934), (58.9, 239.6), (59.1209, 239.195)))
(((63.2897, 76.7674), (41.79, 56.9215), (4.29834, 65.6961), (-12.7014, 104.926), (12.6886, 115.158), (60.2657, 96.5914), (63.2897, 76.7674)))
(((64.7602, -115.535), (34.1381, -124.779), (3.20264, -81.7385), (6.66968, -66.5701), (18.5, -61.5), (69.6676, -103.364), (64.7602, -115.535)))
(((43.1499, -255.822), (31.0609, -251.865), (22.7857, -202.214), (32.2442, -192.756), (38.5333, -190.692), (77.0797, -235.169), (43.1499, -255.822)))
(((84.6701, 129.385), (60.2657, 96.5914), (12.6886, 115.158), (43.8935, 166.766), (78.2143, 154.849), (84.6701, 129.385)))
(((73.4123, -342.526), (35.0663, -367.691), (27.1987, -340.457), (33.1275, -309.331), (51.8842, -300.464), (79.0099, -308.941), (73.4123, -342.526)))
(((90.2205, -436.82), (78, -446.818), (32.5436, -454.256), (-5.03846, -426.394), (-8.33005, -414.363), (-4.60076, -405.495), (30.3553, -384.055), (84.0721, -403.24), (90.2205, -436.82)))
(((76.8175, -32.0073), (62.6261, -41.379), (36.9655, -43.0345), (21.9336, 4.20853), (47.9904, 20.494), (80.688, 10.5679), (76.8175, -32.0073)))
(((78.0402, -167.711), (47.0561, -179.254), (28.5549, -133.712), (34.1381, -124.779), (64.7602, -115.535), (87.6561, -153.149), (78.0402, -167.711)))
(((132.918, -572.946), (85.9017, -607.106), (61.3861, -607.106), (6.77119, -533.992), (34.7008, -491.647), (78, -498.015), (127.821, -558.093), (132.918, -572.946)))
(((69.6676, -103.364), (18.5, -61.5), (36.9655, -43.0345), (62.6261, -41.379), (78.2809, -95.3009), (69.6676, -103.364)))
(((92.2975, 289.696), (58.9, 239.6), (-7.10063, 268.934), (30.7405, 338.857), (90.2084, 327.822), (92.2975, 289.696)))
(((78, -498.015), (34.7008, -491.647), (32.5436, -454.256), (78, -446.818), (78, -498.015)))
(((95.7981, 19.9808), (80.688, 10.5679), (47.9904, 20.494), (41.79, 56.9215), (63.2897, 76.7674), (99.7306, 59.3062), (95.7981, 19.9808)))
(((97.5845, -301.717), (79.0099, -308.941), (51.8842, -300.464), (43.1499, -255.822), (77.0797, -235.169), (82.4198, -235.317), (99.8568, -250.451), (99.0259, -299.471), (97.5845, -301.717)))
(((84.0721, -403.24), (30.3553, -384.055), (35.0663, -367.691), (73.4123, -342.526), (105.154, -378.236), (84.0721, -403.24)))
(((82.4198, -235.317), (77.0797, -235.169), (38.5333, -190.692), (47.0561, -179.254), (78.0402, -167.711), (95.5481, -204.915), (82.4198, -235.317)))
(((126.974, 196.386), (78.2143, 154.849), (43.8935, 166.766), (39.1124, 173.834), (59.1209, 239.195), (128.228, 205.247), (126.974, 196.386)))
(((90.2084, 327.822), (30.7405, 338.857), (16.5146, 367.588), (53.9596, 422.507), (107.52, 401.268), (112.676, 341.11), (90.2084, 327.822)))
(((104.127, -89.3008), (78.2809, -95.3009), (62.6261, -41.379), (76.8175, -32.0073), (111.887, -46.6197), (104.127, -89.3008)))
(((119.151, 72.6128), (99.7306, 59.3062), (63.2897, 76.7674), (60.2657, 96.5914), (84.6701, 129.385), (119.802, 109.711), (119.151, 72.6128)))
(((127.821, -558.093), (78, -498.015), (78, -446.818), (90.2205, -436.82), (126.058, -450.522), (127.821, -558.093)))
(((141.16, 431.673), (107.52, 401.268), (53.9596, 422.507), (48.7294, 458.314), (88.4181, 522.257), (131.327, 507.656), (141.16, 431.673)))
(((137.993, -366.473), (105.154, -378.236), (73.4123, -342.526), (79.0099, -308.941), (97.5845, -301.717), (141.864, -361.265), (137.993, -366.473)))
(((128.025, -119.741), (106.333, -151.074), (87.6561, -153.149), (64.7602, -115.535), (69.6676, -103.364), (78.2809, -95.3009), (104.127, -89.3008), (125.709, -103.239), (128.025, -119.741)))
(((150.761, 229.658), (128.228, 205.247), (59.1209, 239.195), (58.9, 239.6), (92.2975, 289.696), (149.525, 242.567), (150.761, 229.658)))
(((139.088, -181.824), (132.875, -194.25), (95.5481, -204.915), (78.0402, -167.711), (87.6561, -153.149), (106.333, -151.074), (138.797, -179.931), (139.088, -181.824)))
(((123.783, -41.5217), (111.887, -46.6197), (76.8175, -32.0073), (80.688, 10.5679), (95.7981, 19.9808), (130.581, 6.06757), (123.783, -41.5217)))
(((142.708, -240.135), (99.8568, -250.451), (82.4198, -235.317), (95.5481, -204.915), (132.875, -194.25), (142.708, -240.135)))
(((161.209, 133.256), (119.802, 109.711), (84.6701, 129.385), (78.2143, 154.849), (126.974, 196.386), (161.559, 143.178), (161.209, 133.256)))
(((154.588, -435.618), (126.058, -450.522), (90.2205, -436.82), (84.0721, -403.24), (105.154, -378.236), (137.993, -366.473), (154.588, -435.618)))
(((160.947, 16.0235), (130.581, 6.06757), (95.7981, 19.9808), (99.7306, 59.3062), (119.151, 72.6128), (154.916, 59.1165), (166.65, 32.0376), (160.947, 16.0235)))
(((151.833, -244.336), (149.718, -289.816), (99.0259, -299.471), (99.8568, -250.451), (142.708, -240.135), (151.833, -244.336)))
(((178.043, 317.853), (149.525, 242.567), (92.2975, 289.696), (90.2084, 327.822), (112.676, 341.11), (175.827, 331.541), (178.043, 317.853)))
(((154.124, -84.7691), (125.709, -103.239), (104.127, -89.3008), (111.887, -46.6197), (123.783, -41.5217), (158.924, -54.1726), (154.124, -84.7691)))
(((152.822, -356.699), (141.864, -361.265), (97.5845, -301.717), (99.0259, -299.471), (149.718, -289.816), (178.248, -314.78), (152.822, -356.699)))
(((166.982, -144.157), (138.797, -179.931), (106.333, -151.074), (128.025, -119.741), (164.343, -138.419), (166.982, -144.157)))
(((214.919, 374.447), (175.827, 331.541), (112.676, 341.11), (107.52, 401.268), (141.16, 431.673), (202.875, 394.448), (214.919, 374.447)))
(((64.5816, 640.188), (65.0983, 641.779), (115.098, 678.106), (176.902, 678.106), (226.902, 641.779), (227.318, 640.499), (158.934, 515.129), (131.327, 507.656), (88.4181, 522.257), (86.6029, 525), (64.5816, 640.188)))
(((168.048, 5.2703), (160.985, -53), (158.924, -54.1726), (123.783, -41.5217), (130.581, 6.06757), (160.947, 16.0235), (168.048, 5.2703)))
(((185.685, 104.7), (154.916, 59.1165), (119.151, 72.6128), (119.802, 109.711), (161.209, 133.256), (185.685, 104.7)))
(((164.343, -138.419), (128.025, -119.741), (125.709, -103.239), (154.124, -84.7691), (177.588, -103.1), (164.343, -138.419)))
(((233.16, -539.224), (187.902, -572.106), (132.629, -572.106), (127.821, -558.093), (126.058, -450.522), (154.588, -435.618), (159.872, -436.621), (233.16, -539.224)))
(((190.626, -235.98), (151.833, -244.336), (142.708, -240.135), (132.875, -194.25), (139.088, -181.824), (194.619, -201.876), (197.808, -206.455), (190.626, -235.98)))
(((194.619, -201.876), (139.088, -181.824), (138.797, -179.931), (166.982, -144.157), (191.178, -152.552), (194.619, -201.876)))
(((159.872, -436.621), (154.588, -435.618), (137.993, -366.473), (141.864, -361.265), (152.822, -356.699), (228.719, -398.685), (159.872, -436.621)))
(((200.098, -248.072), (181.062, -313.83), (178.248, -314.78), (149.718, -289.816), (151.833, -244.336), (190.626, -235.98), (200.098, -248.072)))
(((226.542, 181.859), (161.559, 143.178), (126.974, 196.386), (128.228, 205.247), (150.761, 229.658), (196.286, 220.666), (226.542, 181.859)))
(((210.667, -69), (193.093, -100.633), (177.588, -103.1), (154.124, -84.7691), (158.924, -54.1726), (160.985, -53), (192, -53), (210.667, -69)))
(((192, -53), (160.985, -53), (168.048, 5.2703), (205.091, -13.7263), (192, -53)))
(((202.875, 394.448), (141.16, 431.673), (131.327, 507.656), (158.934, 515.129), (215.019, 489.86), (202.875, 394.448)))
(((191.178, -152.552), (166.982, -144.157), (164.343, -138.419), (177.588, -103.1), (193.093, -100.633), (221.756, -135.268), (191.178, -152.552)))
(((227.964, 47.366), (166.65, 32.0376), (154.916, 59.1165), (185.685, 104.7), (193.504, 103.033), (227.964, 47.366)))
(((196.286, 220.666), (150.761, 229.658), (149.525, 242.567), (178.043, 317.853), (233.487, 266.369), (196.286, 220.666)))
(((282.689, -398.123), (228.719, -398.685), (152.822, -356.699), (178.248, -314.78), (181.062, -313.83), (243.027, -325.096), (292.995, -366.403), (282.689, -398.123)))
(((233.402, -539.563), (159.872, -436.621), (228.719, -398.685), (283.117, -398.119), (299, -447), (299, -447), (279.902, -505.779), (233.402, -539.563)))
(((300.008, 16.0517), (205.091, -13.7263), (168.048, 5.2703), (160.947, 16.0235), (166.65, 32.0376), (227.964, 47.366), (298.335, 21.2024), (300.008, 16.0517)))
(((227.827, 181.362), (243.983, 129.817), (193.504, 103.033), (185.685, 104.7), (161.209, 133.256), (161.559, 143.178), (226.542, 181.859), (227.827, 181.362)))
(((243.027, -325.096), (181.062, -313.83), (200.098, -248.072), (231.293, -259.904), (243.027, -325.096)))
(((244.588, -191.683), (197.808, -206.455), (194.619, -201.876), (191.178, -152.552), (221.756, -135.268), (223.622, -135.348), (246.994, -187.012), (244.588, -191.683)))
(((236.399, -125.577), (223.622, -135.348), (221.756, -135.268), (193.093, -100.633), (210.667, -69), (249.365, -69), (236.399, -125.577)))
(((313.393, -26.8991), (249.365, -69), (210.667, -69), (192, -53), (205.091, -13.7263), (299.49, 15.8891), (313.393, -26.8991)))
(((224.921, 636.106), (253.902, 636.106), (303.902, 599.779), (314.916, 565.88), (266.889, 497.27), (215.019, 489.86), (158.934, 515.129), (224.921, 636.106)))
(((296.615, 21.8418), (227.964, 47.366), (193.504, 103.033), (243.983, 129.817), (326.843, 81.2846), (310.902, 32.2215), (296.615, 21.8418)))
(((267.393, -239.276), (231.293, -259.904), (200.098, -248.072), (190.626, -235.98), (197.808, -206.455), (244.588, -191.683), (267.393, -239.276)))
(((322.958, 271.017), (233.487, 266.369), (178.043, 317.853), (175.827, 331.541), (214.919, 374.447), (302.848, 372.536), (314.902, 363.779), (334, 305), (334, 305), (322.958, 271.017)))
(((301.848, 372.558), (214.919, 374.447), (202.875, 394.448), (215.019, 489.86), (266.889, 497.27), (306.413, 375.874), (301.848, 372.558)))
(((324.005, 271.072), (335.864, 234.575), (227.827, 181.362), (226.542, 181.859), (196.286, 220.666), (233.487, 266.369), (324.005, 271.072)))
(((246.994, -187.012), (223.622, -135.348), (236.399, -125.577), (334.112, -147.563), (246.994, -187.012)))
(((295.044, -368.096), (243.027, -325.096), (231.293, -259.904), (267.393, -239.276), (316.941, -253.039), (345.565, -320.425), (340.902, -334.779), (295.044, -368.096)))
(((357.556, -133.91), (344.598, -145.871), (334.112, -147.563), (236.399, -125.577), (249.365, -69), (312.162, -27.7084), (345.902, -52.2215), (365, -111), (365, -111), (357.556, -133.91)))
(((324.762, 82.5035), (243.983, 129.817), (227.827, 181.362), (333.285, 233.304), (351.902, 219.779), (371, 161), (371, 161), (351.902, 102.221), (324.762, 82.5035)))
(((344.598, -145.871), (316.941, -253.039), (267.393, -239.276), (244.588, -191.683), (246.994, -187.012), (334.112, -147.563), (344.598, -145.871)))
(((306.406, 375.894), (266.889, 497.27), (315.074, 566.106), (353.902, 566.106), (403.902, 529.779), (423, 471), (423, 471), (403.902, 412.221), (353.902, 375.894), (306.406, 375.894)))
(((346.704, -323.106), (316.941, -253.039), (344.598, -145.871), (358.656, -132.894), (403.902, -132.894), (453.902, -169.221), (473, -228), (473, -228), (453.902, -286.779), (403.902, -323.106), (346.704, -323.106)))
