(((-288.819, -312.568), (-302, -272), (-282.902, -213.221), (-270.627, -204.304), (-178.547, -258.204), (-183.994, -290.106), (-288.819, -312.568)))
(((-236.452, -592.714), (-274.902, -564.779), (-294, -506), (-275.925, -450.372), (-188.58, -462.42), (-150.826, -500.174), (-148.127, -506.753), (-196.364, -568.925), (-236.452, -592.714)))
(((-279.042, -356.958), (-293, -314), (-292.813, -313.424), (-183.994, -290.106), (-161.37, -310.79), (-168.768, -327.939), (-279.042, -356.958)))
(((-278.775, -160.702), (-292, -120), (-272.902, -61.2215), (-222.902, -24.8943), (-201.502, -24.8943), (-169.539, -133.566), (-169.937, -134.228), (-278.775, -160.702)))
(((-271.683, -386.831), (-281.204, -357.527), (-168.768, -327.939), (-157.674, -356.367), (-205.156, -385.838), (-271.683, -386.831)))
(((-269.034, -199.982), (-281.576, -161.383), (-169.937, -134.228), (-157.684, -178.338), (-181.503, -194.068), (-269.034, -199.982)))
(((-271.613, -450.967), (-282, -419), (-271.547, -386.829), (-205.156, -385.838), (-157.542, -407.139), (-154.897, -429.624), (-188.58, -462.42), (-271.613, -450.967)))
(((-269.534, -204.944), (-267.897, -199.905), (-181.503, -194.068), (-153.613, -233.91), (-163.288, -252.8), (-178.547, -258.204), (-269.534, -204.944)))
(((-143.31, -392.017), (-157.542, -407.139), (-205.156, -385.838), (-157.674, -356.367), (-147.091, -361.776), (-143.31, -392.017)))
(((-136.597, -302.532), (-161.37, -310.79), (-183.994, -290.106), (-178.547, -258.204), (-163.288, -252.8), (-133.574, -279.212), (-136.597, -302.532)))
(((-201.707, -24.1976), (-191.402, -16.7109), (-132.885, -101.459), (-134.208, -123.062), (-169.539, -133.566), (-201.707, -24.1976)))
(((-123.862, -226.119), (-153.613, -233.91), (-181.503, -194.068), (-157.684, -178.338), (-142.865, -178.574), (-123.635, -190.496), (-120.638, -221.662), (-123.862, -226.119)))
(((-123.834, -134.656), (-142.865, -178.574), (-157.684, -178.338), (-169.937, -134.228), (-169.539, -133.566), (-134.208, -123.062), (-123.834, -134.656)))
(((-122.223, -451.38), (-150.826, -500.174), (-188.58, -462.42), (-154.897, -429.624), (-132.348, -436.798), (-122.223, -451.38)))
(((-109.995, -346.01), (-147.091, -361.776), (-157.674, -356.367), (-168.768, -327.939), (-161.37, -310.79), (-136.597, -302.532), (-130.553, -306.763), (-109.995, -346.01)))
(((-183.054, -683.276), (-220.902, -655.779), (-240, -597), (-239.122, -594.298), (-196.364, -568.925), (-100.214, -577.286), (-94.7137, -580.981), (-163.252, -675.221), (-183.054, -683.276)))
(((-115.59, -263.344), (-133.574, -279.212), (-163.288, -252.8), (-153.613, -233.91), (-123.862, -226.119), (-115.59, -263.344)))
(((-100.214, -577.286), (-196.364, -568.925), (-148.127, -506.753), (-130.676, -511.285), (-100.214, -577.286)))
(((-109.681, -410.552), (-132.348, -436.798), (-154.897, -429.624), (-157.542, -407.139), (-143.31, -392.017), (-113.35, -396.876), (-109.681, -410.552)))
(((-97.874, -376.042), (-113.35, -396.876), (-143.31, -392.017), (-147.091, -361.776), (-109.995, -346.01), (-107.329, -347.085), (-97.874, -376.042)))
(((-180.371, 507.399), (-204.902, 525.221), (-224, 584), (-204.902, 642.779), (-154.902, 679.106), (-117.443, 679.106), (-83.9983, 537.608), (-106.989, 520.483), (-180.371, 507.399)))
(((-95.4474, -177.342), (-123.635, -190.496), (-142.865, -178.574), (-123.834, -134.656), (-107.415, -137.451), (-95.4474, -177.342)))
(((-82.5668, -495.793), (-130.676, -511.285), (-148.127, -506.753), (-150.826, -500.174), (-122.223, -451.38), (-92.8412, -456.276), (-72.7777, -485.46), (-82.5668, -495.793)))
(((-190.705, -17.7197), (-146.902, 14.1057), (-141.351, 14.1057), (-98.4445, -26.5125), (-83.8003, -90.7219), (-132.885, -101.459), (-190.705, -17.7197)))
(((-92.8412, -456.276), (-122.223, -451.38), (-132.348, -436.798), (-109.681, -410.552), (-86.0846, -425.496), (-92.8412, -456.276)))
(((-78.8288, -120.901), (-107.415, -137.451), (-123.834, -134.656), (-134.208, -123.062), (-132.885, -101.459), (-83.8003, -90.7219), (-80.6365, -94.2373), (-78.8288, -120.901)))
(((-88.9887, -296.372), (-130.553, -306.763), (-136.597, -302.532), (-133.574, -279.212), (-115.59, -263.344), (-93.6598, -266.477), (-88.9887, -296.372)))
(((-71.6154, -250.987), (-93.6598, -266.477), (-115.59, -263.344), (-123.862, -226.119), (-120.638, -221.662), (-89.2491, -225.686), (-71.6154, -250.987)))
(((-169.335, 387.091), (-181.902, 396.221), (-201, 455), (-184.196, 506.717), (-106.989, 520.483), (-54.1354, 435.234), (-169.335, 387.091)))
(((-70.7327, -327.991), (-107.329, -347.085), (-109.995, -346.01), (-130.553, -306.763), (-88.9887, -296.372), (-73.2897, -308.265), (-70.7327, -327.991)))
(((-94.7137, -580.981), (-100.214, -577.286), (-130.676, -511.285), (-82.5668, -495.793), (-71.3897, -580.738), (-94.7137, -580.981)))
(((-56.0916, -586.343), (-70.8597, -670.924), (-163.252, -675.221), (-94.7137, -580.981), (-71.3897, -580.738), (-56.0916, -586.343)))
(((-76.3333, -203.083), (-89.2491, -225.686), (-120.638, -221.662), (-123.635, -190.496), (-95.4474, -177.342), (-79.8947, -179.934), (-76.3333, -203.083)))
(((-78.8166, -810.106), (-122.902, -810.106), (-172.902, -773.779), (-192, -715), (-181.485, -682.638), (-163.252, -675.221), (-70.8597, -670.924), (-51.9479, -685.801), (-47.6156, -696.222), (-78.8166, -810.106)))
(((-59.7505, -410.641), (-86.0846, -425.496), (-109.681, -410.552), (-113.35, -396.876), (-97.874, -376.042), (-59.0405, -388.986), (-59.7505, -410.641)))
(((-63.3773, -169.611), (-79.8947, -179.934), (-95.4474, -177.342), (-107.415, -137.451), (-78.8288, -120.901), (-62.6593, -135.145), (-63.3773, -169.611)))
(((-59.0405, -388.986), (-97.874, -376.042), (-107.329, -347.085), (-70.7327, -327.991), (-60.9547, -333.526), (-43.046, -371.901), (-59.0405, -388.986)))
(((-54.9934, -287.858), (-73.2897, -308.265), (-88.9887, -296.372), (-93.6598, -266.477), (-71.6154, -250.987), (-64.5349, -251.813), (-54.9934, -287.858)))
(((-103.516, 292.894), (-103.902, 292.894), (-153.902, 329.221), (-172.302, 385.851), (-54.1354, 435.234), (-32.7745, 430.439), (-19.6283, 409.405), (-103.516, 292.894)))
(((-117.495, 679.324), (-99.9017, 692.106), (-38.0983, 692.106), (2.87369, 662.338), (-16.1872, 574.975), (-41.5964, 544.484), (-83.9983, 537.608), (-117.495, 679.324)))
(((-55.7329, -483.697), (-72.7777, -485.46), (-92.8412, -456.276), (-86.0846, -425.496), (-59.7505, -410.641), (-45.2685, -425.906), (-46.5936, -455.06), (-55.7329, -483.697)))
(((-56.9286, -247.786), (-64.5349, -251.813), (-71.6154, -250.987), (-89.2491, -225.686), (-76.3333, -203.083), (-46.9286, -217.786), (-56.9286, -247.786)))
(((-43.1121, -583.33), (-56.0916, -586.343), (-71.3897, -580.738), (-82.5668, -495.793), (-72.7777, -485.46), (-55.7329, -483.697), (-41.1858, -491.374), (-21.2563, -529.904), (-43.1121, -583.33)))
(((-35.3372, -84.2935), (-80.6365, -94.2373), (-83.8003, -90.7219), (-98.4445, -26.5125), (-44.7003, -38.6483), (-35.3372, -84.2935)))
(((-33.5482, -207.947), (-46.9286, -217.786), (-76.3333, -203.083), (-79.8947, -179.934), (-63.3773, -169.611), (-39.998, -178.565), (-33.5482, -207.947)))
(((-87.808, 88.2794), (-135.902, 123.221), (-155, 182), (-135.902, 240.779), (-96.3591, 269.508), (-7.6271, 182.624), (-56.9898, 98.3467), (-87.808, 88.2794)))
(((-32.7745, 430.439), (-54.1354, 435.234), (-106.989, 520.483), (-83.9983, 537.608), (-41.5964, 544.484), (-4.7057, 485.099), (-32.7745, 430.439)))
(((-27.0208, -89.3852), (-32.8892, -127.53), (-62.6593, -135.145), (-78.8288, -120.901), (-80.6365, -94.2373), (-35.3372, -84.2935), (-27.0208, -89.3852)))
(((-28.342, -318.238), (-60.9547, -333.526), (-70.7327, -327.991), (-73.2897, -308.265), (-54.9934, -287.858), (-30.7895, -291.316), (-28.342, -318.238)))
(((-139.146, 12.0179), (-125.902, 52.7785), (-89.809, 79.0014), (-16.2035, 3.45885), (-13.145, -11.5789), (-25.3386, -29.6845), (-44.7003, -38.6483), (-98.4445, -26.5125), (-139.146, 12.0179)))
(((-11.8916, -274.78), (-30.7895, -291.316), (-54.9934, -287.858), (-64.5349, -251.813), (-56.9286, -247.786), (-13.6826, -257.766), (-11.8916, -274.78)))
(((-19.6435, -166.245), (-39.998, -178.565), (-63.3773, -169.611), (-62.6593, -135.145), (-32.8892, -127.53), (-23.2329, -134.837), (-19.6435, -166.245)))
(((-1.80623, -646.215), (-51.9479, -685.801), (-70.8597, -670.924), (-56.0916, -586.343), (-43.1121, -583.33), (2.15416, -604.631), (-1.80623, -646.215)))
(((-13.6826, -257.766), (-56.9286, -247.786), (-46.9286, -217.786), (-33.5482, -207.947), (-22.4859, -212.063), (-12.6603, -256.279), (-13.6826, -257.766)))
(((-11.7649, -348.666), (-31.0587, -371.533), (-43.046, -371.901), (-60.9547, -333.526), (-28.342, -318.238), (-16.0157, -324.578), (-11.7649, -348.666)))
(((-3.5274, -420.555), (-45.2685, -425.906), (-59.7505, -410.641), (-59.0405, -388.986), (-43.046, -371.901), (-31.0587, -371.533), (6.25472, -400.991), (-3.5274, -420.555)))
(((2.16716, -443.808), (-46.5936, -455.06), (-45.2685, -425.906), (-3.5274, -420.555), (2.16716, -443.808)))
(((-88.4919, 282.026), (-103.494, 292.925), (-19.6283, 409.405), (26.9589, 387.082), (33.3651, 374.27), (-31.4063, 289.044), (-88.4919, 282.026)))
(((5.81329, -468.994), (-41.1858, -491.374), (-55.7329, -483.697), (-46.5936, -455.06), (2.16716, -443.808), (7.69106, -453.972), (5.81329, -468.994)))
(((2.61269, -84.5361), (-27.0208, -89.3852), (-35.3372, -84.2935), (-44.7003, -38.6483), (-25.3386, -29.6845), (5.33051, -64.7349), (2.61269, -84.5361)))
(((55.4705, -798.451), (11.9017, -830.106), (-49.9017, -830.106), (-78.5863, -809.265), (-47.6156, -696.222), (2.18792, -710.202), (55.4705, -798.451)))
(((9.22354, -202.636), (-22.4859, -212.063), (-33.5482, -207.947), (-39.998, -178.565), (-19.6435, -166.245), (-1.76824, -171.352), (9.22354, -202.636)))
(((10.1027, -310.167), (-16.0157, -324.578), (-28.342, -318.238), (-30.7895, -291.316), (-11.8916, -274.78), (12.5905, -293.464), (10.1027, -310.167)))
(((17.4361, -126.211), (-23.2329, -134.837), (-32.8892, -127.53), (-27.0208, -89.3852), (2.61269, -84.5361), (16.3779, -96.5806), (17.4361, -126.211)))
(((-95.4518, 268.619), (-91.2042, 281.692), (-31.4063, 289.044), (37.6452, 260.273), (11.8815, 187.666), (-7.6271, 182.624), (-95.4518, 268.619)))
(((-90.4984, 79.7089), (-87.7025, 88.3138), (-56.9898, 98.3467), (-3.81861, 88.1027), (21.5613, 32.5087), (-16.2035, 3.45885), (-90.4984, 79.7089)))
(((15.4727, -205.886), (9.84398, -244.161), (-12.6603, -256.279), (-22.4859, -212.063), (9.22354, -202.636), (15.4727, -205.886)))
(((30.0732, -143.902), (-1.76824, -171.352), (-19.6435, -166.245), (-23.2329, -134.837), (17.4361, -126.211), (30.0732, -143.902)))
(((2.18792, -710.202), (-47.6156, -696.222), (-51.9479, -685.801), (-1.80623, -646.215), (26.0276, -674.919), (2.18792, -710.202)))
(((39.0149, -521.445), (-21.2563, -529.904), (-41.1858, -491.374), (5.81329, -468.994), (37.1254, -501.2), (39.0149, -521.445)))
(((19.1306, -396.236), (6.25472, -400.991), (-31.0587, -371.533), (-11.7649, -348.666), (28.7298, -351.12), (19.1306, -396.236)))
(((28.7298, -351.12), (-11.7649, -348.666), (-16.0157, -324.578), (10.1027, -310.167), (31.136, -339.805), (29.4721, -350.343), (28.7298, -351.12)))
(((41.4549, -29.9006), (5.33051, -64.7349), (-25.3386, -29.6845), (-13.145, -11.5789), (37.7347, -22.8855), (41.4549, -29.9006)))
(((45.5149, -531.515), (13.4376, -601.78), (2.15416, -604.631), (-43.1121, -583.33), (-21.2563, -529.904), (39.0149, -521.445), (44.7264, -527.425), (45.5149, -531.515)))
(((37.7347, -22.8855), (-13.145, -11.5789), (-16.2035, 3.45885), (21.5613, 32.5087), (45.2832, 19.3859), (37.7347, -22.8855)))
(((55.2774, 160.913), (11.3703, 92.4177), (-3.81861, 88.1027), (-56.9898, 98.3467), (-7.6271, 182.624), (11.8815, 187.666), (55.1647, 162.471), (55.2774, 160.913)))
(((63.3829, 491.994), (-4.7057, 485.099), (-41.5964, 544.484), (-16.1872, 574.975), (78.5269, 521.441), (63.3829, 491.994)))
(((30.7635, -286.195), (12.5905, -293.464), (-11.8916, -274.78), (-13.6826, -257.766), (-12.6603, -256.279), (9.84398, -244.161), (41.5066, -256.267), (30.7635, -286.195)))
(((44.7659, -157.053), (24.6721, -204.548), (15.4727, -205.886), (9.22354, -202.636), (-1.76824, -171.352), (30.0732, -143.902), (36.4101, -146.279), (44.7659, -157.053)))
(((72.9314, 454.946), (26.9589, 387.082), (-19.6283, 409.405), (-32.7745, 430.439), (-4.7057, 485.099), (63.3829, 491.994), (72.9314, 454.946)))
(((54.7554, -439.264), (7.69106, -453.972), (2.16716, -443.808), (-3.5274, -420.555), (6.25472, -400.991), (19.1306, -396.236), (41.5945, -405.63), (54.7554, -439.264)))
(((48.3807, 364.803), (52.666, 264.099), (37.6452, 260.273), (-31.4063, 289.044), (33.3651, 374.27), (48.3807, 364.803)))
(((41.5066, -256.267), (9.84398, -244.161), (15.4727, -205.886), (24.6721, -204.548), (47.9976, -214.09), (46.9371, -253.326), (41.5066, -256.267)))
(((73.3416, -651.468), (50.6977, -673.188), (26.0276, -674.919), (-1.80623, -646.215), (2.15416, -604.631), (13.4376, -601.78), (47.8978, -613.102), (73.4526, -650.089), (73.3416, -651.468)))
(((60.5703, -83.1308), (16.3779, -96.5806), (2.61269, -84.5361), (5.33051, -64.7349), (41.4549, -29.9006), (67.6237, -46.1004), (60.5703, -83.1308)))
(((72.8622, -792.322), (64.9017, -798.106), (55.2619, -798.106), (2.18792, -710.202), (26.0276, -674.919), (50.6977, -673.188), (72.8622, -792.322)))
(((54.0432, -320.593), (31.136, -339.805), (10.1027, -310.167), (12.5905, -293.464), (30.7635, -286.195), (53.0536, -301.294), (54.0432, -320.593)))
(((72.1928, -452.356), (37.1254, -501.2), (5.81329, -468.994), (7.69106, -453.972), (54.7554, -439.264), (72.2211, -451.839), (72.1928, -452.356)))
(((64.3265, 29.4087), (45.2832, 19.3859), (21.5613, 32.5087), (-3.81861, 88.1027), (11.3703, 92.4177), (59.5722, 81.7062), (64.3265, 29.4087)))
(((3.00824, 662.954), (10.0983, 668.106), (24.6517, 668.106), (95.1832, 534.6), (78.5269, 521.441), (-16.1872, 574.975), (3.00824, 662.954)))
(((77.1836, -107.073), (36.4101, -146.279), (30.0732, -143.902), (17.4361, -126.211), (16.3779, -96.5806), (60.5703, -83.1308), (77.1836, -107.073)))
(((77.5643, -175.346), (64.2119, -207.244), (47.9976, -214.09), (24.6721, -204.548), (44.7659, -157.053), (74.7525, -171.129), (77.5643, -175.346)))
(((70.4217, -387.711), (41.5945, -405.63), (19.1306, -396.236), (28.7298, -351.12), (29.4721, -350.343), (68.7826, -364.217), (70.4217, -387.711)))
(((87.5, -573.5), (47.8978, -613.102), (13.4376, -601.78), (45.5149, -531.515), (87.5, -573.5)))
(((88.475, 96.4025), (59.5722, 81.7062), (11.3703, 92.4177), (55.2774, 160.913), (92.8928, 107.523), (88.475, 96.4025)))
(((93.9619, 243.986), (93.278, 189.963), (55.1647, 162.471), (11.8815, 187.666), (37.6452, 260.273), (52.666, 264.099), (79.6152, 259.108), (93.9619, 243.986)))
(((76.666, -286.638), (53.0536, -301.294), (30.7635, -286.195), (41.5066, -256.267), (46.9371, -253.326), (76.0498, -260.139), (76.666, -286.638)))
(((93.6667, -339.333), (68.7826, -364.217), (29.4721, -350.343), (31.136, -339.805), (54.0432, -320.593), (92.074, -335.575), (93.6667, -339.333)))
(((94.125, -235), (88.8079, -251.264), (76.0498, -260.139), (46.9371, -253.326), (47.9976, -214.09), (64.2119, -207.244), (93.75, -233.5), (94.125, -235)))
(((98.105, -115.442), (74.7525, -171.129), (44.7659, -157.053), (36.4101, -146.279), (77.1836, -107.073), (98.105, -115.442)))
(((116.056, 7.24455), (80.6486, -41.9324), (67.6237, -46.1004), (41.4549, -29.9006), (37.7347, -22.8855), (45.2832, 19.3859), (64.3265, 29.4087), (108.454, 19.281), (116.056, 7.24455)))
(((101.958, -431.464), (72.2211, -451.839), (54.7554, -439.264), (41.5945, -405.63), (70.4217, -387.711), (91, -398), (102.048, -431.145), (101.958, -431.464)))
(((92.074, -335.575), (54.0432, -320.593), (53.0536, -301.294), (76.666, -286.638), (97.557, -304.047), (92.074, -335.575)))
(((98.125, -509.625), (44.7264, -527.425), (39.0149, -521.445), (37.1254, -501.2), (72.1928, -452.356), (105.056, -498.913), (98.125, -509.625)))
(((123.512, 333.991), (79.6152, 259.108), (52.666, 264.099), (48.3807, 364.803), (108.692, 357.432), (123.512, 333.991)))
(((150.092, -759.453), (107.902, -790.106), (72.4499, -790.106), (50.6977, -673.188), (73.3416, -651.468), (130.34, -705.752), (150.092, -759.453)))
(((108.454, 19.281), (64.3265, 29.4087), (59.5722, 81.7062), (88.475, 96.4025), (116.271, 56.5616), (108.454, 19.281)))
(((94, -573.971), (94, -635.478), (73.4526, -650.089), (47.8978, -613.102), (87.5, -573.5), (94, -573.971)))
(((108.692, 357.432), (48.3807, 364.803), (33.3651, 374.27), (26.9589, 387.082), (72.9314, 454.946), (137.957, 420.978), (108.692, 357.432)))
(((110.223, -570.915), (94, -573.971), (87.5, -573.5), (45.5149, -531.515), (44.7264, -527.425), (98.125, -509.625), (114.67, -548.231), (110.223, -570.915)))
(((111.571, -197.857), (93.75, -233.5), (64.2119, -207.244), (77.5643, -175.346), (101.919, -180.308), (111.571, -197.857)))
(((112.65, -349.65), (106.929, -382.071), (91, -398), (70.4217, -387.711), (68.7826, -364.217), (93.6667, -339.333), (111, -348), (112.65, -349.65)))
(((110.272, -114.275), (98.105, -115.442), (77.1836, -107.073), (60.5703, -83.1308), (67.6237, -46.1004), (80.6486, -41.9324), (124.143, -70.9286), (110.272, -114.275)))
(((24.6262, 668.154), (63.0983, 696.106), (124.902, 696.106), (174.902, 659.779), (193.981, 601.06), (105.31, 536.657), (95.1832, 534.6), (24.6262, 668.154)))
(((121.268, -290.944), (97.557, -304.047), (76.666, -286.638), (76.0498, -260.139), (88.8079, -251.264), (119.59, -272.493), (121.268, -290.944)))
(((142.649, 131.572), (92.8928, 107.523), (55.2774, 160.913), (55.1647, 162.471), (93.278, 189.963), (135.367, 165.411), (142.649, 131.572)))
(((112.586, -116.021), (122.46, -161.692), (101.919, -180.308), (77.5643, -175.346), (74.7525, -171.129), (98.105, -115.442), (110.272, -114.275), (112.586, -116.021)))
(((148.928, -618.389), (94, -635.478), (94, -573.971), (110.223, -570.915), (161.788, -604.126), (148.928, -618.389)))
(((129.974, -491.481), (105.056, -498.913), (72.1928, -452.356), (72.2211, -451.839), (101.958, -431.464), (144.123, -467.605), (129.974, -491.481)))
(((146.642, -402.291), (102.048, -431.145), (91, -398), (106.929, -382.071), (146.156, -400.653), (146.642, -402.291)))
(((130.34, -705.752), (73.3416, -651.468), (73.4526, -650.089), (94, -635.478), (148.928, -618.389), (130.34, -705.752)))
(((136.873, -255.902), (119.59, -272.493), (88.8079, -251.264), (94.125, -235), (135.743, -235), (136.873, -255.902)))
(((143.965, -224.136), (135.743, -235), (94.125, -235), (93.75, -233.5), (111.571, -197.857), (138.591, -206.864), (143.965, -224.136)))
(((140.946, -301.72), (111, -348), (93.6667, -339.333), (92.074, -335.575), (97.557, -304.047), (121.268, -290.944), (140.946, -301.72)))
(((159.542, -55.4816), (124.143, -70.9286), (80.6486, -41.9324), (116.056, 7.24455), (123.208, 5.0309), (157.51, -23.7583), (166.219, -45.8215), (159.542, -55.4816)))
(((137.957, 420.978), (72.9314, 454.946), (63.3829, 491.994), (78.5269, 521.441), (95.1832, 534.6), (105.31, 536.657), (180.854, 438.221), (137.957, 420.978)))
(((152.123, -524.262), (114.67, -548.231), (98.125, -509.625), (105.056, -498.913), (129.974, -491.481), (152.123, -524.262)))
(((146.156, -400.653), (106.929, -382.071), (112.65, -349.65), (149.034, -357.497), (146.156, -400.653)))
(((175.238, 100.862), (168.623, 79.6939), (116.271, 56.5616), (88.475, 96.4025), (92.8928, 107.523), (142.649, 131.572), (165.277, 116.879), (175.238, 100.862)))
(((157.195, -178.957), (138.591, -206.864), (111.571, -197.857), (101.919, -180.308), (122.46, -161.692), (154.1, -168.02), (157.195, -178.957)))
(((178.126, 245.108), (93.9619, 243.986), (79.6152, 259.108), (123.512, 333.991), (152.502, 324.544), (178.126, 245.108)))
(((191.28, 222.624), (135.367, 165.411), (93.278, 189.963), (93.9619, 243.986), (178.126, 245.108), (180.039, 243.88), (191.28, 222.624)))
(((149.034, -357.497), (112.65, -349.65), (111, -348), (140.946, -301.72), (161.673, -304.067), (154.89, -353.81), (149.034, -357.497)))
(((165.531, -430.475), (152.454, -464.621), (144.123, -467.605), (101.958, -431.464), (102.048, -431.145), (146.642, -402.291), (156.386, -408.527), (165.531, -430.475)))
(((154.1, -168.02), (122.46, -161.692), (112.586, -116.021), (147.682, -120.318), (164.373, -149.528), (154.1, -168.02)))
(((170.807, -602.306), (161.788, -604.126), (110.223, -570.915), (114.67, -548.231), (152.123, -524.262), (186.511, -538.705), (170.807, -602.306)))
(((170.094, -298.643), (161.673, -304.067), (140.946, -301.72), (121.268, -290.944), (119.59, -272.493), (136.873, -255.902), (170.559, -272.121), (170.094, -298.643)))
(((167.692, -100.308), (147.682, -120.318), (112.586, -116.021), (110.272, -114.275), (124.143, -70.9286), (159.542, -55.4816), (167.692, -100.308)))
(((178.433, 46.4497), (123.208, 5.0309), (116.056, 7.24455), (108.454, 19.281), (116.271, 56.5616), (168.623, 79.6939), (178.433, 46.4497)))
(((170.559, -272.121), (136.873, -255.902), (135.743, -235), (143.965, -224.136), (173.583, -229.778), (177.43, -261.325), (170.559, -272.121)))
(((205.062, 433.938), (186.765, 340.931), (152.502, 324.544), (123.512, 333.991), (108.692, 357.432), (137.957, 420.978), (180.854, 438.221), (200.806, 437.925), (205.062, 433.938)))
(((186.511, -538.705), (152.123, -524.262), (129.974, -491.481), (144.123, -467.605), (152.454, -464.621), (187.023, -480.848), (192.035, -533.97), (186.511, -538.705)))
(((194.381, -211.228), (173.583, -229.778), (143.965, -224.136), (138.591, -206.864), (157.195, -178.957), (188.84, -196.062), (194.381, -211.228)))
(((193.973, 601.054), (229.961, 574.907), (231.906, 570.102), (200.806, 437.925), (180.854, 438.221), (105.31, 536.657), (193.973, 601.054)))
(((204.837, -750.887), (194.902, -758.106), (149.596, -758.106), (130.34, -705.752), (148.928, -618.389), (161.788, -604.126), (170.807, -602.306), (174.173, -604.384), (204.837, -750.887)))
(((202.046, 25.9166), (157.51, -23.7583), (123.208, 5.0309), (178.433, 46.4497), (202.046, 25.9166)))
(((200.358, -385.075), (156.386, -408.527), (146.642, -402.291), (146.156, -400.653), (149.034, -357.497), (154.89, -353.81), (185.109, -360.106), (200.877, -383.195), (200.358, -385.075)))
(((177.607, -146.587), (164.373, -149.528), (147.682, -120.318), (167.692, -100.308), (196.285, -111.899), (177.607, -146.587)))
(((231.291, 198.128), (165.277, 116.879), (142.649, 131.572), (135.367, 165.411), (191.28, 222.624), (231.291, 198.128)))
(((204.806, -329.576), (185.109, -360.106), (154.89, -353.81), (161.673, -304.067), (170.094, -298.643), (203.199, -309.488), (204.806, -329.576)))
(((188.84, -196.062), (157.195, -178.957), (154.1, -168.02), (164.373, -149.528), (177.607, -146.587), (207.88, -162.213), (188.84, -196.062)))
(((213.405, -435.69), (192.793, -476.914), (187.023, -480.848), (152.454, -464.621), (165.531, -430.475), (211.847, -431.693), (213.405, -435.69)))
(((211.847, -431.693), (165.531, -430.475), (156.386, -408.527), (200.358, -385.075), (213.617, -424.85), (211.847, -431.693)))
(((206.661, -109.661), (196.285, -111.899), (167.692, -100.308), (159.542, -55.4816), (166.219, -45.8215), (171.902, -46.4119), (214.623, -84.7139), (206.661, -109.661)))
(((236.961, 305.07), (180.039, 243.88), (178.126, 245.108), (152.502, 324.544), (186.765, 340.931), (238.221, 315.655), (236.961, 305.07)))
(((225.428, -256.961), (177.43, -261.325), (173.583, -229.778), (194.381, -211.228), (197.575, -212.311), (229.019, -241.06), (225.428, -256.961)))
(((288.628, 12.6888), (289.383, 10.3645), (273.178, -8.43312), (171.902, -46.4119), (166.219, -45.8215), (157.51, -23.7583), (202.046, 25.9166), (288.628, 12.6888)))
(((226.691, -260.883), (213.472, -303.59), (203.199, -309.488), (170.094, -298.643), (170.559, -272.121), (177.43, -261.325), (225.428, -256.961), (226.691, -260.883)))
(((223.917, -156.976), (207.88, -162.213), (177.607, -146.587), (196.285, -111.899), (206.661, -109.661), (225.734, -128.734), (228.926, -150.682), (223.917, -156.976)))
(((255.988, -735.965), (237.902, -749.106), (204.464, -749.106), (174.173, -604.384), (214.5, -611.5), (255.988, -735.965)))
(((290.867, 12.3468), (202.046, 25.9166), (178.433, 46.4497), (168.623, 79.6939), (175.238, 100.862), (295.4, 97.7), (307, 62), (307, 62), (290.867, 12.3468)))
(((295.901, 97.6868), (175.238, 100.862), (165.277, 116.879), (231.291, 198.128), (294.069, 183.952), (309, 138), (309, 138), (295.901, 97.6868)))
(((242.003, -367.306), (200.877, -383.195), (185.109, -360.106), (204.806, -329.576), (244.427, -360.942), (242.003, -367.306)))
(((249.922, -67.867), (214.623, -84.7139), (171.902, -46.4119), (273.178, -8.43312), (249.922, -67.867)))
(((245.749, -490.409), (201.422, -533.094), (192.035, -533.97), (187.023, -480.848), (192.793, -476.914), (243.658, -484.449), (245.749, -490.409)))
(((233.875, -189.839), (197.575, -212.311), (194.381, -211.228), (188.84, -196.062), (207.88, -162.213), (223.917, -156.976), (233.875, -189.839)))
(((243.658, -484.449), (192.793, -476.914), (213.405, -435.69), (247.3, -456.875), (243.658, -484.449)))
(((251.109, -599.297), (214.5, -611.5), (174.173, -604.384), (170.807, -602.306), (186.511, -538.705), (192.035, -533.97), (201.422, -533.094), (238.546, -547.789), (251.109, -599.297)))
(((287.434, 356.788), (238.221, 315.655), (186.765, 340.931), (205.062, 433.938), (254.845, 416.534), (287.434, 356.788)))
(((251.19, -404.119), (213.617, -424.85), (200.358, -385.075), (200.877, -383.195), (242.003, -367.306), (253.275, -393.232), (251.19, -404.119)))
(((261.795, -220.993), (229.019, -241.06), (197.575, -212.311), (233.875, -189.839), (258.42, -205.674), (261.795, -220.993)))
(((244.427, -360.942), (204.806, -329.576), (203.199, -309.488), (213.472, -303.59), (248.487, -312.984), (247.226, -358.376), (244.427, -360.942)))
(((262.615, -103.708), (225.734, -128.734), (206.661, -109.661), (214.623, -84.7139), (249.922, -67.867), (262.615, -103.708)))
(((313.712, 200.177), (292.017, 184.415), (231.291, 198.128), (191.28, 222.624), (180.039, 243.88), (236.961, 305.07), (313.712, 200.177)))
(((263.817, -533.159), (238.546, -547.789), (201.422, -533.094), (245.749, -490.409), (260.761, -500.311), (263.817, -533.159)))
(((258.511, -307.018), (248.487, -312.984), (213.472, -303.59), (226.691, -260.883), (262.019, -279.651), (258.511, -307.018)))
(((268.909, -444.001), (247.3, -456.875), (213.405, -435.69), (211.847, -431.693), (213.617, -424.85), (251.19, -404.119), (271.289, -435.273), (268.909, -444.001)))
(((325.272, -700.963), (276.902, -736.106), (256.035, -736.106), (214.5, -611.5), (251.109, -599.297), (270.918, -603.404), (325.272, -700.963)))
(((277.757, -163.776), (258.42, -205.674), (233.875, -189.839), (223.917, -156.976), (228.926, -150.682), (270.489, -155.988), (277.757, -163.776)))
(((270.489, -155.988), (228.926, -150.682), (225.734, -128.734), (262.615, -103.708), (276.079, -112.384), (270.489, -155.988)))
(((287.113, -264.73), (262.019, -279.651), (226.691, -260.883), (225.428, -256.961), (229.019, -241.06), (261.795, -220.993), (269.349, -224.526), (287.113, -264.73)))
(((298.811, -569.024), (270.918, -603.404), (251.109, -599.297), (238.546, -547.789), (263.817, -533.159), (298.286, -550.393), (298.811, -569.024)))
(((347.516, 491.745), (254.845, 416.534), (205.062, 433.938), (200.806, 437.925), (231.906, 570.102), (347.516, 491.745)))
(((294.63, -350.308), (247.226, -358.376), (248.487, -312.984), (258.511, -307.018), (290.342, -319.062), (294.63, -350.308)))
(((292, -491.593), (260.761, -500.311), (245.749, -490.409), (243.658, -484.449), (247.3, -456.875), (268.909, -444.001), (292, -463.484), (292, -491.593)))
(((297.619, -352.687), (298.693, -360.819), (286.974, -392.07), (253.275, -393.232), (242.003, -367.306), (244.427, -360.942), (247.226, -358.376), (294.63, -350.308), (297.619, -352.687)))
(((299.905, -415.651), (271.289, -435.273), (251.19, -404.119), (253.275, -393.232), (286.974, -392.07), (299.905, -415.651)))
(((313.611, 200.316), (236.961, 305.07), (238.221, 315.655), (287.434, 356.788), (366.024, 328.859), (378, 292), (378, 292), (358.902, 233.221), (313.611, 200.316)))
(((308.144, -297.105), (290.342, -319.062), (258.511, -307.018), (262.019, -279.651), (287.113, -264.73), (293.504, -267.126), (308.144, -297.105)))
(((322, 4.22189), (322, -62), (299.111, -107.778), (276.079, -112.384), (262.615, -103.708), (249.922, -67.867), (273.178, -8.43312), (289.16, 10.1057), (313.902, 10.1057), (322, 4.22189)))
(((298.286, -550.393), (263.817, -533.159), (260.761, -500.311), (292, -491.593), (306.853, -501.265), (313, -532), (298.286, -550.393)))
(((305.587, -212.728), (269.349, -224.526), (261.795, -220.993), (258.42, -205.674), (277.757, -163.776), (294.118, -165.412), (310.983, -195.769), (305.587, -212.728)))
(((324.364, -142.727), (294.118, -165.412), (277.757, -163.776), (270.489, -155.988), (276.079, -112.384), (299.111, -107.778), (325.608, -139.952), (324.364, -142.727)))
(((327.668, -448.994), (292, -463.484), (268.909, -444.001), (271.289, -435.273), (299.905, -415.651), (309.992, -417.008), (327.668, -448.994)))
(((327.133, -245.988), (293.504, -267.126), (287.113, -264.73), (269.349, -224.526), (305.587, -212.728), (327.719, -235.624), (327.133, -245.988)))
(((309.992, -417.008), (299.905, -415.651), (286.974, -392.07), (298.693, -360.819), (330.75, -396.25), (309.992, -417.008)))
(((345.414, -475.557), (306.853, -501.265), (292, -491.593), (292, -463.484), (327.668, -448.994), (343.686, -456.55), (345.414, -475.557)))
(((412.003, -614.301), (396.902, -660.779), (346.902, -697.106), (323.123, -697.106), (270.918, -603.404), (298.811, -569.024), (412.003, -614.301)))
(((347.312, -317.18), (337.375, -344.229), (297.619, -352.687), (294.63, -350.308), (290.342, -319.062), (308.144, -297.105), (337.537, -300.563), (347.312, -317.18)))
(((366.675, 328.628), (287.434, 356.788), (254.845, 416.534), (347.516, 491.745), (375.638, 490.86), (401.902, 471.779), (421, 413), (421, 413), (401.902, 354.221), (366.675, 328.628)))
(((337.537, -300.563), (308.144, -297.105), (293.504, -267.126), (327.133, -245.988), (351.837, -269.92), (337.537, -300.563)))
(((346.684, -187.368), (310.983, -195.769), (294.118, -165.412), (324.364, -142.727), (346.684, -187.368)))
(((376.104, 490.846), (347.516, 491.745), (231.906, 570.102), (228.287, 579.04), (245.098, 630.779), (295.098, 667.106), (356.902, 667.106), (406.902, 630.779), (426, 572), (426, 572), (406.902, 513.221), (376.104, 490.846)))
(((370.192, -388.362), (330.75, -396.25), (298.693, -360.819), (297.619, -352.687), (337.375, -344.229), (370.192, -388.362)))
(((361.98, -123.787), (325.608, -139.952), (299.111, -107.778), (322, -62), (361.98, -123.787)))
(((357.858, -213.962), (327.719, -235.624), (305.587, -212.728), (310.983, -195.769), (346.684, -187.368), (360.919, -193.299), (357.858, -213.962)))
(((414.993, -615.497), (298.811, -569.024), (298.286, -550.393), (313, -532), (395.443, -532), (431.701, -549.925), (434, -557), (434, -557), (414.993, -615.497)))
(((395.443, -532), (313, -532), (306.853, -501.265), (345.414, -475.557), (395.443, -532)))
(((406.553, -401.709), (343.686, -456.55), (327.668, -448.994), (309.992, -417.008), (330.75, -396.25), (370.192, -388.362), (406.553, -401.709)))
(((444.923, -142.297), (360.919, -193.299), (346.684, -187.368), (324.364, -142.727), (325.608, -139.952), (361.98, -123.787), (442.345, -134.361), (444.923, -142.297)))
(((392.803, -259.099), (351.837, -269.92), (327.133, -245.988), (327.719, -235.624), (357.858, -213.962), (392.803, -259.099)))
(((444.854, -134.691), (361.98, -123.787), (322, -62), (322, 4.22189), (330.098, 10.1057), (391.902, 10.1057), (441.902, -26.2215), (461, -85), (461, -85), (444.854, -134.691)))
(((447.878, -397.774), (406.553, -401.709), (370.192, -388.362), (337.375, -344.229), (347.312, -317.18), (459.454, -321.852), (466, -342), (466, -342), (447.878, -397.774)))
(((458.957, -321.832), (347.312, -317.18), (337.537, -300.563), (351.837, -269.92), (392.803, -259.099), (461.595, -274.287), (468, -294), (468, -294), (458.957, -321.832)))
(((428.929, -548.555), (395.443, -532), (345.414, -475.557), (343.686, -456.55), (406.553, -401.709), (443.693, -398.172), (458.902, -409.221), (478, -468), (478, -468), (458.902, -526.779), (428.929, -548.555)))
(((466.066, -275.274), (392.803, -259.099), (357.858, -213.962), (360.919, -193.299), (444.411, -142.608), (465.902, -158.221), (485, -217), (485, -217), (466.066, -275.274)))
