(((-129.55, 347.451), (-171.902, 378.221), (-191, 437), (-174.534, 487.676), (-56.8149, 481.278), (-48.1698, 465.068), (-76.0582, 372.597), (-129.55, 347.451)))
(((-172.538, 487.567), (-186, 529), (-166.902, 587.779), (-116.902, 624.106), (-55.0983, 624.106), (-24.4628, 601.848), (-26.5692, 539.707), (-56.8149, 481.278), (-172.538, 487.567)))
(((-55.7213, 224.894), (-66.9017, 224.894), (-116.902, 261.221), (-136, 320), (-126.636, 348.821), (-76.0582, 372.597), (-34.3437, 369.191), (12.4264, 258.112), (3.39427, 247.841), (-55.7213, 224.894)))
(((26.5249, 391.46), (-34.3437, 369.191), (-76.0582, 372.597), (-48.1698, 465.068), (10.2368, 441.531), (26.5249, 391.46)))
(((-60.8722, -4.76783), (-104.902, 27.2215), (-124, 86), (-104.902, 144.779), (-72.5396, 168.291), (24.8346, 112.479), (-45.1862, 1.41148), (-60.8722, -4.76783)))
(((10.2368, 441.531), (-48.1698, 465.068), (-56.8149, 481.278), (-26.5692, 539.707), (40.7135, 484.199), (10.2368, 441.531)))
(((44.4878, 279.306), (12.4264, 258.112), (-34.3437, 369.191), (26.5249, 391.46), (77.9476, 366.457), (44.4878, 279.306)))
(((59.935, 60.1458), (-12.1714, 3.33468), (-45.1862, 1.41148), (24.8346, 112.479), (57.881, 112.181), (59.935, 60.1458)))
(((-76.22, 170.401), (-58.9169, 223.654), (3.39427, 247.841), (88.9153, 150.347), (74.0559, 123.414), (57.881, 112.181), (24.8346, 112.479), (-76.22, 170.401)))
(((53.8803, -141.106), (-2.9017, -141.106), (-52.9017, -104.779), (-72, -46), (-58.2697, -3.74263), (-45.1862, 1.41148), (-12.1714, 3.33468), (77.375, -22.25), (53.8803, -141.106)))
(((-24.4737, 601.527), (1.0983, 620.106), (49.5803, 620.106), (63.9552, 578.372), (57.5747, 489.046), (40.7135, 484.199), (-26.5692, 539.707), (-24.4737, 601.527)))
(((77.375, -22.25), (-12.1714, 3.33468), (59.935, 60.1458), (104.464, -1.69982), (77.375, -22.25)))
(((130.385, 386.811), (77.9476, 366.457), (26.5249, 391.46), (10.2368, 441.531), (40.7135, 484.199), (57.5747, 489.046), (127.264, 458.787), (139.208, 408.55), (130.385, 386.811)))
(((88.9153, 150.347), (3.39427, 247.841), (12.4264, 258.112), (44.4878, 279.306), (117.389, 246.257), (116.284, 164.511), (88.9153, 150.347)))
(((127.264, 458.787), (57.5747, 489.046), (63.9552, 578.372), (143.442, 501.157), (127.264, 458.787)))
(((185.011, 20.0239), (181.196, 8.28155), (104.464, -1.69982), (59.935, 60.1458), (57.881, 112.181), (74.0559, 123.414), (185.011, 20.0239)))
(((54.6111, -137.408), (77.375, -22.25), (104.464, -1.69982), (178.225, 7.89508), (194.902, -4.22147), (214, -63), (214, -63), (194.902, -121.779), (144.902, -158.106), (83.0983, -158.106), (54.6111, -137.408)))
(((149.53, 361.208), (142.982, 259.728), (117.389, 246.257), (44.4878, 279.306), (77.9476, 366.457), (130.385, 386.811), (149.53, 361.208)))
(((49.3501, 620.774), (91.0983, 651.106), (152.902, 651.106), (202.902, 614.779), (214.205, 579.992), (201.948, 558.903), (143.442, 501.157), (63.9552, 578.372), (49.3501, 620.774)))
(((185.103, 19.9385), (74.0559, 123.414), (88.9153, 150.347), (116.284, 164.511), (223.984, 150.215), (239, 104), (239, 104), (219.902, 45.2215), (185.103, 19.9385)))
(((223.897, 150.226), (116.284, 164.511), (117.389, 246.257), (142.982, 259.728), (250.824, 226.776), (254, 217), (254, 217), (234.902, 158.221), (223.897, 150.226)))
(((251.764, 226.489), (142.982, 259.728), (149.53, 361.208), (237.681, 311.559), (260.331, 240.777), (256.902, 230.221), (251.764, 226.489)))
(((229.743, 432.282), (139.208, 408.55), (127.264, 458.787), (143.442, 501.157), (201.948, 558.903), (229.743, 432.282)))
(((237.681, 311.559), (149.53, 361.208), (130.385, 386.811), (139.208, 408.55), (229.743, 432.282), (306.412, 422.698), (237.681, 311.559)))
(((316.15, 426.495), (306.412, 422.698), (229.743, 432.282), (201.948, 558.903), (216.014, 583.106), (269.902, 583.106), (319.902, 546.779), (339, 488), (339, 488), (319.902, 429.221), (316.15, 426.495)))
(((260.242, 241.055), (237.681, 311.559), (306.412, 422.698), (310.021, 424.106), (331.902, 424.106), (381.902, 387.779), (401, 329), (401, 329), (381.902, 270.221), (331.902, 233.894), (270.098, 233.894), (260.242, 241.055)))
