(((-271.286, -271.764), (-280.902, -264.779), (-300, -206), (-287.845, -168.59), (-172.618, -181.16), (-169.64, -185.153), (-168.849, -209.681), (-271.286, -271.764)))
(((-288.301, -168.54), (-294, -151), (-274.902, -92.2215), (-253.893, -76.958), (-187.051, -112.405), (-164.5, -142.043), (-172.618, -181.16), (-288.301, -168.54)))
(((-264.639, -286.276), (-269.672, -270.786), (-168.849, -209.681), (-157.47, -223.336), (-165.062, -264.55), (-264.639, -286.276)))
(((-208.666, 446.809), (-251.902, 478.221), (-271, 537), (-251.902, 595.779), (-207.644, 627.933), (-124.842, 538.084), (-208.666, 446.809)))
(((-252.622, -341.329), (-268, -294), (-265.555, -286.476), (-165.062, -264.55), (-138.87, -278.737), (-157.654, -331.332), (-252.622, -341.329)))
(((-173.18, -514.106), (-193.902, -514.106), (-243.902, -477.779), (-263, -419), (-253.215, -388.885), (-143.349, -395.611), (-120.529, -424.599), (-173.18, -514.106)))
(((-253.877, -388.844), (-260, -370), (-250.615, -341.117), (-157.654, -331.332), (-131.454, -345.935), (-130.67, -349.123), (-143.349, -395.611), (-253.877, -388.844)))
(((-256.02, -75.83), (-239.902, -26.2215), (-189.902, 10.1057), (-143.707, 10.1057), (-124.873, -90.3422), (-187.051, -112.405), (-256.02, -75.83)))
(((-119.26, -97.2606), (-133.651, -137.349), (-164.5, -142.043), (-187.051, -112.405), (-124.873, -90.3422), (-119.26, -97.2606)))
(((-108.284, -245.335), (-123.283, -274.778), (-138.87, -278.737), (-165.062, -264.55), (-157.47, -223.336), (-118.482, -227.049), (-108.284, -245.335)))
(((-113.9, -157.1), (-130.75, -182.375), (-169.64, -185.153), (-172.618, -181.16), (-164.5, -142.043), (-133.651, -137.349), (-113.9, -157.1)))
(((-118.482, -227.049), (-157.47, -223.336), (-168.849, -209.681), (-169.64, -185.153), (-130.75, -182.375), (-113.422, -208.367), (-118.482, -227.049)))
(((-97.3199, -322.42), (-131.454, -345.935), (-157.654, -331.332), (-138.87, -278.737), (-123.283, -274.778), (-101.15, -297.527), (-97.3199, -322.42)))
(((-175.085, 413.011), (-202.902, 433.221), (-207.669, 447.894), (-124.842, 538.084), (-97.6002, 537.491), (-72.5286, 494.186), (-89.3169, 456.412), (-175.085, 413.011)))
(((-206.225, 626.394), (-200.902, 642.779), (-150.902, 679.106), (-89.0983, 679.106), (-39.0983, 642.779), (-35.8301, 632.72), (-97.6002, 537.491), (-124.842, 538.084), (-206.225, 626.394)))
(((-91.2597, -416.616), (-120.529, -424.599), (-143.349, -395.611), (-130.67, -349.123), (-83.1667, -384.75), (-91.2597, -416.616)))
(((-89.1065, -156.641), (-113.9, -157.1), (-133.651, -137.349), (-119.26, -97.2606), (-106.697, -100.346), (-80.1299, -130.709), (-89.1065, -156.641)))
(((-83.2059, -165), (-82.1736, -191.322), (-113.422, -208.367), (-130.75, -182.375), (-113.9, -157.1), (-89.1065, -156.641), (-83.2059, -165)))
(((-165.163, -525.581), (-175.508, -518.064), (-120.529, -424.599), (-91.2597, -416.616), (-49.3668, -445.461), (-38.7944, -461.008), (-34.165, -475.62), (-41.0005, -483.656), (-165.163, -525.581)))
(((-66.7559, -369.085), (-83.1667, -384.75), (-130.67, -349.123), (-131.454, -345.935), (-97.3199, -322.42), (-66.1538, -334.769), (-66.7559, -369.085)))
(((-129.385, 19.5747), (-75.731, -29.2748), (-65.7673, -74.9417), (-106.697, -100.346), (-119.26, -97.2606), (-124.873, -90.3422), (-143.553, 9.2814), (-129.385, 19.5747)))
(((-60.9101, -211.371), (-88.73, -244.986), (-108.284, -245.335), (-118.482, -227.049), (-113.422, -208.367), (-82.1736, -191.322), (-60.9101, -211.371)))
(((-63.134, -277.161), (-101.15, -297.527), (-123.283, -274.778), (-108.284, -245.335), (-88.73, -244.986), (-62.1092, -268.279), (-63.134, -277.161)))
(((-93.7042, -714.106), (-118.902, -714.106), (-168.902, -677.779), (-188, -619), (-168.902, -560.221), (-165.327, -557.624), (-35.9057, -587.25), (-31.2299, -591.6), (-21.1168, -617.322), (-93.7042, -714.106)))
(((-152.483, 344.105), (-160.902, 350.221), (-180, 409), (-179.407, 410.824), (-89.3169, 456.412), (-27.234, 404.896), (-42.1657, 365.493), (-152.483, 344.105)))
(((-46.5971, -116.129), (-80.1299, -130.709), (-106.697, -100.346), (-65.7673, -74.9417), (-57.3047, -82.5787), (-46.5971, -116.129)))
(((-54.5732, -327.049), (-66.1538, -334.769), (-97.3199, -322.42), (-101.15, -297.527), (-63.134, -277.161), (-50.7079, -298.059), (-54.5732, -327.049)))
(((-161.705, -558.453), (-169, -536), (-165.67, -525.752), (-41.0005, -483.656), (-35.9057, -587.25), (-161.705, -558.453)))
(((-29.3871, -247.613), (-62.1092, -268.279), (-88.73, -244.986), (-60.9101, -211.371), (-46.9102, -212.32), (-29.4758, -242.023), (-29.3871, -247.613)))
(((-144.07, 258.894), (-161, 311), (-150.093, 344.569), (-42.1657, 365.493), (-28.5279, 348.776), (-34.2685, 282.185), (-144.07, 258.894)))
(((-46.9102, -212.32), (-60.9101, -211.371), (-82.1736, -191.322), (-83.2059, -165), (-44.2097, -165), (-37.4534, -199.908), (-46.9102, -212.32)))
(((-23.2001, -141.739), (-44.2097, -165), (-83.2059, -165), (-89.1065, -156.641), (-80.1299, -130.709), (-46.5971, -116.129), (-42.4066, -117.984), (-23.2001, -141.739)))
(((-49.3668, -445.461), (-91.2597, -416.616), (-83.1667, -384.75), (-66.7559, -369.085), (-30.0978, -381.873), (-49.3668, -445.461)))
(((-103.526, 168.512), (-127.902, 186.221), (-147, 245), (-142.368, 259.255), (-34.2685, 282.185), (2.53203, 255.641), (-46.1486, 193.573), (-103.526, 168.512)))
(((-36.8774, 631.106), (-15.0983, 631.106), (5.37366, 616.232), (16.0717, 561.03), (-19.6136, 497.493), (-72.5286, 494.186), (-97.6002, 537.491), (-36.8774, 631.106)))
(((-11.1001, 415.782), (-27.234, 404.896), (-89.3169, 456.412), (-72.5286, 494.186), (-19.6136, 497.493), (6.52027, 451.926), (-11.1001, 415.782)))
(((-15.3085, -66.4264), (-57.3047, -82.5787), (-65.7673, -74.9417), (-75.731, -29.2748), (-25.0981, -34.7984), (-15.3085, -66.4264)))
(((-30.0978, -381.873), (-66.7559, -369.085), (-66.1538, -334.769), (-54.5732, -327.049), (-23, -332.969), (-23, -379.462), (-30.0978, -381.873)))
(((-121.988, 35.7203), (-138, 85), (-118.902, 143.779), (-105.002, 153.877), (-0.838177, 112.497), (-3.40794, 66.8841), (-29.5028, 39.7856), (-121.988, 35.7203)))
(((-18.2838, -258.716), (-20.0311, -289.295), (-50.7079, -298.059), (-63.134, -277.161), (-62.1092, -268.279), (-29.3871, -247.613), (-18.2838, -258.716)))
(((-126.534, 16.9785), (-120.422, 35.7891), (-29.5028, 39.7856), (-2.31636, 4.93123), (-4.93519, -17.5159), (-25.0981, -34.7984), (-75.731, -29.2748), (-126.534, 16.9785)))
(((-1.32941, -82.2647), (-42.4066, -117.984), (-46.5971, -116.129), (-57.3047, -82.5787), (-15.3085, -66.4264), (-0.277778, -78.7593), (-1.32941, -82.2647)))
(((1.66, -322.18), (-23, -332.969), (-54.5732, -327.049), (-50.7079, -298.059), (-20.0311, -289.295), (-7.52273, -302.284), (1.66, -322.18)))
(((1.33841, -188.678), (-37.4534, -199.908), (-44.2097, -165), (-23.2001, -141.739), (-15.702, -143.557), (3.97194, -180.339), (1.33841, -188.678)))
(((2.21712, -404.887), (-38.7944, -461.008), (-49.3668, -445.461), (-30.0978, -381.873), (-23, -379.462), (-7.94408, -382.871), (2.21712, -404.887)))
(((12.5768, -214.527), (-29.4758, -242.023), (-46.9102, -212.32), (-37.4534, -199.908), (1.33841, -188.678), (12.5768, -214.527)))
(((10.6096, -127.036), (-15.702, -143.557), (-23.2001, -141.739), (-42.4066, -117.984), (-1.32941, -82.2647), (10.6096, -127.036)))
(((-108.055, 155.09), (-109, 158), (-105.925, 167.464), (-46.1486, 193.573), (14.1084, 176.906), (15.2916, 121.295), (-0.838177, 112.497), (-108.055, 155.09)))
(((24.632, -539.928), (-31.2299, -591.6), (-35.9057, -587.25), (-41.0005, -483.656), (-34.165, -475.62), (-1.30868, -479.959), (28.7324, -522.16), (24.632, -539.928)))
(((32.468, -351.696), (-7.94408, -382.871), (-23, -379.462), (-23, -332.969), (1.66, -322.18), (8.10976, -323.939), (32.468, -351.696)))
(((-93.6093, -713.979), (-21.1168, -617.322), (85.4699, -649.592), (96, -682), (96, -682), (76.9017, -740.779), (26.9017, -777.106), (-34.9017, -777.106), (-84.9017, -740.779), (-93.6093, -713.979)))
(((34.9825, 275.173), (10.89, 256.22), (2.53203, 255.641), (-34.2685, 282.185), (-28.5279, 348.776), (29.0857, 333.298), (34.9825, 275.173)))
(((13.5421, -270.687), (-7.52273, -302.284), (-20.0311, -289.295), (-18.2838, -258.716), (10.0209, -261.478), (13.5421, -270.687)))
(((32.1905, -237.724), (10.0209, -261.478), (-18.2838, -258.716), (-29.3871, -247.613), (-29.4758, -242.023), (12.5768, -214.527), (23.5533, -221.447), (32.1905, -237.724)))
(((18.6525, -72.4492), (-0.277778, -78.7593), (-15.3085, -66.4264), (-25.0981, -34.7984), (-4.93519, -17.5159), (27.0879, -39.4746), (18.6525, -72.4492)))
(((40.7143, 196.571), (14.1084, 176.906), (-46.1486, 193.573), (2.53203, 255.641), (10.89, 256.22), (40.7143, 196.571)))
(((29.2564, -458.468), (-1.30868, -479.959), (-34.165, -475.62), (-38.7944, -461.008), (2.21712, -404.887), (31.0302, -415.011), (29.2564, -458.468)))
(((8.10976, -323.939), (1.66, -322.18), (-7.52273, -302.284), (13.5421, -270.687), (32.7161, -290.774), (8.10976, -323.939)))
(((70.1809, 370.117), (69.0278, 367.249), (29.0857, 333.298), (-28.5279, 348.776), (-42.1657, 365.493), (-27.234, 404.896), (-11.1001, 415.782), (69.8464, 371.629), (70.1809, 370.117)))
(((54.0672, 17.8416), (53.3074, 17.0233), (-2.31636, 4.93123), (-29.5028, 39.7856), (-3.40794, 66.8841), (59.8031, 44.4968), (54.0672, 17.8416)))
(((34.5, -132.045), (34.5, -169.915), (3.97194, -180.339), (-15.702, -143.557), (10.6096, -127.036), (31.5308, -128.267), (34.5, -132.045)))
(((47.5, -366.407), (47.5, -399.808), (31.0302, -415.011), (2.21712, -404.887), (-7.94408, -382.871), (32.468, -351.696), (38.0945, -353.283), (47.5, -366.407)))
(((31.5308, -128.267), (10.6096, -127.036), (-1.32941, -82.2647), (-0.277778, -78.7593), (18.6525, -72.4492), (49.1178, -90.1615), (31.5308, -128.267)))
(((47.0115, -31.2453), (27.0879, -39.4746), (-4.93519, -17.5159), (-2.31636, 4.93123), (53.3074, 17.0233), (47.0115, -31.2453)))
(((58.9592, 524.641), (37.4103, 456.679), (6.52027, 451.926), (-19.6136, 497.493), (16.0717, 561.03), (58.9592, 524.641)))
(((85.4091, -649.573), (-21.1168, -617.322), (-31.2299, -591.6), (24.632, -539.928), (77.478, -599.115), (95.8514, -641.987), (85.4091, -649.573)))
(((56.6618, -188.338), (23.5533, -221.447), (12.5768, -214.527), (1.33841, -188.678), (3.97194, -180.339), (34.5, -169.915), (52.5639, -179.167), (56.6618, -188.338)))
(((53.2007, -286.584), (32.7161, -290.774), (13.5421, -270.687), (10.0209, -261.478), (32.1905, -237.724), (55.0559, -245.77), (53.2007, -286.584)))
(((59.8031, 44.4968), (-3.40794, 66.8841), (-0.838177, 112.497), (15.2916, 121.295), (51.7843, 118.956), (68.1055, 52.416), (59.8031, 44.4968)))
(((79.6831, 139.558), (51.7843, 118.956), (15.2916, 121.295), (14.1084, 176.906), (40.7143, 196.571), (58.6224, 192.094), (77.8725, 163.701), (79.6831, 139.558)))
(((69.8464, 371.629), (-11.1001, 415.782), (6.52027, 451.926), (37.4103, 456.679), (86.4308, 434.808), (69.8464, 371.629)))
(((68.5659, -320.2), (38.0945, -353.283), (32.468, -351.696), (8.10976, -323.939), (32.7161, -290.774), (53.2007, -286.584), (61.0853, -293.154), (68.5659, -320.2)))
(((62.7906, -87.0235), (49.1178, -90.1615), (18.6525, -72.4492), (27.0879, -39.4746), (47.0115, -31.2453), (77.0039, -51.4902), (62.7906, -87.0235)))
(((84.5684, -508.758), (72.8154, -517.519), (28.7324, -522.16), (-1.30868, -479.959), (29.2564, -458.468), (55.6641, -460.172), (83.6147, -477.284), (84.5684, -508.758)))
(((55.0559, -245.77), (32.1905, -237.724), (23.5533, -221.447), (56.6618, -188.338), (77.5884, -202.119), (58.2949, -244.324), (55.0559, -245.77)))
(((81.0946, -142.077), (52.5639, -179.167), (34.5, -169.915), (34.5, -132.045), (80.9512, -141.899), (81.0946, -142.077)))
(((55.6641, -460.172), (29.2564, -458.468), (31.0302, -415.011), (47.5, -399.808), (77.7121, -416.076), (55.6641, -460.172)))
(((93.694, 237.03), (58.6224, 192.094), (40.7143, 196.571), (10.89, 256.22), (34.9825, 275.173), (67.2292, 271.24), (93.694, 237.03)))
(((77.478, -599.115), (24.632, -539.928), (28.7324, -522.16), (72.8154, -517.519), (77.478, -599.115)))
(((80.9512, -141.899), (34.5, -132.045), (31.5308, -128.267), (49.1178, -90.1615), (62.7906, -87.0235), (76.5632, -99.1165), (80.9512, -141.899)))
(((98.0844, 303.601), (67.2292, 271.24), (34.9825, 275.173), (29.0857, 333.298), (69.0278, 367.249), (98.0844, 303.601)))
(((86.4308, 434.808), (37.4103, 456.679), (58.9592, 524.641), (84.9328, 519.709), (121.43, 455.563), (86.4308, 434.808)))
(((91.7491, -45.8378), (77.0039, -51.4902), (47.0115, -31.2453), (53.3074, 17.0233), (54.0672, 17.8416), (107.412, -17.2133), (91.7491, -45.8378)))
(((104.156, -372.962), (102.957, -405.944), (89.2814, -414.963), (77.7121, -416.076), (47.5, -399.808), (47.5, -366.407), (100.243, -370.087), (104.156, -372.962)))
(((95.8933, -278.751), (61.0853, -293.154), (53.2007, -286.584), (55.0559, -245.77), (58.2949, -244.324), (105.508, -256.127), (95.8933, -278.751)))
(((91.3953, -200.181), (77.5884, -202.119), (56.6618, -188.338), (52.5639, -179.167), (81.0946, -142.077), (101.314, -149.172), (91.3953, -200.181)))
(((100.243, -370.087), (47.5, -366.407), (38.0945, -353.283), (68.5659, -320.2), (91.9706, -324.588), (100.243, -370.087)))
(((83.6147, -477.284), (55.6641, -460.172), (77.7121, -416.076), (89.2814, -414.963), (99, -465.5), (83.6147, -477.284)))
(((4.36691, 621.427), (52.0983, 656.106), (93.4758, 656.106), (123.23, 555.508), (84.9328, 519.709), (58.9592, 524.641), (16.0717, 561.03), (4.36691, 621.427)))
(((105.508, -256.127), (58.2949, -244.324), (77.5884, -202.119), (91.3953, -200.181), (102.765, -206.549), (116.671, -250.252), (105.508, -256.127)))
(((119.483, 87.1692), (79.1058, 53.6853), (68.1055, 52.416), (51.7843, 118.956), (79.6831, 139.558), (112.178, 124.913), (119.483, 87.1692)))
(((91.9706, -324.588), (68.5659, -320.2), (61.0853, -293.154), (95.8933, -278.751), (110.902, -313.77), (91.9706, -324.588)))
(((153.256, -619.052), (122.902, -641.106), (95.4739, -641.106), (77.478, -599.115), (72.8154, -517.519), (84.5684, -508.758), (131.361, -529.281), (153.256, -619.052)))
(((125.394, -86.7432), (114.397, -96.0489), (76.5632, -99.1165), (62.7906, -87.0235), (77.0039, -51.4902), (91.7491, -45.8378), (122.433, -75.5319), (125.394, -86.7432)))
(((121.989, -10.3803), (107.412, -17.2133), (54.0672, 17.8416), (59.8031, 44.4968), (68.1055, 52.416), (79.1058, 53.6853), (130.666, 18.8475), (121.989, -10.3803)))
(((134.205, 198.494), (77.8725, 163.701), (58.6224, 192.094), (93.694, 237.03), (115.167, 233.5), (134.205, 198.494)))
(((101.314, -149.172), (81.0946, -142.077), (80.9512, -141.899), (76.5632, -99.1165), (114.397, -96.0489), (111.017, -146.746), (101.314, -149.172)))
(((137.5, -458.096), (99, -465.5), (89.2814, -414.963), (102.957, -405.944), (124.243, -417.296), (138.227, -457.383), (137.5, -458.096)))
(((156.057, 277.311), (115.167, 233.5), (93.694, 237.03), (67.2292, 271.24), (98.0844, 303.601), (142.901, 301.432), (156.057, 277.311)))
(((146.271, -357.271), (104.156, -372.962), (100.243, -370.087), (91.9706, -324.588), (110.902, -313.77), (123.613, -314.712), (146.518, -340.235), (146.271, -357.271)))
(((142.901, 301.432), (98.0844, 303.601), (69.0278, 367.249), (70.1809, 370.117), (141.274, 362.09), (155.868, 349.41), (142.901, 301.432)))
(((138.253, -189.965), (137.623, -191.056), (102.765, -206.549), (91.3953, -200.181), (101.314, -149.172), (111.017, -146.746), (120.547, -148.898), (139.22, -180.302), (138.253, -189.965)))
(((140.314, -283.947), (123.613, -314.712), (110.902, -313.77), (95.8933, -278.751), (105.508, -256.127), (116.671, -250.252), (123.773, -251.652), (140.314, -283.947)))
(((131.361, -529.281), (84.5684, -508.758), (83.6147, -477.284), (99, -465.5), (137.5, -458.096), (137.5, -519.824), (131.361, -529.281)))
(((151.301, 144.806), (112.178, 124.913), (79.6831, 139.558), (77.8725, 163.701), (134.205, 198.494), (147.63, 191.059), (151.301, 144.806)))
(((143.278, 454.278), (141.274, 362.09), (70.1809, 370.117), (69.8464, 371.629), (86.4308, 434.808), (121.43, 455.563), (143.278, 454.278)))
(((147.426, 30.5196), (130.666, 18.8475), (79.1058, 53.6853), (119.483, 87.1692), (146.642, 72.8211), (147.426, 30.5196)))
(((153.173, -33.942), (122.433, -75.5319), (91.7491, -45.8378), (107.412, -17.2133), (121.989, -10.3803), (153.173, -33.942)))
(((143.278, 454.278), (121.43, 455.563), (84.9328, 519.709), (123.23, 555.508), (171.716, 535.246), (143.588, 454.379), (143.278, 454.278)))
(((151.298, -131.216), (120.547, -148.898), (111.017, -146.746), (114.397, -96.0489), (125.394, -86.7432), (150.538, -96.2312), (151.298, -131.216)))
(((123.773, -251.652), (116.671, -250.252), (102.765, -206.549), (137.623, -191.056), (153.064, -235.835), (123.773, -251.652)))
(((157.673, -368.673), (152.936, -399.124), (124.243, -417.296), (102.957, -405.944), (104.156, -372.962), (146.271, -357.271), (157.673, -368.673)))
(((156.605, -34.5508), (174.976, -84.012), (150.538, -96.2312), (125.394, -86.7432), (122.433, -75.5319), (153.173, -33.942), (156.605, -34.5508)))
(((177.639, 131.225), (162.929, 80.9643), (146.642, 72.8211), (119.483, 87.1692), (112.178, 124.913), (151.301, 144.806), (177.639, 131.225)))
(((155.505, -455.32), (138.227, -457.383), (124.243, -417.296), (152.936, -399.124), (177.035, -426.366), (155.505, -455.32)))
(((181.198, -311.335), (146.518, -340.235), (123.613, -314.712), (140.314, -283.947), (175.464, -289.22), (181.198, -311.335)))
(((186.201, -157.681), (139.22, -180.302), (120.547, -148.898), (151.298, -131.216), (186.674, -151.061), (186.201, -157.681)))
(((219.578, 247.395), (213.09, 220.515), (147.63, 191.059), (134.205, 198.494), (115.167, 233.5), (156.057, 277.311), (212.509, 255.806), (219.578, 247.395)))
(((93.6029, 655.676), (123.098, 677.106), (169.09, 677.106), (198.733, 547.418), (171.716, 535.246), (123.23, 555.508), (93.6029, 655.676)))
(((175.464, -289.22), (140.314, -283.947), (123.773, -251.652), (153.064, -235.835), (169.231, -236.374), (181.858, -277.415), (175.464, -289.22)))
(((199.814, -492.878), (137.5, -519.824), (137.5, -458.096), (138.227, -457.383), (155.505, -455.32), (200.27, -491.838), (199.814, -492.878)))
(((169.231, -236.374), (153.064, -235.835), (137.623, -191.056), (138.253, -189.965), (178.853, -199.632), (179.573, -228.402), (169.231, -236.374)))
(((185.055, -20.616), (156.605, -34.5508), (153.173, -33.942), (121.989, -10.3803), (130.666, 18.8475), (147.426, 30.5196), (168.306, 25.0247), (188.451, 3.15371), (185.055, -20.616)))
(((192.903, -175.045), (178.853, -199.632), (138.253, -189.965), (139.22, -180.302), (186.201, -157.681), (192.903, -175.045)))
(((221.428, 366.407), (155.868, 349.41), (141.274, 362.09), (143.278, 454.278), (143.588, 454.379), (207.916, 434.276), (229.374, 374.076), (221.428, 366.407)))
(((210.693, -616.898), (204.902, -621.106), (153.757, -621.106), (131.361, -529.281), (137.5, -519.824), (199.814, -492.878), (210.693, -616.898)))
(((186.674, -151.061), (151.298, -131.216), (150.538, -96.2312), (174.976, -84.012), (186.768, -85.6447), (207.409, -129.876), (186.674, -151.061)))
(((168.306, 25.0247), (147.426, 30.5196), (146.642, 72.8211), (162.929, 80.9643), (206.268, 64.712), (168.306, 25.0247)))
(((200.519, -420.495), (177.035, -426.366), (152.936, -399.124), (157.673, -368.673), (192.836, -371.758), (207.595, -390.013), (200.519, -420.495)))
(((208.343, -337.478), (192.836, -371.758), (157.673, -368.673), (146.271, -357.271), (146.518, -340.235), (181.198, -311.335), (200.183, -320.448), (208.343, -337.478)))
(((233.755, 163.042), (203.083, 133.903), (177.639, 131.225), (151.301, 144.806), (147.63, 191.059), (213.09, 220.515), (233.755, 163.042)))
(((217.255, -60.7004), (186.768, -85.6447), (174.976, -84.012), (156.605, -34.5508), (185.055, -20.616), (221.163, -48.7982), (217.255, -60.7004)))
(((212.509, 255.806), (156.057, 277.311), (142.901, 301.432), (155.868, 349.41), (221.428, 366.407), (212.509, 255.806)))
(((240.46, -467.724), (200.27, -491.838), (155.505, -455.32), (177.035, -426.366), (200.519, -420.495), (239.905, -463.921), (240.46, -467.724)))
(((206.268, 64.712), (162.929, 80.9643), (177.639, 131.225), (203.083, 133.903), (224.891, 67.115), (206.268, 64.712)))
(((259.729, 495.588), (207.916, 434.276), (143.588, 454.379), (171.716, 535.246), (198.733, 547.418), (254.27, 532.366), (259.729, 495.588)))
(((216.393, -269.236), (181.858, -277.415), (169.231, -236.374), (179.573, -228.402), (205.47, -229.988), (215.512, -233.963), (216.393, -269.236)))
(((276.474, 40.0008), (188.451, 3.15371), (168.306, 25.0247), (206.268, 64.712), (224.891, 67.115), (276.474, 40.0008)))
(((208.396, -183.16), (205.47, -229.988), (179.573, -228.402), (178.853, -199.632), (192.903, -175.045), (208.396, -183.16)))
(((238.251, -286.61), (200.183, -320.448), (181.198, -311.335), (175.464, -289.22), (181.858, -277.415), (216.393, -269.236), (238.251, -286.61)))
(((233.194, -226.062), (215.512, -233.963), (205.47, -229.988), (208.396, -183.16), (237.084, -187.163), (233.194, -226.062)))
(((299.874, 35.5529), (310.938, 1.50024), (310.098, 0.610236), (221.163, -48.7982), (185.055, -20.616), (188.451, 3.15371), (276.474, 40.0008), (299.874, 35.5529)))
(((230.743, -129.179), (207.409, -129.876), (186.768, -85.6447), (217.255, -60.7004), (243.304, -97.4063), (230.743, -129.179)))
(((237.084, -187.163), (208.396, -183.16), (192.903, -175.045), (186.201, -157.681), (186.674, -151.061), (207.409, -129.876), (230.743, -129.179), (239.671, -136.5), (243.061, -182.839), (237.084, -187.163)))
(((241.575, -384.016), (207.595, -390.013), (192.836, -371.758), (208.343, -337.478), (241.077, -342.154), (252.2, -364.4), (241.575, -384.016)))
(((169.373, 675.868), (193.098, 693.106), (254.902, 693.106), (304.902, 656.779), (320.951, 607.383), (254.27, 532.366), (198.733, 547.418), (169.373, 675.868)))
(((256.447, -312.951), (241.077, -342.154), (208.343, -337.478), (200.183, -320.448), (238.251, -286.61), (240.185, -286.815), (256.447, -312.951)))
(((329.675, -525.077), (311.902, -579.779), (261.902, -616.106), (210.623, -616.106), (199.814, -492.878), (200.27, -491.838), (240.46, -467.724), (329.675, -525.077)))
(((239.905, -463.921), (200.519, -420.495), (207.595, -390.013), (241.575, -384.016), (262.326, -416.389), (239.905, -463.921)))
(((240.185, -286.815), (238.251, -286.61), (216.393, -269.236), (215.512, -233.963), (233.194, -226.062), (252.16, -234.443), (256.2, -270.8), (240.185, -286.815)))
(((297.862, 35.9353), (276.474, 40.0008), (224.891, 67.115), (203.083, 133.903), (233.755, 163.042), (331.852, 128.921), (338, 110), (338, 110), (318.902, 51.2215), (297.862, 35.9353)))
(((335.744, 271.279), (219.578, 247.395), (212.509, 255.806), (221.428, 366.407), (229.374, 374.076), (331.764, 358.969), (348, 309), (348, 309), (335.744, 271.279)))
(((309.539, 0.29944), (309.881, 0.0509982), (275.879, -87.3835), (243.304, -97.4063), (217.255, -60.7004), (221.163, -48.7982), (309.539, 0.29944)))
(((277.98, -223.188), (252.16, -234.443), (233.194, -226.062), (237.084, -187.163), (243.061, -182.839), (259.672, -185.164), (277.98, -223.188)))
(((290.147, -158.936), (281.794, -173.206), (259.672, -185.164), (243.061, -182.839), (239.671, -136.5), (280.99, -136.5), (290.147, -158.936)))
(((280.99, -136.5), (239.671, -136.5), (230.743, -129.179), (243.304, -97.4063), (275.879, -87.3835), (289.955, -120.229), (280.99, -136.5)))
(((329.185, 359.35), (229.374, 374.076), (207.916, 434.276), (259.729, 495.588), (362.818, 421.207), (346.902, 372.221), (329.185, 359.35)))
(((302.923, -360.173), (252.2, -364.4), (241.077, -342.154), (256.447, -312.951), (278.52, -316.17), (304.053, -353.958), (302.923, -360.173)))
(((331.424, 129.07), (233.755, 163.042), (213.09, 220.515), (219.578, 247.395), (336.293, 271.392), (350.902, 260.779), (370, 202), (370, 202), (350.902, 143.221), (331.424, 129.07)))
(((321.402, -399.848), (262.326, -416.389), (241.575, -384.016), (252.2, -364.4), (302.923, -360.173), (321.402, -399.848)))
(((295.895, -268.91), (256.2, -270.8), (252.16, -234.443), (277.98, -223.188), (298.403, -227.116), (295.895, -268.91)))
(((305.598, -280.851), (278.52, -316.17), (256.447, -312.951), (240.185, -286.815), (256.2, -270.8), (295.895, -268.91), (305.598, -280.851)))
(((298.403, -227.116), (277.98, -223.188), (259.672, -185.164), (281.794, -173.206), (309.963, -218.709), (298.403, -227.116)))
(((327.5, -523.679), (240.46, -467.724), (239.905, -463.921), (262.326, -416.389), (321.402, -399.848), (383.011, -443.121), (365.902, -495.779), (327.5, -523.679)))
(((344.843, -208.963), (309.963, -218.709), (281.794, -173.206), (290.147, -158.936), (375.886, -174.525), (344.843, -208.963)))
(((304.053, -353.958), (278.52, -316.17), (305.598, -280.851), (311.755, -282.639), (329.744, -327.609), (304.053, -353.958)))
(((401.437, -102.888), (289.955, -120.229), (275.879, -87.3835), (309.902, 0.105652), (334.902, 0.105652), (384.902, -36.2215), (404, -95), (404, -95), (401.437, -102.888)))
(((405.371, -157.325), (375.886, -174.525), (290.147, -158.936), (280.99, -136.5), (289.955, -120.229), (399.062, -103.257), (411, -140), (411, -140), (405.371, -157.325)))
(((349.483, -269.277), (311.755, -282.639), (305.598, -280.851), (295.895, -268.91), (298.403, -227.116), (309.963, -218.709), (344.843, -208.963), (349.483, -269.277)))
(((362.704, 421.29), (259.729, 495.588), (254.27, 532.366), (318.927, 605.106), (353.902, 605.106), (403.902, 568.779), (423, 510), (423, 510), (403.902, 451.221), (362.704, 421.29)))
(((423.067, -318.805), (329.744, -327.609), (311.755, -282.639), (349.483, -269.277), (423.067, -318.805)))
(((382.376, -442.675), (321.402, -399.848), (302.923, -360.173), (304.053, -353.958), (329.744, -327.609), (423.067, -318.805), (433.894, -321.898), (444, -353), (444, -353), (424.902, -411.779), (382.376, -442.675)))
(((434.035, -321.939), (423.067, -318.805), (349.483, -269.277), (344.843, -208.963), (375.886, -174.525), (408.493, -155.504), (454.902, -189.221), (474, -248), (474, -248), (454.902, -306.779), (434.035, -321.939)))
