(((-273.656, -452.496), (-282.902, -445.779), (-302, -387), (-283.22, -329.202), (-232.935, -334.333), (-176.413, -388.5), (-246.877, -448.525), (-251.463, -450.616), (-273.656, -452.496)))
(((-253.065, -216.003), (-280.902, -195.779), (-300, -137), (-282.426, -82.913), (-168.116, -126.878), (-194.994, -201.54), (-235.23, -215.065), (-253.065, -216.003)))
(((-278.128, -547.693), (-292, -505), (-274.977, -452.608), (-251.463, -450.616), (-147.237, -494.39), (-163.4, -521.012), (-278.128, -547.693)))
(((-278.791, -329.654), (-292, -289), (-272.902, -230.221), (-253.353, -216.019), (-235.23, -215.065), (-161.015, -287.031), (-180.019, -325.037), (-232.935, -334.333), (-278.791, -329.654)))
(((-271.2, -654.551), (-286, -609), (-274.169, -572.587), (-170.694, -579.373), (-152.085, -601.237), (-152.75, -616.079), (-191.799, -645.604), (-271.2, -654.551)))
(((-280.357, -83.709), (-265.902, -39.2215), (-215.902, -2.89435), (-160, -2.89435), (-160, -121.895), (-168.116, -126.878), (-280.357, -83.709)))
(((-274.008, -572.598), (-281.821, -548.551), (-163.4, -521.012), (-157.334, -552.017), (-170.694, -579.373), (-274.008, -572.598)))
(((-150.707, -390.849), (-146.541, -419.551), (-155.448, -430.685), (-246.877, -448.525), (-176.413, -388.5), (-152.679, -388.5), (-150.707, -390.849)))
(((-152.679, -388.5), (-176.413, -388.5), (-232.935, -334.333), (-180.019, -325.037), (-149.663, -346.286), (-152.679, -388.5)))
(((-211.927, -772.908), (-258.902, -738.779), (-278, -680), (-269.675, -654.379), (-191.799, -645.604), (-141.373, -684.264), (-211.927, -772.908)))
(((-147.237, -494.39), (-251.463, -450.616), (-246.877, -448.525), (-155.448, -430.685), (-146.86, -494.233), (-147.237, -494.39)))
(((-131.308, -278.692), (-161.015, -287.031), (-235.23, -215.065), (-194.994, -201.54), (-176.985, -203.323), (-124.691, -237.004), (-131.308, -278.692)))
(((-110.746, -672.723), (-141.373, -684.264), (-191.799, -645.604), (-152.75, -616.079), (-107.399, -659.043), (-110.746, -672.723)))
(((-107.796, -157.198), (-176.985, -203.323), (-194.994, -201.54), (-168.116, -126.878), (-160, -121.895), (-124.329, -131.282), (-107.796, -157.198)))
(((-108.079, -330.114), (-149.663, -346.286), (-180.019, -325.037), (-161.015, -287.031), (-131.308, -278.692), (-110.281, -299.719), (-108.079, -330.114)))
(((-98.4696, -576.3), (-152.085, -601.237), (-170.694, -579.373), (-157.334, -552.017), (-101.6, -557.59), (-96.3568, -568.713), (-98.4696, -576.3)))
(((-101.6, -557.59), (-157.334, -552.017), (-163.4, -521.012), (-147.237, -494.39), (-146.86, -494.233), (-131.518, -494.578), (-102.27, -542.627), (-101.6, -557.59)))
(((-136.697, -2.89435), (-108.916, -98.1447), (-124.329, -131.282), (-160, -121.895), (-160, -2.89435), (-136.697, -2.89435)))
(((-98.1751, -470.528), (-131.518, -494.578), (-146.86, -494.233), (-155.448, -430.685), (-146.541, -419.551), (-93.6869, -439.518), (-98.1751, -470.528)))
(((-177.169, -801.56), (-209.902, -777.779), (-211.613, -772.513), (-141.373, -684.264), (-110.746, -672.723), (-88.0418, -706.286), (-177.169, -801.56)))
(((-106.007, -331.8), (-96.1393, -382.233), (-150.707, -390.849), (-152.679, -388.5), (-149.663, -346.286), (-108.079, -330.114), (-106.007, -331.8)))
(((-86.1213, -223.029), (-124.691, -237.004), (-176.985, -203.323), (-107.796, -157.198), (-103.488, -158.834), (-92.0116, -170.515), (-81.9525, -219.374), (-86.1213, -223.029)))
(((-107.399, -659.043), (-152.75, -616.079), (-152.085, -601.237), (-98.4696, -576.3), (-78.7232, -631.778), (-107.399, -659.043)))
(((-93.6869, -439.518), (-146.541, -419.551), (-150.707, -390.849), (-96.1393, -382.233), (-95.1298, -383.092), (-87.9346, -433.458), (-93.6869, -439.518)))
(((-48.0412, -829.26), (-67.0983, -843.106), (-128.902, -843.106), (-178.902, -806.779), (-179.714, -804.28), (-88.0418, -706.286), (-67.3745, -716.482), (-48.0412, -829.26)))
(((-78.6089, -283.128), (-110.281, -299.719), (-131.308, -278.692), (-124.691, -237.004), (-86.1213, -223.029), (-78.6089, -283.128)))
(((-103.488, -158.834), (-107.796, -157.198), (-124.329, -131.282), (-108.916, -98.1447), (-58.1496, -105.61), (-103.488, -158.834)))
(((-51.7838, -500.218), (-102.27, -542.627), (-131.518, -494.578), (-98.1751, -470.528), (-51.7838, -500.218)))
(((-136.78, -2.61045), (-119.41, 10.01), (-108.192, 3.61388), (-41.6968, -95.179), (-46.4461, -101.093), (-58.1496, -105.61), (-108.916, -98.1447), (-136.78, -2.61045)))
(((-44.3971, -371.677), (-95.1298, -383.092), (-96.1393, -382.233), (-106.007, -331.8), (-51.5993, -333.976), (-40.8751, -367.842), (-44.3971, -371.677)))
(((-51.5993, -333.976), (-106.007, -331.8), (-108.079, -330.114), (-110.281, -299.719), (-78.6089, -283.128), (-58.8966, -287.414), (-48.6401, -328.44), (-51.5993, -333.976)))
(((-39.8333, -512.833), (-51.9882, -561.453), (-96.3568, -568.713), (-101.6, -557.59), (-102.27, -542.627), (-51.7838, -500.218), (-51.2273, -500.3), (-39.8333, -512.833)))
(((-51.3947, -427.658), (-87.9346, -433.458), (-95.1298, -383.092), (-44.3971, -371.677), (-51.3947, -427.658)))
(((-36.6546, -268.879), (-58.8966, -287.414), (-78.6089, -283.128), (-86.1213, -223.029), (-81.9525, -219.374), (-42.3572, -224.887), (-36.6546, -268.879)))
(((-41.3414, -157.244), (-92.0116, -170.515), (-103.488, -158.834), (-58.1496, -105.61), (-46.4461, -101.093), (-41.3414, -157.244)))
(((-27.3913, -695.538), (-67.3745, -716.482), (-88.0418, -706.286), (-110.746, -672.723), (-107.399, -659.043), (-78.7232, -631.778), (-62.2577, -631.979), (-17.8573, -667.318), (-27.3913, -695.538)))
(((-27.6429, -592.119), (-62.2577, -631.979), (-78.7232, -631.778), (-98.4696, -576.3), (-96.3568, -568.713), (-51.9882, -561.453), (-33.6822, -576.014), (-27.6429, -592.119)))
(((-21.8437, -448.585), (-51.2273, -500.3), (-51.7838, -500.218), (-98.1751, -470.528), (-93.6869, -439.518), (-87.9346, -433.458), (-51.3947, -427.658), (-25.8822, -440.854), (-21.8437, -448.585)))
(((-42.3572, -224.887), (-81.9525, -219.374), (-92.0116, -170.515), (-41.3414, -157.244), (-35.8164, -161.208), (-41.7524, -224.526), (-42.3572, -224.887)))
(((-10.2618, -311.591), (-48.6401, -328.44), (-58.8966, -287.414), (-36.6546, -268.879), (-9.70837, -283.919), (-10.2618, -311.591)))
(((-41.6968, -95.179), (-108.192, 3.61388), (-21.5834, -10.6382), (-9.05484, -89.986), (-41.6968, -95.179)))
(((-86.2127, 102.557), (-111.902, 121.221), (-131, 180), (-111.902, 238.779), (-74.7621, 265.762), (18.5294, 172.471), (18.9775, 170.638), (-31.3837, 118.569), (-86.2127, 102.557)))
(((-47.7247, -831.106), (-67.3745, -716.482), (-27.3913, -695.538), (10.3893, -736.302), (0.409931, -831.106), (-47.7247, -831.106)))
(((1.73996, -396.418), (-25.8822, -440.854), (-51.3947, -427.658), (-44.3971, -371.677), (-40.8751, -367.842), (-8.94954, -373.329), (1.73996, -396.418)))
(((9.8673, -536.252), (-33.6822, -576.014), (-51.9882, -561.453), (-39.8333, -512.833), (-12.391, -517.782), (9.8673, -536.252)))
(((11.3863, -653.486), (-17.8573, -667.318), (-62.2577, -631.979), (-27.6429, -592.119), (0.0151515, -601.338), (2.17742, -603.758), (11.3863, -653.486)))
(((-7.15868, -219.011), (-41.7524, -224.526), (-35.8164, -161.208), (9.27412, -162.128), (-7.15868, -219.011)))
(((-114.617, 7.27719), (-122, 30), (-102.902, 88.7785), (-88.3713, 99.3355), (27.1595, 24.3965), (10.1374, 0.225146), (-21.5834, -10.6382), (-108.192, 3.61388), (-114.617, 7.27719)))
(((21.8063, -153.234), (9.27412, -162.128), (-35.8164, -161.208), (-41.3414, -157.244), (-46.4461, -101.093), (-41.6968, -95.179), (-9.05484, -89.986), (-1.14967, -92.0043), (23.2721, -149.57), (21.8063, -153.234)))
(((-8.94954, -373.329), (-40.8751, -367.842), (-51.5993, -333.976), (-48.6401, -328.44), (-10.2618, -311.591), (22.9488, -338.159), (-8.94954, -373.329)))
(((13.5862, -465.828), (-12.391, -517.782), (-39.8333, -512.833), (-51.2273, -500.3), (-21.8437, -448.585), (12.7365, -461.841), (13.5862, -465.828)))
(((7.93103, -228.172), (-1.49338, -279.064), (-9.70837, -283.919), (-36.6546, -268.879), (-42.3572, -224.887), (-41.7524, -224.526), (-7.15868, -219.011), (7.93103, -228.172)))
(((25.305, -540.221), (0.0151515, -601.338), (-27.6429, -592.119), (-33.6822, -576.014), (9.8673, -536.252), (25.305, -540.221)))
(((-87.6464, 98.8652), (-86.4712, 102.482), (-31.3837, 118.569), (44.6824, 79.1277), (34.0874, 28.1391), (27.1595, 24.3965), (-87.6464, 98.8652)))
(((42.3966, -64.2931), (-1.14967, -92.0043), (-9.05484, -89.986), (-21.5834, -10.6382), (10.1374, 0.225146), (42.3966, -64.2931)))
(((45.8896, -417.955), (40.7394, -439.2), (12.7365, -461.841), (-21.8437, -448.585), (-25.8822, -440.854), (1.73996, -396.418), (40.3794, -410.103), (45.8896, -417.955)))
(((-74.7762, 265.776), (-69.9017, 280.779), (-19.9017, 317.106), (41.9017, 317.106), (70.221, 296.53), (18.5294, 172.471), (-74.7762, 265.776)))
(((42.2739, -712.042), (10.3893, -736.302), (-27.3913, -695.538), (-17.8573, -667.318), (11.3863, -653.486), (35.3871, -658.915), (42.2739, -712.042)))
(((54.2097, -536.344), (25.305, -540.221), (9.8673, -536.252), (-12.391, -517.782), (13.5862, -465.828), (60.3317, -522.961), (54.2097, -536.344)))
(((46.0693, -309.298), (24.9149, -337.885), (22.9488, -338.159), (-10.2618, -311.591), (-9.70837, -283.919), (-1.49338, -279.064), (38.3529, -280.086), (46.0693, -309.298)))
(((38.3529, -280.086), (-1.49338, -279.064), (7.93103, -228.172), (18.9674, -229.439), (41.9684, -272.566), (38.3529, -280.086)))
(((59.6487, -208.646), (18.9674, -229.439), (7.93103, -228.172), (-7.15868, -219.011), (9.27412, -162.128), (21.8063, -153.234), (59.6487, -208.646)))
(((70.3652, -570.726), (57.9376, -591.561), (2.17742, -603.758), (0.0151515, -601.338), (25.305, -540.221), (54.2097, -536.344), (70.3652, -570.726)))
(((40.3794, -410.103), (1.73996, -396.418), (-8.94954, -373.329), (22.9488, -338.159), (24.9149, -337.885), (50.1386, -361.307), (40.3794, -410.103)))
(((84.2659, 106.836), (44.6824, 79.1277), (-31.3837, 118.569), (18.9775, 170.638), (64.8594, 154.211), (84.2659, 106.836)))
(((55.6111, -649.722), (35.3871, -658.915), (11.3863, -653.486), (2.17742, -603.758), (57.9376, -591.561), (55.6111, -649.722)))
(((63.525, -137.234), (23.2721, -149.57), (-1.14967, -92.0043), (42.3966, -64.2931), (42.6367, -64.3039), (80.1357, -85.3261), (63.525, -137.234)))
(((69, -210.952), (69, -258.061), (41.9684, -272.566), (18.9674, -229.439), (59.6487, -208.646), (69, -210.952)))
(((60.3317, -522.961), (13.5862, -465.828), (12.7365, -461.841), (40.7394, -439.2), (77.5136, -472.416), (78.6475, -507), (60.3317, -522.961)))
(((0.813275, -827.274), (10.3893, -736.302), (42.2739, -712.042), (76.1826, -724.198), (64.3768, -824.548), (57.2595, -839.106), (17.0983, -839.106), (0.813275, -827.274)))
(((42.3966, -64.2931), (10.1374, 0.225146), (27.1595, 24.3965), (34.0874, 28.1391), (90.4641, 4.318), (42.6367, -64.3039), (42.3966, -64.2931)))
(((70.4607, 297.106), (89.9017, 297.106), (138.437, 261.843), (125.574, 223.968), (64.8594, 154.211), (18.9775, 170.638), (18.5294, 172.471), (70.4607, 297.106)))
(((104.932, -172.756), (82.8094, -205.655), (69, -210.952), (59.6487, -208.646), (21.8063, -153.234), (23.2721, -149.57), (63.525, -137.234), (102.303, -163.367), (104.932, -172.756)))
(((89.3897, -360.522), (50.1386, -361.307), (24.9149, -337.885), (46.0693, -309.298), (83.3738, -311.493), (95.259, -334.788), (89.3897, -360.522)))
(((94.997, -369.009), (80.5377, -412.387), (45.8896, -417.955), (40.3794, -410.103), (50.1386, -361.307), (89.3897, -360.522), (94.997, -369.009)))
(((107.415, -681.138), (100.918, -710.782), (76.1826, -724.198), (42.2739, -712.042), (35.3871, -658.915), (55.6111, -649.722), (101.009, -658.802), (102.437, -659.917), (107.415, -681.138)))
(((99.702, -282.604), (83.3738, -311.493), (46.0693, -309.298), (38.3529, -280.086), (41.9684, -272.566), (69, -258.061), (95.1798, -273.386), (99.702, -282.604)))
(((109.955, -435.5), (77.5136, -472.416), (40.7394, -439.2), (45.8896, -417.955), (80.5377, -412.387), (109.955, -435.5)))
(((115.15, 96.7393), (104.596, 4.76904), (90.4641, 4.318), (34.0874, 28.1391), (44.6824, 79.1277), (84.2659, 106.836), (115.15, 96.7393)))
(((101.009, -658.802), (55.6111, -649.722), (57.9376, -591.561), (70.3652, -570.726), (104.623, -582.927), (101.009, -658.802)))
(((122.439, -26.2551), (81.7171, -85.0753), (80.1357, -85.3261), (42.6367, -64.3039), (90.4641, 4.318), (104.596, 4.76904), (116.7, -3.3), (122.439, -26.2551)))
(((115.358, -234.375), (95.1798, -273.386), (69, -258.061), (69, -210.952), (82.8094, -205.655), (115.358, -234.375)))
(((102.303, -163.367), (63.525, -137.234), (80.1357, -85.3261), (81.7171, -85.0753), (133.01, -109.323), (102.303, -163.367)))
(((139.438, -747.511), (64.3768, -824.548), (76.1826, -724.198), (100.918, -710.782), (139.438, -747.511)))
(((142.766, -518.76), (128.819, -577.765), (104.623, -582.927), (70.3652, -570.726), (54.2097, -536.344), (60.3317, -522.961), (78.6475, -507), (124.286, -507), (142.766, -518.76)))
(((134.317, -436.784), (124.286, -507), (78.6475, -507), (77.5136, -472.416), (109.955, -435.5), (133.882, -435.5), (134.317, -436.784)))
(((133.882, -435.5), (109.955, -435.5), (80.5377, -412.387), (94.997, -369.009), (131.545, -379.042), (147.241, -416.576), (133.882, -435.5)))
(((121.613, 98.3113), (115.15, 96.7393), (84.2659, 106.836), (64.8594, 154.211), (125.574, 223.968), (147.913, 118.365), (121.613, 98.3113)))
(((149.066, -306.029), (137.475, -325.9), (95.259, -334.788), (83.3738, -311.493), (99.702, -282.604), (144.461, -288.629), (149.066, -306.029)))
(((144.461, -288.629), (99.702, -282.604), (95.1798, -273.386), (115.358, -234.375), (138.293, -234.843), (144.914, -287.815), (144.461, -288.629)))
(((149.836, -105.537), (133.01, -109.323), (81.7171, -85.0753), (122.439, -26.2551), (153.097, -54.9971), (149.836, -105.537)))
(((131.545, -379.042), (94.997, -369.009), (89.3897, -360.522), (95.259, -334.788), (137.475, -325.9), (145.611, -358.444), (131.545, -379.042)))
(((160.584, -215.085), (138.293, -234.843), (115.358, -234.375), (82.8094, -205.655), (104.932, -172.756), (147.944, -184.942), (160.584, -215.085)))
(((169.993, -629.892), (102.437, -659.917), (101.009, -658.802), (104.623, -582.927), (128.819, -577.765), (168.168, -602.517), (169.993, -629.892)))
(((202.251, -858.876), (168.902, -883.106), (107.098, -883.106), (57.0983, -846.779), (55.665, -842.367), (64.3768, -824.548), (139.438, -747.511), (150.983, -747.796), (202.251, -858.876)))
(((168.261, -158.052), (147.944, -184.942), (104.932, -172.756), (102.303, -163.367), (133.01, -109.323), (149.836, -105.537), (169.652, -117.009), (168.261, -158.052)))
(((175.373, -726.401), (150.983, -747.796), (139.438, -747.511), (100.918, -710.782), (107.415, -681.138), (170.476, -695.552), (175.373, -726.401)))
(((168.966, 17.2896), (116.7, -3.3), (104.596, 4.76904), (115.15, 96.7393), (121.613, 98.3113), (178.97, 35.4043), (168.966, 17.2896)))
(((190.212, -652.133), (170.476, -695.552), (107.415, -681.138), (102.437, -659.917), (169.993, -629.892), (190.212, -652.133)))
(((175.913, -513.305), (142.766, -518.76), (124.286, -507), (134.317, -436.784), (173.257, -471.696), (175.913, -513.305)))
(((191.733, -262.606), (144.914, -287.815), (138.293, -234.843), (160.584, -215.085), (174.271, -219.582), (194.318, -251.917), (191.733, -262.606)))
(((196.465, -352.119), (192.134, -357.22), (145.611, -358.444), (137.475, -325.9), (149.066, -306.029), (194.053, -325.588), (196.465, -352.119)))
(((191.015, -581.71), (168.168, -602.517), (128.819, -577.765), (142.766, -518.76), (175.913, -513.305), (177.275, -513.87), (193.119, -575.923), (191.015, -581.71)))
(((185.076, -409.648), (147.241, -416.576), (131.545, -379.042), (145.611, -358.444), (192.134, -357.22), (185.076, -409.648)))
(((239.921, 229.124), (176.307, 121.173), (147.913, 118.365), (125.574, 223.968), (138.187, 261.106), (195.902, 261.106), (239.921, 229.124)))
(((207.513, -37.2074), (153.097, -54.9971), (122.439, -26.2551), (116.7, -3.3), (168.966, 17.2896), (207.513, -37.2074)))
(((243.503, 66.7219), (178.97, 35.4043), (121.613, 98.3113), (147.913, 118.365), (176.307, 121.173), (243.503, 66.7219)))
(((218.492, -435.161), (173.257, -471.696), (134.317, -436.784), (133.882, -435.5), (147.241, -416.576), (185.076, -409.648), (213.103, -426.727), (218.492, -435.161)))
(((194.053, -325.588), (149.066, -306.029), (144.461, -288.629), (144.914, -287.815), (191.733, -262.606), (214.701, -301.844), (194.053, -325.588)))
(((227.489, -43.1265), (185.742, -113.915), (169.652, -117.009), (149.836, -105.537), (153.097, -54.9971), (207.513, -37.2074), (227.489, -43.1265)))
(((221.784, -182.069), (214.359, -191.829), (174.271, -219.582), (160.584, -215.085), (147.944, -184.942), (168.261, -158.052), (221.4, -181.3), (221.784, -182.069)))
(((227.683, -854.179), (220.902, -859.106), (202.356, -859.106), (150.983, -747.796), (175.373, -726.401), (199.212, -731.026), (231.692, -803.204), (227.683, -854.179)))
(((234.679, -503.21), (177.275, -513.87), (175.913, -513.305), (173.257, -471.696), (218.492, -435.161), (235.106, -446.93), (241.688, -495.989), (234.679, -503.21)))
(((221.4, -181.3), (168.261, -158.052), (169.652, -117.009), (185.742, -113.915), (222.47, -129.941), (221.4, -181.3)))
(((222.726, -718.069), (199.212, -731.026), (175.373, -726.401), (170.476, -695.552), (190.212, -652.133), (228.4, -657.075), (222.726, -718.069)))
(((306.203, 4.54645), (301.787, -1.13067), (231.534, -42.5432), (227.489, -43.1265), (207.513, -37.2074), (168.966, 17.2896), (178.97, 35.4043), (243.503, 66.7219), (289.247, 61.6393), (307, 7), (307, 7), (306.203, 4.54645)))
(((238.235, -552.112), (193.119, -575.923), (177.275, -513.87), (234.679, -503.21), (238.235, -552.112)))
(((225.307, -243.833), (194.318, -251.917), (174.271, -219.582), (214.359, -191.829), (225.307, -243.833)))
(((259.32, -645.958), (228.4, -657.075), (190.212, -652.133), (169.993, -629.892), (168.168, -602.517), (191.015, -581.71), (261.578, -614.786), (263.546, -637.913), (259.32, -645.958)))
(((238.091, -380.917), (213.103, -426.727), (185.076, -409.648), (192.134, -357.22), (196.465, -352.119), (233.349, -361.52), (238.091, -380.917)))
(((285.202, 62.0886), (243.503, 66.7219), (176.307, 121.173), (239.321, 228.106), (251.902, 228.106), (301.902, 191.779), (321, 133), (321, 133), (301.902, 74.2215), (285.202, 62.0886)))
(((231.534, -42.5432), (248.29, -118.876), (222.47, -129.941), (185.742, -113.915), (227.489, -43.1265), (231.534, -42.5432)))
(((253.329, -298.826), (214.701, -301.844), (191.733, -262.606), (194.318, -251.917), (225.307, -243.833), (235.711, -245.289), (257.832, -293.219), (253.329, -298.826)))
(((260.691, -339.648), (233.349, -361.52), (196.465, -352.119), (194.053, -325.588), (214.701, -301.844), (253.329, -298.826), (260.691, -339.648)))
(((261.578, -614.786), (191.015, -581.71), (193.119, -575.923), (238.235, -552.112), (271.518, -582.066), (261.578, -614.786)))
(((262.547, -742.728), (231.692, -803.204), (199.212, -731.026), (222.726, -718.069), (257.091, -730.288), (262.547, -742.728)))
(((251.833, -229.167), (235.711, -245.289), (225.307, -243.833), (214.359, -191.829), (221.784, -182.069), (239.612, -186.391), (251.833, -229.167)))
(((279.979, -683.368), (257.091, -730.288), (222.726, -718.069), (228.4, -657.075), (259.32, -645.958), (279.979, -683.368)))
(((283.439, -171.521), (239.612, -186.391), (221.784, -182.069), (221.4, -181.3), (222.47, -129.941), (248.29, -118.876), (276.566, -126.271), (283.806, -171.027), (283.439, -171.521)))
(((297.83, -415.053), (235.106, -446.93), (218.492, -435.161), (213.103, -426.727), (238.091, -380.917), (290.368, -402.549), (297.83, -415.053)))
(((290.368, -402.549), (238.091, -380.917), (233.349, -361.52), (260.691, -339.648), (282.267, -351.916), (290.368, -402.549)))
(((288.198, -281.671), (257.832, -293.219), (235.711, -245.289), (251.833, -229.167), (281.164, -231.262), (288.198, -281.671)))
(((297.262, -106.725), (276.566, -126.271), (248.29, -118.876), (231.534, -42.5432), (301.787, -1.13067), (297.262, -106.725)))
(((303.281, -560.726), (271.518, -582.066), (238.235, -552.112), (234.679, -503.21), (241.688, -495.989), (287.288, -504.28), (303.281, -560.726)))
(((290.751, -220.611), (281.164, -231.262), (251.833, -229.167), (239.612, -186.391), (283.439, -171.521), (290.751, -220.611)))
(((339.517, -844.589), (309.902, -866.106), (248.098, -866.106), (227.899, -851.43), (231.692, -803.204), (262.547, -742.728), (285.687, -746.43), (339.517, -844.589)))
(((339.59, -464.181), (287.288, -504.28), (241.688, -495.989), (235.106, -446.93), (297.83, -415.053), (318.258, -421.515), (339.59, -464.181)))
(((322.664, -720.658), (285.687, -746.43), (262.547, -742.728), (257.091, -730.288), (279.979, -683.368), (305.837, -695.163), (322.664, -720.658)))
(((314.269, -292.54), (312.409, -337.196), (282.267, -351.916), (260.691, -339.648), (253.329, -298.826), (257.832, -293.219), (288.198, -281.671), (309.971, -286.195), (314.269, -292.54)))
(((340.683, -245.83), (309.971, -286.195), (288.198, -281.671), (281.164, -231.262), (290.751, -220.611), (342.108, -228.971), (340.683, -245.83)))
(((327.862, -632.553), (263.546, -637.913), (261.578, -614.786), (271.518, -582.066), (303.281, -560.726), (383.911, -577.648), (327.862, -632.553)))
(((341.682, -848.538), (285.687, -746.43), (322.664, -720.658), (342.962, -728.962), (348.033, -843.924), (341.682, -848.538)))
(((318.258, -421.515), (297.83, -415.053), (290.368, -402.549), (282.267, -351.916), (312.409, -337.196), (359.343, -368.104), (318.258, -421.515)))
(((342.108, -228.971), (290.751, -220.611), (283.439, -171.521), (283.806, -171.027), (328.235, -172.508), (342.986, -227.824), (342.108, -228.971)))
(((336.13, -664.87), (305.837, -695.163), (279.979, -683.368), (259.32, -645.958), (263.546, -637.913), (327.862, -632.553), (336.13, -664.87)))
(((328.235, -172.508), (283.806, -171.027), (276.566, -126.271), (297.262, -106.725), (333.5, -120.225), (333.5, -167.792), (328.235, -172.508)))
(((409.203, -571.617), (383.911, -577.648), (303.281, -560.726), (287.288, -504.28), (339.59, -464.181), (417.627, -500.309), (425, -523), (425, -523), (409.203, -571.617)))
(((430.177, -82.3128), (333.5, -120.225), (297.262, -106.725), (301.787, -1.13067), (305.86, 4.10565), (363.902, 4.10565), (413.902, -32.2215), (430.177, -82.3128)))
(((342.962, -728.962), (322.664, -720.658), (305.837, -695.163), (336.13, -664.87), (360.5, -678.1), (360.5, -717.548), (342.962, -728.962)))
(((432.611, -337.509), (359.343, -368.104), (312.409, -337.196), (314.269, -292.54), (434.765, -330.88), (432.611, -337.509)))
(((434.496, -330.794), (314.269, -292.54), (309.971, -286.195), (340.683, -245.83), (435.534, -327.599), (434.496, -330.794)))
(((447.712, -158.274), (333.5, -167.792), (333.5, -120.225), (431.784, -81.6828), (433.902, -83.2215), (453, -142), (453, -142), (447.712, -158.274)))
(((442.77, -612.284), (360.5, -678.1), (336.13, -664.87), (327.862, -632.553), (383.911, -577.648), (406.633, -572.23), (436.902, -594.221), (442.77, -612.284)))
(((456.164, -192.572), (342.986, -227.824), (328.235, -172.508), (333.5, -167.792), (446.718, -158.357), (457, -190), (457, -190), (456.164, -192.572)))
(((418.701, -500.806), (339.59, -464.181), (318.258, -421.515), (359.343, -368.104), (431.045, -338.162), (455.902, -356.221), (475, -415), (475, -415), (455.902, -473.779), (418.701, -500.806)))
(((434.089, -326.353), (340.683, -245.83), (342.108, -228.971), (342.986, -227.824), (456.937, -192.331), (476, -251), (476, -251), (456.902, -309.779), (434.089, -326.353)))
(((348.13, -846.106), (342.962, -728.962), (360.5, -717.548), (470.536, -728.027), (478, -751), (478, -751), (458.902, -809.779), (408.902, -846.106), (348.13, -846.106)))
(((470.981, -728.07), (360.5, -717.548), (360.5, -678.1), (442.208, -612.734), (464.902, -629.221), (484, -688), (484, -688), (470.981, -728.07)))
