(((-274.318, -155.032), (-287, -116), (-267.902, -57.2215), (-217.902, -20.8943), (-188.815, -20.8943), (-175.335, -46.8165), (-163.198, -143.92), (-274.318, -155.032)))
(((-219.54, -376.556), (-261.902, -345.779), (-281, -287), (-262.967, -231.5), (-236.413, -231.5), (-152.392, -267.287), (-156.033, -316.451), (-219.54, -376.556)))
(((-262.967, -231.5), (-281, -176), (-274.183, -155.018), (-163.198, -143.92), (-155.821, -147.778), (-138.508, -186.732), (-139.567, -192.422), (-236.413, -231.5), (-262.967, -231.5)))
(((-220.527, 462.965), (-242.902, 479.221), (-262, 538), (-251.278, 571), (-122.86, 571), (-118.867, 505.521), (-220.527, 462.965)))
(((-251.278, 571), (-262, 604), (-242.902, 662.779), (-192.902, 699.106), (-131.098, 699.106), (-81.0983, 662.779), (-76.3777, 648.25), (-82.2445, 625.598), (-122.86, 571), (-251.278, 571)))
(((-134.9, -199.593), (-137.683, -259.425), (-152.392, -267.287), (-236.413, -231.5), (-139.567, -192.422), (-134.9, -199.593)))
(((-111.218, -112.82), (-155.821, -147.778), (-163.198, -143.92), (-175.335, -46.8165), (-111.218, -112.82)))
(((-161.878, -435.943), (-208.902, -401.779), (-217.672, -374.787), (-156.033, -316.451), (-100.98, -317.51), (-80.7352, -362.188), (-129.13, -420.73), (-161.878, -435.943)))
(((-85.3672, -274.745), (-100.98, -317.51), (-156.033, -316.451), (-152.392, -267.287), (-137.683, -259.425), (-90.2691, -269.585), (-85.3672, -274.745)))
(((-157.667, 357.451), (-206.902, 393.221), (-226, 452), (-222.738, 462.04), (-118.867, 505.521), (-72.9185, 482.294), (-98.5684, 389.732), (-157.667, 357.451)))
(((-91.8333, -162.333), (-138.508, -186.732), (-155.821, -147.778), (-111.218, -112.82), (-110.44, -112.885), (-89.314, -152.256), (-91.8333, -162.333)))
(((-90.2691, -269.585), (-137.683, -259.425), (-134.9, -199.593), (-91.3048, -219.87), (-90.2691, -269.585)))
(((-190.944, -16.7994), (-142.902, 18.1057), (-130.56, 18.1057), (-92.8317, -15.7199), (-81.6859, -92.3471), (-110.44, -112.885), (-111.218, -112.82), (-175.335, -46.8165), (-190.944, -16.7994)))
(((-59.066, -198.377), (-91.3048, -219.87), (-134.9, -199.593), (-139.567, -192.422), (-138.508, -186.732), (-91.8333, -162.333), (-59.066, -198.377)))
(((-72.9185, 482.294), (-118.867, 505.521), (-122.86, 571), (-82.2445, 625.598), (-26.0622, 497.502), (-72.9185, 482.294)))
(((-95.5779, -641.106), (-108.902, -641.106), (-158.902, -604.779), (-178, -546), (-162.239, -497.491), (-46.9508, -511.144), (-16.0316, -548.352), (-15.913, -548.993), (-95.5779, -641.106)))
(((-43.5803, -133.2), (-89.314, -152.256), (-110.44, -112.885), (-81.6859, -92.3471), (-49.9106, -103.496), (-43.5803, -133.2)))
(((-159.981, -497.759), (-169, -470), (-157.233, -433.786), (-129.13, -420.73), (-28.9231, -445.396), (-46.9508, -511.144), (-159.981, -497.759)))
(((-49.9638, -199.009), (-42.6764, -251.236), (-85.1596, -274.737), (-85.3672, -274.745), (-90.2691, -269.585), (-91.3048, -219.87), (-59.066, -198.377), (-49.9638, -199.009)))
(((-80.7352, -362.188), (-100.98, -317.51), (-85.3672, -274.745), (-85.1596, -274.737), (-30.7072, -312.689), (-76.8527, -361.718), (-80.7352, -362.188)))
(((-36.4149, -139.927), (-35.4395, -190.647), (-49.9638, -199.009), (-59.066, -198.377), (-91.8333, -162.333), (-89.314, -152.256), (-43.5803, -133.2), (-36.4149, -139.927)))
(((-106.791, 248.712), (-141.902, 274.221), (-161, 333), (-152.06, 360.513), (-98.5684, 389.732), (-41.3333, 379), (-30.25, 298.25), (-100.156, 250.419), (-106.791, 248.712)))
(((-49.9106, -103.496), (-81.6859, -92.3471), (-92.8317, -15.7199), (-47.5337, -28.9079), (-35.0317, -89.6318), (-49.9106, -103.496)))
(((-28.9231, -445.396), (-129.13, -420.73), (-80.7352, -362.188), (-76.8527, -361.718), (-30.1696, -379.917), (-12.1476, -435.985), (-28.9231, -445.396)))
(((-12.4946, 495.55), (-24.484, 385.248), (-41.3333, 379), (-98.5684, 389.732), (-72.9185, 482.294), (-26.0622, 497.502), (-12.4946, 495.55)))
(((-19.6597, -310.819), (-30.7072, -312.689), (-85.1596, -274.737), (-42.6764, -251.236), (-23.6872, -257.327), (-11.8836, -295.267), (-19.6597, -310.819)))
(((-131.184, 18.6654), (-114.902, 68.7785), (-71.6987, 100.167), (-30.2558, 67.9946), (-9.65786, -12.1083), (-17.176, -24.2699), (-47.5337, -28.9079), (-92.8317, -15.7199), (-131.184, 18.6654)))
(((-7.20472, -361.433), (-30.1696, -379.917), (-76.8527, -361.718), (-30.7072, -312.689), (-19.6597, -310.819), (-3.06856, -332.48), (-7.20472, -361.433)))
(((-68.4458, 110.282), (-106.902, 138.221), (-126, 197), (-109.417, 248.036), (-100.156, 250.419), (20.8563, 216.132), (27.6649, 190.731), (-10.9195, 136.713), (-68.4458, 110.282)))
(((9.28611, -233.654), (-23.6872, -257.327), (-42.6764, -251.236), (-49.9638, -199.009), (-35.4395, -190.647), (-21.9752, -193.46), (9.28611, -233.654)))
(((-4.59643, -38.8357), (-3.37404, -85.2866), (-35.0317, -89.6318), (-47.5337, -28.9079), (-17.176, -24.2699), (-4.59643, -38.8357)))
(((-76.848, 646.434), (-53.9017, 663.106), (7.9017, 663.106), (57.9017, 626.779), (61.0545, 617.075), (48.5639, 546.936), (12.3184, 500.03), (-12.4946, 495.55), (-26.0622, 497.502), (-82.2445, 625.598), (-76.848, 646.434)))
(((5.30137, -134.712), (-36.4149, -139.927), (-43.5803, -133.2), (-49.9106, -103.496), (-35.0317, -89.6318), (-3.37404, -85.2866), (5.51747, -90.5873), (12.8931, -127.466), (5.30137, -134.712)))
(((9.83512, -175.516), (-21.9752, -193.46), (-35.4395, -190.647), (-36.4149, -139.927), (5.30137, -134.712), (9.83512, -175.516)))
(((25.291, 324.663), (0.247539, 298.617), (-30.25, 298.25), (-41.3333, 379), (-24.484, 385.248), (26.0342, 377.429), (25.291, 324.663)))
(((20.8563, 216.132), (-100.156, 250.419), (-30.25, 298.25), (0.247539, 298.617), (33.845, 246.694), (20.8563, 216.132)))
(((22.6145, -498.216), (-16.0316, -548.352), (-46.9508, -511.144), (-28.9231, -445.396), (-12.1476, -435.985), (-3.21951, -436.878), (25.8947, -469.632), (22.6145, -498.216)))
(((-94.3532, -639.69), (-15.913, -548.993), (95.0418, -607.051), (96, -610), (96, -610), (76.9017, -668.779), (26.9017, -705.106), (-34.9017, -705.106), (-84.9017, -668.779), (-94.3532, -639.69)))
(((27.1661, 5.0191), (-9.65786, -12.1083), (-30.2558, 67.9946), (32.3279, 45.5766), (27.1661, 5.0191)))
(((36.891, -402.938), (-3.21951, -436.878), (-12.1476, -435.985), (-30.1696, -379.917), (-7.20472, -361.433), (36.9226, -382.199), (38.4346, -384.93), (36.891, -402.938)))
(((43.463, 455.688), (26.3982, 377.678), (26.0342, 377.429), (-24.484, 385.248), (-12.4946, 495.55), (12.3184, 500.03), (43.463, 455.688)))
(((12.7857, -234.071), (27.3003, -283.421), (-11.8836, -295.267), (-23.6872, -257.327), (9.28611, -233.654), (12.7857, -234.071)))
(((37.2761, -222.9), (12.7857, -234.071), (9.28611, -233.654), (-21.9752, -193.46), (9.83512, -175.516), (31.0962, -182.438), (43.0464, -210.741), (37.2761, -222.9)))
(((39.8659, -75.0488), (5.51747, -90.5873), (-3.37404, -85.2866), (-4.59643, -38.8357), (37.363, -45.6399), (39.8659, -75.0488)))
(((40.8046, -330.439), (-3.06856, -332.48), (-19.6597, -310.819), (-11.8836, -295.267), (27.3003, -283.421), (41.4661, -289.034), (45.6524, -326.013), (40.8046, -330.439)))
(((36.9226, -382.199), (-7.20472, -361.433), (-3.06856, -332.48), (40.8046, -330.439), (36.9226, -382.199)))
(((37.363, -45.6399), (-4.59643, -38.8357), (-17.176, -24.2699), (-9.65786, -12.1083), (27.1661, 5.0191), (55.7611, -22.7816), (37.363, -45.6399)))
(((-70.659, 99.3603), (-66.8761, 111.003), (-10.9195, 136.713), (54.831, 106.186), (39.841, 48.7239), (32.3279, 45.5766), (-30.2558, 67.9946), (-70.659, 99.3603)))
(((31.0962, -182.438), (9.83512, -175.516), (5.30137, -134.712), (12.8931, -127.466), (25.1538, -129.282), (44.62, -164.97), (31.0962, -182.438)))
(((65.3816, -99.0079), (57.9412, -118.353), (25.1538, -129.282), (12.8931, -127.466), (5.51747, -90.5873), (39.8659, -75.0488), (64.6788, -90.1523), (65.3816, -99.0079)))
(((71.1206, -268.843), (41.4661, -289.034), (27.3003, -283.421), (12.7857, -234.071), (37.2761, -222.9), (70.4834, -260.688), (71.1206, -268.843)))
(((91.2351, -605.059), (-15.913, -548.993), (-16.0316, -548.352), (22.6145, -498.216), (87.9511, -526.529), (120.372, -583.89), (91.2351, -605.059)))
(((78.2072, 265.896), (33.845, 246.694), (0.247539, 298.617), (25.291, 324.663), (77.1178, 304.567), (78.2072, 265.896)))
(((86.6602, -450.824), (77.7463, -463.032), (25.8947, -469.632), (-3.21951, -436.878), (36.891, -402.938), (82.3446, -428.63), (86.6602, -450.824)))
(((66.8688, -159.408), (44.62, -164.97), (25.1538, -129.282), (57.9412, -118.353), (74.1723, -146.389), (66.8688, -159.408)))
(((96.5845, 152.289), (67.1818, 109.818), (54.831, 106.186), (-10.9195, 136.713), (27.6649, 190.731), (98.2375, 173.306), (96.5845, 152.289)))
(((87.9511, -526.529), (22.6145, -498.216), (25.8947, -469.632), (77.7463, -463.032), (87.9511, -526.529)))
(((88.2828, 12.0682), (57.4346, -22.6361), (55.7611, -22.7816), (27.1661, 5.0191), (32.3279, 45.5766), (39.841, 48.7239), (84.1667, 38), (88.2828, 12.0682)))
(((79.3261, -199.935), (43.0464, -210.741), (31.0962, -182.438), (44.62, -164.97), (66.8688, -159.408), (81.8446, -196.271), (79.3261, -199.935)))
(((80.5603, -368.991), (38.4346, -384.93), (36.9226, -382.199), (40.8046, -330.439), (45.6524, -326.013), (77.915, -332.838), (80.5603, -368.991)))
(((118.767, 350.647), (77.1178, 304.567), (25.291, 324.663), (26.0342, 377.429), (26.3982, 377.678), (99.8899, 371.467), (118.767, 350.647)))
(((92.3696, -66.5137), (64.6788, -90.1523), (39.8659, -75.0488), (37.363, -45.6399), (55.7611, -22.7816), (57.4346, -22.6361), (93.7652, -52.0934), (92.3696, -66.5137)))
(((99.8899, 371.467), (26.3982, 377.678), (43.463, 455.688), (102.844, 439.419), (99.8899, 371.467)))
(((100.867, -318.785), (77.915, -332.838), (45.6524, -326.013), (41.4661, -289.034), (71.1206, -268.843), (102.331, -288.05), (100.867, -318.785)))
(((92.5864, -232.138), (70.4834, -260.688), (37.2761, -222.9), (43.0464, -210.741), (79.3261, -199.935), (92.5864, -232.138)))
(((84.1667, 38), (39.841, 48.7239), (54.831, 106.186), (67.1818, 109.818), (112.68, 64.32), (84.1667, 38)))
(((98.2375, 173.306), (27.6649, 190.731), (20.8563, 216.132), (33.845, 246.694), (78.2072, 265.896), (107.999, 247.762), (115.691, 186.991), (98.2375, 173.306)))
(((82.3446, -428.63), (36.891, -402.938), (38.4346, -384.93), (80.5603, -368.991), (110.006, -388.866), (82.3446, -428.63)))
(((115.062, -132.137), (106.758, -144.216), (74.1723, -146.389), (57.9412, -118.353), (65.3816, -99.0079), (112.104, -119.566), (115.062, -132.137)))
(((102.844, 439.419), (43.463, 455.688), (12.3184, 500.03), (48.5639, 546.936), (121.184, 502.625), (110.296, 444.224), (102.844, 439.419)))
(((117.346, -183.923), (81.8446, -196.271), (66.8688, -159.408), (74.1723, -146.389), (106.758, -144.216), (117.346, -183.923)))
(((121.088, -31.76), (93.7652, -52.0934), (57.4346, -22.6361), (88.2828, 12.0682), (112.711, -3.63534), (121.088, -31.76)))
(((112.104, -119.566), (65.3816, -99.0079), (64.6788, -90.1523), (92.3696, -66.5137), (121.933, -89.3201), (112.104, -119.566)))
(((128.241, -384.054), (110.006, -388.866), (80.5603, -368.991), (77.915, -332.838), (100.867, -318.785), (118.586, -331.496), (132.984, -378.804), (128.241, -384.054)))
(((138.092, -267.894), (102.331, -288.05), (71.1206, -268.843), (70.4834, -260.688), (92.5864, -232.138), (128.361, -234.963), (138.704, -245.546), (138.092, -267.894)))
(((145.864, 84.427), (127.075, 67.0619), (112.68, 64.32), (67.1818, 109.818), (96.5845, 152.289), (145.111, 90.3761), (145.864, 84.427)))
(((122.448, -186.474), (128.361, -234.963), (92.5864, -232.138), (79.3261, -199.935), (81.8446, -196.271), (117.346, -183.923), (122.448, -186.474)))
(((118.234, -580.106), (87.9511, -526.529), (77.7463, -463.032), (86.6602, -450.824), (148.908, -460.161), (129.505, -580.106), (118.234, -580.106)))
(((152.659, 275.769), (107.999, 247.762), (78.2072, 265.896), (77.1178, 304.567), (118.767, 350.647), (137.182, 346.964), (152.659, 275.769)))
(((148.908, -460.161), (86.6602, -450.824), (82.3446, -428.63), (110.006, -388.866), (128.241, -384.054), (154.753, -455.304), (148.908, -460.161)))
(((145.878, 20.0556), (112.711, -3.63534), (88.2828, 12.0682), (84.1667, 38), (112.68, 64.32), (127.075, 67.0619), (145.878, 20.0556)))
(((221.039, 535.964), (220.846, 535.371), (121.184, 502.625), (48.5639, 546.936), (60.5382, 614.176), (92.0983, 637.106), (153.902, 637.106), (203.902, 600.779), (222.215, 544.416), (221.039, 535.964)))
(((155.473, -80.2365), (121.933, -89.3201), (92.3696, -66.5137), (93.7652, -52.0934), (121.088, -31.76), (140.007, -36.7387), (155.473, -80.2365)))
(((160.08, -314.64), (118.586, -331.496), (100.867, -318.785), (102.331, -288.05), (138.092, -267.894), (152.941, -279.661), (160.08, -314.64)))
(((148.479, -180.58), (122.448, -186.474), (117.346, -183.923), (106.758, -144.216), (115.062, -132.137), (160.13, -135.142), (148.479, -180.58)))
(((177.129, 365.339), (137.182, 346.964), (118.767, 350.647), (99.8899, 371.467), (102.844, 439.419), (110.296, 444.224), (185.27, 432.689), (177.129, 365.339)))
(((170.441, -116.618), (161.689, -134.122), (160.13, -135.142), (115.062, -132.137), (112.104, -119.566), (121.933, -89.3201), (155.473, -80.2365), (164.913, -84.9565), (170.441, -116.618)))
(((165.36, -18.188), (140.007, -36.7387), (121.088, -31.76), (112.711, -3.63534), (145.878, 20.0556), (161.732, 11.4392), (165.36, -18.188)))
(((177.21, 161.333), (145.111, 90.3761), (96.5845, 152.289), (98.2375, 173.306), (115.691, 186.991), (167.397, 181.715), (177.21, 161.333)))
(((175.793, -328.108), (150.562, -374.786), (132.984, -378.804), (118.586, -331.496), (160.08, -314.64), (175.793, -328.108)))
(((176.361, -200.084), (165.585, -228.223), (138.704, -245.546), (128.361, -234.963), (122.448, -186.474), (148.479, -180.58), (175.52, -197.559), (176.361, -200.084)))
(((220.663, 535.311), (221.058, 535.024), (233.788, 484.4), (185.27, 432.689), (110.296, 444.224), (121.184, 502.625), (220.663, 535.311)))
(((206.665, 228.97), (167.397, 181.715), (115.691, 186.991), (107.999, 247.762), (152.659, 275.769), (191.488, 258.978), (206.665, 228.97)))
(((168.161, -452.838), (154.753, -455.304), (128.241, -384.054), (132.984, -378.804), (150.562, -374.786), (222.063, -404.817), (168.161, -452.838)))
(((194.008, 30.8049), (161.732, 11.4392), (145.878, 20.0556), (127.075, 67.0619), (145.864, 84.427), (190.293, 73.9044), (194.008, 30.8049)))
(((184.644, -73.416), (164.913, -84.9565), (155.473, -80.2365), (140.007, -36.7387), (165.36, -18.188), (185.578, -26.3614), (197.766, -53.944), (184.644, -73.416)))
(((175.52, -197.559), (148.479, -180.58), (160.13, -135.142), (161.689, -134.122), (198.201, -165.016), (175.52, -197.559)))
(((202.702, -271.56), (152.941, -279.661), (138.092, -267.894), (138.704, -245.546), (165.585, -228.223), (204.217, -253.978), (202.702, -271.56)))
(((260.937, -548.513), (258.902, -554.779), (208.902, -591.106), (147.098, -591.106), (129.763, -578.511), (148.908, -460.161), (154.753, -455.304), (168.161, -452.838), (260.937, -548.513)))
(((210.912, -282.58), (198.147, -327.748), (175.793, -328.108), (160.08, -314.64), (152.941, -279.661), (202.702, -271.56), (210.912, -282.58)))
(((190.293, 73.9044), (145.864, 84.427), (145.111, 90.3761), (177.21, 161.333), (209.605, 139.55), (203.801, 81.5149), (190.293, 73.9044)))
(((191.488, 258.978), (152.659, 275.769), (137.182, 346.964), (177.129, 365.339), (233.858, 336.656), (191.488, 258.978)))
(((267.32, -392.748), (222.063, -404.817), (150.562, -374.786), (175.793, -328.108), (198.147, -327.748), (264.962, -389.108), (267.32, -392.748)))
(((224.975, 7.40748), (185.578, -26.3614), (165.36, -18.188), (161.732, 11.4392), (194.008, 30.8049), (224.975, 7.40748)))
(((223.145, -230.318), (204.217, -253.978), (165.585, -228.223), (176.361, -200.084), (212.182, -212.339), (223.145, -230.318)))
(((228.858, -130.202), (216.185, -160.979), (198.201, -165.016), (161.689, -134.122), (170.441, -116.618), (224.107, -123.326), (228.858, -130.202)))
(((224.107, -123.326), (170.441, -116.618), (164.913, -84.9565), (184.644, -73.416), (225.003, -100.934), (224.107, -123.326)))
(((228.115, -178.021), (212.182, -212.339), (176.361, -200.084), (175.52, -197.559), (198.201, -165.016), (216.185, -160.979), (228.115, -178.021)))
(((259.095, -546.614), (168.161, -452.838), (222.063, -404.817), (267.32, -392.748), (282.443, -398.349), (291.902, -405.221), (311, -464), (311, -464), (291.902, -522.779), (259.095, -546.614)))
(((304.013, -3.41964), (310.721, -24.0624), (259.775, -50.2235), (197.766, -53.944), (185.578, -26.3614), (224.975, 7.40748), (304.013, -3.41964)))
(((225.003, -100.934), (184.644, -73.416), (197.766, -53.944), (259.775, -50.2235), (225.003, -100.934)))
(((315.833, 158.098), (209.605, 139.55), (177.21, 161.333), (167.397, 181.715), (206.665, 228.97), (298.253, 214.742), (310.223, 207.167), (321, 174), (321, 174), (315.833, 158.098)))
(((306.171, -3.71527), (224.975, 7.40748), (194.008, 30.8049), (190.293, 73.9044), (203.801, 81.5149), (315.641, 64.5695), (322, 45), (322, 45), (306.171, -3.71527)))
(((260.319, 464.335), (282.303, 363.205), (250.815, 338.081), (233.858, 336.656), (177.129, 365.339), (185.27, 432.689), (233.788, 484.4), (260.319, 464.335)))
(((264.962, -389.108), (198.147, -327.748), (210.912, -282.58), (245.779, -285.998), (264.962, -389.108)))
(((316.854, 64.3857), (203.801, 81.5149), (209.605, 139.55), (316.651, 158.241), (332, 111), (332, 111), (316.854, 64.3857)))
(((268.924, -265.544), (245.779, -285.998), (210.912, -282.58), (202.702, -271.56), (204.217, -253.978), (223.145, -230.318), (257.573, -230.922), (268.924, -265.544)))
(((257.573, -230.922), (223.145, -230.318), (212.182, -212.339), (228.115, -178.021), (257.753, -186.696), (266.771, -216.006), (257.573, -230.922)))
(((298.253, 214.742), (206.665, 228.97), (191.488, 258.978), (233.858, 336.656), (250.815, 338.081), (298.253, 214.742)))
(((275.361, -158.522), (257.753, -186.696), (228.115, -178.021), (216.185, -160.979), (228.858, -130.202), (267.416, -132.816), (275.361, -158.522)))
(((333.815, -52.1886), (267.416, -132.816), (228.858, -130.202), (224.107, -123.326), (225.003, -100.934), (259.775, -50.2235), (307.094, -25.9245), (330.902, -43.2215), (333.815, -52.1886)))
(((370.765, -302.724), (351.902, -360.779), (301.902, -397.106), (279.085, -397.106), (267.32, -392.748), (264.962, -389.108), (245.779, -285.998), (268.924, -265.544), (370.765, -302.724)))
(((381.897, -198.629), (266.771, -216.006), (257.753, -186.696), (275.361, -158.522), (382.496, -196.784), (381.897, -198.629)))
(((368.988, -302.075), (268.924, -265.544), (257.573, -230.922), (266.771, -216.006), (380.93, -198.775), (394, -239), (394, -239), (374.902, -297.779), (368.988, -302.075)))
(((383.709, -197.217), (275.361, -158.522), (267.416, -132.816), (334.796, -50.9974), (381.902, -85.2215), (401, -144), (401, -144), (383.709, -197.217)))
(((310.655, 206.894), (298.253, 214.742), (250.815, 338.081), (282.303, 363.205), (387.196, 347.563), (402, 302), (402, 302), (382.902, 243.221), (332.902, 206.894), (310.655, 206.894)))
(((401.464, 467.186), (260.319, 464.335), (233.788, 484.4), (222.126, 530.777), (236.098, 573.779), (286.098, 610.106), (347.902, 610.106), (397.902, 573.779), (417, 515), (417, 515), (401.464, 467.186)))
(((386.708, 347.636), (282.303, 363.205), (260.319, 464.335), (402.363, 467.204), (419, 416), (419, 416), (399.902, 357.221), (386.708, 347.636)))
