(((-272.929, -159.229), (-286, -119), (-266.902, -60.2215), (-216.902, -23.8943), (-192.732, -23.8943), (-156.637, -144.21), (-157.068, -145.483), (-272.929, -159.229)))
(((-218.074, -376.074), (-263.902, -342.779), (-283, -284), (-264.752, -227.84), (-227.51, -229.245), (-150.738, -267.631), (-157.186, -315.186), (-218.074, -376.074)))
(((-262.782, -227.914), (-279, -178), (-272.9, -159.225), (-157.068, -145.483), (-136.794, -179.835), (-138.028, -192.789), (-227.51, -229.245), (-262.782, -227.914)))
(((-227.887, 477.954), (-248.902, 493.221), (-268, 552), (-248.902, 610.779), (-198.902, 647.106), (-137.098, 647.106), (-129.11, 641.302), (-127.542, 515.862), (-227.887, 477.954)))
(((-132.713, -199.952), (-136.805, -259.968), (-150.738, -267.631), (-227.51, -229.245), (-138.028, -192.789), (-132.713, -199.952)))
(((-192.855, -23.4848), (-190.799, -21.9916), (-111.712, -108.269), (-156.637, -144.21), (-192.855, -23.4848)))
(((-154.877, 366.894), (-164.902, 366.894), (-214.902, 403.221), (-234, 462), (-228.946, 477.554), (-127.542, 515.862), (-81.7024, 492.69), (-105.315, 398.241), (-154.877, 366.894)))
(((-159.042, -434.551), (-206.902, -399.779), (-215.455, -373.455), (-157.186, -315.186), (-100.245, -317.51), (-79.6842, -358.632), (-79.721, -362.049), (-128.66, -420.309), (-159.042, -434.551)))
(((-84.9903, -270.944), (-100.245, -317.51), (-157.186, -315.186), (-150.738, -267.631), (-136.805, -259.968), (-86.3665, -269.701), (-84.9903, -270.944)))
(((-89.2368, -154.976), (-136.794, -179.835), (-157.068, -145.483), (-156.637, -144.21), (-111.712, -108.269), (-103.939, -109.184), (-88.94, -154.18), (-89.2368, -154.976)))
(((-86.3665, -269.701), (-136.805, -259.968), (-132.713, -199.952), (-92.474, -214.734), (-86.3665, -269.701)))
(((-192.499, -20.1375), (-190.902, -15.2215), (-140.902, 21.1057), (-127.719, 21.1057), (-90.4983, -10.5122), (-78.8995, -91.7034), (-103.939, -109.184), (-111.712, -108.269), (-192.499, -20.1375)))
(((-63.5606, -196.992), (-92.474, -214.734), (-132.713, -199.952), (-138.028, -192.789), (-136.794, -179.835), (-89.2368, -154.976), (-63.5606, -196.992)))
(((-129.102, 640.694), (-118.902, 648.106), (-101.742, 648.106), (-30.2921, 510.133), (-81.7024, 492.69), (-127.542, 515.862), (-129.102, 640.694)))
(((-94.0459, -641.106), (-109.902, -641.106), (-159.902, -604.779), (-179, -546), (-161.603, -492.457), (-46.8226, -511.835), (-17.7559, -547.306), (-94.0459, -641.106)))
(((-39.0726, -135.311), (-88.94, -154.18), (-103.939, -109.184), (-78.8995, -91.7034), (-49.137, -100.974), (-39.0726, -135.311)))
(((-43.1787, -248.391), (-81.1237, -270.849), (-84.9903, -270.944), (-86.3665, -269.701), (-92.474, -214.734), (-63.5606, -196.992), (-48.6641, -199.023), (-43.1787, -248.391)))
(((-158.191, -493.033), (-166, -469), (-154.046, -432.209), (-128.66, -420.309), (-26.1188, -443.973), (-46.8226, -511.835), (-158.191, -493.033)))
(((-79.6842, -358.632), (-100.245, -317.51), (-84.9903, -270.944), (-81.1237, -270.849), (-34.3193, -310.34), (-79.6842, -358.632)))
(((-104.831, 260.014), (-140.902, 286.221), (-160, 345), (-152.371, 368.479), (-105.315, 398.241), (-44.4613, 391.902), (-30.03, 308.923), (-104.831, 260.014)))
(((-35.216, -138.454), (-30.4269, -188.26), (-48.6641, -199.023), (-63.5606, -196.992), (-89.2368, -154.976), (-88.94, -154.18), (-39.0726, -135.311), (-35.216, -138.454)))
(((-49.137, -100.974), (-78.8995, -91.7034), (-90.4983, -10.5122), (-52.3922, -20.8233), (-31.0263, -84.9211), (-49.137, -100.974)))
(((-26.1188, -443.973), (-128.66, -420.309), (-79.721, -362.049), (-29.9852, -376.488), (-11.2256, -436.077), (-26.1188, -443.973)))
(((-19.5793, 508.765), (-25.7612, 399.552), (-44.4613, 391.902), (-105.315, 398.241), (-81.7024, 492.69), (-30.2921, 510.133), (-19.5793, 508.765)))
(((-16.3103, -308.625), (-34.3193, -310.34), (-81.1237, -270.849), (-43.1787, -248.391), (-21.2035, -254.903), (-9.28013, -294.08), (-16.3103, -308.625)))
(((-7.09746, -358.178), (-29.9852, -376.488), (-79.721, -362.049), (-79.6842, -358.632), (-34.3193, -310.34), (-16.3103, -308.625), (-1.8691, -331.561), (-7.09746, -358.178)))
(((-102.036, 648.673), (-62.9017, 677.106), (-1.0983, 677.106), (48.9017, 640.779), (52.186, 630.671), (36.6688, 550.868), (10.1361, 515.988), (-19.5793, 508.765), (-30.2921, 510.133), (-102.036, 648.673)))
(((-129.754, 22.8342), (-111.902, 77.7785), (-69.5483, 108.55), (-31.0588, 79.1765), (-4.59375, -0.21875), (-15.5155, -17.3814), (-52.3922, -20.8233), (-90.4983, -10.5122), (-129.754, 22.8342)))
(((-66.7376, 118.767), (-105.902, 147.221), (-125, 206), (-107.757, 259.068), (-105.351, 259.674), (22.4203, 226.16), (29.651, 202.54), (-6.44074, 147.014), (-66.7376, 118.767)))
(((-7.23684, -27.3158), (-1.82773, -80.0546), (-31.0263, -84.9211), (-52.3922, -20.8233), (-15.5155, -17.3814), (-7.23684, -27.3158)))
(((10.7119, -230.966), (-21.2035, -254.903), (-43.1787, -248.391), (-48.6641, -199.023), (-30.4269, -188.26), (-18.6524, -191.115), (10.7119, -230.966)))
(((16.0872, -122.202), (6.92881, -131.573), (-35.216, -138.454), (-39.0726, -135.311), (-49.137, -100.974), (-31.0263, -84.9211), (-1.82773, -80.0546), (6.85022, -84.5432), (16.0872, -122.202)))
(((24.0909, 388.637), (21.0376, 333.677), (-1.64664, 310.573), (-30.03, 308.923), (-44.4613, 391.902), (-25.7612, 399.552), (23.1086, 389.778), (24.0909, 388.637)))
(((22.4203, 226.16), (-105.351, 259.674), (-30.03, 308.923), (-1.64664, 310.573), (33.5448, 255.586), (22.4203, 226.16)))
(((24.2668, -492.438), (-14.1952, -547.217), (-17.7559, -547.306), (-46.8226, -511.835), (-26.1188, -443.973), (-11.2256, -436.077), (-2.15905, -436.984), (26.0482, -469.993), (24.2668, -492.438)))
(((13.728, -172.368), (-18.6524, -191.115), (-30.4269, -188.26), (-35.216, -138.454), (6.92881, -131.573), (13.728, -172.368)))
(((-93.2403, -640.115), (-17.7559, -547.306), (-14.1952, -547.217), (94.4246, -602.152), (96, -607), (96, -607), (76.9017, -665.779), (26.9017, -702.106), (-34.9017, -702.106), (-84.9017, -665.779), (-93.2403, -640.115)))
(((36.9821, -403.751), (-2.15905, -436.984), (-11.2256, -436.077), (-29.9852, -376.488), (-7.09746, -358.178), (38.3286, -384.899), (36.9821, -403.751)))
(((43.9084, 465.637), (23.1086, 389.778), (-25.7612, 399.552), (-19.5793, 508.765), (10.1361, 515.988), (43.9084, 465.637)))
(((25.5109, 11.9512), (-4.59375, -0.21875), (-31.0588, 79.1765), (34.9839, 56.4743), (25.5109, 11.9512)))
(((12.3878, -231.163), (29.1853, -281.556), (-9.28013, -294.08), (-21.2035, -254.903), (10.7119, -230.966), (12.3878, -231.163)))
(((34.064, -222.941), (12.3878, -231.163), (10.7119, -230.966), (-18.6524, -191.115), (13.728, -172.368), (32.4813, -178.335), (43.6641, -206.621), (34.064, -222.941)))
(((40.5303, -67.3289), (6.85022, -84.5432), (-1.82773, -80.0546), (-7.23684, -27.3158), (38.785, -38.8212), (40.5303, -67.3289)))
(((42.6294, -329.583), (-1.8691, -331.561), (-16.3103, -308.625), (-9.28013, -294.08), (29.1853, -281.556), (43.1453, -285.77), (47.9443, -324.962), (42.6294, -329.583)))
(((38.3286, -384.899), (-7.09746, -358.178), (-1.8691, -331.561), (42.6294, -329.583), (41.273, -381.124), (38.3286, -384.899)))
(((58.084, -15.4285), (38.785, -38.8212), (-7.23684, -27.3158), (-15.5155, -17.3814), (-4.59375, -0.21875), (25.5109, 11.9512), (57.916, -12.5715), (58.084, -15.4285)))
(((-68.7863, 107.968), (-65.0155, 119.574), (-6.44074, 147.014), (57.9064, 116.477), (41.5789, 58.7023), (34.9839, 56.4743), (-31.0588, 79.1765), (-68.7863, 107.968)))
(((32.4813, -178.335), (13.728, -172.368), (6.92881, -131.573), (16.0872, -122.202), (27.4715, -124.031), (48, -161.667), (32.4813, -178.335)))
(((68.7533, -267.79), (43.1453, -285.77), (29.1853, -281.556), (12.3878, -231.163), (34.064, -222.941), (67.9543, -258.042), (68.7533, -267.79)))
(((67.0962, -99.6635), (60.8371, -114.173), (27.4715, -124.031), (16.0872, -122.202), (6.85022, -84.5432), (40.5303, -67.3289), (65.093, -80.6337), (67.0962, -99.6635)))
(((91.068, -600.454), (-14.1952, -547.217), (24.2668, -492.438), (88.7301, -529.274), (116.302, -582.12), (91.068, -600.454)))
(((79.5243, 278.941), (33.5448, 255.586), (-1.64664, 310.573), (21.0376, 333.677), (77.1141, 314.611), (79.5243, 278.941)))
(((87.1243, -450.044), (78.5624, -461.913), (26.0482, -469.993), (-2.15905, -436.984), (36.9821, -403.751), (81.8892, -427.14), (87.1243, -450.044)))
(((68.2647, -158.029), (48, -161.667), (27.4715, -124.031), (60.8371, -114.173), (76.9051, -141.927), (68.2647, -158.029)))
(((86.5654, 22.1551), (57.916, -12.5715), (25.5109, 11.9512), (34.9839, 56.4743), (41.5789, 58.7023), (83.3032, 44.3382), (86.5654, 22.1551)))
(((99.2449, 168.54), (64.1053, 118.026), (57.9064, 116.477), (-6.44074, 147.014), (29.651, 202.54), (100.971, 186.884), (99.2449, 168.54)))
(((88.7301, -529.274), (24.2668, -492.438), (26.0482, -469.993), (78.5624, -461.913), (88.7301, -529.274)))
(((76.3179, -201.063), (43.6641, -206.621), (32.4813, -178.335), (48, -161.667), (68.2647, -158.029), (84.2963, -190.093), (76.3179, -201.063)))
(((115.899, 363.738), (77.1141, 314.611), (21.0376, 333.677), (24.0909, 388.637), (99.9474, 381.262), (115.899, 363.738)))
(((80.8876, -368.614), (41.273, -381.124), (42.6294, -329.583), (47.9443, -324.962), (79.9101, -330.494), (80.8876, -368.614)))
(((94.2537, -59.1104), (65.093, -80.6337), (40.5303, -67.3289), (38.785, -38.8212), (58.084, -15.4285), (95.9502, -44.0839), (94.2537, -59.1104)))
(((99.9474, 381.262), (24.0909, 388.637), (23.1086, 389.778), (43.9084, 465.637), (100.913, 449.802), (99.9474, 381.262)))
(((88.2775, -229.766), (67.9543, -258.042), (34.064, -222.941), (43.6641, -206.621), (76.3179, -201.063), (88.2775, -229.766)))
(((100.8, -318.206), (79.9101, -330.494), (47.9443, -324.962), (43.1453, -285.77), (68.7533, -267.79), (102.339, -285.875), (100.8, -318.206)))
(((81.8892, -427.14), (36.9821, -403.751), (38.3286, -384.899), (41.273, -381.124), (80.8876, -368.614), (109.447, -388.387), (81.8892, -427.14)))
(((83.3032, 44.3382), (41.5789, 58.7023), (57.9064, 116.477), (64.1053, 118.026), (120.458, 78.5792), (83.3032, 44.3382)))
(((100.971, 186.884), (29.651, 202.54), (22.4203, 226.16), (33.5448, 255.586), (79.5243, 278.941), (110.285, 259.942), (117.229, 198.987), (100.971, 186.884)))
(((100.913, 449.802), (43.9084, 465.637), (10.1361, 515.988), (36.6688, 550.868), (117.593, 515.049), (109.412, 455.74), (100.913, 449.802)))
(((117.458, -125.852), (107.837, -139.818), (76.9051, -141.927), (60.8371, -114.173), (67.0962, -99.6635), (112.772, -109.451), (117.458, -125.852)))
(((120.597, -182.684), (84.2963, -190.093), (68.2647, -158.029), (76.9051, -141.927), (107.837, -139.818), (120.954, -182.197), (120.597, -182.684)))
(((120.535, -25.0864), (95.9502, -44.0839), (58.084, -15.4285), (57.916, -12.5715), (86.5654, 22.1551), (111.835, 5.70074), (120.535, -25.0864)))
(((112.772, -109.451), (67.0962, -99.6635), (65.093, -80.6337), (94.2537, -59.1104), (121.348, -83.1086), (112.772, -109.451)))
(((135.64, -264.684), (102.339, -285.875), (68.7533, -267.79), (67.9543, -258.042), (88.2775, -229.766), (129.541, -234.11), (136.253, -241.405), (135.64, -264.684)))
(((128.748, -383.494), (109.447, -388.387), (80.8876, -368.614), (79.9101, -330.494), (100.8, -318.206), (119.485, -331.052), (134.041, -377.633), (128.748, -383.494)))
(((123.488, 79.2117), (120.458, 78.5792), (64.1053, 118.026), (99.2449, 168.54), (143.685, 96.3237), (123.488, 79.2117)))
(((129.541, -234.11), (88.2775, -229.766), (76.3179, -201.063), (84.2963, -190.093), (120.597, -182.684), (129.541, -234.11)))
(((114.729, -579.106), (88.7301, -529.274), (78.5624, -461.913), (87.1243, -450.044), (149.768, -459.44), (127.545, -579.106), (114.729, -579.106)))
(((51.6038, 627.677), (81.0983, 649.106), (142.902, 649.106), (192.902, 612.779), (211.018, 557.023), (117.593, 515.049), (36.6688, 550.868), (51.6038, 627.677)))
(((154.659, 287.769), (110.285, 259.942), (79.5243, 278.941), (77.1141, 314.611), (115.899, 363.738), (139.055, 359.546), (154.659, 287.769)))
(((149.768, -459.44), (87.1243, -450.044), (81.8892, -427.14), (109.447, -388.387), (128.748, -383.494), (153.559, -456.273), (149.768, -459.44)))
(((123.488, 79.2117), (147.155, 26.8933), (111.835, 5.70074), (86.5654, 22.1551), (83.3032, 44.3382), (120.458, 78.5792), (123.488, 79.2117)))
(((158.265, -74.0678), (121.348, -83.1086), (94.2537, -59.1104), (95.9502, -44.0839), (120.535, -25.0864), (141.005, -29.3958), (158.265, -74.0678)))
(((160.809, -312.269), (119.485, -331.052), (100.8, -318.206), (102.339, -285.875), (135.64, -264.684), (153.355, -278.388), (160.809, -312.269)))
(((160.646, -131.273), (143.4, -176.378), (120.954, -182.197), (107.837, -139.818), (117.458, -125.852), (160.234, -129.654), (160.646, -131.273)))
(((176.919, 377.541), (139.055, 359.546), (115.899, 363.738), (99.9474, 381.262), (100.913, 449.802), (109.412, 455.74), (186.791, 447.407), (176.919, 377.541)))
(((163.045, -76.3856), (168.416, -114.653), (160.234, -129.654), (117.458, -125.852), (112.772, -109.451), (121.348, -83.1086), (158.265, -74.0678), (163.045, -76.3856)))
(((165.722, -9.62238), (141.005, -29.3958), (120.535, -25.0864), (111.835, 5.70074), (147.155, 26.8933), (160.309, 20.4508), (165.722, -9.62238)))
(((176.989, 176.294), (146.325, 96.9286), (143.685, 96.3237), (99.2449, 168.54), (100.971, 186.884), (117.229, 198.987), (169.388, 192.665), (176.989, 176.294)))
(((207.715, 555.539), (221.121, 545.799), (233.526, 498.336), (186.791, 447.407), (109.412, 455.74), (117.593, 515.049), (207.715, 555.539)))
(((179.018, -326.753), (152.962, -373.902), (134.041, -377.633), (119.485, -331.052), (160.809, -312.269), (179.018, -326.753)))
(((178.097, -195.762), (161.81, -227.561), (136.253, -241.405), (129.541, -234.11), (120.597, -182.684), (120.954, -182.197), (143.4, -176.378), (177.099, -192.816), (178.097, -195.762)))
(((208.577, 239.692), (169.388, 192.665), (117.229, 198.987), (110.285, 259.942), (154.659, 287.769), (191.04, 272.037), (208.577, 239.692)))
(((164.675, -454.125), (153.559, -456.273), (128.748, -383.494), (134.041, -377.633), (152.962, -373.902), (219.92, -406.042), (164.675, -454.125)))
(((192.7, 41.5048), (160.309, 20.4508), (147.155, 26.8933), (123.488, 79.2117), (143.685, 96.3237), (146.325, 96.9286), (189.812, 84.8181), (192.7, 41.5048)))
(((177.099, -192.816), (143.4, -176.378), (160.646, -131.273), (194.136, -161.175), (177.099, -192.816)))
(((198.58, -46.2562), (179.463, -69.3089), (163.045, -76.3856), (158.265, -74.0678), (141.005, -29.3958), (165.722, -9.62238), (185.253, -16.7972), (198.58, -46.2562)))
(((200.242, -268.341), (153.355, -278.388), (135.64, -264.684), (136.253, -241.405), (161.81, -227.561), (201.923, -249.846), (200.242, -268.341)))
(((264.354, -542.077), (259.902, -555.779), (209.902, -592.106), (148.098, -592.106), (127.861, -577.402), (149.768, -459.44), (153.559, -456.273), (164.675, -454.125), (264.354, -542.077)))
(((211.228, -282), (198.839, -325.838), (179.018, -326.753), (160.809, -312.269), (153.355, -278.388), (200.242, -268.341), (211.228, -282)))
(((204.97, 92.4983), (189.812, 84.8181), (146.325, 96.9286), (176.989, 176.294), (212.946, 150.61), (204.97, 92.4983)))
(((234.626, 348.687), (191.04, 272.037), (154.659, 287.769), (139.055, 359.546), (176.919, 377.541), (234.626, 348.687)))
(((272.449, -394.425), (219.92, -406.042), (152.962, -373.902), (179.018, -326.753), (198.839, -325.838), (260.683, -376.978), (272.449, -394.425)))
(((225.983, 15.7861), (185.253, -16.7972), (165.722, -9.62238), (160.309, 20.4508), (192.7, 41.5048), (225.983, 15.7861)))
(((219.82, -227.475), (201.923, -249.846), (161.81, -227.561), (178.097, -195.762), (209.977, -209.758), (219.82, -227.475)))
(((227.43, -124.733), (212.479, -155.934), (194.136, -161.175), (160.646, -131.273), (160.234, -129.654), (168.416, -114.653), (222.389, -117.494), (227.43, -124.733)))
(((222.389, -117.494), (168.416, -114.653), (163.045, -76.3856), (179.463, -69.3089), (222.022, -97.6813), (222.389, -117.494)))
(((229.039, -177.59), (209.977, -209.758), (178.097, -195.762), (177.099, -192.816), (194.136, -161.175), (212.479, -155.934), (229.039, -177.59)))
(((263.274, -541.124), (164.675, -454.125), (219.92, -406.042), (272.449, -394.425), (280.988, -397.745), (289.902, -404.221), (309, -463), (309, -463), (289.902, -521.779), (263.274, -541.124)))
(((222.022, -97.6813), (179.463, -69.3089), (198.58, -46.2562), (252.531, -47.2742), (222.022, -97.6813)))
(((303.789, 5.2718), (311.529, -18.5515), (252.531, -47.2742), (198.58, -46.2562), (185.253, -16.7972), (225.983, 15.7861), (303.789, 5.2718)))
(((306.067, 4.96389), (225.983, 15.7861), (192.7, 41.5048), (189.812, 84.8181), (204.97, 92.4983), (316.414, 71.193), (322, 54), (322, 54), (306.067, 4.96389)))
(((318.833, 169.098), (212.946, 150.61), (176.989, 176.294), (169.388, 192.665), (208.577, 239.692), (294.296, 230.712), (312.895, 219.177), (324, 185), (324, 185), (318.833, 169.098)))
(((257.83, 480.5), (284.366, 375.509), (252.881, 349.779), (234.626, 348.687), (176.919, 377.541), (186.791, 447.407), (233.526, 498.336), (257.83, 480.5)))
(((260.683, -376.978), (198.839, -325.838), (211.228, -282), (247.43, -282), (260.683, -376.978)))
(((267.159, -262.72), (247.43, -282), (211.228, -282), (200.242, -268.341), (201.923, -249.846), (219.82, -227.475), (256.314, -230.677), (267.159, -262.72)))
(((256.314, -230.677), (219.82, -227.475), (209.977, -209.758), (229.039, -177.59), (254.755, -181.876), (264.764, -216.19), (256.314, -230.677)))
(((318.37, 70.8189), (204.97, 92.4983), (212.946, 150.61), (319.651, 169.241), (335, 122), (335, 122), (318.37, 70.8189)))
(((294.296, 230.712), (208.577, 239.692), (191.04, 272.037), (234.626, 348.687), (252.881, 349.779), (294.296, 230.712)))
(((272.447, -155.97), (254.755, -181.876), (229.039, -177.59), (212.479, -155.934), (227.43, -124.733), (263.749, -129.419), (272.447, -155.97)))
(((333.504, -48.309), (263.749, -129.419), (227.43, -124.733), (222.389, -117.494), (222.022, -97.6813), (252.531, -47.2742), (307.144, -20.6867), (329.902, -37.2215), (333.504, -48.309)))
(((276.772, -396.106), (272.449, -394.425), (260.683, -376.978), (247.43, -282), (267.159, -262.72), (370.785, -297.262), (372, -301), (372, -301), (352.902, -359.779), (302.902, -396.106), (276.772, -396.106)))
(((368.62, -190.756), (264.764, -216.19), (254.755, -181.876), (272.447, -155.97), (368.62, -190.756)))
(((370.321, -297.107), (267.159, -262.72), (256.314, -230.677), (264.764, -216.19), (368.62, -190.756), (379.814, -191.339), (394, -235), (394, -235), (374.902, -293.779), (370.321, -297.107)))
(((381.958, -191.451), (368.62, -190.756), (272.447, -155.97), (263.749, -129.419), (334.456, -47.2029), (379.902, -80.2215), (399, -139), (399, -139), (381.958, -191.451)))
(((313.352, 218.894), (294.296, 230.712), (252.881, 349.779), (284.366, 375.509), (388.385, 362.058), (404, 314), (404, 314), (384.902, 255.221), (334.902, 218.894), (313.352, 218.894)))
(((387.455, 362.178), (284.366, 375.509), (257.83, 480.5), (402.592, 480.5), (419, 430), (419, 430), (399.902, 371.221), (387.455, 362.178)))
(((402.592, 480.5), (257.83, 480.5), (233.526, 498.336), (222.319, 541.215), (238.098, 589.779), (288.098, 626.106), (349.902, 626.106), (399.902, 589.779), (419, 531), (419, 531), (402.592, 480.5)))
