(((-285.492, -232.248), (-299.902, -221.779), (-319, -163), (-299.902, -104.221), (-290.949, -97.7167), (-184.649, -142.759), (-201.412, -201.988), (-214.771, -216.608), (-285.492, -232.248)))
(((-269.501, -655.148), (-287.902, -641.779), (-307, -583), (-292.822, -539.364), (-187.058, -559.319), (-179.242, -588.781), (-269.501, -655.148)))
(((-294.032, -539.136), (-297, -530), (-278.301, -472.452), (-215.035, -483.885), (-173.388, -508.245), (-165.256, -538.062), (-187.058, -559.319), (-294.032, -539.136)))
(((-267.993, -332.251), (-276.902, -325.779), (-296, -267), (-284.648, -232.062), (-214.771, -216.608), (-166.967, -249.415), (-160.674, -262.651), (-222.498, -316.232), (-267.993, -332.251)))
(((-291.836, -97.3406), (-274.902, -45.2215), (-224.902, -8.89435), (-217.055, -8.89435), (-155.478, -126.451), (-158.294, -132.787), (-184.649, -142.759), (-291.836, -97.3406)))
(((-273.375, -420.623), (-283, -391), (-267.716, -343.961), (-158.997, -368.576), (-151.051, -398.244), (-171.089, -418.796), (-273.375, -420.623)))
(((-238.672, -693.383), (-262.902, -675.779), (-269.585, -655.21), (-179.242, -588.781), (-152.849, -602.258), (-152.04, -614.406), (-191.467, -686.689), (-238.672, -693.383)))
(((-273.445, -473.329), (-282, -447), (-273.43, -420.624), (-171.089, -418.796), (-156.358, -452.591), (-215.035, -483.885), (-273.445, -473.329)))
(((-269.17, -343.631), (-271, -338), (-269.279, -332.704), (-222.498, -316.232), (-135.833, -318.346), (-127.288, -331.859), (-158.997, -368.576), (-269.17, -343.631)))
(((-135.833, -318.346), (-222.498, -316.232), (-160.674, -262.651), (-137.078, -276.649), (-135.833, -318.346)))
(((-134.167, -483.474), (-173.388, -508.245), (-215.035, -483.885), (-156.358, -452.591), (-130.993, -465.004), (-134.167, -483.474)))
(((-135.736, -193.347), (-201.412, -201.988), (-184.649, -142.759), (-158.294, -132.787), (-129.627, -172.77), (-135.736, -193.347)))
(((-85.8891, -812.533), (-132.098, -846.106), (-193.902, -846.106), (-243.902, -809.779), (-263, -751), (-244.55, -694.216), (-191.467, -686.689), (-161.3, -693.546), (-82.3883, -768.639), (-85.8891, -812.533)))
(((-131.267, -207.224), (-166.967, -249.415), (-214.771, -216.608), (-201.412, -201.988), (-135.736, -193.347), (-131.267, -207.224)))
(((-117.347, -572.534), (-152.849, -602.258), (-179.242, -588.781), (-187.058, -559.319), (-165.256, -538.062), (-127.09, -549.165), (-118.184, -564.165), (-117.347, -572.534)))
(((-215.988, -10.9327), (-182.902, 13.1057), (-129.272, 13.1057), (-107.864, -33.068), (-111.766, -97.058), (-155.478, -126.451), (-215.988, -10.9327)))
(((-130.993, -465.004), (-156.358, -452.591), (-171.089, -418.796), (-151.051, -398.244), (-128.737, -404.856), (-106.736, -447.857), (-130.993, -465.004)))
(((-127.09, -549.165), (-165.256, -538.062), (-173.388, -508.245), (-134.167, -483.474), (-114.266, -512.957), (-127.09, -549.165)))
(((-101.366, -651.092), (-161.3, -693.546), (-191.467, -686.689), (-152.04, -614.406), (-99.7961, -644.259), (-101.366, -651.092)))
(((-118.07, -265.978), (-137.078, -276.649), (-160.674, -262.651), (-166.967, -249.415), (-131.267, -207.224), (-106.988, -226.766), (-118.07, -265.978)))
(((-124.833, -333.113), (-105.334, -385.11), (-128.737, -404.856), (-151.051, -398.244), (-158.997, -368.576), (-127.288, -331.859), (-126.957, -331.957), (-124.833, -333.113)))
(((-77.3375, -615.313), (-99.7961, -644.259), (-152.04, -614.406), (-152.849, -602.258), (-117.347, -572.534), (-79.3341, -605.329), (-77.3375, -615.313)))
(((-101.905, -105.058), (-87.4158, -164.624), (-129.627, -172.77), (-158.294, -132.787), (-155.478, -126.451), (-111.766, -97.058), (-101.905, -105.058)))
(((-82.3883, -768.639), (-161.3, -693.546), (-101.366, -651.092), (-47.6258, -720.434), (-82.3883, -768.639)))
(((-127.288, -331.859), (-135.833, -318.346), (-137.078, -276.649), (-118.07, -265.978), (-74.7586, -279.759), (-126.957, -331.957), (-127.288, -331.859)))
(((-72.5, -505.364), (-114.266, -512.957), (-134.167, -483.474), (-130.993, -465.004), (-106.736, -447.857), (-96.5528, -448.111), (-72.5, -495.071), (-72.5, -505.364)))
(((-74.7542, -219.006), (-106.988, -226.766), (-131.267, -207.224), (-135.736, -193.347), (-129.627, -172.77), (-87.4158, -164.624), (-78.4859, -168.142), (-70.9851, -213.98), (-74.7542, -219.006)))
(((-65.5035, -427.587), (-96.5528, -448.111), (-106.736, -447.857), (-128.737, -404.856), (-105.334, -385.11), (-71.1049, -388.999), (-65.5035, -427.587)))
(((-71.1049, -388.999), (-105.334, -385.11), (-124.833, -333.113), (-75.0951, -337.554), (-58.9617, -369.223), (-71.1049, -388.999)))
(((-61.0078, -533.671), (-118.184, -564.165), (-127.09, -549.165), (-114.266, -512.957), (-72.5, -505.364), (-60.3606, -519.434), (-61.0078, -533.671)))
(((-151.66, 430.789), (-172.902, 446.221), (-192, 505), (-176.427, 552.929), (-53.2448, 547.329), (-75.4282, 455.183), (-151.66, 430.789)))
(((-60.0574, -312.664), (-75.0951, -337.554), (-124.833, -333.113), (-126.957, -331.957), (-74.7586, -279.759), (-69.3433, -279.854), (-60.0574, -312.664)))
(((-69.3433, -279.854), (-74.7586, -279.759), (-118.07, -265.978), (-106.988, -226.766), (-74.7542, -219.006), (-60.7444, -269.207), (-69.3433, -279.854)))
(((-174.958, 552.862), (-188, 593), (-168.902, 651.779), (-118.902, 688.106), (-57.0983, 688.106), (-7.0983, 651.779), (3.31025, 619.744), (-18.3525, 564.603), (-53.2448, 547.329), (-174.958, 552.862)))
(((-44.8, -563.685), (-79.3341, -605.329), (-117.347, -572.534), (-118.184, -564.165), (-61.0078, -533.671), (-44.8, -563.685)))
(((-57.3213, -157.374), (-78.4859, -168.142), (-87.4158, -164.624), (-101.905, -105.058), (-52.9744, -111.731), (-57.3213, -157.374)))
(((-36.8605, -99.6453), (-52.9744, -111.731), (-101.905, -105.058), (-111.766, -97.058), (-107.864, -33.068), (-50.1786, -61.9107), (-36.8605, -99.6453)))
(((-125.508, 276.499), (-149.902, 294.221), (-169, 353), (-155.438, 394.739), (-9.37756, 369.46), (-1.6023, 354.192), (-76.4555, 283.875), (-125.508, 276.499)))
(((-47.6258, -720.434), (-101.366, -651.092), (-99.7961, -644.259), (-77.3375, -615.313), (-31.7347, -635.172), (-43.338, -717.846), (-47.6258, -720.434)))
(((-21.2513, -451.144), (-72.5, -495.071), (-96.5528, -448.111), (-65.5035, -427.587), (-29.2159, -439.861), (-21.2513, -451.144)))
(((-156.739, 394.964), (-160, 405), (-151.616, 430.803), (-75.4282, 455.183), (-11.4853, 439.014), (-9.37756, 369.46), (-156.739, 394.964)))
(((-83.8641, 127.773), (-129.902, 161.221), (-149, 220), (-130.906, 275.687), (-76.4555, 283.875), (23.8656, 220.987), (-15.0624, 141.082), (-20.652, 137.872), (-83.8641, 127.773)))
(((-15.6995, -212.896), (-70.9851, -213.98), (-78.4859, -168.142), (-57.3213, -157.374), (-42.0724, -161.114), (-15.4521, -211.027), (-15.6995, -212.896)))
(((-9.99254, -222), (-14.7132, -261.536), (-60.7444, -269.207), (-74.7542, -219.006), (-70.9851, -213.98), (-15.6995, -212.896), (-9.99254, -222)))
(((-15.155, -455.562), (-31.7427, -510.301), (-60.3606, -519.434), (-72.5, -505.364), (-72.5, -495.071), (-21.2513, -451.144), (-15.155, -455.562)))
(((-14.7775, -366.373), (-58.9617, -369.223), (-75.0951, -337.554), (-60.0574, -312.664), (-21.2071, -317.079), (-14.7775, -366.373)))
(((-128.33, 11.0734), (-122.902, 27.7785), (-118.375, 31.0671), (-53.4318, 15.2273), (-5.27592, -26.0492), (-8.35981, -36.5994), (-50.1786, -61.9107), (-107.864, -33.068), (-128.33, 11.0734)))
(((-0.479487, -375.204), (-29.2159, -439.861), (-65.5035, -427.587), (-71.1049, -388.999), (-58.9617, -369.223), (-14.7775, -366.373), (-0.479487, -375.204)))
(((27.5492, 474.795), (-11.4853, 439.014), (-75.4282, 455.183), (-53.2448, 547.329), (-18.3525, 564.603), (27.5492, 474.795)))
(((-17.3605, -629.012), (-31.7347, -635.172), (-77.3375, -615.313), (-79.3341, -605.329), (-44.8, -563.685), (-22.8027, -566.931), (1.125, -598.379), (-17.3605, -629.012)))
(((-0.190656, -294.403), (-21.2071, -317.079), (-60.0574, -312.664), (-69.3433, -279.854), (-60.7444, -269.207), (-14.7132, -261.536), (3.04487, -283.926), (-0.190656, -294.403)))
(((-6.31011, -144.683), (-42.0724, -161.114), (-57.3213, -157.374), (-52.9744, -111.731), (-36.8605, -99.6453), (-23.8506, -102.602), (-5.62549, -125.514), (-6.31011, -144.683)))
(((3.33544, -529.734), (-22.8027, -566.931), (-44.8, -563.685), (-61.0078, -533.671), (-60.3606, -519.434), (-31.7427, -510.301), (2.0814, -526.756), (3.33544, -529.734)))
(((-115.278, 30.3117), (-122, 51), (-102.902, 109.779), (-76.519, 128.947), (-20.652, 137.872), (13.9895, 42.1958), (-53.4318, 15.2273), (-115.278, 30.3117)))
(((8.01376, -72.7936), (-23.8506, -102.602), (-36.8605, -99.6453), (-50.1786, -61.9107), (-8.35981, -36.5994), (8.01376, -72.7936)))
(((13.5998, -166.868), (-15.4521, -211.027), (-42.0724, -161.114), (-6.31011, -144.683), (13.5998, -166.868)))
(((16.7051, -482.885), (2.0814, -526.756), (-31.7427, -510.301), (-15.155, -455.562), (8.93718, -460.746), (16.7051, -482.885)))
(((26.6817, -712.844), (-43.338, -717.846), (-31.7347, -635.172), (-17.3605, -629.012), (22.2636, -660.711), (26.6817, -712.844)))
(((23.8656, 220.987), (-76.4555, 283.875), (-1.6023, 354.192), (8.19161, 350.468), (33.3935, 226.75), (23.8656, 220.987)))
(((33.6103, 4.20259), (20.9511, -13.5806), (-5.27592, -26.0492), (-53.4318, 15.2273), (13.9895, 42.1958), (28.2845, 32.3533), (33.6103, 4.20259)))
(((-8.21063, -859.106), (-30.9017, -859.106), (-80.9017, -822.779), (-85.5623, -808.435), (-82.3883, -768.639), (-47.6258, -720.434), (-43.338, -717.846), (26.6817, -712.844), (31.0741, -715.062), (-8.21063, -859.106)))
(((7.23477, -374.941), (-0.479487, -375.204), (-14.7775, -366.373), (-21.2071, -317.079), (-0.190656, -294.403), (27.3689, -338.174), (7.23477, -374.941)))
(((26.9028, -386.742), (30.9319, -445.834), (8.93718, -460.746), (-15.155, -455.562), (-21.2513, -451.144), (-29.2159, -439.861), (-0.479487, -375.204), (7.23477, -374.941), (26.9028, -386.742)))
(((41.1146, -591.523), (1.125, -598.379), (-22.8027, -566.931), (3.33544, -529.734), (33.7638, -541.906), (41.1146, -591.523)))
(((34.5, -112.5), (-5.62549, -125.514), (-23.8506, -102.602), (8.01376, -72.7936), (34.5, -79.68), (34.5, -112.5)))
(((63.0057, -618.611), (22.2636, -660.711), (-17.3605, -629.012), (1.125, -598.379), (41.1146, -591.523), (51.7684, -597.26), (63.0057, -618.611)))
(((45.2806, -277.622), (3.04487, -283.926), (-14.7132, -261.536), (-9.99254, -222), (38.2727, -222), (50.9465, -230.201), (48.6623, -274.361), (45.2806, -277.622)))
(((38.2727, -222), (-9.99254, -222), (-15.6995, -212.896), (-15.4521, -211.027), (13.5998, -166.868), (17.3558, -166.931), (36.845, -174.886), (38.2727, -222)))
(((43.6, -121.6), (17.3558, -166.931), (13.5998, -166.868), (-6.31011, -144.683), (-5.62549, -125.514), (34.5, -112.5), (43.6, -121.6)))
(((34.5, -79.68), (8.01376, -72.7936), (-8.35981, -36.5994), (-5.27592, -26.0492), (20.9511, -13.5806), (53.9464, -65.6786), (34.5, -79.68)))
(((40.526, -536.431), (33.7638, -541.906), (3.33544, -529.734), (2.0814, -526.756), (16.7051, -482.885), (53.2454, -502.816), (40.526, -536.431)))
(((57.5857, -326.843), (27.3689, -338.174), (-0.190656, -294.403), (3.04487, -283.926), (45.2806, -277.622), (57.5857, -326.843)))
(((101, -841.152), (63.9017, -868.106), (2.0983, -868.106), (-8.55437, -860.366), (31.0741, -715.062), (53.2501, -718.824), (101, -791.853), (101, -841.152)))
(((75.6598, 64.6088), (28.2845, 32.3533), (13.9895, 42.1958), (-20.652, 137.872), (-15.0624, 141.082), (56.7471, 115.831), (75.6598, 64.6088)))
(((61.0609, 354.314), (8.19161, 350.468), (-1.6023, 354.192), (-9.37756, 369.46), (-11.4853, 439.014), (27.5492, 474.795), (64.8154, 471.068), (70.6122, 358.997), (61.0609, 354.314)))
(((73.7323, -144.01), (58.362, -169.058), (36.845, -174.886), (17.3558, -166.931), (43.6, -121.6), (65.7485, -129.906), (73.7323, -144.01)))
(((84.063, -343.521), (52.6642, -384.664), (26.9028, -386.742), (7.23477, -374.941), (27.3689, -338.174), (57.5857, -326.843), (83.6535, -341.666), (84.063, -343.521)))
(((77.2915, -493.095), (53.2454, -502.816), (16.7051, -482.885), (8.93718, -460.746), (30.9319, -445.834), (68.8358, -448.28), (77.2915, -493.095)))
(((64.3776, 231.57), (33.3935, 226.75), (8.19161, 350.468), (61.0609, 354.314), (76.0073, 247.197), (64.3776, 231.57)))
(((84, -433.99), (68.8358, -448.28), (30.9319, -445.834), (26.9028, -386.742), (52.6642, -384.664), (84, -416), (84, -433.99)))
(((53.2501, -718.824), (31.0741, -715.062), (26.6817, -712.844), (22.2636, -660.711), (63.0057, -618.611), (80.9615, -630.154), (60.5622, -711.751), (53.2501, -718.824)))
(((3.55084, 620.357), (21.0983, 633.106), (63.6095, 633.106), (109.797, 497.965), (98.0944, 482.86), (64.8154, 471.068), (27.5492, 474.795), (-18.3525, 564.603), (3.55084, 620.357)))
(((76.6394, -63.7053), (53.9464, -65.6786), (20.9511, -13.5806), (33.6103, 4.20259), (86.0871, -9.85368), (76.6394, -63.7053)))
(((72.7158, -220.122), (50.9465, -230.201), (38.2727, -222), (36.845, -174.886), (58.362, -169.058), (81.976, -203.917), (72.7158, -220.122)))
(((92.6686, -77.561), (65.7485, -129.906), (43.6, -121.6), (34.5, -112.5), (34.5, -79.68), (53.9464, -65.6786), (76.6394, -63.7053), (92.6686, -77.561)))
(((91.0556, -562.108), (51.7684, -597.26), (41.1146, -591.523), (33.7638, -541.906), (40.526, -536.431), (80.0444, -540.665), (91.0556, -562.108)))
(((90.5441, -501), (80.0444, -540.665), (40.526, -536.431), (53.2454, -502.816), (77.2915, -493.095), (90.5441, -501)))
(((112.964, 7.25), (86.0871, -9.85368), (33.6103, 4.20259), (28.2845, 32.3533), (75.6598, 64.6088), (114.264, 46.6662), (112.964, 7.25)))
(((117.63, 145.818), (56.7471, 115.831), (-15.0624, 141.082), (23.8656, 220.987), (33.3935, 226.75), (64.3776, 231.57), (136.498, 165.544), (117.63, 145.818)))
(((83.6535, -341.666), (57.5857, -326.843), (45.2806, -277.622), (48.6623, -274.361), (89.6532, -277.455), (108.338, -306.817), (83.6535, -341.666)))
(((89.6532, -277.455), (48.6623, -274.361), (50.9465, -230.201), (72.7158, -220.122), (106.18, -251.012), (89.6532, -277.455)))
(((123.253, -376.747), (84, -416), (52.6642, -384.664), (84.063, -343.521), (123.253, -376.747)))
(((117.056, -191.03), (81.976, -203.917), (58.362, -169.058), (73.7323, -144.01), (91.1267, -146.757), (119.664, -183.75), (117.056, -191.03)))
(((132.579, 281.949), (76.0073, 247.197), (61.0609, 354.314), (70.6122, 358.997), (103.379, 356.854), (132.579, 281.949)))
(((133.923, -658.4), (114.801, -691.545), (60.5622, -711.751), (80.9615, -630.154), (111.47, -632.061), (133.923, -658.4)))
(((114.735, -126.297), (91.1267, -146.757), (73.7323, -144.01), (65.7485, -129.906), (92.6686, -77.561), (111.371, -81.4472), (114.735, -126.297)))
(((111.47, -632.061), (80.9615, -630.154), (63.0057, -618.611), (51.7684, -597.26), (91.0556, -562.108), (111.376, -563.178), (124.232, -571.182), (119.812, -615.375), (111.47, -632.061)))
(((156.098, 389.489), (103.379, 356.854), (70.6122, 358.997), (64.8154, 471.068), (98.0944, 482.86), (156.098, 389.489)))
(((119.065, -505.51), (111.376, -563.178), (91.0556, -562.108), (80.0444, -540.665), (90.5441, -501), (115.769, -501), (119.065, -505.51)))
(((137.523, -460.6), (115.769, -501), (90.5441, -501), (77.2915, -493.095), (68.8358, -448.28), (84, -433.99), (131.456, -449.505), (137.523, -460.6)))
(((114.264, 46.6662), (75.6598, 64.6088), (56.7471, 115.831), (117.63, 145.818), (120.254, 51.3611), (114.264, 46.6662)))
(((136.803, -229.735), (116.011, -247.928), (106.18, -251.012), (72.7158, -220.122), (81.976, -203.917), (117.056, -191.03), (136.803, -229.735)))
(((134.263, -9.31535), (129.751, -75.4862), (111.371, -81.4472), (92.6686, -77.561), (76.6394, -63.7053), (86.0871, -9.85368), (112.964, 7.25), (134.263, -9.31535)))
(((101, -791.853), (53.2501, -718.824), (60.5622, -711.751), (114.801, -691.545), (146.039, -740.632), (101, -791.853)))
(((147.183, -406.024), (131.456, -449.505), (84, -433.99), (84, -416), (123.253, -376.747), (127.9, -377.1), (147.183, -406.024)))
(((134.924, -305.102), (108.338, -306.817), (89.6532, -277.455), (106.18, -251.012), (116.011, -247.928), (141.121, -291.299), (134.924, -305.102)))
(((158.892, -159.136), (119.664, -183.75), (91.1267, -146.757), (114.735, -126.297), (146.558, -139.797), (158.95, -159.026), (158.892, -159.136)))
(((155.221, -349.779), (127.9, -377.1), (123.253, -376.747), (84.063, -343.521), (83.6535, -341.666), (108.338, -306.817), (134.924, -305.102), (156.746, -329.652), (155.221, -349.779)))
(((165.311, -559.142), (124.232, -571.182), (111.376, -563.178), (119.065, -505.51), (155.955, -524.833), (165.311, -559.142)))
(((63.4755, 633.498), (100.098, 660.106), (161.902, 660.106), (211.902, 623.779), (217.386, 606.9), (161.417, 512.583), (109.797, 497.965), (63.4755, 633.498)))
(((149.888, 165.935), (136.498, 165.544), (64.3776, 231.57), (76.0073, 247.197), (132.579, 281.949), (187.823, 272.444), (149.888, 165.935)))
(((153.976, -82.3102), (146.558, -139.797), (114.735, -126.297), (111.371, -81.4472), (129.751, -75.4862), (153.976, -82.3102)))
(((167.429, 155.03), (178.956, 68.5804), (120.254, 51.3611), (117.63, 145.818), (136.498, 165.544), (149.888, 165.935), (167.429, 155.03)))
(((169.008, -265.947), (141.121, -291.299), (116.011, -247.928), (136.803, -229.735), (156.983, -234.081), (169.008, -265.947)))
(((174.036, -730.911), (146.039, -740.632), (114.801, -691.545), (133.923, -658.4), (162.714, -661.56), (174.036, -730.911)))
(((183.485, -568.602), (171.438, -601.908), (119.812, -615.375), (124.232, -571.182), (165.311, -559.142), (183.485, -568.602)))
(((187.823, 272.444), (132.579, 281.949), (103.379, 356.854), (156.098, 389.489), (184.535, 386.304), (197.536, 277.097), (187.823, 272.444)))
(((181.422, -493.706), (155.955, -524.833), (119.065, -505.51), (115.769, -501), (137.523, -460.6), (166.122, -466.047), (181.422, -493.706)))
(((156.983, -234.081), (136.803, -229.735), (117.056, -191.03), (119.664, -183.75), (158.892, -159.136), (179.359, -214.689), (156.983, -234.081)))
(((170.326, -657.445), (162.714, -661.56), (133.923, -658.4), (111.47, -632.061), (119.812, -615.375), (171.438, -601.908), (177.602, -644.031), (170.326, -657.445)))
(((179.506, -14.065), (175.594, -75.3614), (165.538, -80.6144), (153.976, -82.3102), (129.751, -75.4862), (134.263, -9.31535), (177.865, -12.6186), (179.506, -14.065)))
(((189.024, 62.3028), (177.865, -12.6186), (134.263, -9.31535), (112.964, 7.25), (114.264, 46.6662), (120.254, 51.3611), (178.956, 68.5804), (189.024, 62.3028)))
(((184.535, 386.304), (156.098, 389.489), (98.0944, 482.86), (109.797, 497.965), (161.417, 512.583), (248.662, 425.338), (184.535, 386.304)))
(((198.708, -435.222), (166.122, -466.047), (137.523, -460.6), (131.456, -449.505), (147.183, -406.024), (180.389, -408.629), (198.708, -435.222)))
(((187.612, -148.17), (158.95, -159.026), (146.558, -139.797), (153.976, -82.3102), (165.538, -80.6144), (187.852, -147.555), (187.612, -148.17)))
(((180.389, -408.629), (147.183, -406.024), (127.9, -377.1), (155.221, -349.779), (198.112, -372.296), (180.389, -408.629)))
(((204.26, -307.479), (156.746, -329.652), (134.924, -305.102), (141.121, -291.299), (169.008, -265.947), (207.608, -282.698), (204.26, -307.479)))
(((249.918, -831.729), (249.902, -831.779), (199.902, -868.106), (138.098, -868.106), (101, -841.152), (101, -791.853), (146.039, -740.632), (174.036, -730.911), (207.277, -740.883), (239.366, -777.348), (249.918, -831.729)))
(((223.692, -558.654), (208.875, -566.062), (183.485, -568.602), (165.311, -559.142), (155.955, -524.833), (181.422, -493.706), (205.037, -499.944), (228.542, -540.469), (223.692, -558.654)))
(((212.707, -320.271), (208.18, -368.94), (198.112, -372.296), (155.221, -349.779), (156.746, -329.652), (204.26, -307.479), (212.707, -320.271)))
(((220.134, -111.107), (187.852, -147.555), (165.538, -80.6144), (175.594, -75.3614), (206.921, -81.2353), (220.134, -111.107)))
(((204.428, -214.264), (179.359, -214.689), (158.892, -159.136), (158.95, -159.026), (187.612, -148.17), (214.513, -169.441), (204.428, -214.264)))
(((207.608, -282.698), (169.008, -265.947), (156.983, -234.081), (179.359, -214.689), (204.428, -214.264), (217.789, -224.686), (210.868, -280.06), (207.608, -282.698)))
(((207.277, -740.883), (174.036, -730.911), (162.714, -661.56), (170.326, -657.445), (223.57, -681.532), (207.277, -740.883)))
(((208.875, -566.062), (212.389, -627.553), (177.602, -644.031), (171.438, -601.908), (183.485, -568.602), (208.875, -566.062)))
(((220.943, -476.086), (205.037, -499.944), (181.422, -493.706), (166.122, -466.047), (198.708, -435.222), (211.963, -437.171), (220.943, -476.086)))
(((261.315, -28.1687), (206.921, -81.2353), (175.594, -75.3614), (179.506, -14.065), (265.996, -21.04), (261.315, -28.1687)))
(((300.929, -0.607714), (265.996, -21.04), (179.506, -14.065), (177.865, -12.6186), (189.024, 62.3028), (292.83, 55.5328), (306, 15), (306, 15), (300.929, -0.607714)))
(((291.178, 162.382), (167.429, 155.03), (149.888, 165.935), (187.823, 272.444), (197.536, 277.097), (289.825, 257.781), (306, 208), (306, 208), (291.178, 162.382)))
(((229.966, -428.322), (211.963, -437.171), (198.708, -435.222), (180.389, -408.629), (198.112, -372.296), (208.18, -368.94), (235.106, -379.999), (229.966, -428.322)))
(((249.41, -666.765), (223.57, -681.532), (170.326, -657.445), (177.602, -644.031), (212.389, -627.553), (243.468, -640.761), (250.675, -660.189), (249.41, -666.765)))
(((295.227, 55.3765), (189.024, 62.3028), (178.956, 68.5804), (167.429, 155.03), (293.952, 162.547), (312, 107), (312, 107), (295.227, 55.3765)))
(((267.542, 426.531), (248.662, 425.338), (161.417, 512.583), (216.914, 606.106), (252.902, 606.106), (302.902, 569.779), (322, 511), (322, 511), (302.902, 452.221), (267.542, 426.531)))
(((256.374, -125.45), (236.694, -166.881), (214.513, -169.441), (187.612, -148.17), (187.852, -147.555), (220.134, -111.107), (251.019, -120.83), (256.374, -125.45)))
(((263.64, -587.366), (243.468, -640.761), (212.389, -627.553), (208.875, -566.062), (223.692, -558.654), (263.64, -587.366)))
(((247.528, -178.044), (244.966, -220.318), (217.789, -224.686), (204.428, -214.264), (214.513, -169.441), (236.694, -166.881), (247.528, -178.044)))
(((276.346, -363.774), (235.106, -379.999), (208.18, -368.94), (212.707, -320.271), (253.883, -330.829), (276.346, -363.774)))
(((286.675, 258.44), (197.536, 277.097), (184.535, 386.304), (248.662, 425.338), (271.251, 426.766), (313.902, 395.779), (333, 337), (333, 337), (313.902, 278.221), (286.675, 258.44)))
(((264.053, -513.668), (228.542, -540.469), (205.037, -499.944), (220.943, -476.086), (260.909, -479.719), (264.053, -513.668)))
(((276.435, -451.44), (260.909, -479.719), (220.943, -476.086), (211.963, -437.171), (229.966, -428.322), (271, -442), (276.435, -451.44)))
(((261.053, -261.068), (249.169, -278.044), (210.868, -280.06), (217.789, -224.686), (244.966, -220.318), (262.517, -228.119), (261.053, -261.068)))
(((251.019, -120.83), (220.134, -111.107), (206.921, -81.2353), (261.315, -28.1687), (251.019, -120.83)))
(((263.138, -295.866), (253.883, -330.829), (212.707, -320.271), (204.26, -307.479), (207.608, -282.698), (210.868, -280.06), (249.169, -278.044), (263.138, -295.866)))
(((239.366, -777.348), (207.277, -740.883), (223.57, -681.532), (249.41, -666.765), (286.287, -708.139), (239.366, -777.348)))
(((292.309, -378.074), (271, -442), (229.966, -428.322), (235.106, -379.999), (276.346, -363.774), (283.42, -365.329), (292.309, -378.074)))
(((290.236, -217.724), (262.517, -228.119), (244.966, -220.318), (247.528, -178.044), (286.254, -179.15), (298.446, -196.514), (290.236, -217.724)))
(((286.254, -179.15), (247.528, -178.044), (236.694, -166.881), (256.374, -125.45), (263.898, -125.88), (287.513, -150.19), (286.254, -179.15)))
(((304.216, 0.244374), (297.751, -96.7279), (263.898, -125.88), (256.374, -125.45), (251.019, -120.83), (261.315, -28.1687), (265.996, -21.04), (303.4, 0.837606), (304.216, 0.244374)))
(((302.229, -638.483), (250.675, -660.189), (243.468, -640.761), (263.64, -587.366), (278.1, -587.544), (302.229, -638.483)))
(((315.253, -526.192), (286.419, -582.659), (278.1, -587.544), (263.64, -587.366), (223.692, -558.654), (228.542, -540.469), (264.053, -513.668), (315.235, -526.022), (315.253, -526.192)))
(((323.824, -305.786), (283.42, -365.329), (276.346, -363.774), (253.883, -330.829), (263.138, -295.866), (319.082, -300.283), (323.824, -305.786)))
(((319.082, -300.283), (263.138, -295.866), (249.169, -278.044), (261.053, -261.068), (310.455, -270.568), (319.082, -300.283)))
(((310.455, -270.568), (261.053, -261.068), (262.517, -228.119), (290.236, -217.724), (313.66, -247.736), (310.455, -270.568)))
(((315.235, -526.022), (264.053, -513.668), (260.909, -479.719), (276.435, -451.44), (311.286, -459.36), (317.613, -522.625), (315.235, -526.022)))
(((339.573, -656.216), (312.059, -704.003), (286.287, -708.139), (249.41, -666.765), (250.675, -660.189), (302.229, -638.483), (336, -651.75), (339.573, -656.216)))
(((316.19, -141.428), (287.513, -150.19), (263.898, -125.88), (297.751, -96.7279), (311.945, -109.591), (316.19, -141.428)))
(((248.621, -825.049), (239.366, -777.348), (286.287, -708.139), (312.059, -704.003), (342.833, -741.933), (300.573, -842.106), (272.098, -842.106), (248.621, -825.049)))
(((332.991, -446.907), (311.286, -459.36), (276.435, -451.44), (271, -442), (292.309, -378.074), (327.859, -392.501), (332.991, -446.907)))
(((327.14, -188.963), (298.446, -196.514), (286.254, -179.15), (287.513, -150.19), (316.19, -141.428), (332.932, -149.38), (327.14, -188.963)))
(((336, -651.75), (302.229, -638.483), (278.1, -587.544), (286.419, -582.659), (336, -595.372), (336, -651.75)))
(((336, -595.372), (286.419, -582.659), (315.253, -526.192), (357.912, -574.022), (336, -595.372)))
(((350.65, -232.94), (313.66, -247.736), (290.236, -217.724), (298.446, -196.514), (327.14, -188.963), (337.394, -194.191), (350.65, -232.94)))
(((385.045, -18.8886), (355.846, -108.023), (311.945, -109.591), (297.751, -96.7279), (304.207, 0.105652), (358.902, 0.105652), (385.045, -18.8886)))
(((360.309, -136.287), (332.932, -149.38), (316.19, -141.428), (311.945, -109.591), (355.846, -108.023), (360.309, -136.287)))
(((327.058, -306.096), (369.209, -376.348), (327.859, -392.501), (292.309, -378.074), (283.42, -365.329), (323.824, -305.786), (327.058, -306.096)))
(((389.064, -496.162), (317.613, -522.625), (311.286, -459.36), (332.991, -446.907), (349.364, -451.372), (389.064, -496.162)))
(((434.608, -267.79), (327.058, -306.096), (323.824, -305.786), (319.082, -300.283), (310.455, -270.568), (313.66, -247.736), (350.65, -232.94), (434.608, -267.79)))
(((413.523, -170.151), (337.394, -194.191), (327.14, -188.963), (332.932, -149.38), (360.309, -136.287), (413.523, -170.151)))
(((449.101, -725.234), (342.833, -741.933), (312.059, -704.003), (339.573, -656.216), (441.889, -660.57), (456, -704), (456, -704), (449.101, -725.234)))
(((420.952, -382.435), (349.364, -451.372), (332.991, -446.907), (327.859, -392.501), (369.209, -376.348), (420.952, -382.435)))
(((447.701, -572.775), (357.912, -574.022), (315.253, -526.192), (315.235, -526.022), (317.613, -522.625), (389.064, -496.162), (450.563, -512.032), (459, -538), (459, -538), (447.701, -572.775)))
(((443.546, -660.64), (339.573, -656.216), (336, -651.75), (336, -595.372), (357.912, -574.022), (447.904, -572.772), (460, -610), (460, -610), (443.546, -660.64)))
(((441.431, -267.574), (434.608, -267.79), (350.65, -232.94), (337.394, -194.191), (413.523, -170.151), (454.304, -180.236), (463, -207), (463, -207), (443.902, -265.779), (441.431, -267.574)))
(((300.189, -843.016), (342.833, -741.933), (451.055, -724.927), (467, -774), (467, -774), (447.902, -832.779), (397.902, -869.106), (336.098, -869.106), (300.189, -843.016)))
(((452.397, -377.943), (420.952, -382.435), (369.209, -376.348), (327.058, -306.096), (434.608, -267.79), (438.864, -267.655), (447.902, -274.221), (467, -333), (467, -333), (452.397, -377.943)))
(((452.023, -512.409), (389.064, -496.162), (349.364, -451.372), (420.952, -382.435), (452.49, -377.93), (463.902, -386.221), (483, -445), (483, -445), (463.902, -503.779), (452.023, -512.409)))
(((456.044, -180.667), (413.523, -170.151), (360.309, -136.287), (355.846, -108.023), (385.043, -18.8943), (416.902, -18.8943), (466.902, -55.2215), (486, -114), (486, -114), (466.902, -172.779), (456.044, -180.667)))
