(((-129.336, 363.894), (-149.902, 363.894), (-199.902, 400.221), (-219, 459), (-199.902, 517.779), (-190.546, 524.576), (-79.3363, 505.141), (-74.2246, 495.675), (-86.8345, 396.058), (-129.336, 363.894)))
(((-188.738, 524.26), (-201, 562), (-181.902, 620.779), (-131.902, 657.106), (-70.0983, 657.106), (-35.0144, 631.616), (-37.7443, 574.744), (-79.3363, 505.141), (-188.738, 524.26)))
(((19.6745, 428.765), (-37.3205, 398.509), (-86.8345, 396.058), (-74.2246, 495.675), (3.58259, 470.145), (19.6745, 428.765)))
(((-49.7345, 252.894), (-65.9017, 252.894), (-115.902, 289.221), (-135, 348), (-129.999, 363.393), (-86.8345, 396.058), (-37.3205, 398.509), (17.0871, 295.134), (-1.70877, 273.845), (-49.7345, 252.894)))
(((3.58259, 470.145), (-74.2246, 495.675), (-79.3363, 505.141), (-37.7443, 574.744), (22.3061, 514.694), (3.58259, 470.145)))
(((-56.6365, 18.4202), (-94.9017, 46.2215), (-114, 105), (-94.9017, 163.779), (-64.4418, 185.909), (20.0694, 146.351), (-10.2361, 47.8576), (-29.3606, 28.0848), (-56.6365, 18.4202)))
(((34.2691, 305.764), (17.0871, 295.134), (-37.3205, 398.509), (19.6745, 428.765), (80.0542, 404.301), (34.2691, 305.764)))
(((-35.061, 630.647), (-6.9017, 651.106), (43.8125, 651.106), (44.4415, 649.132), (47.229, 523.694), (22.3061, 514.694), (-37.7443, 574.744), (-35.061, 630.647)))
(((62.1711, 81.7503), (-10.2361, 47.8576), (20.0694, 146.351), (71.9845, 143.902), (62.1711, 81.7503)))
(((-65.9805, 186.629), (-70, 199), (-52.9435, 251.494), (-1.70877, 273.845), (97.62, 184.255), (74.642, 145.501), (71.9845, 143.902), (20.0694, 146.351), (-65.9805, 186.629)))
(((50.2421, -117.106), (0.0983001, -117.106), (-49.9017, -80.7785), (-69, -22), (-55.7665, 18.7284), (-29.3606, 28.0848), (74.709, 3.59788), (50.2421, -117.106)))
(((74.709, 3.59788), (-29.3606, 28.0848), (-10.2361, 47.8576), (62.1711, 81.7503), (100.943, 21.9303), (74.709, 3.59788)))
(((119.562, 416.983), (80.0542, 404.301), (19.6745, 428.765), (3.58259, 470.145), (22.3061, 514.694), (47.229, 523.694), (119.772, 504.813), (134.347, 435.825), (133.228, 432.381), (129.304, 424.061), (119.562, 416.983)))
(((119.772, 504.813), (47.229, 523.694), (44.4415, 649.132), (124.338, 517.873), (119.772, 504.813)))
(((97.62, 184.255), (-1.70877, 273.845), (17.0871, 295.134), (34.2691, 305.764), (118, 275.528), (118, 195.826), (97.62, 184.255)))
(((190.86, 49.7919), (182.708, 24.702), (100.943, 21.9303), (62.1711, 81.7503), (71.9845, 143.902), (74.642, 145.501), (190.86, 49.7919)))
(((119.945, 417.106), (128.574, 417.106), (139.098, 400.586), (137.581, 291.301), (118, 275.528), (34.2691, 305.764), (80.0542, 404.301), (119.945, 417.106)))
(((50.6542, -115.073), (74.709, 3.59788), (100.943, 21.9303), (181.915, 24.6751), (185.902, 21.7785), (205, -37), (205, -37), (185.902, -95.7785), (135.902, -132.106), (74.0983, -132.106), (50.6542, -115.073)))
(((43.8822, 650.887), (84.0983, 680.106), (145.902, 680.106), (195.902, 643.779), (205.675, 613.699), (198.052, 597.817), (124.338, 517.873), (44.4415, 649.132), (43.8822, 650.887)))
(((191.232, 49.4855), (74.642, 145.501), (97.62, 184.255), (118, 195.826), (227.382, 180.068), (243, 132), (243, 132), (223.902, 73.2215), (191.232, 49.4855)))
(((225.853, 180.288), (118, 195.826), (118, 275.528), (137.581, 291.301), (254.042, 268.337), (260, 250), (260, 250), (240.902, 191.221), (225.853, 180.288)))
(((256.717, 267.809), (137.581, 291.301), (139.098, 400.586), (240.718, 334.534), (260.856, 280.546), (256.717, 267.809)))
(((137.551, 436.002), (133.722, 438.785), (119.772, 504.813), (124.338, 517.873), (198.052, 597.817), (228.84, 463.47), (137.551, 436.002)))
(((130.335, 414.341), (137.354, 435.943), (228.84, 463.47), (294.891, 456.012), (240.718, 334.534), (139.098, 400.586), (130.335, 414.341)))
(((320.122, 465.655), (294.891, 456.012), (228.84, 463.47), (198.052, 597.817), (208.565, 619.718), (209.098, 620.106), (270.902, 620.106), (320.902, 583.779), (340, 525), (340, 525), (320.902, 466.221), (320.122, 465.655)))
(((261.707, 278.265), (240.718, 334.534), (294.891, 456.012), (313.451, 463.106), (330.902, 463.106), (380.902, 426.779), (400, 368), (400, 368), (380.902, 309.221), (330.902, 272.894), (269.098, 272.894), (261.707, 278.265)))
