(((-293.479, -188.536), (-306, -150), (-287.395, -92.7388), (-264.992, -96.8368), (-183.356, -133.12), (-182.853, -156.27), (-293.479, -188.536)))
(((-290.278, -365.076), (-302, -329), (-282.902, -270.221), (-281.466, -269.178), (-203.294, -295.235), (-175.432, -327.078), (-176.956, -340.287), (-290.278, -365.076)))
(((-286.073, -213.786), (-294.208, -188.748), (-182.853, -156.27), (-163.674, -186.188), (-174.153, -196.23), (-286.073, -213.786)))
(((-262.106, -429.802), (-275.902, -419.779), (-293.45, -365.77), (-176.956, -340.287), (-169.751, -352.758), (-174.125, -382.125), (-219.508, -427.508), (-262.106, -429.802)))
(((-277.785, -265.672), (-291, -225), (-287.425, -213.998), (-174.153, -196.23), (-170.493, -242.592), (-171.334, -243.898), (-277.785, -265.672)))
(((-282.682, -93.6009), (-291, -68), (-271.902, -9.22147), (-221.902, 27.1057), (-160.098, 27.1057), (-152.447, 21.5466), (-182.472, -85.6854), (-264.992, -96.8368), (-282.682, -93.6009)))
(((-221.666, -584.097), (-268.902, -549.779), (-288, -491), (-268.902, -432.221), (-265.849, -430.003), (-219.508, -427.508), (-183.951, -441.65), (-151.27, -487.58), (-201.594, -568.748), (-221.666, -584.097)))
(((-170.748, -125.669), (-183.356, -133.12), (-264.992, -96.8368), (-182.472, -85.6854), (-165.344, -97.104), (-170.748, -125.669)))
(((-282, -269), (-282, -269), (-281.142, -266.359), (-171.334, -243.898), (-157.153, -277.932), (-203.294, -295.235), (-282, -269)))
(((-147.457, -310.622), (-175.432, -327.078), (-203.294, -295.235), (-157.153, -277.932), (-143.113, -285.102), (-147.457, -310.622)))
(((-138.161, 20.1057), (-140.193, -85.5482), (-165.344, -97.104), (-182.472, -85.6854), (-152.85, 20.1057), (-138.161, 20.1057)))
(((-130.441, -157.678), (-162.034, -186.031), (-163.674, -186.188), (-182.853, -156.27), (-183.356, -133.12), (-170.748, -125.669), (-137.85, -135.45), (-130.441, -157.678)))
(((-140.857, -427.286), (-183.951, -441.65), (-219.508, -427.508), (-174.125, -382.125), (-136.738, -387.466), (-140.857, -427.286)))
(((-129.754, -233.681), (-170.493, -242.592), (-174.153, -196.23), (-163.674, -186.188), (-162.034, -186.031), (-126.722, -215.111), (-129.754, -233.681)))
(((-134.201, -350.603), (-169.751, -352.758), (-176.956, -340.287), (-175.432, -327.078), (-147.457, -310.622), (-129.11, -329.674), (-134.201, -350.603)))
(((-137.85, -135.45), (-170.748, -125.669), (-165.344, -97.104), (-140.193, -85.5482), (-120.432, -104.761), (-137.85, -135.45)))
(((-117.329, -375.208), (-136.738, -387.466), (-174.125, -382.125), (-169.751, -352.758), (-134.201, -350.603), (-117.329, -375.208)))
(((-118.581, -274.843), (-143.113, -285.102), (-157.153, -277.932), (-171.334, -243.898), (-170.493, -242.592), (-129.754, -233.681), (-116.963, -256.066), (-118.581, -274.843)))
(((-107.195, -507.176), (-115.911, -544.947), (-201.594, -568.748), (-151.27, -487.58), (-117.373, -488.577), (-113.311, -490.157), (-107.195, -507.176)))
(((-117.373, -488.577), (-151.27, -487.58), (-183.951, -441.65), (-140.857, -427.286), (-126.24, -430.94), (-117.373, -488.577)))
(((-100.185, -201.842), (-126.722, -215.111), (-162.034, -186.031), (-130.441, -157.678), (-120.161, -160.107), (-95.3403, -192.871), (-100.185, -201.842)))
(((-102.49, -381.598), (-113.021, -426.734), (-126.24, -430.94), (-140.857, -427.286), (-136.738, -387.466), (-117.329, -375.208), (-104.468, -377.49), (-102.49, -381.598)))
(((-175.551, -655.377), (-203.902, -634.779), (-220.627, -583.303), (-201.594, -568.748), (-115.911, -544.947), (-75.5721, -580.484), (-159.326, -651.353), (-175.551, -655.377)))
(((-93.9388, -319.625), (-129.11, -329.674), (-147.457, -310.622), (-143.113, -285.102), (-118.581, -274.843), (-108.989, -281.558), (-93.9388, -319.625)))
(((-188.308, 533.705), (-195.902, 539.221), (-215, 598), (-195.902, 656.779), (-145.902, 693.106), (-84.0983, 693.106), (-50.5453, 668.728), (-91.3751, 536.031), (-188.308, 533.705)))
(((-138.181, 19.1057), (-125.226, 19.1057), (-93.8911, -14.2377), (-79.5779, -66.2172), (-108.739, -104.35), (-120.432, -104.761), (-140.193, -85.5482), (-138.181, 19.1057)))
(((-83.9484, -352.98), (-104.468, -377.49), (-117.329, -375.208), (-134.201, -350.603), (-129.11, -329.674), (-93.9388, -319.625), (-85.4194, -325.032), (-83.9484, -352.98)))
(((-93.0811, -142.054), (-120.161, -160.107), (-130.441, -157.678), (-137.85, -135.45), (-120.432, -104.761), (-108.739, -104.35), (-91.546, -122.098), (-93.0811, -142.054)))
(((-173.254, 399.946), (-192.902, 414.221), (-212, 473), (-192.902, 531.779), (-190.317, 533.656), (-91.3751, 536.031), (-56.7191, 510.296), (-57.67, 493.496), (-75.9543, 442.91), (-173.254, 399.946)))
(((-70.3768, -458.614), (-113.311, -490.157), (-117.373, -488.577), (-126.24, -430.94), (-113.021, -426.734), (-80.7071, -440.708), (-70.3768, -458.614)))
(((-82.0902, -236.826), (-116.963, -256.066), (-129.754, -233.681), (-126.722, -215.111), (-100.185, -201.842), (-82.0902, -236.826)))
(((-80.7071, -440.708), (-113.021, -426.734), (-102.49, -381.598), (-73.3363, -402.801), (-80.7071, -440.708)))
(((-63.0509, -796.106), (-122.902, -796.106), (-172.902, -759.779), (-192, -701), (-177.318, -655.815), (-159.326, -651.353), (-60.9651, -668.869), (-63.0509, -796.106)))
(((-75.4046, -186.353), (-95.3403, -192.871), (-120.161, -160.107), (-93.0811, -142.054), (-66.6446, -160.658), (-75.4046, -186.353)))
(((-68.1735, -271.663), (-108.989, -281.558), (-118.581, -274.843), (-116.963, -256.066), (-82.0902, -236.826), (-78.6717, -237.836), (-68.1735, -271.663)))
(((-46.4407, -578.315), (-75.5721, -580.484), (-115.911, -544.947), (-107.195, -507.176), (-40.242, -530.131), (-42.2322, -575.408), (-46.4407, -578.315)))
(((-47.7688, -306.591), (-85.4194, -325.032), (-93.9388, -319.625), (-108.989, -281.558), (-68.1735, -271.663), (-59.7973, -275.851), (-47.7688, -306.591)))
(((-62.9739, -116.215), (-91.546, -122.098), (-108.739, -104.35), (-79.5779, -66.2172), (-56.9987, -83.7788), (-62.9739, -116.215)))
(((-58.2647, -667.118), (-60.9651, -668.869), (-159.326, -651.353), (-75.5721, -580.484), (-46.4407, -578.315), (-50.2279, -654.058), (-58.2647, -667.118)))
(((-94.8199, 300.894), (-108.902, 300.894), (-158.902, 337.221), (-178, 396), (-177.298, 398.161), (-75.9543, 442.91), (-13.7494, 378.058), (-94.8199, 300.894)))
(((-58.0988, -228.431), (-78.6717, -237.836), (-82.0902, -236.826), (-100.185, -201.842), (-95.3403, -192.871), (-75.4046, -186.353), (-47.7326, -206.547), (-58.0988, -228.431)))
(((-40.242, -530.131), (-107.195, -507.176), (-113.311, -490.157), (-70.3768, -458.614), (-41.0283, -464.558), (-29.0696, -507.5), (-40.242, -530.131)))
(((-62.5222, -158.204), (-66.6446, -160.658), (-93.0811, -142.054), (-91.546, -122.098), (-62.9739, -116.215), (-47.7895, -133.649), (-62.5222, -158.204)))
(((-42.3303, -393.499), (-73.3363, -402.801), (-102.49, -381.598), (-104.468, -377.49), (-83.9484, -352.98), (-44.3145, -367.208), (-42.3303, -393.499)))
(((-59.7973, -275.851), (-68.1735, -271.663), (-78.6717, -237.836), (-58.0988, -228.431), (-38.5546, -253.724), (-59.7973, -275.851)))
(((-41.0283, -464.558), (-70.3768, -458.614), (-80.7071, -440.708), (-73.3363, -402.801), (-42.3303, -393.499), (-38.4421, -397.122), (-33.7415, -447.654), (-36.3782, -459.418), (-41.0283, -464.558)))
(((-21.2471, -341.504), (-44.3145, -367.208), (-83.9484, -352.98), (-85.4194, -325.032), (-47.7688, -306.591), (-47.3218, -306.738), (-21.2471, -341.504)))
(((-38.0357, -204.607), (-47.7326, -206.547), (-75.4046, -186.353), (-66.6446, -160.658), (-62.5222, -158.204), (-22.2682, -177.372), (-38.0357, -204.607)))
(((-12.9594, -51.1114), (-29.537, -82.1944), (-56.9987, -83.7788), (-79.5779, -66.2172), (-93.8911, -14.2377), (-23.6085, -30.9149), (-12.9594, -51.1114)))
(((-124.112, 125.648), (-124.902, 126.221), (-144, 185), (-124.902, 243.779), (-119.593, 247.636), (-12.6453, 202.388), (-8.98688, 154.829), (-42.3366, 136.838), (-124.112, 125.648)))
(((-12.1411, -108.288), (-27.7419, -131.978), (-47.7895, -133.649), (-62.9739, -116.215), (-56.9987, -83.7788), (-29.537, -82.1944), (-12.1411, -108.288)))
(((-19.9501, -175.863), (-22.2682, -177.372), (-62.5222, -158.204), (-47.7895, -133.649), (-27.7419, -131.978), (-13.2665, -157.483), (-19.9501, -175.863)))
(((-7.09302, -243.366), (-19.2074, -252.308), (-38.5546, -253.724), (-58.0988, -228.431), (-47.7326, -206.547), (-38.0357, -204.607), (-8.64136, -228.657), (-7.09302, -243.366)))
(((-50.429, 669.106), (-8.59007, 669.106), (6.20764, 528.527), (-56.7191, 510.296), (-91.3751, 536.031), (-50.429, 669.106)))
(((-20.5323, -289.403), (-47.3218, -306.738), (-47.7688, -306.591), (-59.7973, -275.851), (-38.5546, -253.724), (-19.2074, -252.308), (-20.5323, -289.403)))
(((16.5707, -784.995), (-0.0983011, -797.106), (-61.9017, -797.106), (-63.0536, -796.269), (-60.9651, -668.869), (-58.2647, -667.118), (4.19231, -698.346), (16.5707, -784.995)))
(((-125.386, 19.2766), (-116.704, 46), (-23.1923, 46), (-6.65523, -7.74549), (-23.6085, -30.9149), (-93.8911, -14.2377), (-125.386, 19.2766)))
(((-116.704, 46), (-131, 90), (-119.199, 126.32), (-42.3366, 136.838), (6.79172, 64.4385), (6.63098, 61.3041), (-23.1923, 46), (-116.704, 46)))
(((-11.9225, 378.479), (-13.7494, 378.058), (-75.9543, 442.91), (-57.67, 493.496), (23.9643, 415.263), (-11.9225, 378.479)))
(((-118.671, 247.245), (-102.902, 295.779), (-97.3201, 299.834), (-95.12, 300.609), (16.9427, 266.695), (18.2927, 230.693), (-12.6453, 202.388), (-118.671, 247.245)))
(((9, -646.054), (-50.2279, -654.058), (-46.4407, -578.315), (-42.2322, -575.408), (9, -588.629), (9, -646.054)))
(((0.312649, -395.184), (-38.4421, -397.122), (-42.3303, -393.499), (-44.3145, -367.208), (-21.2471, -341.504), (-17.1888, -341.802), (12.7463, -370.882), (0.312649, -395.184)))
(((7.40796, -411.346), (-33.7415, -447.654), (-38.4421, -397.122), (0.312649, -395.184), (7.40796, -411.346)))
(((20.6193, -662.07), (4.19231, -698.346), (-58.2647, -667.118), (-50.2279, -654.058), (9, -646.054), (20.6193, -662.07)))
(((9.93943, -317.962), (-17.1888, -341.802), (-21.2471, -341.504), (-47.3218, -306.738), (-20.5323, -289.403), (4.9005, -294.027), (9.93943, -317.962)))
(((15.5811, -201.743), (-8.64136, -228.657), (-38.0357, -204.607), (-22.2682, -177.372), (-19.9501, -175.863), (13.5769, -195.731), (15.5811, -201.743)))
(((15.7304, -280.165), (4.9005, -294.027), (-20.5323, -289.403), (-19.2074, -252.308), (-7.09302, -243.366), (9.28571, -252.238), (15.7304, -280.165)))
(((69.0406, 465.123), (32.2054, 419.939), (23.9643, 415.263), (-57.67, 493.496), (-56.7191, 510.296), (6.20764, 528.527), (60.1688, 507.412), (69.0406, 465.123)))
(((6.79172, 64.4385), (-42.3366, 136.838), (-8.98688, 154.829), (41.4915, 139.873), (6.79172, 64.4385)))
(((23.5066, -150.526), (-13.2665, -157.483), (-27.7419, -131.978), (-12.1411, -108.288), (12.7927, -108.742), (23.5066, -150.526)))
(((20.619, -452.941), (-36.3782, -459.418), (-33.7415, -447.654), (7.40796, -411.346), (22.0478, -422.221), (20.619, -452.941)))
(((12.7927, -108.742), (-12.1411, -108.288), (-29.537, -82.1944), (-12.9594, -51.1114), (5.57066, -54.6077), (31.004, -93.3633), (12.7927, -108.742)))
(((-94.9579, 300.56), (-95.0083, 300.715), (-13.7494, 378.058), (-11.9225, 378.479), (36.7168, 327.895), (36.0652, 281.626), (16.9427, 266.695), (-94.9579, 300.56)))
(((9, -588.629), (-42.2322, -575.408), (-40.242, -530.131), (-29.0696, -507.5), (37.4524, -507.5), (12.7393, -587.342), (9, -588.629)))
(((42.8628, -504.429), (37.4524, -507.5), (-29.0696, -507.5), (-41.0283, -464.558), (-36.3782, -459.418), (20.619, -452.941), (37.4147, -468.137), (42.9, -504.34), (42.8628, -504.429)))
(((30.3535, -155.187), (13.5769, -195.731), (-19.9501, -175.863), (-13.2665, -157.483), (23.5066, -150.526), (30.3535, -155.187)))
(((39.7093, -5.53765), (-6.65523, -7.74549), (-23.1923, 46), (6.63098, 61.3041), (43.2696, 41.4582), (39.7093, -5.53765)))
(((45.1951, -27.3659), (5.57066, -54.6077), (-12.9594, -51.1114), (-23.6085, -30.9149), (-6.65523, -7.74549), (39.7093, -5.53765), (48.4077, -20.5837), (45.1951, -27.3659)))
(((33.464, -367.611), (12.7463, -370.882), (-17.1888, -341.802), (9.93943, -317.962), (37.0078, -323.904), (33.464, -367.611)))
(((47.3982, -215.598), (33.9835, -244.005), (9.28571, -252.238), (-7.09302, -243.366), (-8.64136, -228.657), (15.5811, -201.743), (44.5183, -212.078), (47.3982, -215.598)))
(((78.0433, 166.209), (49.15, 141.787), (41.4915, 139.873), (-8.98688, 154.829), (-12.6453, 202.388), (18.2927, 230.693), (82.8571, 182.916), (78.0433, 166.209)))
(((50, -409.378), (22.0478, -422.221), (7.40796, -411.346), (0.312649, -395.184), (12.7463, -370.882), (33.464, -367.611), (50, -376.185), (50, -409.378)))
(((37.0078, -323.904), (9.93943, -317.962), (4.9005, -294.027), (15.7304, -280.165), (40.6509, -285.296), (45.6658, -318.394), (37.0078, -323.904)))
(((54.3205, -91.2436), (31.004, -93.3633), (5.57066, -54.6077), (45.1951, -27.3659), (54.3205, -91.2436)))
(((40.6509, -285.296), (15.7304, -280.165), (9.28571, -252.238), (33.9835, -244.005), (58.3232, -269.452), (40.6509, -285.296)))
(((53.1778, -170.224), (44.5183, -212.078), (15.5811, -201.743), (13.5769, -195.731), (30.3535, -155.187), (35.9685, -155.473), (53.1778, -170.224)))
(((74.6364, -647.318), (61.9577, -660.715), (20.6193, -662.07), (9, -646.054), (9, -588.629), (12.7393, -587.342), (46.5069, -591.563), (76.4074, -631.969), (74.6364, -647.318)))
(((67.1249, -104.219), (63.9634, -123.979), (35.9685, -155.473), (30.3535, -155.187), (23.5066, -150.526), (12.7927, -108.742), (31.004, -93.3633), (54.3205, -91.2436), (59.7826, -93.4746), (67.1249, -104.219)))
(((79.6347, -780.034), (69.9017, -787.106), (16.8722, -787.106), (4.19231, -698.346), (20.6193, -662.07), (61.9577, -660.715), (79.6347, -780.034)))
(((-8.18673, 665.274), (8.0983, 677.106), (69.9017, 677.106), (117.939, 642.204), (111.173, 566.218), (60.1688, 507.412), (6.20764, 528.527), (-8.18673, 665.274)))
(((77.8757, -432.734), (37.4147, -468.137), (20.619, -452.941), (22.0478, -422.221), (50, -409.378), (77.8757, -432.734)))
(((83.9291, -556.752), (46.5069, -591.563), (12.7393, -587.342), (37.4524, -507.5), (42.8628, -504.429), (87.2188, -552.197), (83.9291, -556.752)))
(((78.7398, 53.8958), (43.2696, 41.4582), (6.63098, 61.3041), (6.79172, 64.4385), (41.4915, 139.873), (49.15, 141.787), (83.9339, 63.5238), (78.7398, 53.8958)))
(((94.2551, 349.33), (36.7168, 327.895), (-11.9225, 378.479), (23.9643, 415.263), (32.2054, 419.939), (94.2551, 349.33)))
(((83.3814, -341.657), (70.499, -368.593), (50, -376.185), (33.464, -367.611), (37.0078, -323.904), (45.6658, -318.394), (78.035, -321.697), (83.3814, -341.657)))
(((78.0135, -248.803), (62.053, -269.232), (58.3232, -269.452), (33.9835, -244.005), (47.3982, -215.598), (70.3893, -219.068), (78.0135, -248.803)))
(((82.8571, 182.916), (18.2927, 230.693), (16.9427, 266.695), (36.0652, 281.626), (84.1951, 272.268), (101.03, 200.439), (82.8571, 182.916)))
(((78.035, -321.697), (45.6658, -318.394), (40.6509, -285.296), (58.3232, -269.452), (62.053, -269.232), (91.2794, -301.831), (78.035, -321.697)))
(((88.6866, -174.925), (82.9779, -209.993), (70.3893, -219.068), (47.3982, -215.598), (44.5183, -212.078), (53.1778, -170.224), (87.3255, -171.057), (88.6866, -174.925)))
(((87.3255, -171.057), (53.1778, -170.224), (35.9685, -155.473), (63.9634, -123.979), (90.8338, -162.605), (87.3255, -171.057)))
(((97.7205, -54.2722), (59.7826, -93.4746), (54.3205, -91.2436), (45.1951, -27.3659), (48.4077, -20.5837), (70.822, -23.0352), (97.7205, -54.2722)))
(((92.5798, -484.468), (42.9, -504.34), (37.4147, -468.137), (77.8757, -432.734), (85.9995, -433.087), (99.6042, -471.5), (92.5798, -484.468)))
(((113.335, 297.829), (84.1951, 272.268), (36.0652, 281.626), (36.7168, 327.895), (94.2551, 349.33), (113.914, 345.89), (113.335, 297.829)))
(((107.721, -414.289), (85.9995, -433.087), (77.8757, -432.734), (50, -409.378), (50, -376.185), (70.499, -368.593), (109.15, -399.997), (107.721, -414.289)))
(((109.979, 11.3756), (70.822, -23.0352), (48.4077, -20.5837), (39.7093, -5.53765), (43.2696, 41.4582), (78.7398, 53.8958), (109.979, 11.3756)))
(((113.914, 345.89), (94.2551, 349.33), (32.2054, 419.939), (69.0406, 465.123), (119.336, 440.694), (125.173, 355.48), (113.914, 345.89)))
(((76.4074, -631.969), (46.5069, -591.563), (83.9291, -556.752), (101.122, -616.926), (76.4074, -631.969)))
(((91.2794, -301.831), (62.053, -269.232), (78.0135, -248.803), (108.01, -254.802), (93.1093, -301.16), (91.2794, -301.831)))
(((112.866, -145.211), (90.8338, -162.605), (63.9634, -123.979), (67.1249, -104.219), (101.676, -111.271), (116.05, -133.385), (112.866, -145.211)))
(((103.742, -549.655), (87.2188, -552.197), (42.8628, -504.429), (42.9, -504.34), (92.5798, -484.468), (112.53, -515.968), (103.742, -549.655)))
(((138.168, 91.0851), (83.9339, 63.5238), (49.15, 141.787), (78.0433, 166.209), (137.963, 109.885), (138.168, 91.0851)))
(((171.354, -744.63), (123.902, -779.106), (79.4971, -779.106), (61.9577, -660.715), (74.6364, -647.318), (134.15, -677.075), (171.354, -744.63)))
(((119.506, -249.315), (108.01, -254.802), (78.0135, -248.803), (70.3893, -219.068), (82.9779, -209.993), (117.075, -221.358), (119.506, -249.315)))
(((126.5, -78.8913), (101.676, -111.271), (67.1249, -104.219), (59.7826, -93.4746), (97.7205, -54.2722), (126.5, -56.6311), (126.5, -78.8913)))
(((109.15, -399.997), (70.499, -368.593), (83.3814, -341.657), (111.691, -349.309), (126.354, -380.588), (109.15, -399.997)))
(((143.338, -605.105), (101.122, -616.926), (83.9291, -556.752), (87.2188, -552.197), (103.742, -549.655), (165.185, -581.307), (143.338, -605.105)))
(((139.176, -45.8254), (126.5, -56.6311), (97.7205, -54.2722), (70.822, -23.0352), (109.979, 11.3756), (115.213, 9.85841), (139.836, -29.5381), (139.176, -45.8254)))
(((117.075, -221.358), (82.9779, -209.993), (88.6866, -174.925), (123.773, -189.769), (124.471, -213.5), (117.075, -221.358)))
(((138.192, -322.808), (111.691, -349.309), (83.3814, -341.657), (78.035, -321.697), (91.2794, -301.831), (93.1093, -301.16), (116.091, -303.864), (138.192, -322.808)))
(((134.15, -677.075), (74.6364, -647.318), (76.4074, -631.969), (101.122, -616.926), (143.338, -605.105), (134.15, -677.075)))
(((143.964, -262.054), (116.091, -303.864), (93.1093, -301.16), (108.01, -254.802), (119.506, -249.315), (143.964, -262.054)))
(((123.773, -189.769), (88.6866, -174.925), (87.3255, -171.057), (90.8338, -162.605), (112.866, -145.211), (142.59, -172.457), (123.773, -189.769)))
(((147.667, -497.833), (112.53, -515.968), (92.5798, -484.468), (99.6042, -471.5), (134.5, -471.5), (147.667, -497.833)))
(((150.274, -441.385), (134.5, -471.5), (99.6042, -471.5), (85.9995, -433.087), (107.721, -414.289), (148.105, -436.725), (150.274, -441.385)))
(((148.299, 208.556), (101.03, 200.439), (84.1951, 272.268), (113.335, 297.829), (174.035, 262.06), (148.299, 208.556)))
(((163.5, 44.5256), (115.213, 9.85841), (109.979, 11.3756), (78.7398, 53.8958), (83.9339, 63.5238), (138.168, 91.0851), (163.5, 66.1613), (163.5, 44.5256)))
(((150.157, -123.153), (116.05, -133.385), (101.676, -111.271), (126.5, -78.8913), (153.871, -111.022), (150.157, -123.153)))
(((149.183, -375.515), (126.354, -380.588), (111.691, -349.309), (138.192, -322.808), (153.178, -324.911), (149.183, -375.515)))
(((165.185, -581.307), (103.742, -549.655), (112.53, -515.968), (147.667, -497.833), (175.763, -511.881), (178.103, -515.692), (170.335, -580.168), (165.185, -581.307)))
(((200.566, 480.861), (176.406, 453.249), (119.336, 440.694), (69.0406, 465.123), (60.1688, 507.412), (111.173, 566.218), (190.565, 513.29), (200.566, 480.861)))
(((181.663, 150.017), (137.963, 109.885), (78.0433, 166.209), (82.8571, 182.916), (101.03, 200.439), (148.299, 208.556), (188.859, 167.332), (181.663, 150.017)))
(((153.178, -324.911), (138.192, -322.808), (116.091, -303.864), (143.964, -262.054), (157.477, -262.265), (155.615, -323.692), (153.178, -324.911)))
(((171.175, -158.25), (159.676, -172.109), (142.59, -172.457), (112.866, -145.211), (116.05, -133.385), (150.157, -123.153), (170.23, -152.86), (171.175, -158.25)))
(((157.477, -262.265), (143.964, -262.054), (119.506, -249.315), (117.075, -221.358), (124.471, -213.5), (159.705, -213.5), (162.089, -259.994), (157.477, -262.265)))
(((166.748, -204.64), (159.705, -213.5), (124.471, -213.5), (123.773, -189.769), (142.59, -172.457), (159.676, -172.109), (166.748, -204.64)))
(((168.36, -399.59), (148.105, -436.725), (107.721, -414.289), (109.15, -399.997), (126.354, -380.588), (149.183, -375.515), (158.463, -380.246), (168.36, -399.59)))
(((189.314, 9.44463), (139.836, -29.5381), (115.213, 9.85841), (163.5, 44.5256), (189.314, 9.44463)))
(((188.217, -68.5954), (182.812, -94.2666), (153.871, -111.022), (126.5, -78.8913), (126.5, -56.6311), (139.176, -45.8254), (184.244, -62.9202), (188.217, -68.5954)))
(((231.327, 290.096), (174.035, 262.06), (113.335, 297.829), (113.914, 345.89), (125.173, 355.48), (194.691, 352.247), (231.327, 290.096)))
(((194.691, 352.247), (125.173, 355.48), (119.336, 440.694), (176.406, 453.249), (202.913, 377.185), (194.691, 352.247)))
(((175.763, -511.881), (147.667, -497.833), (134.5, -471.5), (150.274, -441.385), (175.567, -449.644), (185.341, -465.057), (175.763, -511.881)))
(((187.97, -741.106), (169.413, -741.106), (134.15, -677.075), (143.338, -605.105), (165.185, -581.307), (170.335, -580.168), (180.726, -585.363), (187.97, -741.106)))
(((197.881, -357.139), (158.463, -380.246), (149.183, -375.515), (153.178, -324.911), (155.615, -323.692), (175.645, -324.711), (197.881, -357.139)))
(((194.38, -307.581), (175.645, -324.711), (155.615, -323.692), (157.477, -262.265), (162.089, -259.994), (176.321, -261.481), (196.934, -284.593), (194.38, -307.581)))
(((204.113, -418.617), (175.567, -449.644), (150.274, -441.385), (148.105, -436.725), (168.36, -399.59), (200.75, -407.688), (204.113, -418.617)))
(((198.419, -115.275), (170.23, -152.86), (150.157, -123.153), (153.871, -111.022), (182.812, -94.2666), (198.419, -115.275)))
(((211.25, 1.21875), (184.244, -62.9202), (139.176, -45.8254), (139.836, -29.5381), (189.314, 9.44463), (211.25, 1.21875)))
(((205.793, -235.476), (176.321, -261.481), (162.089, -259.994), (159.705, -213.5), (166.748, -204.64), (201.009, -210.489), (205.793, -235.476)))
(((217.037, 83.4312), (163.5, 66.1613), (138.168, 91.0851), (137.963, 109.885), (181.663, 150.017), (217.037, 83.4312)))
(((117.523, 637.532), (154.098, 664.106), (215.266, 664.106), (227.666, 569.417), (190.565, 513.29), (111.173, 566.218), (117.523, 637.532)))
(((200.75, -407.688), (168.36, -399.59), (158.463, -380.246), (197.881, -357.139), (199.44, -357.668), (206.655, -397.353), (200.75, -407.688)))
(((219.174, -187.782), (201.009, -210.489), (166.748, -204.64), (159.676, -172.109), (171.175, -158.25), (213.132, -166.813), (219.174, -187.782)))
(((230.841, -139.696), (213.132, -166.813), (171.175, -158.25), (170.23, -152.86), (198.419, -115.275), (225.702, -125.257), (230.841, -139.696)))
(((235.499, 288.734), (227.693, 173.596), (188.859, 167.332), (148.299, 208.556), (174.035, 262.06), (231.327, 290.096), (235.499, 288.734)))
(((228.219, -461.381), (185.341, -465.057), (175.567, -449.644), (204.113, -418.617), (228.705, -435.642), (228.219, -461.381)))
(((293.099, 11.4499), (211.25, 1.21875), (189.314, 9.44463), (163.5, 44.5256), (163.5, 66.1613), (217.037, 83.4312), (295.38, 71.531), (304, 45), (304, 45), (293.099, 11.4499)))
(((270.384, -714.053), (235.902, -739.106), (187.877, -739.106), (180.726, -585.363), (189.54, -586.405), (270.384, -714.053)))
(((233.343, -468.916), (213.789, -506.939), (178.103, -515.692), (175.763, -511.881), (185.341, -465.057), (228.219, -461.381), (233.343, -468.916)))
(((230.814, -347.655), (199.44, -357.668), (197.881, -357.139), (175.645, -324.711), (194.38, -307.581), (232.41, -324.061), (237.01, -329.997), (230.814, -347.655)))
(((230.685, -277.487), (196.934, -284.593), (176.321, -261.481), (205.793, -235.476), (228.893, -244.609), (236.389, -272.092), (230.685, -277.487)))
(((225.702, -125.257), (198.419, -115.275), (182.812, -94.2666), (188.217, -68.5954), (209.992, -69.8051), (235.983, -102.637), (225.702, -125.257)))
(((297.144, 11.9555), (298.602, 7.46886), (287.326, -23.4042), (209.992, -69.8051), (188.217, -68.5954), (184.244, -62.9202), (211.25, 1.21875), (297.144, 11.9555)))
(((298.784, 71.0139), (217.037, 83.4312), (181.663, 150.017), (188.859, 167.332), (227.693, 173.596), (313.701, 131.075), (316, 124), (316, 124), (298.784, 71.0139)))
(((247.394, -575.597), (189.54, -586.405), (180.726, -585.363), (170.335, -580.168), (178.103, -515.692), (213.789, -506.939), (244.658, -526.342), (247.394, -575.597)))
(((232.41, -324.061), (194.38, -307.581), (196.934, -284.593), (230.685, -277.487), (232.41, -324.061)))
(((240.744, -387.127), (206.655, -397.353), (199.44, -357.668), (230.814, -347.655), (242.696, -366.139), (240.744, -387.127)))
(((320.838, 432.81), (202.913, 377.185), (176.406, 453.249), (200.566, 480.861), (311.448, 461.709), (320.838, 432.81)))
(((249.701, -226.486), (228.893, -244.609), (205.793, -235.476), (201.009, -210.489), (219.174, -187.782), (242.052, -196.653), (249.701, -226.486)))
(((258.615, -416.2), (228.705, -435.642), (204.113, -418.617), (200.75, -407.688), (206.655, -397.353), (240.744, -387.127), (258.883, -410.847), (258.615, -416.2)))
(((271.596, -715.968), (189.54, -586.405), (247.394, -575.597), (267.609, -583.554), (322.497, -663.479), (315.902, -683.779), (271.596, -715.968)))
(((285.737, -44.7395), (266.888, -86.7882), (235.983, -102.637), (209.992, -69.8051), (287.326, -23.4042), (285.737, -44.7395)))
(((263.775, -507.225), (244.658, -526.342), (213.789, -506.939), (233.343, -468.916), (254.954, -475.15), (263.775, -507.225)))
(((311.74, 461.659), (200.566, 480.861), (190.565, 513.29), (227.666, 569.417), (338.759, 513.87), (324.902, 471.221), (311.74, 461.659)))
(((269.318, -319.227), (237.01, -329.997), (232.41, -324.061), (230.685, -277.487), (236.389, -272.092), (263.29, -277.033), (269.318, -319.227)))
(((268.17, -166.278), (259.921, -187.489), (242.052, -196.653), (219.174, -187.782), (213.132, -166.813), (230.841, -139.696), (259.939, -145.187), (268.17, -166.278)))
(((344.339, 349.578), (235.877, 288.758), (235.499, 288.734), (231.327, 290.096), (194.691, 352.247), (202.913, 377.185), (321.072, 432.921), (330.902, 425.779), (350, 367), (350, 367), (344.339, 349.578)))
(((274.954, -268.082), (263.29, -277.033), (236.389, -272.092), (228.893, -244.609), (249.701, -226.486), (273.218, -233.369), (274.954, -268.082)))
(((275.887, -462.386), (254.954, -475.15), (233.343, -468.916), (228.219, -461.381), (228.705, -435.642), (258.615, -416.2), (275.131, -431.377), (275.887, -462.386)))
(((280.868, -127.651), (259.939, -145.187), (230.841, -139.696), (225.702, -125.257), (235.983, -102.637), (266.888, -86.7882), (280.868, -127.651)))
(((310.929, 132.445), (227.693, 173.596), (235.499, 288.734), (235.877, 288.758), (346.409, 171.171), (340.902, 154.221), (310.929, 132.445)))
(((282.57, -333.114), (274.033, -365.128), (242.696, -366.139), (230.814, -347.655), (237.01, -329.997), (269.318, -319.227), (278.345, -323.187), (282.57, -333.114)))
(((288.928, -383.909), (258.883, -410.847), (240.744, -387.127), (242.696, -366.139), (274.033, -365.128), (288.928, -383.909)))
(((291.475, -220.262), (273.218, -233.369), (249.701, -226.486), (242.052, -196.653), (259.921, -187.489), (293.007, -208.664), (291.475, -220.262)))
(((339.366, 513.567), (227.666, 569.417), (215.934, 659.002), (238.098, 675.106), (299.902, 675.106), (349.902, 638.779), (369, 580), (369, 580), (349.902, 521.221), (339.366, 513.567)))
(((267.609, -583.554), (247.394, -575.597), (244.658, -526.342), (263.775, -507.225), (288.635, -511.851), (301.827, -541.012), (267.609, -583.554)))
(((307.352, -485.335), (288.635, -511.851), (263.775, -507.225), (254.954, -475.15), (275.887, -462.386), (296.122, -470.094), (307.352, -485.335)))
(((293.007, -208.664), (259.921, -187.489), (268.17, -166.278), (296.641, -171.024), (309.449, -189.653), (293.007, -208.664)))
(((314.566, -291.601), (308.496, -305.259), (278.345, -323.187), (269.318, -319.227), (263.29, -277.033), (274.954, -268.082), (306.232, -272.947), (314.566, -291.601)))
(((296.641, -171.024), (268.17, -166.278), (259.939, -145.187), (280.868, -127.651), (308.352, -131.499), (296.641, -171.024)))
(((316.648, -423.305), (275.131, -431.377), (258.615, -416.2), (258.883, -410.847), (288.928, -383.909), (306.411, -384.918), (316.648, -423.305)))
(((321.146, -369.447), (306.411, -384.918), (288.928, -383.909), (274.033, -365.128), (282.57, -333.114), (321.575, -356.795), (321.146, -369.447)))
(((306.232, -272.947), (274.954, -268.082), (273.218, -233.369), (291.475, -220.262), (323.045, -244.926), (306.232, -272.947)))
(((317.679, -128.283), (308.352, -131.499), (280.868, -127.651), (266.888, -86.7882), (285.737, -44.7395), (321.585, -112.661), (317.679, -128.283)))
(((322.798, -428.174), (296.122, -470.094), (275.887, -462.386), (275.131, -431.377), (316.648, -423.305), (322.798, -428.174)))
(((321.575, -356.795), (282.57, -333.114), (278.345, -323.187), (308.496, -305.259), (333.868, -339.585), (321.575, -356.795)))
(((347.68, 169.819), (235.877, 288.758), (346.693, 350.898), (390.902, 318.779), (410, 260), (410, 260), (390.902, 201.221), (347.68, 169.819)))
(((405.913, -533.578), (301.827, -541.012), (288.635, -511.851), (307.352, -485.335), (347.598, -488.431), (405.913, -533.578)))
(((338.341, -179.376), (331.542, -187.607), (309.449, -189.653), (296.641, -171.024), (308.352, -131.499), (317.679, -128.283), (341.946, -148.137), (338.341, -179.376)))
(((322.241, -663.106), (267.609, -583.554), (301.827, -541.012), (405.913, -533.578), (406.94, -533.961), (418, -568), (418, -568), (398.902, -626.779), (348.902, -663.106), (322.241, -663.106)))
(((347.598, -488.431), (307.352, -485.335), (296.122, -470.094), (322.798, -428.174), (334.595, -431.218), (347.598, -488.431)))
(((350.989, -237.44), (323.045, -244.926), (291.475, -220.262), (293.007, -208.664), (309.449, -189.653), (331.542, -187.607), (350.989, -237.44)))
(((360.648, 10.1057), (358.922, -90.0322), (321.585, -112.661), (285.737, -44.7395), (287.326, -23.4042), (299.565, 10.1057), (360.648, 10.1057)))
(((426.826, -297.077), (428.242, -301.434), (333.868, -339.585), (308.496, -305.259), (314.566, -291.601), (426.826, -297.077)))
(((334.595, -431.218), (322.798, -428.174), (316.648, -423.305), (306.411, -384.918), (321.146, -369.447), (391.151, -400.765), (334.595, -431.218)))
(((425.867, -297.03), (314.566, -291.601), (306.232, -272.947), (323.045, -244.926), (350.989, -237.44), (394.227, -253.054), (431.694, -279.098), (425.867, -297.03)))
(((393.862, -131.524), (341.946, -148.137), (317.679, -128.283), (321.585, -112.661), (358.922, -90.0322), (393.862, -131.524)))
(((439.682, -394.833), (391.151, -400.765), (321.146, -369.447), (321.575, -356.795), (333.868, -339.585), (430.781, -300.408), (431.902, -301.221), (451, -360), (451, -360), (439.682, -394.833)))
(((394.227, -253.054), (350.989, -237.44), (331.542, -187.607), (338.341, -179.376), (372.528, -185.786), (394.227, -253.054)))
(((407.8, -534.281), (405.913, -533.578), (347.598, -488.431), (334.595, -431.218), (391.151, -400.765), (443.907, -394.317), (462, -450), (462, -450), (442.902, -508.779), (407.8, -534.281)))
(((415.233, -137.258), (372.528, -185.786), (338.341, -179.376), (341.946, -148.137), (393.862, -131.524), (415.233, -137.258)))
(((471.876, -135.624), (415.233, -137.258), (393.862, -131.524), (358.922, -90.0322), (360.631, 9.10565), (418.902, 9.10565), (468.902, -27.2215), (488, -86), (488, -86), (471.876, -135.624)))
(((430.915, -278.557), (394.227, -253.054), (372.528, -185.786), (415.233, -137.258), (473.319, -135.582), (491, -190), (491, -190), (471.902, -248.779), (430.915, -278.557)))
