(((-174.288, 439.894), (-205.902, 439.894), (-255.902, 476.221), (-275, 535), (-255.902, 593.779), (-205.902, 630.106), (-144.098, 630.106), (-109.014, 604.615), (-106.451, 489.28), (-174.288, 439.894)))
(((-169.502, -266.677), (-207.902, -238.779), (-227, -180), (-207.902, -121.221), (-158.585, -85.3905), (-105.832, -125.696), (-88.7348, -181.871), (-169.502, -266.677)))
(((-122.97, -309.97), (-165.902, -278.779), (-169.749, -266.937), (-88.7348, -181.871), (-24.2621, -210.409), (-24.08, -211.08), (-122.97, -309.97)))
(((-131.475, 326.935), (-164.902, 351.221), (-184, 410), (-174.286, 439.896), (-106.451, 489.28), (-66.198, 475.443), (-45.4366, 421.75), (-75.54, 344.528), (-131.475, 326.935)))
(((-157.457, -86.2518), (-139.902, -32.2215), (-110, -10.4964), (-103.435, -11.6857), (-41.9697, -52.077), (-29.2041, -84.5714), (-63.9255, -125.08), (-105.832, -125.696), (-157.457, -86.2518)))
(((-24.2621, -210.409), (-88.7348, -181.871), (-105.832, -125.696), (-63.9255, -125.08), (-26.0711, -148.309), (-12.3801, -173.124), (-24.2621, -210.409)))
(((-126.667, 229.578), (-145, 286), (-131.725, 326.857), (-75.54, 344.528), (-22.5526, 334.035), (-1.0008, 294.611), (-26.293, 241.579), (-126.667, 229.578)))
(((-109.031, 605.403), (-70.9017, 633.106), (-9.0983, 633.106), (26.8847, 606.962), (21.3407, 557.066), (-25.6559, 488.138), (-66.198, 475.443), (-106.451, 489.28), (-109.031, 605.403)))
(((-115.651, -9.47266), (-134, 47), (-114.902, 105.779), (-94.6393, 120.5), (-86.9062, 120.5), (10.4871, 46.2955), (-1.72047, 19.726), (-103.435, -11.6857), (-115.651, -9.47266)))
(((-94.6393, 120.5), (-114.902, 135.221), (-134, 194), (-122.269, 230.104), (-26.293, 241.579), (24.6975, 196.44), (23.1976, 191.263), (-34.4668, 136.482), (-86.9062, 120.5), (-94.6393, 120.5)))
(((-47.9648, -455.106), (-63.9017, -455.106), (-113.902, -418.779), (-133, -360), (-118.704, -316), (-4.95763, -316), (31.4357, -340.967), (-47.9648, -455.106)))
(((-118.704, -316), (-121.229, -308.229), (-24.08, -211.08), (-1.98939, -228.437), (-4.95763, -316), (-118.704, -316)))
(((-6.70091, -98.269), (-26.0711, -148.309), (-63.9255, -125.08), (-29.2041, -84.5714), (-6.70091, -98.269)))
(((30.363, 382.541), (-22.5526, 334.035), (-75.54, 344.528), (-45.4366, 421.75), (27.873, 399.193), (30.363, 382.541)))
(((34.1664, -36.2153), (-41.9697, -52.077), (-103.435, -11.6857), (-1.72047, 19.726), (34.1664, -36.2153)))
(((27.873, 399.193), (-45.4366, 421.75), (-66.198, 475.443), (-25.6559, 488.138), (44.9548, 442.372), (27.873, 399.193)))
(((39.5378, -42.7206), (14.9926, -97.1469), (-6.70091, -98.269), (-29.2041, -84.5714), (-41.9697, -52.077), (34.1664, -36.2153), (36.3631, -37.3673), (39.5378, -42.7206)))
(((25.6667, 54.6842), (10.4871, 46.2955), (-86.9062, 120.5), (-34.4668, 136.482), (37.2235, 96.6536), (25.6667, 54.6842)))
(((44.8708, -142.152), (-12.3801, -173.124), (-26.0711, -148.309), (-6.70091, -98.269), (14.9926, -97.1469), (44.3056, -137.348), (44.8708, -142.152)))
(((24.6975, 196.44), (-26.293, 241.579), (-1.0008, 294.611), (40.3009, 288.875), (69.6284, 222.324), (24.6975, 196.44)))
(((37.2235, 96.6536), (-34.4668, 136.482), (23.1976, 191.263), (66.4263, 116.731), (37.2235, 96.6536)))
(((31.4357, -340.967), (-4.95763, -316), (-1.98939, -228.437), (47.5557, -232.47), (61.972, -282.126), (49.1906, -339.642), (31.4357, -340.967)))
(((59, 451.111), (44.9548, 442.372), (-25.6559, 488.138), (21.3407, 557.066), (70.534, 478.665), (59, 451.111)))
(((74.6549, 325.469), (40.3009, 288.875), (-1.0008, 294.611), (-22.5526, 334.035), (30.363, 382.541), (76.6526, 350.869), (74.6549, 325.469)))
(((60.0858, -222.335), (47.5557, -232.47), (-1.98939, -228.437), (-24.08, -211.08), (-24.2621, -210.409), (-12.3801, -173.124), (44.8708, -142.152), (68.225, -159.256), (60.0858, -222.335)))
(((-48.4621, -455.821), (31.4357, -340.967), (49.1906, -339.642), (127.088, -380.572), (136, -408), (136, -408), (116.902, -466.779), (66.9017, -503.106), (5.0983, -503.106), (-44.9017, -466.779), (-48.4621, -455.821)))
(((34.1664, -36.2153), (-1.72047, 19.726), (10.4871, 46.2955), (25.6667, 54.6842), (83.1095, 27.4745), (36.3631, -37.3673), (34.1664, -36.2153)))
(((81.4599, -82.3593), (44.3056, -137.348), (14.9926, -97.1469), (39.5378, -42.7206), (61.9133, -53.3036), (81.4599, -82.3593)))
(((121.5, 74.28), (83.1392, 27.4799), (83.1095, 27.4745), (25.6667, 54.6842), (37.2235, 96.6536), (66.4263, 116.731), (101.815, 114.447), (121.5, 78.62), (121.5, 74.28)))
(((101.815, 114.447), (66.4263, 116.731), (23.1976, 191.263), (24.6975, 196.44), (69.6284, 222.324), (82.7408, 221.657), (109.201, 129.048), (101.815, 114.447)))
(((26.7861, 606.074), (46.0983, 620.106), (103.356, 620.106), (123.725, 506.042), (70.534, 478.665), (21.3407, 557.066), (26.7861, 606.074)))
(((117, 235.822), (82.7408, 221.657), (69.6284, 222.324), (40.3009, 288.875), (74.6549, 325.469), (117, 282.038), (117, 235.822)))
(((116.249, 368.521), (76.6526, 350.869), (30.363, 382.541), (27.873, 399.193), (44.9548, 442.372), (59, 451.111), (121.363, 416.465), (116.249, 368.521)))
(((116.023, -24.0553), (61.9133, -53.3036), (39.5378, -42.7206), (36.3631, -37.3673), (83.1095, 27.4745), (83.1392, 27.4799), (118.789, -14.737), (116.023, -24.0553)))
(((123.478, -152.262), (68.225, -159.256), (44.8708, -142.152), (44.3056, -137.348), (81.4599, -82.3593), (126.977, -95.5739), (123.478, -152.262)))
(((120.493, -264.914), (61.972, -282.126), (47.5557, -232.47), (60.0858, -222.335), (104.113, -227.471), (120.493, -264.914)))
(((145.764, -183.684), (104.113, -227.471), (60.0858, -222.335), (68.225, -159.256), (123.478, -152.262), (145.959, -173.832), (145.764, -183.684)))
(((131.762, -383.028), (49.1906, -339.642), (61.972, -282.126), (120.493, -264.914), (145.296, -282.05), (148.11, -371.15), (131.762, -383.028)))
(((126.977, -95.5739), (81.4599, -82.3593), (61.9133, -53.3036), (116.023, -24.0553), (140.195, -83.1445), (126.977, -95.5739)))
(((160.082, 444.567), (121.363, 416.465), (59, 451.111), (70.534, 478.665), (123.725, 506.042), (167.762, 480.044), (160.082, 444.567)))
(((168.786, 329.841), (117, 282.038), (74.6549, 325.469), (76.6526, 350.869), (116.249, 368.521), (169.502, 341.539), (168.786, 329.841)))
(((172.496, 169.024), (109.201, 129.048), (82.7408, 221.657), (117, 235.822), (142.305, 227.793), (176.772, 176.092), (172.496, 169.024)))
(((160.5, -0.833333), (118.789, -14.737), (83.1392, 27.4799), (121.5, 74.28), (168.181, 29.4658), (160.5, -0.833333)))
(((181.769, -242.071), (145.296, -282.05), (120.493, -264.914), (104.113, -227.471), (145.764, -183.684), (181.769, -242.071)))
(((192.028, -42.8704), (140.871, -82.9936), (140.195, -83.1445), (116.023, -24.0553), (118.789, -14.737), (160.5, -0.833333), (192.028, -42.8704)))
(((199.447, 272.236), (142.305, 227.793), (117, 235.822), (117, 282.038), (168.786, 329.841), (199.447, 272.236)))
(((169.502, 341.539), (116.249, 368.521), (121.363, 416.465), (160.082, 444.567), (214.838, 375.121), (169.502, 341.539)))
(((184.533, 101.312), (121.5, 78.62), (101.815, 114.447), (109.201, 129.048), (172.496, 169.024), (184.533, 101.312)))
(((104.056, 616.185), (130.098, 635.106), (187.77, 635.106), (196.497, 493.306), (167.762, 480.044), (123.725, 506.042), (104.056, 616.185)))
(((145.959, -173.832), (123.478, -152.262), (126.977, -95.5739), (140.195, -83.1445), (140.871, -82.9936), (232.582, -139.639), (145.959, -173.832)))
(((267.041, 62.9035), (168.181, 29.4658), (121.5, 74.28), (121.5, 78.62), (184.533, 101.312), (267.041, 62.9035)))
(((271.25, -136.475), (232.582, -139.639), (140.871, -82.9936), (192.028, -42.8704), (275.973, -54.0631), (287, -88), (287, -88), (271.25, -136.475)))
(((148.136, -371.961), (145.296, -282.05), (181.769, -242.071), (279.472, -245.364), (293, -287), (293, -287), (273.902, -345.779), (223.902, -382.106), (162.098, -382.106), (148.136, -371.961)))
(((280.598, -245.402), (181.769, -242.071), (145.764, -183.684), (145.959, -173.832), (232.582, -139.639), (272.932, -136.337), (276.902, -139.221), (296, -198), (296, -198), (280.598, -245.402)))
(((206.527, 177.896), (176.772, 176.092), (142.305, 227.793), (199.447, 272.236), (201.043, 271.869), (247.279, 208.46), (206.527, 177.896)))
(((280.584, -54.6779), (192.028, -42.8704), (160.5, -0.833333), (168.181, 29.4658), (267.041, 62.9035), (271.286, 62.7687), (280.244, 59.7242), (299, 2), (299, 2), (280.584, -54.6779)))
(((267.041, 62.9035), (184.533, 101.312), (172.496, 169.024), (176.772, 176.092), (206.527, 177.896), (271.286, 62.7687), (267.041, 62.9035)))
(((214.838, 375.121), (160.082, 444.567), (167.762, 480.044), (196.497, 493.306), (235.557, 487.158), (215.797, 375.183), (214.838, 375.121)))
(((311.384, 331.284), (201.043, 271.869), (199.447, 272.236), (168.786, 329.841), (169.502, 341.539), (214.838, 375.121), (215.797, 375.183), (303.508, 355.524), (311.384, 331.284)))
(((187.848, 633.838), (195.098, 639.106), (253.716, 639.106), (267.825, 491.969), (235.557, 487.158), (196.497, 493.306), (187.848, 633.838)))
(((302.582, 355.732), (215.797, 375.183), (235.557, 487.158), (267.825, 491.969), (332.607, 461.988), (343, 430), (343, 430), (323.902, 371.221), (302.582, 355.732)))
(((329.094, 213.047), (247.279, 208.46), (201.043, 271.869), (311.418, 331.302), (325.902, 320.779), (345, 262), (345, 262), (329.094, 213.047)))
(((279.744, 59.8943), (271.286, 62.7687), (206.527, 177.896), (247.279, 208.46), (332.085, 213.215), (351, 155), (351, 155), (331.902, 96.2215), (281.902, 59.8943), (279.744, 59.8943)))
(((336.078, 460.381), (267.825, 491.969), (254.025, 635.881), (268.098, 646.106), (329.902, 646.106), (379.902, 609.779), (399, 551), (399, 551), (379.902, 492.221), (336.078, 460.381)))
