(((-292.857, -213.606), (-308, -167), (-288.902, -108.221), (-255.646, -84.0596), (-217.151, -106.057), (-181.914, -172.821), (-203.144, -203.907), (-292.857, -213.606)))
(((-279.891, -463.513), (-280.902, -462.779), (-300, -404), (-280.902, -345.221), (-277.053, -342.425), (-203.029, -353.872), (-190.723, -363.152), (-174.218, -407.507), (-258.23, -458.515), (-279.891, -463.513)))
(((-282.623, -294.482), (-300, -241), (-291.035, -213.409), (-203.144, -203.907), (-175.764, -223.55), (-173.956, -230.057), (-180.991, -271.384), (-282.623, -294.482)))
(((-273.972, -600.483), (-292, -545), (-277.117, -499.196), (-183.769, -514.013), (-138.138, -558.503), (-141.363, -560.933), (-273.972, -600.483)))
(((-195.591, 474.894), (-221.902, 474.894), (-271.902, 511.221), (-291, 570), (-271.902, 628.779), (-221.902, 665.106), (-160.098, 665.106), (-143.02, 652.697), (-168.424, 497.96), (-195.591, 474.894)))
(((-273.301, -343.005), (-285, -307), (-280.798, -294.068), (-180.991, -271.384), (-168, -278.552), (-168, -323.708), (-203.029, -353.872), (-273.301, -343.005)))
(((-145.17, -428.062), (-160.717, -456.564), (-258.23, -458.515), (-174.218, -407.507), (-145.769, -424.318), (-145.17, -428.062)))
(((-276.374, -499.314), (-282, -482), (-275.677, -462.541), (-258.23, -458.515), (-160.717, -456.564), (-153.551, -475.912), (-183.769, -514.013), (-276.374, -499.314)))
(((-238.744, -673.245), (-255.902, -660.779), (-275, -602), (-274.564, -600.66), (-141.363, -560.933), (-171.341, -648.37), (-238.744, -673.245)))
(((-136.91, -156.796), (-145.528, -168.95), (-181.914, -172.821), (-217.151, -106.057), (-142.51, -119.837), (-136.91, -156.796)))
(((-140.603, -199.731), (-175.764, -223.55), (-203.144, -203.907), (-181.914, -172.821), (-145.528, -168.95), (-140.603, -199.731)))
(((-259.609, -81.7951), (-240.902, -24.2215), (-190.902, 12.1057), (-147.513, 12.1057), (-133.251, -101.992), (-139.603, -116.983), (-142.51, -119.837), (-217.151, -106.057), (-259.609, -81.7951)))
(((-115.081, -377.327), (-145.769, -424.318), (-174.218, -407.507), (-190.723, -363.152), (-131.507, -367.1), (-115.081, -377.327)))
(((-131.507, -367.1), (-190.723, -363.152), (-203.029, -353.872), (-168, -323.708), (-142.511, -325.832), (-131.507, -367.1)))
(((-137.302, -558.403), (-138.138, -558.503), (-183.769, -514.013), (-153.551, -475.912), (-133.664, -487.474), (-121.96, -544.697), (-137.302, -558.403)))
(((-139.51, -273.276), (-145.188, -277.765), (-168, -278.552), (-180.991, -271.384), (-173.956, -230.057), (-127.837, -244.093), (-139.51, -273.276)))
(((-128.837, -312.647), (-142.511, -325.832), (-168, -323.708), (-168, -278.552), (-145.188, -277.765), (-128.837, -312.647)))
(((-127.837, -244.093), (-173.956, -230.057), (-175.764, -223.55), (-140.603, -199.731), (-131.735, -206.325), (-124.711, -241.447), (-127.837, -244.093)))
(((-208.119, -756.972), (-224.902, -744.779), (-244, -686), (-240.007, -673.711), (-171.341, -648.37), (-130.712, -650.627), (-88.3253, -716.134), (-208.119, -756.972)))
(((-137.302, -558.403), (-101.443, -615.355), (-130.712, -650.627), (-171.341, -648.37), (-141.363, -560.933), (-138.138, -558.503), (-137.302, -558.403)))
(((-97.1908, -467.092), (-133.664, -487.474), (-153.551, -475.912), (-160.717, -456.564), (-145.17, -428.062), (-98.89, -450.1), (-97.1908, -467.092)))
(((-114.091, -377.141), (-115.081, -377.327), (-131.507, -367.1), (-142.511, -325.832), (-128.837, -312.647), (-105.705, -315.337), (-113.589, -376.44), (-114.091, -377.141)))
(((-46.9287, 620.561), (-94.7881, 515.788), (-168.424, 497.96), (-142.789, 654.106), (-93.0983, 654.106), (-46.9287, 620.561)))
(((-101.104, -312.791), (-105.705, -315.337), (-128.837, -312.647), (-145.188, -277.765), (-139.51, -273.276), (-96.7126, -282.786), (-101.104, -312.791)))
(((-95.9414, -199.614), (-131.735, -206.325), (-140.603, -199.731), (-145.528, -168.95), (-136.91, -156.796), (-98.5062, -165.417), (-95.9414, -199.614)))
(((-39.8563, -837.689), (-83.0983, -869.106), (-144.902, -869.106), (-194.902, -832.779), (-214, -774), (-208.511, -757.106), (-88.3253, -716.134), (-74.9237, -718.46), (-39.8563, -837.689)))
(((-91.8359, -277.614), (-96.7126, -282.786), (-139.51, -273.276), (-127.837, -244.093), (-124.711, -241.447), (-93.534, -242.803), (-91.8359, -277.614)))
(((-147.817, 14.5346), (-142.902, 18.1057), (-134.009, 18.1057), (-93.2529, -10.7314), (-81.7299, -83.7106), (-133.251, -101.992), (-147.817, 14.5346)))
(((-93.534, -242.803), (-124.711, -241.447), (-131.735, -206.325), (-95.9414, -199.614), (-90.8933, -204.518), (-87.1042, -237.104), (-93.534, -242.803)))
(((-80.5493, -487.128), (-106.539, -540.475), (-121.96, -544.697), (-133.664, -487.474), (-97.1908, -467.092), (-80.831, -483.861), (-80.5493, -487.128)))
(((-80.3624, -429.514), (-98.89, -450.1), (-145.17, -428.062), (-145.769, -424.318), (-115.081, -377.327), (-114.091, -377.141), (-91.0009, -395.318), (-80.3624, -429.514)))
(((-90.8162, -160.569), (-98.5062, -165.417), (-136.91, -156.796), (-142.51, -119.837), (-139.603, -116.983), (-79.3615, -127.023), (-90.8162, -160.569)))
(((-70.1094, -119.453), (-79.3615, -127.023), (-139.603, -116.983), (-133.251, -101.992), (-81.7299, -83.7106), (-75.9221, -90.3896), (-70.1094, -119.453)))
(((-137.138, 372.699), (-181.902, 405.221), (-201, 464), (-198.172, 472.703), (-168.424, 497.96), (-94.7881, 515.788), (-38.5317, 459.532), (-137.138, 372.699)))
(((-74.9237, -718.46), (-88.3253, -716.134), (-130.712, -650.627), (-101.443, -615.355), (-63.9106, -618.954), (-56.1487, -701.748), (-74.9237, -718.46)))
(((-58.6607, -340.898), (-113.589, -376.44), (-105.705, -315.337), (-101.104, -312.791), (-63.7098, -326.472), (-58.6607, -340.898)))
(((-63.9106, -618.954), (-101.443, -615.355), (-137.302, -558.403), (-121.96, -544.697), (-106.539, -540.475), (-59.2116, -552.125), (-42.7, -600.909), (-63.9106, -618.954)))
(((-63.7098, -326.472), (-101.104, -312.791), (-96.7126, -282.786), (-91.8359, -277.614), (-63.1875, -282.525), (-51.3393, -298.639), (-63.7098, -326.472)))
(((-46.3889, -191.167), (-90.8933, -204.518), (-95.9414, -199.614), (-98.5062, -165.417), (-90.8162, -160.569), (-47.3419, -176.872), (-46.3889, -191.167)))
(((-63.1875, -282.525), (-91.8359, -277.614), (-93.534, -242.803), (-87.1042, -237.104), (-48.1027, -240.288), (-63.1875, -282.525)))
(((-54.8521, -343.529), (-53.5956, -386.25), (-91.0009, -395.318), (-114.091, -377.141), (-113.589, -376.44), (-58.6607, -340.898), (-54.8521, -343.529)))
(((-37.9227, -527.865), (-59.2116, -552.125), (-106.539, -540.475), (-80.5493, -487.128), (-39.9557, -519.264), (-37.9227, -527.865)))
(((-35.1013, -461.649), (-80.831, -483.861), (-97.1908, -467.092), (-98.89, -450.1), (-80.3624, -429.514), (-46.4921, -432.901), (-35.1013, -461.649)))
(((-38.8523, -236.525), (-48.1027, -240.288), (-87.1042, -237.104), (-90.8933, -204.518), (-46.3889, -191.167), (-35.22, -207.92), (-38.8523, -236.525)))
(((-47.3419, -176.872), (-90.8162, -160.569), (-79.3615, -127.023), (-70.1094, -119.453), (-47.2798, -127.34), (-42.1026, -133.471), (-44.8302, -172.566), (-47.3419, -176.872)))
(((-46.4921, -432.901), (-80.3624, -429.514), (-91.0009, -395.318), (-53.5956, -386.25), (-40.7052, -396.108), (-42.8518, -426.875), (-46.4921, -432.901)))
(((-28.5303, -75.6818), (-75.9221, -90.3896), (-81.7299, -83.7106), (-93.2529, -10.7314), (-61.5085, -16.6221), (-24.69, -52.6402), (-28.5303, -75.6818)))
(((-24.4444, -468.5), (-39.9557, -519.264), (-80.5493, -487.128), (-80.831, -483.861), (-35.1013, -461.649), (-24.4444, -468.5)))
(((-22.4494, -89.3638), (-47.2798, -127.34), (-70.1094, -119.453), (-75.9221, -90.3896), (-28.5303, -75.6818), (-22.4494, -89.3638)))
(((-112.234, 88.565), (-126.902, 99.2215), (-146, 158), (-126.902, 216.779), (-110.202, 228.911), (-100.236, 227.804), (-6.08374, 162.117), (-4.3734, 139.312), (-50.019, 92.9056), (-112.234, 88.565)))
(((-26, -246.353), (-26, -292.444), (-51.3393, -298.639), (-63.1875, -282.525), (-48.1027, -240.288), (-38.8523, -236.525), (-26, -246.353)))
(((-48.5073, 617.106), (-25.9393, 617.106), (2.69406, 467.331), (-6.91036, 459.785), (-38.5317, 459.532), (-94.7881, 515.788), (-48.5073, 617.106)))
(((-116.37, 333.476), (-122.902, 338.221), (-134.779, 374.777), (-38.5317, 459.532), (-6.91036, 459.785), (-2.56077, 430.676), (-19.1729, 342.078), (-116.37, 333.476)))
(((-12.5841, -383.187), (-40.7052, -396.108), (-53.5956, -386.25), (-54.8521, -343.529), (-23.8365, -345.827), (-9.06989, -375.36), (-12.5841, -383.187)))
(((-133.296, 17.6011), (-137, 29), (-117.902, 87.7785), (-117.306, 88.2112), (-50.019, 92.9056), (10.2153, 47.5116), (-6.80357, 12.3393), (-61.5085, -16.6221), (-93.2529, -10.7314), (-133.296, 17.6011)))
(((-23.8365, -345.827), (-54.8521, -343.529), (-58.6607, -340.898), (-63.7098, -326.472), (-51.3393, -298.639), (-26, -292.444), (-16, -298), (-16, -336.803), (-23.8365, -345.827)))
(((-114.247, 229.361), (-132, 284), (-115.911, 333.517), (-19.1729, 342.078), (16.4221, 323.047), (-25.8703, 242.139), (-100.236, 227.804), (-114.247, 229.361)))
(((-39.9838, -698.915), (-56.1487, -701.748), (-63.9106, -618.954), (-42.7, -600.909), (-42.4493, -600.932), (12.3161, -654.086), (-39.9838, -698.915)))
(((1.1599, -163.368), (-44.8302, -172.566), (-42.1026, -133.471), (-7.99699, -135.134), (1.1599, -163.368)))
(((30.9427, -567.571), (-42.4493, -600.932), (-42.7, -600.909), (-59.2116, -552.125), (-37.9227, -527.865), (3.92171, -532.349), (30.6952, -565.072), (30.9427, -567.571)))
(((3.69846, -417.923), (-42.8518, -426.875), (-40.7052, -396.108), (-12.5841, -383.187), (3.69846, -417.923)))
(((-7.99699, -135.134), (-42.1026, -133.471), (-47.2798, -127.34), (-22.4494, -89.3638), (14.2936, -108.232), (-7.99699, -135.134)))
(((3, -197), (-35.22, -207.92), (-46.3889, -191.167), (-47.3419, -176.872), (-44.8302, -172.566), (1.1599, -163.368), (8.46313, -169.684), (3, -197)))
(((30.1145, 211.033), (-6.08374, 162.117), (-100.236, 227.804), (-25.8703, 242.139), (30.1683, 215.988), (30.1145, 211.033)))
(((3.92171, -532.349), (-37.9227, -527.865), (-39.9557, -519.264), (-24.4444, -468.5), (-6.75, -468.5), (15, -483), (3.92171, -532.349)))
(((10.0123, -422.081), (-6.75, -468.5), (-24.4444, -468.5), (-35.1013, -461.649), (-46.4921, -432.901), (-42.8518, -426.875), (3.69846, -417.923), (10.0123, -422.081)))
(((-39.6084, -838.531), (-74.9237, -718.46), (-56.1487, -701.748), (-39.9838, -698.915), (25.9098, -733.234), (-39.6084, -838.531)))
(((26.6648, -44.2367), (-24.69, -52.6402), (-61.5085, -16.6221), (-6.80357, 12.3393), (26.9745, -43.9574), (26.6648, -44.2367)))
(((21.0355, -290.593), (-16, -298), (-26, -292.444), (-26, -246.353), (8.59346, -248.388), (22.9377, -288.731), (21.0355, -290.593)))
(((8.59346, -248.388), (-26, -246.353), (-38.8523, -236.525), (-35.22, -207.92), (3, -197), (29.4091, -223.409), (8.59346, -248.388)))
(((14.2936, -108.232), (-22.4494, -89.3638), (-28.5303, -75.6818), (-24.69, -52.6402), (26.6648, -44.2367), (18.449, -107.224), (14.2936, -108.232)))
(((18.7655, -332.589), (-16, -336.803), (-16, -298), (21.0355, -290.593), (18.7655, -332.589)))
(((43.7945, -582.598), (15.6398, -653.726), (12.3161, -654.086), (-42.4493, -600.932), (30.9427, -567.571), (43.7945, -582.598)))
(((24.6622, -338.866), (14.5287, -371.519), (-9.06989, -375.36), (-23.8365, -345.827), (-16, -336.803), (18.7655, -332.589), (24.6622, -338.866)))
(((37.6562, -395.188), (25.5, -419.5), (10.0123, -422.081), (3.69846, -417.923), (-12.5841, -383.187), (-9.06989, -375.36), (14.5287, -371.519), (36.3163, -385.616), (37.6562, -395.188)))
(((51.0509, 237.898), (30.1683, 215.988), (-25.8703, 242.139), (16.4221, 323.047), (43.0922, 320.896), (51.0509, 237.898)))
(((62.9721, -723.481), (25.9098, -733.234), (-39.9838, -698.915), (12.3161, -654.086), (15.6398, -653.726), (38.001, -667.352), (63.5806, -721.069), (62.9721, -723.481)))
(((43.6399, -134.684), (28.1465, -164.122), (8.46313, -169.684), (1.1599, -163.368), (-7.99699, -135.134), (14.2936, -108.232), (18.449, -107.224), (29.4615, -112.731), (43.6399, -134.684)))
(((51.2632, 86.7105), (10.377, 47.528), (10.2153, 47.5116), (-50.019, 92.9056), (-4.3734, 139.312), (54.6322, 122.326), (51.2632, 86.7105)))
(((31.8478, -479.63), (15, -483), (-6.75, -468.5), (10.0123, -422.081), (25.5, -419.5), (56.05, -450.05), (31.8478, -479.63)))
(((43.0922, 320.896), (16.4221, 323.047), (-19.1729, 342.078), (-2.56077, 430.676), (60.9871, 372.212), (52.9342, 326.195), (43.0922, 320.896)))
(((67.2097, 4.71889), (44.2628, -39.7408), (26.9745, -43.9574), (-6.80357, 12.3393), (10.2153, 47.5116), (10.377, 47.528), (64.8406, 9.08311), (67.2097, 4.71889)))
(((-25.6778, 615.738), (-5.9017, 630.106), (55.9017, 630.106), (90.569, 604.918), (104.146, 509.235), (67.0396, 477.626), (2.69406, 467.331), (-25.6778, 615.738)))
(((31.9417, -223.074), (29.4091, -223.409), (3, -197), (8.46313, -169.684), (28.1465, -164.122), (56.7612, -191.636), (31.9417, -223.074)))
(((117.378, -820.079), (113.902, -830.779), (63.9017, -867.106), (2.0983, -867.106), (-38.8682, -837.342), (25.9098, -733.234), (62.9721, -723.481), (117.378, -820.079)))
(((30.6952, -565.072), (3.92171, -532.349), (15, -483), (31.8478, -479.63), (67.063, -517.274), (30.6952, -565.072)))
(((59.5399, -361.533), (36.3163, -385.616), (14.5287, -371.519), (24.6622, -338.866), (59.1631, -342.316), (59.5399, -361.533)))
(((83.8519, 144.34), (54.6322, 122.326), (-4.3734, 139.312), (-6.08374, 162.117), (30.1145, 211.033), (84.7703, 147.268), (83.8519, 144.34)))
(((36.3859, -288.518), (22.9377, -288.731), (8.59346, -248.388), (29.4091, -223.409), (31.9417, -223.074), (67.2092, -249.989), (36.3859, -288.518)))
(((70.1667, -329.056), (59.1631, -342.316), (24.6622, -338.866), (18.7655, -332.589), (21.0355, -290.593), (22.9377, -288.731), (36.3859, -288.518), (68.5588, -312.441), (70.1667, -329.056)))
(((71.2958, -86.7647), (29.4615, -112.731), (18.449, -107.224), (26.6648, -44.2367), (26.9745, -43.9574), (44.2628, -39.7408), (68.1214, -59.782), (71.2958, -86.7647)))
(((83.9909, 405.833), (60.9871, 372.212), (-2.56077, 430.676), (-6.91036, 459.785), (2.69406, 467.331), (67.0396, 477.626), (83.9909, 405.833)))
(((89.9811, -630.66), (38.001, -667.352), (15.6398, -653.726), (43.7945, -582.598), (54.8491, -586.283), (89.9811, -630.66)))
(((74.0621, -187.62), (56.7612, -191.636), (28.1465, -164.122), (43.6399, -134.684), (70.2956, -139.911), (74.0621, -187.62)))
(((82.9167, -412.875), (66.1868, -447.095), (64.5508, -448.695), (56.05, -450.05), (25.5, -419.5), (37.6562, -395.188), (79, -407), (82.9167, -412.875)))
(((64.8406, 9.08311), (10.377, 47.528), (51.2632, 86.7105), (85.5648, 63.285), (64.8406, 9.08311)))
(((79, -407), (37.6562, -395.188), (36.3163, -385.616), (59.5399, -361.533), (79, -377.518), (79, -407)))
(((76.246, -136.44), (70.2956, -139.911), (43.6399, -134.684), (29.4615, -112.731), (71.2958, -86.7647), (85.94, -100.572), (76.246, -136.44)))
(((85.934, -512.851), (67.063, -517.274), (31.8478, -479.63), (56.05, -450.05), (64.5508, -448.695), (100.192, -497.702), (85.934, -512.851)))
(((77.5655, -189.104), (87.0122, -234.988), (72.0902, -249.91), (67.2092, -249.989), (31.9417, -223.074), (56.7612, -191.636), (74.0621, -187.62), (77.5655, -189.104)))
(((96.2705, -284.73), (68.5588, -312.441), (36.3859, -288.518), (67.2092, -249.989), (72.0902, -249.91), (96.2705, -284.73)))
(((93.8103, -631.937), (86.125, -703.667), (63.5806, -721.069), (38.001, -667.352), (89.9811, -630.66), (93.8103, -631.937)))
(((115.842, 174.685), (84.7703, 147.268), (30.1145, 211.033), (30.1683, 215.988), (51.0509, 237.898), (107.074, 230.483), (115.842, 174.685)))
(((102.116, -565.732), (54.8491, -586.283), (43.7945, -582.598), (30.9427, -567.571), (30.6952, -565.072), (67.063, -517.274), (85.934, -512.851), (106.636, -559.431), (102.116, -565.732)))
(((106.287, -366.798), (79, -377.518), (59.5399, -361.533), (59.1631, -342.316), (70.1667, -329.056), (102.935, -339.978), (106.287, -366.798)))
(((152.957, 279.586), (107.074, 230.483), (51.0509, 237.898), (43.0922, 320.896), (52.9342, 326.195), (140.062, 311.815), (157.595, 304.125), (152.957, 279.586)))
(((120.611, -9.47425), (102.192, -52.813), (68.1214, -59.782), (44.2628, -39.7408), (67.2097, 4.71889), (116.507, -0.915114), (120.611, -9.47425)))
(((119.361, 67.0401), (85.5648, 63.285), (51.2632, 86.7105), (54.6322, 122.326), (83.8519, 144.34), (135.68, 84.9279), (119.361, 67.0401)))
(((107.674, -183.893), (77.5655, -189.104), (74.0621, -187.62), (70.2956, -139.911), (76.246, -136.44), (104.558, -143.145), (116.36, -172.651), (107.674, -183.893)))
(((116.507, -0.915114), (67.2097, 4.71889), (64.8406, 9.08311), (85.5648, 63.285), (119.361, 67.0401), (121.651, 8.63838), (116.507, -0.915114)))
(((118.071, -377.153), (99.368, -411.888), (82.9167, -412.875), (79, -407), (79, -377.518), (106.287, -366.798), (118.071, -377.153)))
(((127.857, -87.2306), (118.324, -97.6934), (85.94, -100.572), (71.2958, -86.7647), (68.1214, -59.782), (102.192, -52.813), (127.693, -82.0924), (127.857, -87.2306)))
(((112.952, -494.512), (100.192, -497.702), (64.5508, -448.695), (66.1868, -447.095), (113.872, -449.168), (122.438, -482.481), (112.952, -494.512)))
(((113.872, -449.168), (66.1868, -447.095), (82.9167, -412.875), (99.368, -411.888), (123.005, -426.989), (113.872, -449.168)))
(((112.405, -630.945), (93.8103, -631.937), (89.9811, -630.66), (54.8491, -586.283), (102.116, -565.732), (122.382, -606.265), (112.405, -630.945)))
(((126.045, -325.535), (102.935, -339.978), (70.1667, -329.056), (68.5588, -312.441), (96.2705, -284.73), (114.173, -285.655), (128.759, -316.912), (126.045, -325.535)))
(((132.361, -231.896), (87.0122, -234.988), (77.5655, -189.104), (107.674, -183.893), (132.361, -231.896)))
(((121.018, -125.313), (104.558, -143.145), (76.246, -136.44), (85.94, -100.572), (118.324, -97.6934), (121.018, -125.313)))
(((140.062, 311.815), (52.9342, 326.195), (60.9871, 372.212), (83.9909, 405.833), (111.147, 398.559), (140.062, 311.815)))
(((133.298, -232.38), (130.891, -266.678), (114.173, -285.655), (96.2705, -284.73), (72.0902, -249.91), (87.0122, -234.988), (132.361, -231.896), (133.298, -232.38)))
(((139.552, -687.836), (86.125, -703.667), (93.8103, -631.937), (112.405, -630.945), (157.685, -665.714), (139.552, -687.836)))
(((145.98, -551.402), (106.636, -559.431), (85.934, -512.851), (100.192, -497.702), (112.952, -494.512), (152.855, -538.277), (145.98, -551.402)))
(((174.571, 444.992), (162.219, 418.988), (111.147, 398.559), (83.9909, 405.833), (67.0396, 477.626), (104.146, 509.235), (177.491, 477.396), (174.571, 444.992)))
(((116.266, -818.106), (62.9721, -723.481), (63.5806, -721.069), (86.125, -703.667), (139.552, -687.836), (149.433, -798.991), (144.294, -818.106), (116.266, -818.106)))
(((161.638, -418.49), (123.005, -426.989), (99.368, -411.888), (118.071, -377.153), (144.996, -378.872), (166.995, -414.204), (161.638, -418.49)))
(((144.996, -378.872), (118.071, -377.153), (106.287, -366.798), (102.935, -339.978), (126.045, -325.535), (151.089, -357.112), (144.996, -378.872)))
(((155.902, -584.268), (122.382, -606.265), (102.116, -565.732), (106.636, -559.431), (145.98, -551.402), (155.902, -584.268)))
(((149.785, -166.384), (116.36, -172.651), (104.558, -143.145), (121.018, -125.313), (149.45, -140.545), (154.959, -154.011), (149.785, -166.384)))
(((152.921, -49.8014), (127.693, -82.0924), (102.192, -52.813), (120.611, -9.47425), (147.173, -26.3309), (152.921, -49.8014)))
(((146.56, -474.28), (122.438, -482.481), (113.872, -449.168), (123.005, -426.989), (161.638, -418.49), (146.56, -474.28)))
(((156.659, -179.033), (134.24, -232.023), (133.298, -232.38), (132.361, -231.896), (107.674, -183.893), (116.36, -172.651), (149.785, -166.384), (156.659, -179.033)))
(((157.595, 304.125), (140.062, 311.815), (111.147, 398.559), (162.219, 418.988), (174.145, 313.36), (157.595, 304.125)))
(((147.59, 86.2086), (135.68, 84.9279), (83.8519, 144.34), (84.7703, 147.268), (115.842, 174.685), (146.815, 170.764), (183.824, 143.007), (147.59, 86.2086)))
(((149.45, -140.545), (121.018, -125.313), (118.324, -97.6934), (127.857, -87.2306), (162.792, -101.855), (149.45, -140.545)))
(((176.388, -305.632), (128.759, -316.912), (114.173, -285.655), (130.891, -266.678), (170.384, -284.629), (176.74, -304.891), (176.388, -305.632)))
(((188.572, 33.9598), (121.651, 8.63838), (119.361, 67.0401), (135.68, 84.9279), (147.59, 86.2086), (181.45, 57.186), (188.572, 33.9598)))
(((178.336, 228.829), (146.815, 170.764), (115.842, 174.685), (107.074, 230.483), (152.957, 279.586), (178.336, 228.829)))
(((187.793, -660.601), (157.685, -665.714), (112.405, -630.945), (122.382, -606.265), (155.902, -584.268), (196.621, -611.414), (199.622, -616.788), (187.793, -660.601)))
(((175.511, -511), (162.3, -533.997), (152.855, -538.277), (112.952, -494.512), (122.438, -482.481), (146.56, -474.28), (171.931, -486.966), (175.511, -511)))
(((181.061, -340.1), (151.089, -357.112), (126.045, -325.535), (128.759, -316.912), (176.388, -305.632), (181.99, -338), (181.061, -340.1)))
(((186.605, -77.3041), (166.984, -100.984), (162.792, -101.855), (127.857, -87.2306), (127.693, -82.0924), (152.921, -49.8014), (182.741, -63.5025), (186.605, -77.3041)))
(((187.978, -247.37), (170.384, -284.629), (130.891, -266.678), (133.298, -232.38), (134.24, -232.023), (177.579, -232.811), (187.978, -247.37)))
(((191.016, 31.4756), (189.655, -9.33784), (147.173, -26.3309), (120.611, -9.47425), (116.507, -0.915114), (121.651, 8.63838), (188.572, 33.9598), (191.016, 31.4756)))
(((177.579, -232.811), (134.24, -232.023), (156.659, -179.033), (191.842, -198.579), (177.579, -232.811)))
(((198.545, -671.762), (204.719, -707.482), (149.433, -798.991), (139.552, -687.836), (157.685, -665.714), (187.793, -660.601), (198.545, -671.762)))
(((206.793, -458.442), (171.931, -486.966), (146.56, -474.28), (161.638, -418.49), (166.995, -414.204), (171.21, -414.431), (206.793, -458.442)))
(((196.201, -142.946), (154.959, -154.011), (149.45, -140.545), (162.792, -101.855), (166.984, -100.984), (202.343, -136.343), (196.201, -142.946)))
(((90.06, 608.505), (92.0983, 614.779), (142.098, 651.106), (203.902, 651.106), (253.902, 614.779), (259.796, 596.637), (230.373, 498.32), (177.491, 477.396), (104.146, 509.235), (90.06, 608.505)))
(((171.21, -414.431), (166.995, -414.204), (144.996, -378.872), (151.089, -357.112), (181.061, -340.1), (203.496, -389.776), (171.21, -414.431)))
(((206.72, -29.0971), (182.741, -63.5025), (152.921, -49.8014), (147.173, -26.3309), (189.655, -9.33784), (206.72, -29.0971)))
(((196.621, -611.414), (155.902, -584.268), (145.98, -551.402), (152.855, -538.277), (162.3, -533.997), (203.021, -553.808), (196.621, -611.414)))
(((191.842, -198.579), (156.659, -179.033), (149.785, -166.384), (154.959, -154.011), (196.201, -142.946), (197.846, -195.577), (191.842, -198.579)))
(((228.182, 183.588), (201.248, 145.343), (183.824, 143.007), (146.815, 170.764), (178.336, 228.829), (225.273, 200.847), (228.182, 183.588)))
(((202.343, -136.343), (166.984, -100.984), (186.605, -77.3041), (224.385, -90.4833), (204.538, -135.692), (202.343, -136.343)))
(((236.311, 102.073), (181.45, 57.186), (147.59, 86.2086), (183.824, 143.007), (201.248, 145.343), (236.311, 102.073)))
(((228.5, -260.727), (228.5, -289.717), (223.347, -294.534), (176.74, -304.891), (170.384, -284.629), (187.978, -247.37), (225.344, -256.711), (228.5, -260.727)))
(((219.935, -542.935), (203.021, -553.808), (162.3, -533.997), (175.511, -511), (215.308, -511), (226.648, -525.267), (219.935, -542.935)))
(((219.084, -461.904), (215.308, -511), (175.511, -511), (171.931, -486.966), (206.793, -458.442), (219.084, -461.904)))
(((218.994, 317.999), (174.145, 313.36), (162.219, 418.988), (174.571, 444.992), (242.557, 369.723), (218.994, 317.999)))
(((227.953, -344.305), (217.433, -387.554), (203.496, -389.776), (181.061, -340.1), (181.99, -338), (222.03, -338), (227.953, -344.305)))
(((222.03, -338), (181.99, -338), (176.388, -305.632), (176.74, -304.891), (223.347, -294.534), (222.03, -338)))
(((236.008, -199.393), (225.344, -256.711), (187.978, -247.37), (177.579, -232.811), (191.842, -198.579), (197.846, -195.577), (234.5, -198.149), (236.008, -199.393)))
(((231.817, -87.3156), (224.385, -90.4833), (186.605, -77.3041), (182.741, -63.5025), (206.72, -29.0971), (259.964, -38.6984), (231.817, -87.3156)))
(((274.481, 277.985), (225.273, 200.847), (178.336, 228.829), (152.957, 279.586), (157.595, 304.125), (174.145, 313.36), (218.994, 317.999), (274.481, 277.985)))
(((301.926, -782.083), (293.902, -806.779), (243.902, -843.106), (182.098, -843.106), (144.849, -816.042), (149.433, -798.991), (204.719, -707.482), (301.926, -782.083)))
(((234.5, -198.149), (197.846, -195.577), (196.201, -142.946), (202.343, -136.343), (204.538, -135.692), (234.5, -150.022), (234.5, -198.149)))
(((243.723, -399.355), (234.613, -457.917), (219.084, -461.904), (206.793, -458.442), (171.21, -414.431), (203.496, -389.776), (217.433, -387.554), (243.483, -398.843), (243.723, -399.355)))
(((310.399, 29.55), (314.803, 15.9962), (261.565, -37.9148), (259.964, -38.6984), (206.72, -29.0971), (189.655, -9.33784), (191.016, 31.4756), (310.399, 29.55)))
(((310.456, 29.5491), (191.016, 31.4756), (188.572, 33.9598), (181.45, 57.186), (236.311, 102.073), (318.303, 70.3015), (321, 62), (321, 62), (310.456, 29.5491)))
(((224.724, -608.541), (199.622, -616.788), (196.621, -611.414), (203.021, -553.808), (219.935, -542.935), (248.432, -571.432), (224.724, -608.541)))
(((312.543, 429.566), (242.557, 369.723), (174.571, 444.992), (177.491, 477.396), (230.373, 498.32), (312.543, 429.566)))
(((255.657, -140.363), (234.5, -150.022), (204.538, -135.692), (224.385, -90.4833), (231.817, -87.3156), (260.247, -118.791), (255.657, -140.363)))
(((245.807, -462.261), (262.213, -517.443), (226.648, -525.267), (215.308, -511), (219.084, -461.904), (234.613, -457.917), (245.807, -462.261)))
(((278.3, -314.107), (263.735, -340.727), (227.953, -344.305), (222.03, -338), (223.347, -294.534), (228.5, -289.717), (278.286, -313.528), (278.3, -314.107)))
(((269.895, -368.17), (243.483, -398.843), (217.433, -387.554), (227.953, -344.305), (263.735, -340.727), (269.895, -368.17)))
(((301.82, -782.001), (204.719, -707.482), (198.545, -671.762), (292.592, -673.209), (332.959, -745.136), (326.902, -763.779), (301.82, -782.001)))
(((292.592, -673.209), (198.545, -671.762), (187.793, -660.601), (199.622, -616.788), (224.724, -608.541), (264.478, -619.536), (293.664, -662.812), (292.592, -673.209)))
(((274.228, -558.805), (269.674, -565.429), (248.432, -571.432), (219.935, -542.935), (226.648, -525.267), (262.213, -517.443), (273.551, -522.276), (274.228, -558.805)))
(((273.057, -203.875), (267.471, -252.756), (228.5, -260.727), (225.344, -256.711), (236.008, -199.393), (270.215, -201.498), (273.057, -203.875)))
(((316.226, 71.1061), (236.311, 102.073), (201.248, 145.343), (228.182, 183.588), (349.394, 150.022), (352, 142), (352, 142), (332.902, 83.2215), (316.226, 71.1061)))
(((270.215, -201.498), (236.008, -199.393), (234.5, -198.149), (234.5, -150.022), (255.657, -140.363), (280.499, -158.305), (270.215, -201.498)))
(((280.1, -593.5), (264.478, -619.536), (224.724, -608.541), (248.432, -571.432), (269.674, -565.429), (280.1, -593.5)))
(((278.286, -313.528), (228.5, -289.717), (228.5, -260.727), (267.471, -252.756), (278.54, -259.951), (292.679, -294.882), (278.286, -313.528)))
(((278.648, -455.81), (245.807, -462.261), (234.613, -457.917), (243.723, -399.355), (289.488, -420.967), (278.648, -455.81)))
(((261.565, -37.9148), (291.45, -105.653), (260.247, -118.791), (231.817, -87.3156), (259.964, -38.6984), (261.565, -37.9148)))
(((351.314, 149.49), (228.182, 183.588), (225.273, 200.847), (274.481, 277.985), (345.964, 269.366), (350.902, 265.779), (370, 207), (370, 207), (351.314, 149.49)))
(((273.551, -522.276), (262.213, -517.443), (245.807, -462.261), (278.648, -455.81), (285.059, -461), (296.912, -511.375), (273.551, -522.276)))
(((295.948, -417.349), (289.488, -420.967), (243.723, -399.355), (243.483, -398.843), (269.895, -368.17), (301.841, -378.058), (295.948, -417.349)))
(((312.555, -121.967), (305.801, -149.504), (280.499, -158.305), (255.657, -140.363), (260.247, -118.791), (291.45, -105.653), (304.868, -110.21), (312.555, -121.967)))
(((313.53, -218.333), (310.025, -238.048), (278.54, -259.951), (267.471, -252.756), (273.057, -203.875), (304.554, -209.747), (313.53, -218.333)))
(((341.34, 269.924), (274.481, 277.985), (218.994, 317.999), (242.557, 369.723), (312.543, 429.566), (342.15, 425.488), (367.902, 406.779), (387, 348), (387, 348), (367.902, 289.221), (341.34, 269.924)))
(((293.664, -662.812), (264.478, -619.536), (280.1, -593.5), (314.2, -599), (316.748, -630.849), (293.664, -662.812)))
(((301.841, -378.058), (269.895, -368.17), (263.735, -340.727), (278.3, -314.107), (311.777, -342.184), (308.291, -374.43), (301.841, -378.058)))
(((329.811, -572.981), (314.2, -599), (280.1, -593.5), (269.674, -565.429), (274.228, -558.805), (328.114, -568.314), (329.811, -572.981)))
(((321.397, -166.991), (304.554, -209.747), (273.057, -203.875), (270.215, -201.498), (280.499, -158.305), (305.801, -149.504), (321.397, -166.991)))
(((362.59, -6.91743), (304.868, -110.21), (291.45, -105.653), (261.565, -37.9148), (314.911, 16.1057), (330.902, 16.1057), (362.59, -6.91743)))
(((328.114, -568.314), (274.228, -558.805), (273.551, -522.276), (296.912, -511.375), (308.308, -512.38), (323.172, -523.164), (332.133, -544.203), (328.114, -568.314)))
(((313.241, -289.826), (292.679, -294.882), (278.54, -259.951), (310.025, -238.048), (320.245, -257.807), (313.241, -289.826)))
(((330.132, -472.582), (308.308, -512.38), (296.912, -511.375), (285.059, -461), (321.529, -461), (330.132, -472.582)))
(((321.529, -461), (285.059, -461), (278.648, -455.81), (289.488, -420.967), (295.948, -417.349), (329.419, -426.478), (321.529, -461)))
(((347.573, 424.741), (312.543, 429.566), (230.373, 498.32), (259.584, 595.928), (279.098, 610.106), (340.902, 610.106), (390.902, 573.779), (410, 515), (410, 515), (390.902, 456.221), (347.573, 424.741)))
(((359.846, -327.077), (311.777, -342.184), (278.3, -314.107), (278.286, -313.528), (292.679, -294.882), (313.241, -289.826), (344.195, -299.571), (359.846, -327.077)))
(((347.656, -401.16), (335.954, -423.587), (329.419, -426.478), (295.948, -417.349), (301.841, -378.058), (308.291, -374.43), (342.658, -382.24), (347.656, -401.16)))
(((374.215, -337.009), (342.658, -382.24), (308.291, -374.43), (311.777, -342.184), (359.846, -327.077), (374.215, -337.009)))
(((339.351, -217.855), (313.53, -218.333), (304.554, -209.747), (321.397, -166.991), (380.031, -172.09), (339.351, -217.855)))
(((356.479, -252.866), (320.245, -257.807), (310.025, -238.048), (313.53, -218.333), (339.351, -217.855), (357.744, -247.116), (356.479, -252.866)))
(((427.004, -119.532), (312.555, -121.967), (304.868, -110.21), (364.838, -2.89435), (364.902, -2.89435), (414.902, -39.2215), (434, -98), (434, -98), (427.004, -119.532)))
(((360.129, -268.462), (344.195, -299.571), (313.241, -289.826), (320.245, -257.807), (356.479, -252.866), (360.129, -268.462)))
(((433.299, -150.236), (380.031, -172.09), (321.397, -166.991), (305.801, -149.504), (312.555, -121.967), (426.727, -119.538), (435, -145), (435, -145), (433.299, -150.236)))
(((323.172, -523.164), (308.308, -512.38), (330.132, -472.582), (396.339, -478.741), (323.172, -523.164)))
(((435.851, -619.77), (316.748, -630.849), (314.2, -599), (329.811, -572.981), (436.746, -617.013), (435.851, -619.77)))
(((396.339, -478.741), (330.132, -472.582), (321.529, -461), (329.419, -426.478), (335.954, -423.587), (401.866, -477.729), (396.339, -478.741)))
(((332.942, -745.106), (292.592, -673.209), (293.664, -662.812), (316.748, -630.849), (434.227, -619.921), (444, -650), (444, -650), (424.902, -708.779), (374.902, -745.106), (332.942, -745.106)))
(((454.651, -521.927), (332.133, -544.203), (323.172, -523.164), (396.339, -478.741), (401.866, -477.729), (441.594, -481.742), (454.651, -521.927)))
(((438.074, -617.56), (329.811, -572.981), (328.114, -568.314), (332.133, -544.203), (450.192, -522.738), (461, -556), (461, -556), (441.902, -614.779), (438.074, -617.56)))
(((446.091, -482.196), (401.866, -477.729), (335.954, -423.587), (347.656, -401.16), (464.577, -422.698), (465, -424), (465, -424), (446.091, -482.196)))
(((459.768, -200.742), (357.744, -247.116), (339.351, -217.855), (380.031, -172.09), (430.33, -151.455), (447.902, -164.221), (459.768, -200.742)))
(((460.33, -421.916), (347.656, -401.16), (342.658, -382.24), (374.215, -337.009), (457.182, -340.395), (472, -386), (472, -386), (460.33, -421.916)))
(((475.33, -290.062), (458.952, -340.467), (374.215, -337.009), (359.846, -327.077), (344.195, -299.571), (360.129, -268.462), (475.33, -290.062)))
(((471.185, -289.285), (360.129, -268.462), (356.479, -252.866), (357.744, -247.116), (463.495, -199.048), (482, -256), (482, -256), (471.185, -289.285)))
