(((-292.284, -163.445), (-309, -112), (-289.902, -53.2215), (-274.777, -42.233), (-190.936, -94.1349), (-183.581, -118.464), (-292.284, -163.445)))
(((-101.314, 592.88), (-256.761, 524.409), (-279.902, 541.221), (-299, 600), (-279.902, 658.779), (-229.902, 695.106), (-168.098, 695.106), (-118.098, 658.779), (-99, 600), (-99, 600), (-101.314, 592.88)))
(((-280.495, -191.798), (-290.013, -162.505), (-183.581, -118.464), (-169.042, -129.195), (-168.113, -146.845), (-280.495, -191.798)))
(((-277.319, -441.415), (-295, -387), (-278.293, -335.582), (-224.987, -345.626), (-164.172, -379.234), (-170.676, -404.322), (-277.319, -441.415)))
(((-274.456, -203.45), (-278.501, -191.001), (-168.113, -146.845), (-165.329, -150.643), (-173.598, -191.988), (-274.456, -203.45)))
(((-274.112, -42.6451), (-263.902, -11.2215), (-213.902, 25.1057), (-158.572, 25.1057), (-163.873, -78.2703), (-190.936, -94.1349), (-274.112, -42.6451)))
(((-276.156, -335.985), (-282, -318), (-265.001, -265.684), (-180.232, -287.992), (-157.251, -318.966), (-158.412, -328.445), (-224.987, -345.626), (-276.156, -335.985)))
(((-264.198, -263.632), (-280, -215), (-276.316, -203.661), (-173.598, -191.988), (-151.642, -206.433), (-151.266, -227.819), (-154.392, -232.6), (-264.198, -263.632)))
(((-263.936, -479.361), (-276.373, -441.086), (-170.676, -404.322), (-153.859, -424.293), (-161.035, -460.176), (-263.936, -479.361)))
(((-153.078, -372.194), (-164.172, -379.234), (-224.987, -345.626), (-158.412, -328.445), (-149.383, -343.252), (-153.078, -372.194)))
(((-242.962, -555.094), (-248.902, -550.779), (-268, -492), (-263.891, -479.352), (-161.035, -460.176), (-132.092, -479.857), (-146.811, -521.072), (-242.962, -555.094)))
(((-265.523, -265.547), (-265.981, -264.136), (-154.392, -232.6), (-142.773, -270.364), (-180.232, -287.992), (-265.523, -265.547)))
(((-142.678, -111.619), (-169.042, -129.195), (-183.581, -118.464), (-190.936, -94.1349), (-163.873, -78.2703), (-140.888, -96.999), (-142.678, -111.619)))
(((-123.871, 426.146), (-131.098, 420.894), (-192.902, 420.894), (-242.902, 457.221), (-262, 516), (-259.686, 523.12), (-104.239, 591.591), (-89.4746, 580.864), (-88.5696, 558.24), (-123.871, 426.146)))
(((-126.692, -184.855), (-151.642, -206.433), (-173.598, -191.988), (-165.329, -150.643), (-132.409, -163.304), (-126.692, -184.855)))
(((-132.208, -303.423), (-157.251, -318.966), (-180.232, -287.992), (-142.773, -270.364), (-131.487, -276.006), (-132.208, -303.423)))
(((-170.281, -652.106), (-175.902, -652.106), (-225.902, -615.779), (-245, -557), (-244.565, -555.661), (-146.811, -521.072), (-108.864, -548.9), (-102.273, -563.4), (-170.281, -652.106)))
(((-158.674, 23.1057), (-130.947, 23.1057), (-113.677, 2.64436), (-112.464, -73.7436), (-140.888, -96.999), (-163.873, -78.2703), (-158.674, 23.1057)))
(((-127, -419.707), (-153.859, -424.293), (-170.676, -404.322), (-164.172, -379.234), (-153.078, -372.194), (-127, -380.13), (-127, -419.707)))
(((-111.989, -136.601), (-132.409, -163.304), (-165.329, -150.643), (-168.113, -146.845), (-169.042, -129.195), (-142.678, -111.619), (-114.039, -131.579), (-111.989, -136.601)))
(((-111.673, -473.44), (-132.092, -479.857), (-161.035, -460.176), (-153.859, -424.293), (-127, -419.707), (-110.686, -428.063), (-111.673, -473.44)))
(((-119.166, -337.403), (-149.383, -343.252), (-158.412, -328.445), (-157.251, -318.966), (-132.208, -303.423), (-114.5, -316.071), (-119.166, -337.403)))
(((-98.4855, -265.474), (-131.487, -276.006), (-142.773, -270.364), (-154.392, -232.6), (-151.266, -227.819), (-105.261, -234.391), (-94.7794, -258.848), (-98.4855, -265.474)))
(((-98.1226, -368.123), (-102.75, -372.75), (-127, -380.13), (-153.078, -372.194), (-149.383, -343.252), (-119.166, -337.403), (-97.3021, -361.089), (-98.1226, -368.123)))
(((-105.261, -234.391), (-151.266, -227.819), (-151.642, -206.433), (-126.692, -184.855), (-102.947, -192.928), (-103.9, -230.116), (-105.261, -234.391)))
(((-94.5865, -92.6731), (-114.039, -131.579), (-142.678, -111.619), (-140.888, -96.999), (-112.464, -73.7436), (-94.5865, -92.6731)))
(((-110.686, -428.063), (-127, -419.707), (-127, -380.13), (-102.75, -372.75), (-96.0893, -419.375), (-110.686, -428.063)))
(((-85.5451, -306.144), (-114.5, -316.071), (-132.208, -303.423), (-131.487, -276.006), (-98.4855, -265.474), (-85.5451, -306.144)))
(((-83.3947, -492.868), (-108.864, -548.9), (-146.811, -521.072), (-132.092, -479.857), (-111.673, -473.44), (-86.4379, -482.217), (-83.3947, -492.868)))
(((-90.812, -187.693), (-102.947, -192.928), (-126.692, -184.855), (-132.409, -163.304), (-111.989, -136.601), (-88.2591, -144.339), (-82.9251, -175.581), (-90.812, -187.693)))
(((-74.5401, -336.125), (-97.3021, -361.089), (-119.166, -337.403), (-114.5, -316.071), (-85.5451, -306.144), (-78.6126, -310.671), (-74.5401, -336.125)))
(((-71.1667, -132.944), (-88.2591, -144.339), (-111.989, -136.601), (-114.039, -131.579), (-94.5865, -92.6731), (-74.0781, -97.0366), (-71.1667, -132.944)))
(((-47.772, -452.649), (-86.4379, -482.217), (-111.673, -473.44), (-110.686, -428.063), (-96.0893, -419.375), (-73.3145, -420.86), (-50.3049, -442.659), (-47.772, -452.649)))
(((-166.546, -659.796), (-169.413, -650.973), (-102.273, -563.4), (-39.7688, -568.334), (-60.9863, -647.31), (-166.546, -659.796)))
(((-73.3145, -420.86), (-96.0893, -419.375), (-102.75, -372.75), (-98.1226, -368.123), (-64.6971, -385.313), (-73.3145, -420.86)))
(((-62, -214), (-103.9, -230.116), (-102.947, -192.928), (-90.812, -187.693), (-62, -214)))
(((-68.7206, -20.0808), (-64.1488, -90.9436), (-74.0781, -97.0366), (-94.5865, -92.6731), (-112.464, -73.7436), (-113.677, 2.64436), (-68.7206, -20.0808)))
(((-39.7688, -568.334), (-102.273, -563.4), (-108.864, -548.9), (-83.3947, -492.868), (-36.6728, -535.343), (-37.4131, -566.805), (-39.7688, -568.334)))
(((-61.7871, -214.095), (-57.6914, -251.98), (-94.7794, -258.848), (-105.261, -234.391), (-103.9, -230.116), (-62, -214), (-61.7871, -214.095)))
(((-68.1219, -791.106), (-104.902, -791.106), (-154.902, -754.779), (-174, -696), (-162.064, -659.266), (-60.9863, -647.31), (-51.5117, -654.385), (-38.4508, -681.694), (-68.1219, -791.106)))
(((-36.719, -292.279), (-78.6126, -310.671), (-85.5451, -306.144), (-98.4855, -265.474), (-94.7794, -258.848), (-57.6914, -251.98), (-57.3115, -252.157), (-36.5753, -290.924), (-36.719, -292.279)))
(((-33.7304, -369.504), (-37.2255, -375.73), (-64.6971, -385.313), (-98.1226, -368.123), (-97.3021, -361.089), (-74.5401, -336.125), (-35.0519, -352.325), (-33.7304, -369.504)))
(((-43.9128, -173.352), (-82.9251, -175.581), (-88.2591, -144.339), (-71.1667, -132.944), (-51.1528, -138.186), (-43.9128, -173.352)))
(((-39.8508, -176.447), (-42.8535, -201.669), (-61.7871, -214.095), (-62, -214), (-90.812, -187.693), (-82.9251, -175.581), (-43.9128, -173.352), (-39.8508, -176.447)))
(((-143.38, 269.693), (-162, 327), (-142.902, 385.779), (-135.545, 391.124), (-27.9255, 334.623), (-30.5738, 290.264), (-48.6213, 278.307), (-143.38, 269.693)))
(((-38.8499, -130.101), (-51.1528, -138.186), (-71.1667, -132.944), (-74.0781, -97.0366), (-64.1488, -90.9436), (-41.5063, -92.9125), (-38.8499, -130.101)))
(((-127.573, 164.624), (-133.902, 169.221), (-153, 228), (-139.334, 270.061), (-48.6213, 278.307), (-12.2482, 194.075), (-39.645, 176.347), (-127.573, 164.624)))
(((-29.3163, -405.929), (-50.3049, -442.659), (-73.3145, -420.86), (-64.6971, -385.313), (-37.2255, -375.73), (-29.3163, -405.929)))
(((-18.8978, -329.044), (-35.0519, -352.325), (-74.5401, -336.125), (-78.6126, -310.671), (-36.719, -292.279), (-19.0832, -317.177), (-18.8978, -329.044)))
(((-23.1931, -82.9235), (-41.5063, -92.9125), (-64.1488, -90.9436), (-68.7206, -20.0808), (-60.6347, -21.4436), (-20.3327, -70.3817), (-23.1931, -82.9235)))
(((-2.73228, -482.008), (-36.6728, -535.343), (-83.3947, -492.868), (-86.4379, -482.217), (-47.772, -452.649), (-7.21986, -471.456), (-2.73228, -482.008)))
(((-122.018, 422.673), (-124.346, 424.365), (-88.5696, 558.24), (1.71289, 475.277), (-1.72727, 454.636), (-35.0714, 426.357), (-122.018, 422.673)))
(((-21.2267, -235.661), (-57.3115, -252.157), (-57.6914, -251.98), (-61.7871, -214.095), (-42.8535, -201.669), (-13.5, -224.5), (-21.2267, -235.661)))
(((-133.509, 390.055), (-122.923, 422.635), (-35.0714, 426.357), (2.57452, 366.51), (-27.9255, 334.623), (-133.509, 390.055)))
(((-121.204, 68.2299), (-139, 123), (-125.381, 164.916), (-39.645, 176.347), (-6.74678, 108.906), (-22.0433, 72.0808), (-121.204, 68.2299)))
(((-133.145, 25.7096), (-119.305, 68.3037), (-22.0433, 72.0808), (-2.55795, 56.4412), (-1.4104, 17.9983), (-22.7763, -9.65162), (-60.6347, -21.4436), (-68.7206, -20.0808), (-113.677, 2.64436), (-133.145, 25.7096)))
(((-14.206, -170.991), (-39.8508, -176.447), (-43.9128, -173.352), (-51.1528, -138.186), (-38.8499, -130.101), (-13.1319, -133.577), (-6.36938, -148.526), (-14.206, -170.991)))
(((-9.28261, -270), (-36.5753, -290.924), (-57.3115, -252.157), (-21.2267, -235.661), (-9.28261, -270)))
(((-13.1319, -133.577), (-38.8499, -130.101), (-41.5063, -92.9125), (-23.1931, -82.9235), (-0.329983, -107.262), (-13.1319, -133.577)))
(((5.25, -218.25), (-13.5, -224.5), (-42.8535, -201.669), (-39.8508, -176.447), (-14.206, -170.991), (6.22018, -192.055), (5.25, -218.25)))
(((8.29563, -635.873), (-51.5117, -654.385), (-60.9863, -647.31), (-39.7688, -568.334), (-37.4131, -566.805), (7.19118, -578.441), (8.29563, -635.873)))
(((16.0832, -431.404), (-7.21986, -471.456), (-47.772, -452.649), (-50.3049, -442.659), (-29.3163, -405.929), (14.376, -415.795), (16.0832, -431.404)))
(((17.9116, -48.9277), (-20.3327, -70.3817), (-60.6347, -21.4436), (-22.7763, -9.65162), (18.5272, -47.8956), (17.9116, -48.9277)))
(((54.3696, -779.157), (15.9017, -807.106), (-45.9017, -807.106), (-68.0893, -790.985), (-38.4508, -681.694), (4.47406, -690.454), (54.3696, -779.157)))
(((-89.568, 583.201), (-56.7994, 607.008), (31.7473, 510.412), (1.71289, 475.277), (-88.5696, 558.24), (-89.568, 583.201)))
(((14.376, -415.795), (-29.3163, -405.929), (-37.2255, -375.73), (-33.7304, -369.504), (1.69683, -377.164), (16.4464, -410.877), (14.376, -415.795)))
(((34.0578, 272.703), (1.79797, 195.56), (-12.2482, 194.075), (-48.6213, 278.307), (-30.5738, 290.264), (33.3588, 278.487), (34.0578, 272.703)))
(((26.5096, -652.392), (4.47406, -690.454), (-38.4508, -681.694), (-51.5117, -654.385), (8.29563, -635.873), (26.5096, -652.392)))
(((19.1815, -298.624), (-19.0832, -317.177), (-36.719, -292.279), (-36.5753, -290.924), (-9.28261, -270), (8.77273, -270), (19.1815, -298.624)))
(((21.6612, -253.642), (8.77273, -270), (-9.28261, -270), (-21.2267, -235.661), (-13.5, -224.5), (5.25, -218.25), (15.5118, -225.354), (21.6612, -253.642)))
(((28.1962, -349.513), (1.69683, -377.164), (-33.7304, -369.504), (-35.0519, -352.325), (-18.8978, -329.044), (27.9177, -349.108), (28.1962, -349.513)))
(((36.4901, 130.984), (-6.74678, 108.906), (-39.645, 176.347), (-12.2482, 194.075), (1.79797, 195.56), (44.1059, 172.578), (36.4901, 130.984)))
(((78.5354, 332.003), (33.3588, 278.487), (-30.5738, 290.264), (-27.9255, 334.623), (2.57452, 366.51), (57.1928, 355.981), (78.5354, 332.003)))
(((36.3119, -501.857), (23.1473, -573.532), (7.19118, -578.441), (-37.4131, -566.805), (-36.6728, -535.343), (-2.73228, -482.008), (35.1695, -498.853), (36.3119, -501.857)))
(((29.4215, -104.833), (-0.329983, -107.262), (-23.1931, -82.9235), (-20.3327, -70.3817), (17.9116, -48.9277), (29.4215, -104.833)))
(((57.8871, -20.5323), (49.3116, -31.7464), (18.5272, -47.8956), (-22.7763, -9.65162), (-1.4104, 17.9983), (57.9001, -19.8945), (57.8871, -20.5323)))
(((41.7981, -117.519), (12.9618, -147.957), (-6.36938, -148.526), (-13.1319, -133.577), (-0.329983, -107.262), (29.4215, -104.833), (38.523, -109.709), (41.7981, -117.519)))
(((6.22018, -192.055), (-14.206, -170.991), (-6.36938, -148.526), (12.9618, -147.957), (35.8776, -173.737), (6.22018, -192.055)))
(((27.9177, -349.108), (-18.8978, -329.044), (-19.0832, -317.177), (19.1815, -298.624), (30.7133, -302.981), (27.9177, -349.108)))
(((57.1928, 355.981), (2.57452, 366.51), (-35.0714, 426.357), (-1.72727, 454.636), (59.0773, 426.647), (57.1928, 355.981)))
(((49.5874, -389.074), (16.4464, -410.877), (1.69683, -377.164), (28.1962, -349.513), (47.8577, -357.939), (49.5874, -389.074)))
(((-58.499, 608.863), (-56.9017, 613.779), (-6.9017, 650.106), (54.9017, 650.106), (101.674, 616.123), (102.455, 612.264), (79.699, 524.909), (31.7473, 510.412), (-58.499, 608.863)))
(((44.7689, 60.2786), (-2.55795, 56.4412), (-22.0433, 72.0808), (-6.74678, 108.906), (36.4901, 130.984), (71.3155, 82.8432), (44.7689, 60.2786)))
(((52.3032, -295.631), (30.7133, -302.981), (19.1815, -298.624), (8.77273, -270), (21.6612, -253.642), (45.8361, -262.371), (52.3032, -295.631)))
(((55.1632, -130.58), (43.9332, -173.254), (35.8776, -173.737), (12.9618, -147.957), (41.7981, -117.519), (55.1632, -130.58)))
(((57.9001, -19.8945), (-1.4104, 17.9983), (-2.55795, 56.4412), (44.7689, 60.2786), (65.2181, -5.45109), (57.9001, -19.8945)))
(((79.5387, -768.745), (63.9017, -780.106), (54.9032, -780.106), (4.47406, -690.454), (26.5096, -652.392), (51.7072, -652.78), (79.5387, -768.745)))
(((55.2099, -183.121), (40.4199, -219.424), (15.5118, -225.354), (5.25, -218.25), (6.22018, -192.055), (35.8776, -173.737), (43.9332, -173.254), (55.2099, -183.121)))
(((77.6419, -628.803), (51.7072, -652.78), (26.5096, -652.392), (8.29563, -635.873), (7.19118, -578.441), (23.1473, -573.532), (40.1812, -577.894), (78.4472, -614.629), (77.6419, -628.803)))
(((67.4939, -470.839), (35.1695, -498.853), (-2.73228, -482.008), (-7.21986, -471.456), (16.0832, -431.404), (54.5021, -440.27), (67.4939, -470.839)))
(((62.4276, -84.2105), (38.523, -109.709), (29.4215, -104.833), (17.9116, -48.9277), (18.5272, -47.8956), (49.3116, -31.7464), (62.4276, -84.2105)))
(((67.3624, -245.299), (45.8361, -262.371), (21.6612, -253.642), (15.5118, -225.354), (40.4199, -219.424), (66.6441, -233.805), (67.3624, -245.299)))
(((79.0614, -321.812), (66.8654, -347.18), (47.8577, -357.939), (28.1962, -349.513), (27.9177, -349.108), (30.7133, -302.981), (52.3032, -295.631), (72.9893, -303.292), (79.0614, -321.812)))
(((71.62, 180.481), (44.1059, 172.578), (1.79797, 195.56), (34.0578, 272.703), (91.2215, 212.177), (71.62, 180.481)))
(((77.0495, -408.498), (54.5021, -440.27), (16.0832, -431.404), (14.376, -415.795), (16.4464, -410.877), (49.5874, -389.074), (77.0495, -408.498)))
(((97.346, 495.069), (87.0063, 446.412), (59.0773, 426.647), (-1.72727, 454.636), (1.71289, 475.277), (31.7473, 510.412), (79.699, 524.909), (97.346, 495.069)))
(((89.2974, -536.452), (40.1812, -577.894), (23.1473, -573.532), (36.3119, -501.857), (88.852, -533.965), (89.2974, -536.452)))
(((80.2828, -218.705), (66.6441, -233.805), (40.4199, -219.424), (55.2099, -183.121), (69.8821, -185.423), (80.2828, -218.705)))
(((72.9893, -303.292), (52.3032, -295.631), (45.8361, -262.371), (67.3624, -245.299), (99.9616, -270.767), (72.9893, -303.292)))
(((87.9084, -174.871), (69.8821, -185.423), (55.2099, -183.121), (43.9332, -173.254), (55.1632, -130.58), (84.5378, -133.3), (87.9084, -174.871)))
(((102.52, -97.0862), (87.7531, -131.282), (84.5378, -133.3), (55.1632, -130.58), (41.7981, -117.519), (38.523, -109.709), (62.4276, -84.2105), (99.5489, -88.0178), (102.52, -97.0862)))
(((118.906, 125.117), (74.1163, 82.9624), (71.3155, 82.8432), (36.4901, 130.984), (44.1059, 172.578), (71.62, 180.481), (117.282, 132.877), (118.906, 125.117)))
(((104.9, -389.932), (81.7466, -408.349), (77.0495, -408.498), (49.5874, -389.074), (47.8577, -357.939), (66.8654, -347.18), (106.275, -378.144), (104.9, -389.932)))
(((108.54, -497.049), (88.852, -533.965), (36.3119, -501.857), (35.1695, -498.853), (67.4939, -470.839), (92.5404, -471.243), (108.54, -497.049)))
(((99.5489, -88.0178), (62.4276, -84.2105), (49.3116, -31.7464), (57.8871, -20.5323), (94.9494, -42.7697), (106.096, -70.3418), (99.5489, -88.0178)))
(((111.715, 21.374), (65.2181, -5.45109), (44.7689, 60.2786), (71.3155, 82.8432), (74.1163, 82.9624), (116.715, 39.3732), (111.715, 21.374)))
(((92.5404, -471.243), (67.4939, -470.839), (54.5021, -440.27), (77.0495, -408.498), (81.7466, -408.349), (105.847, -450.209), (92.5404, -471.243)))
(((91.5, -538.455), (91.5, -605.136), (78.4472, -614.629), (40.1812, -577.894), (89.2974, -536.452), (91.5, -538.455)))
(((145.685, 239.073), (91.2215, 212.177), (34.0578, 272.703), (33.3588, 278.487), (78.5354, 332.003), (82.3636, 331.636), (142.812, 271.188), (145.685, 239.073)))
(((160.537, -734.223), (113.902, -768.106), (79.3854, -768.106), (51.7072, -652.78), (77.6419, -628.803), (150.265, -687.809), (160.537, -734.223)))
(((109.095, -268.553), (99.9616, -270.767), (67.3624, -245.299), (66.6441, -233.805), (80.2828, -218.705), (106.491, -219.394), (110.505, -264.888), (109.095, -268.553)))
(((106.491, -219.394), (80.2828, -218.705), (69.8821, -185.423), (87.9084, -174.871), (101.433, -178.867), (116.825, -209.65), (106.491, -219.394)))
(((82.3636, 331.636), (78.5354, 332.003), (57.1928, 355.981), (59.0773, 426.647), (87.0063, 446.412), (158.946, 395.455), (82.3636, 331.636)))
(((106.275, -378.144), (66.8654, -347.18), (79.0614, -321.812), (105.227, -327.045), (124.206, -358.676), (106.275, -378.144)))
(((145.746, -584.424), (91.5, -605.136), (91.5, -538.455), (156.42, -569.439), (145.746, -584.424)))
(((125.35, -162.637), (101.433, -178.867), (87.9084, -174.871), (84.5378, -133.3), (87.7531, -131.282), (125.767, -145.538), (125.35, -162.637)))
(((142.846, -297.787), (105.227, -327.045), (79.0614, -321.812), (72.9893, -303.292), (99.9616, -270.767), (109.095, -268.553), (141.359, -293.803), (142.846, -297.787)))
(((136.764, -19.8394), (94.9494, -42.7697), (57.8871, -20.5323), (57.9001, -19.8945), (65.2181, -5.45109), (111.715, 21.374), (139.34, -14.8841), (136.764, -19.8394)))
(((145.576, -428.737), (137.426, -440.104), (105.847, -450.209), (81.7466, -408.349), (104.9, -389.932), (143.145, -415.774), (145.576, -428.737)))
(((146.013, -127.746), (125.767, -145.538), (87.7531, -131.282), (102.52, -97.0862), (142.067, -111.656), (146.013, -127.746)))
(((153.717, 55.8187), (116.715, 39.3732), (74.1163, 82.9624), (118.906, 125.117), (138.506, 114.323), (153.717, 55.8187)))
(((150.265, -687.809), (77.6419, -628.803), (78.4472, -614.629), (91.5, -605.136), (145.746, -584.424), (151.442, -683.158), (150.265, -687.809)))
(((156.42, -569.439), (91.5, -538.455), (89.2974, -536.452), (88.852, -533.965), (108.54, -497.049), (157.333, -501.485), (164.5, -505.978), (164.5, -565.062), (156.42, -569.439)))
(((161.833, 224.504), (163.395, 191.711), (117.282, 132.877), (71.62, 180.481), (91.2215, 212.177), (145.685, 239.073), (161.833, 224.504)))
(((148.015, -209.039), (116.825, -209.65), (101.433, -178.867), (125.35, -162.637), (145.204, -178.814), (148.015, -209.039)))
(((143.401, -63.646), (106.096, -70.3418), (94.9494, -42.7697), (136.764, -19.8394), (143.401, -63.646)))
(((155.756, -229.474), (110.505, -264.888), (106.491, -219.394), (116.825, -209.65), (148.015, -209.039), (154.508, -213.997), (155.756, -229.474)))
(((157.333, -501.485), (108.54, -497.049), (92.5404, -471.243), (105.847, -450.209), (137.426, -440.104), (157.333, -501.485)))
(((153.68, -307.371), (139.689, -356.339), (124.206, -358.676), (105.227, -327.045), (142.846, -297.787), (153.68, -307.371)))
(((161.302, 395.965), (158.946, 395.455), (87.0063, 446.412), (97.346, 495.069), (165.54, 482.757), (194.496, 432.398), (161.302, 395.965)))
(((159.971, -83.725), (142.067, -111.656), (102.52, -97.0862), (99.5489, -88.0178), (106.096, -70.3418), (143.401, -63.646), (154.851, -70.4118), (159.971, -83.725)))
(((161.604, -386.978), (143.145, -415.774), (104.9, -389.932), (106.275, -378.144), (124.206, -358.676), (139.689, -356.339), (155.079, -366.003), (161.604, -386.978)))
(((169.891, -251.685), (141.359, -293.803), (109.095, -268.553), (110.505, -264.888), (155.756, -229.474), (169.891, -251.685)))
(((102.403, 612.061), (102.562, 612.177), (188.482, 541.878), (165.54, 482.757), (97.346, 495.069), (79.699, 524.909), (102.403, 612.061)))
(((181.091, -146.047), (145.204, -178.814), (125.35, -162.637), (125.767, -145.538), (146.013, -127.746), (181.091, -146.047)))
(((192.517, 40.1214), (185.659, 13.4508), (153.507, -12.9301), (139.34, -14.8841), (111.715, 21.374), (116.715, 39.3732), (153.717, 55.8187), (188.262, 45.819), (192.517, 40.1214)))
(((161.302, 395.965), (206.143, 320.444), (142.812, 271.188), (82.3636, 331.636), (158.946, 395.455), (161.302, 395.965)))
(((154.851, -70.4118), (143.401, -63.646), (136.764, -19.8394), (139.34, -14.8841), (153.507, -12.9301), (178.624, -44.657), (154.851, -70.4118)))
(((207.37, 129.079), (138.506, 114.323), (118.906, 125.117), (117.282, 132.877), (163.395, 191.711), (207.37, 129.079)))
(((192.511, -342.769), (155.079, -366.003), (139.689, -356.339), (153.68, -307.371), (163.321, -309.081), (192.614, -342.559), (192.511, -342.769)))
(((164.5, -505.978), (157.333, -501.485), (137.426, -440.104), (145.576, -428.737), (180.956, -436.52), (186.002, -445.604), (181.155, -495.289), (164.5, -505.978)))
(((194.465, -164.784), (177.85, -204.66), (154.508, -213.997), (148.015, -209.039), (145.204, -178.814), (181.091, -146.047), (181.244, -146.054), (194.465, -164.784)))
(((210.258, -103.852), (181.244, -146.054), (181.091, -146.047), (146.013, -127.746), (142.067, -111.656), (159.971, -83.725), (203.772, -96.3786), (210.258, -103.852)))
(((212.493, 127.065), (188.262, 45.819), (153.717, 55.8187), (138.506, 114.323), (207.37, 129.079), (212.493, 127.065)))
(((207.508, -610.74), (151.442, -683.158), (145.746, -584.424), (156.42, -569.439), (164.5, -565.062), (197.959, -576.564), (207.508, -610.74)))
(((194.5, -289.824), (163.321, -309.081), (153.68, -307.371), (142.846, -297.787), (141.359, -293.803), (169.891, -251.685), (194.5, -258.214), (194.5, -289.824)))
(((202.761, -406.865), (180.956, -436.52), (145.576, -428.737), (143.145, -415.774), (161.604, -386.978), (194.885, -392.098), (202.761, -406.865)))
(((194.885, -392.098), (161.604, -386.978), (155.079, -366.003), (192.511, -342.769), (198.818, -381.873), (194.885, -392.098)))
(((202.451, -43.5488), (178.624, -44.657), (153.507, -12.9301), (185.659, 13.4508), (211.924, -34.0763), (202.451, -43.5488)))
(((203.772, -96.3786), (159.971, -83.725), (154.851, -70.4118), (178.624, -44.657), (202.451, -43.5488), (203.772, -96.3786)))
(((208.975, -249.943), (194.5, -258.214), (169.891, -251.685), (155.756, -229.474), (154.508, -213.997), (177.85, -204.66), (208.245, -218.555), (208.975, -249.943)))
(((220.443, -333.461), (192.614, -342.559), (163.321, -309.081), (194.5, -289.824), (227.89, -309.465), (220.443, -333.461)))
(((285.834, 555.634), (188.482, 541.878), (103.86, 611.114), (116.098, 648.779), (166.098, 685.106), (227.902, 685.106), (277.902, 648.779), (297, 590), (297, 590), (285.834, 555.634)))
(((222.689, -207.085), (208.245, -218.555), (177.85, -204.66), (194.465, -164.784), (220.871, -172.55), (222.689, -207.085)))
(((292.652, -684.003), (285.902, -704.779), (235.902, -741.106), (174.098, -741.106), (159.754, -730.684), (150.265, -687.809), (151.442, -683.158), (207.508, -610.74), (292.652, -684.003)))
(((233.865, -461.652), (184.558, -495.181), (181.155, -495.289), (186.002, -445.604), (229.018, -451.537), (233.865, -461.652)))
(((237.156, 225.36), (161.833, 224.504), (145.685, 239.073), (142.812, 271.188), (206.143, 320.444), (246.913, 314.389), (237.156, 225.36)))
(((293.97, 143.975), (212.493, 127.065), (207.37, 129.079), (163.395, 191.711), (161.833, 224.504), (237.156, 225.36), (301.575, 167.382), (293.97, 143.975)))
(((242.859, -556.155), (197.959, -576.564), (164.5, -565.062), (164.5, -505.978), (181.155, -495.289), (184.558, -495.181), (236.087, -515.521), (242.859, -556.155)))
(((229.018, -451.537), (186.002, -445.604), (180.956, -436.52), (202.761, -406.865), (234.149, -413.911), (229.018, -451.537)))
(((302.209, 474.021), (294.232, 464.607), (219.573, 434.357), (194.496, 432.398), (165.54, 482.757), (188.482, 541.878), (291.035, 556.369), (310, 498), (310, 498), (302.209, 474.021)))
(((233.749, -349.507), (231.833, -368.667), (198.818, -381.873), (192.511, -342.769), (192.614, -342.559), (220.443, -333.461), (233.749, -349.507)))
(((227.89, -309.465), (194.5, -289.824), (194.5, -258.214), (208.975, -249.943), (230, -256.25), (230, -307.923), (227.89, -309.465)))
(((240.775, -163.208), (220.871, -172.55), (194.465, -164.784), (181.244, -146.054), (210.258, -103.852), (229.683, -105.081), (235.138, -109.942), (242.907, -158.773), (240.775, -163.208)))
(((315.979, 7.2966), (290.597, -19.2397), (270.439, -30.361), (211.924, -34.0763), (185.659, 13.4508), (192.517, 40.1214), (309.767, 26.4169), (315.979, 7.2966)))
(((247.125, -406.125), (234.149, -413.911), (202.761, -406.865), (194.885, -392.098), (198.818, -381.873), (231.833, -368.667), (247.714, -400.429), (247.125, -406.125)))
(((246.913, 314.389), (206.143, 320.444), (161.302, 395.965), (194.496, 432.398), (219.573, 434.357), (256.779, 319.639), (246.913, 314.389)))
(((251.202, -491.229), (236.087, -515.521), (184.558, -495.181), (233.865, -461.652), (245.348, -469.069), (251.202, -491.229)))
(((229.683, -105.081), (210.258, -103.852), (203.772, -96.3786), (202.451, -43.5488), (211.924, -34.0763), (270.439, -30.361), (229.683, -105.081)))
(((312.125, 26.1413), (192.517, 40.1214), (188.262, 45.819), (212.493, 127.065), (294.668, 144.12), (308.902, 133.779), (328, 75), (328, 75), (312.125, 26.1413)))
(((250.5, -250.1), (230, -256.25), (208.975, -249.943), (208.245, -218.555), (222.689, -207.085), (250.5, -215.583), (250.5, -250.1)))
(((250.5, -215.583), (222.689, -207.085), (220.871, -172.55), (240.775, -163.208), (270.398, -199.002), (250.5, -215.583)))
(((292.497, -683.869), (207.508, -610.74), (197.959, -576.564), (242.859, -556.155), (266.184, -562.857), (327.26, -648.364), (322.902, -661.779), (292.497, -683.869)))
(((253.781, -251.806), (265.99, -302.386), (230, -307.923), (230, -256.25), (250.5, -250.1), (253.781, -251.806)))
(((273.415, -370.055), (247.714, -400.429), (231.833, -368.667), (233.749, -349.507), (260.412, -350.208), (273.415, -370.055)))
(((266.155, -415.834), (267.543, -454.707), (245.348, -469.069), (233.865, -461.652), (229.018, -451.537), (234.149, -413.911), (247.125, -406.125), (266.155, -415.834)))
(((277.96, -324.348), (260.412, -350.208), (233.749, -349.507), (220.443, -333.461), (227.89, -309.465), (230, -307.923), (265.99, -302.386), (272.889, -304.842), (277.96, -324.348)))
(((302.39, 327.555), (256.779, 319.639), (219.573, 434.357), (294.232, 464.607), (302.39, 327.555)))
(((266.986, -152.754), (242.907, -158.773), (235.138, -109.942), (280.998, -114.719), (266.986, -152.754)))
(((299.809, -521.962), (266.184, -562.857), (242.859, -556.155), (236.087, -515.521), (251.202, -491.229), (292.457, -499.087), (299.809, -521.962)))
(((290.597, -19.2397), (288.47, -112.817), (280.998, -114.719), (235.138, -109.942), (229.683, -105.081), (270.439, -30.361), (290.597, -19.2397)))
(((274.84, -198.928), (270.398, -199.002), (240.775, -163.208), (242.907, -158.773), (266.986, -152.754), (303.307, -168.735), (274.84, -198.928)))
(((289.145, -249.339), (253.781, -251.806), (250.5, -250.1), (250.5, -215.583), (270.398, -199.002), (274.84, -198.928), (299.735, -230.277), (289.145, -249.339)))
(((299.543, -273.601), (287.837, -295.418), (272.889, -304.842), (265.99, -302.386), (253.781, -251.806), (289.145, -249.339), (299.543, -273.601)))
(((292.457, -499.087), (251.202, -491.229), (245.348, -469.069), (267.543, -454.707), (294.171, -459.272), (306.059, -471.881), (292.457, -499.087)))
(((297.301, -413.887), (266.155, -415.834), (247.125, -406.125), (247.714, -400.429), (273.415, -370.055), (293.79, -371.546), (305.786, -408.457), (297.301, -413.887)))
(((303.229, 165.894), (237.156, 225.36), (246.913, 314.389), (256.779, 319.639), (302.39, 327.555), (366.847, 295.327), (378, 261), (378, 261), (358.902, 202.221), (308.902, 165.894), (303.229, 165.894)))
(((294.171, -459.272), (267.543, -454.707), (266.155, -415.834), (297.301, -413.887), (294.171, -459.272)))
(((311.049, -348.739), (293.79, -371.546), (273.415, -370.055), (260.412, -350.208), (277.96, -324.348), (310.934, -347.017), (311.049, -348.739)))
(((316.013, -163.477), (303.307, -168.735), (266.986, -152.754), (280.998, -114.719), (288.47, -112.817), (302.315, -120.508), (317.727, -157.637), (316.013, -163.477)))
(((310.934, -347.017), (277.96, -324.348), (272.889, -304.842), (287.837, -295.418), (332.5, -317.75), (310.934, -347.017)))
(((322.962, -173.321), (326.804, -224.551), (299.735, -230.277), (274.84, -198.928), (303.307, -168.735), (316.013, -163.477), (322.962, -173.321)))
(((331.544, -466.069), (306.059, -471.881), (294.171, -459.272), (297.301, -413.887), (305.786, -408.457), (327.322, -411.192), (331.544, -466.069)))
(((313.884, 5.10565), (326.293, 5.10565), (344.201, -90.4028), (302.315, -120.508), (288.47, -112.817), (290.597, -19.2397), (313.884, 5.10565)))
(((327.075, -648.106), (266.184, -562.857), (299.809, -521.962), (409.011, -543.802), (412, -553), (412, -553), (392.902, -611.779), (342.902, -648.106), (327.075, -648.106)))
(((348.009, -309.995), (332.5, -317.75), (287.837, -295.418), (299.543, -273.601), (346.522, -274.776), (350.433, -303.891), (348.009, -309.995)))
(((346.522, -274.776), (299.543, -273.601), (289.145, -249.339), (299.735, -230.277), (326.804, -224.551), (334.948, -228.845), (347.071, -273.607), (346.522, -274.776)))
(((347.409, -400.814), (327.322, -411.192), (305.786, -408.457), (293.79, -371.546), (311.049, -348.739), (352.765, -378.721), (347.409, -400.814)))
(((408.172, -543.634), (299.809, -521.962), (292.457, -499.087), (306.059, -471.881), (331.544, -466.069), (420.807, -504.75), (408.172, -543.634)))
(((381.913, -125.544), (317.727, -157.637), (302.315, -120.508), (344.201, -90.4028), (381.913, -125.544)))
(((352.765, -378.721), (311.049, -348.739), (310.934, -347.017), (332.5, -317.75), (348.009, -309.995), (376.344, -357.598), (352.765, -378.721)))
(((372.639, 292.43), (302.39, 327.555), (294.232, 464.607), (307.394, 480.141), (310.098, 482.106), (371.902, 482.106), (421.902, 445.779), (441, 387), (441, 387), (421.902, 328.221), (372.639, 292.43)))
(((368.906, -213.483), (334.948, -228.845), (326.804, -224.551), (322.962, -173.321), (355.811, -184.27), (368.906, -213.483)))
(((419.631, -504.24), (331.544, -466.069), (327.322, -411.192), (347.409, -400.814), (437.737, -472.665), (429.902, -496.779), (419.631, -504.24)))
(((413.488, -132.361), (355.811, -184.27), (322.962, -173.321), (316.013, -163.477), (317.727, -157.637), (381.913, -125.544), (413.488, -132.361)))
(((455.538, -229.234), (347.071, -273.607), (334.948, -228.845), (368.906, -213.483), (455.538, -229.234)))
(((460.071, -228.868), (455.538, -229.234), (368.906, -213.483), (355.811, -184.27), (413.488, -132.361), (456.702, -132.761), (474, -186), (474, -186), (460.071, -228.868)))
(((457.206, -132.766), (413.488, -132.361), (381.913, -125.544), (344.201, -90.4028), (326.447, 4.2814), (344.098, 17.1057), (405.902, 17.1057), (455.902, -19.2215), (475, -78), (475, -78), (457.206, -132.766)))
(((477.004, -300.375), (350.433, -303.891), (346.522, -274.776), (347.071, -273.607), (455.538, -229.234), (463.667, -228.577), (482, -285), (482, -285), (477.004, -300.375)))
(((471.532, -356.294), (376.344, -357.598), (348.009, -309.995), (350.433, -303.891), (476.305, -300.394), (483, -321), (483, -321), (471.532, -356.294)))
(((437.638, -472.587), (347.409, -400.814), (352.765, -378.721), (376.344, -357.598), (471.748, -356.291), (484, -394), (484, -394), (464.902, -452.779), (437.638, -472.587)))
