(((-279.119, -570.159), (-287.902, -563.779), (-307, -505), (-287.902, -446.221), (-269.426, -432.798), (-220.215, -440.462), (-173.963, -490.736), (-173.109, -495.267), (-194.81, -539.612), (-279.119, -570.159)))
(((-286.691, -181.349), (-305, -125), (-296.727, -99.5377), (-179.3, -102.036), (-174.69, -107.589), (-179.807, -134.194), (-286.691, -181.349)))
(((-297.004, -99.5318), (-304, -78), (-284.902, -19.2215), (-234.902, 17.1057), (-173.098, 17.1057), (-172.454, 16.6373), (-179.3, -102.036), (-297.004, -99.5318)))
(((-183.967, 484.894), (-227.902, 484.894), (-277.902, 521.221), (-297, 580), (-277.902, 638.779), (-227.902, 675.106), (-166.098, 675.106), (-116.098, 638.779), (-115.417, 636.683), (-183.967, 484.894)))
(((-279.848, -358.245), (-290, -327), (-277.314, -287.957), (-166.78, -306.772), (-166.464, -307.11), (-170.858, -354.352), (-279.848, -358.245)))
(((-276.167, -201.573), (-283.234, -179.824), (-179.807, -134.194), (-163.856, -158.784), (-188.373, -195.56), (-276.167, -201.573)))
(((-271.947, -432.406), (-288, -383), (-279.958, -358.248), (-170.858, -354.352), (-166.982, -357.408), (-157.883, -385.776), (-220.024, -440.385), (-220.215, -440.462), (-271.947, -432.406)))
(((-275.337, -261.74), (-285, -232), (-275.09, -201.499), (-188.373, -195.56), (-162.982, -211.624), (-165.04, -254.846), (-275.337, -261.74)))
(((-225.288, -660.107), (-262.902, -632.779), (-282, -574), (-280.97, -570.83), (-194.81, -539.612), (-142.38, -564.688), (-170.235, -624.524), (-225.288, -660.107)))
(((-279.538, -287.579), (-282, -280), (-276.082, -261.786), (-165.04, -254.846), (-160.305, -258.861), (-166.78, -306.772), (-279.538, -287.579)))
(((-125.932, -556.576), (-142.38, -564.688), (-194.81, -539.612), (-173.109, -495.267), (-119.614, -527.958), (-125.932, -556.576)))
(((-126.95, -410.811), (-141.682, -436.741), (-220.024, -440.385), (-157.883, -385.776), (-129.688, -399.31), (-126.95, -410.811)))
(((-129.51, -465.142), (-173.963, -490.736), (-220.215, -440.462), (-220.024, -440.385), (-141.682, -436.741), (-129.51, -465.142)))
(((-162.982, -211.624), (-188.373, -195.56), (-163.856, -158.784), (-131.482, -159.459), (-152.907, -209.451), (-162.982, -211.624)))
(((-116.578, -137.475), (-130.979, -159.282), (-131.482, -159.459), (-163.856, -158.784), (-179.807, -134.194), (-174.69, -107.589), (-122.445, -108.557), (-116.578, -137.475)))
(((-142.489, 14.1057), (-121.213, -106.462), (-122.445, -108.557), (-174.69, -107.589), (-179.3, -102.036), (-172.6, 14.1057), (-142.489, 14.1057)))
(((-125.233, -343.094), (-166.982, -357.408), (-170.858, -354.352), (-166.464, -307.11), (-134.124, -308.516), (-125.233, -343.094)))
(((-119.134, -295.147), (-134.124, -308.516), (-166.464, -307.11), (-166.78, -306.772), (-160.305, -258.861), (-126.907, -260.17), (-119.134, -295.147)))
(((-115.077, -223.57), (-126.25, -259.481), (-126.907, -260.17), (-160.305, -258.861), (-165.04, -254.846), (-162.982, -211.624), (-152.907, -209.451), (-118.235, -217.706), (-115.077, -223.57)))
(((-119.614, -527.958), (-173.109, -495.267), (-173.963, -490.736), (-129.51, -465.142), (-121.113, -468.929), (-106.622, -514.475), (-119.614, -527.958)))
(((-98.1561, -364.174), (-129.688, -399.31), (-157.883, -385.776), (-166.982, -357.408), (-125.233, -343.094), (-99.5369, -356.526), (-98.1561, -364.174)))
(((-118.235, -217.706), (-152.907, -209.451), (-131.482, -159.459), (-130.979, -159.282), (-109.5, -191.5), (-118.235, -217.706)))
(((-184.272, -733.399), (-209.902, -714.779), (-227.253, -661.377), (-170.235, -624.524), (-115.031, -629.543), (-89.7241, -695.974), (-184.272, -733.399)))
(((-76.3695, -592.863), (-115.031, -629.543), (-170.235, -624.524), (-142.38, -564.688), (-125.932, -556.576), (-76.3695, -592.863)))
(((-84.0128, -447.872), (-121.113, -468.929), (-129.51, -465.142), (-141.682, -436.741), (-126.95, -410.811), (-85.7625, -430.375), (-84.0128, -447.872)))
(((-99.5369, -356.526), (-125.233, -343.094), (-134.124, -308.516), (-119.134, -295.147), (-94.5, -301.436), (-94.5, -348.565), (-99.5369, -356.526)))
(((-161.053, 461.894), (-184.902, 479.221), (-185.583, 481.317), (-117.033, 633.106), (-80.941, 633.106), (-70.5448, 600.576), (-65.4458, 478.199), (-161.053, 461.894)))
(((-142.694, 15.2647), (-131.902, 23.1057), (-125.09, 23.1057), (-97.0611, -2.15483), (-66.9795, -66.6153), (-94.7791, -97.2907), (-121.213, -106.462), (-142.694, 15.2647)))
(((-79.7357, -294.211), (-94.5, -301.436), (-119.134, -295.147), (-126.907, -260.17), (-126.25, -259.481), (-77.5643, -263.088), (-79.7357, -294.211)))
(((-81.2436, -184.436), (-109.5, -191.5), (-130.979, -159.282), (-116.578, -137.475), (-77.8132, -150.132), (-81.2436, -184.436)))
(((-77.5643, -263.088), (-126.25, -259.481), (-115.077, -223.57), (-84.6122, -228.648), (-76.7656, -261.996), (-77.5643, -263.088)))
(((-69.3457, -410.579), (-85.7625, -430.375), (-126.95, -410.811), (-129.688, -399.31), (-98.1561, -364.174), (-78.0306, -378.01), (-69.3457, -410.579)))
(((-69.2537, -508.34), (-106.622, -514.475), (-121.113, -468.929), (-84.0128, -447.872), (-69.125, -461.375), (-66.1877, -499.56), (-69.2537, -508.34)))
(((-29, -824.511), (-60.0983, -847.106), (-121.902, -847.106), (-171.902, -810.779), (-191, -752), (-185.057, -733.71), (-89.7241, -695.974), (-72.1674, -696.601), (-29, -779.615), (-29, -824.511)))
(((-68.8451, -216.127), (-84.6122, -228.648), (-115.077, -223.57), (-118.235, -217.706), (-109.5, -191.5), (-81.2436, -184.436), (-70.9098, -194.447), (-68.8451, -216.127)))
(((-72.1674, -696.601), (-89.7241, -695.974), (-115.031, -629.543), (-76.3695, -592.863), (-62.9214, -593.43), (-61.0738, -685.811), (-72.1674, -696.601)))
(((-71.4029, -147.23), (-77.8132, -150.132), (-116.578, -137.475), (-122.445, -108.557), (-121.213, -106.462), (-94.7791, -97.2907), (-62.2374, -121.697), (-71.4029, -147.23)))
(((-38.143, -581.304), (-62.9214, -593.43), (-76.3695, -592.863), (-125.932, -556.576), (-119.614, -527.958), (-106.622, -514.475), (-69.2537, -508.34), (-41.6018, -540.294), (-38.143, -581.304)))
(((-149.749, 340.665), (-162.902, 350.221), (-182, 409), (-165.034, 461.215), (-65.4458, 478.199), (-48.5, 471.78), (-48.5, 385.085), (-137.514, 342.632), (-149.749, 340.665)))
(((-42.6905, -325.167), (-94.5, -348.565), (-94.5, -301.436), (-79.7357, -294.211), (-53.5877, -306.096), (-42.6905, -325.167)))
(((-43.4633, -108.445), (-62.2374, -121.697), (-94.7791, -97.2907), (-66.9795, -66.6153), (-45.3351, -77.2477), (-43.4633, -108.445)))
(((-47.2705, -256.563), (-76.7656, -261.996), (-84.6122, -228.648), (-68.8451, -216.127), (-38.0761, -228.273), (-47.2705, -256.563)))
(((-112.468, 214.657), (-144.902, 238.221), (-164, 297), (-149.816, 340.655), (-137.514, 342.632), (-26.4277, 311.906), (-22.7117, 264.217), (-71.5217, 219.844), (-112.468, 214.657)))
(((-39.8288, -326.864), (-44.9732, -366.991), (-78.0306, -378.01), (-98.1561, -364.174), (-99.5369, -356.526), (-94.5, -348.565), (-42.6905, -325.167), (-39.8288, -326.864)))
(((-27.5145, -177.399), (-70.9098, -194.447), (-81.2436, -184.436), (-77.8132, -150.132), (-71.4029, -147.23), (-28.7349, -163.64), (-26.4135, -174.253), (-27.5145, -177.399)))
(((-35.1129, -272.611), (-53.5877, -306.096), (-79.7357, -294.211), (-77.5643, -263.088), (-76.7656, -261.996), (-47.2705, -256.563), (-35.1129, -272.611)))
(((-21.3571, -445.452), (-69.125, -461.375), (-84.0128, -447.872), (-85.7625, -430.375), (-69.3457, -410.579), (-30.3633, -413.968), (-29.2236, -415.035), (-21.3571, -445.452)))
(((-30.3633, -413.968), (-69.3457, -410.579), (-78.0306, -378.01), (-44.9732, -366.991), (-31.2387, -378.953), (-30.3633, -413.968)))
(((-2.16713, 349.776), (-26.4277, 311.906), (-137.514, 342.632), (-48.5, 385.085), (-2.67367, 359.704), (-2.16713, 349.776)))
(((-21.4136, -220.105), (-38.0761, -228.273), (-68.8451, -216.127), (-70.9098, -194.447), (-27.5145, -177.399), (-21.4136, -220.105)))
(((-28.7349, -163.64), (-71.4029, -147.23), (-62.2374, -121.697), (-43.4633, -108.445), (-22.4083, -123.24), (-18.2663, -143.122), (-28.7349, -163.64)))
(((-104.181, 72.4405), (-125.902, 88.2215), (-145, 147), (-125.902, 205.779), (-113.937, 214.471), (-71.5217, 219.844), (3.25005, 167.606), (7.88745, 156.36), (-27.6683, 108.683), (-104.181, 72.4405)))
(((-15.9369, -449.969), (-17.7176, -479.054), (-66.1877, -499.56), (-69.125, -461.375), (-21.3571, -445.452), (-15.9369, -449.969)))
(((-24.5653, -68.7859), (-45.3351, -77.2477), (-66.9795, -66.6153), (-97.0611, -2.15483), (1.30621, -26.2827), (-24.5653, -68.7859)))
(((-9.60321, -671.205), (-61.0738, -685.811), (-62.9214, -593.43), (-38.143, -581.304), (-35.5889, -582.24), (7.55596, -644.686), (-9.60321, -671.205)))
(((16.2639, 480.121), (-48.5, 471.78), (-65.4458, 478.199), (-70.5448, 600.576), (14.299, 524.822), (16.2639, 480.121)))
(((-0.798563, -507.007), (-41.6018, -540.294), (-69.2537, -508.34), (-66.1877, -499.56), (-17.7176, -479.054), (-0.798563, -507.007)))
(((-2.51826, -277.073), (-10.3077, -308.231), (-27.0624, -326.066), (-39.8288, -326.864), (-42.6905, -325.167), (-53.5877, -306.096), (-35.1129, -272.611), (-4.45124, -275.602), (-2.51826, -277.073)))
(((-123.796, 21.9394), (-108.924, 67.7105), (1.96302, 33.7291), (11.435, -15.0883), (5.02372, -24.7681), (1.30621, -26.2827), (-97.0611, -2.15483), (-123.796, 21.9394)))
(((-1.15429, -365.917), (-31.2387, -378.953), (-44.9732, -366.991), (-39.8288, -326.864), (-27.0624, -326.066), (1.6457, -351.295), (-1.15429, -365.917)))
(((-12.8296, -223.657), (-4.45124, -275.602), (-35.1129, -272.611), (-47.2705, -256.563), (-38.0761, -228.273), (-21.4136, -220.105), (-12.8296, -223.657)))
(((7.77951, -98.6426), (-22.4083, -123.24), (-43.4633, -108.445), (-45.3351, -77.2477), (-24.5653, -68.7859), (7.77951, -98.6426)))
(((-29, -779.615), (-72.1674, -696.601), (-61.0738, -685.811), (-9.60321, -671.205), (20.1658, -717.843), (-29, -779.615)))
(((29.1817, 473.092), (33.9061, 397.503), (-2.67367, 359.704), (-48.5, 385.085), (-48.5, 471.78), (16.2639, 480.121), (29.1817, 473.092)))
(((16.7583, -394.918), (-29.2236, -415.035), (-30.3633, -413.968), (-31.2387, -378.953), (-1.15429, -365.917), (16.7583, -394.918)))
(((-107.821, 67.3727), (-108.763, 70.2702), (-27.6683, 108.683), (33.5567, 64.678), (1.96302, 33.7291), (-107.821, 67.3727)))
(((-80.871, 632.887), (-37.9017, 664.106), (23.9017, 664.106), (49.3322, 645.629), (49.5418, 621.74), (14.299, 524.822), (-70.5448, 600.576), (-80.871, 632.887)))
(((39.4374, -560.804), (-35.5889, -582.24), (-38.143, -581.304), (-41.6018, -540.294), (-0.798563, -507.007), (2.37037, -507.37), (37.4231, -542.423), (39.4374, -560.804)))
(((34.3545, -190.355), (-1.05574, -222.102), (-12.8296, -223.657), (-21.4136, -220.105), (-27.5145, -177.399), (-26.4135, -174.253), (24.0161, -180.016), (34.3545, -190.355)))
(((27.2655, -401.321), (13.9655, -447.871), (-15.9369, -449.969), (-21.3571, -445.452), (-29.2236, -415.035), (16.7583, -394.918), (25.8313, -398.342), (27.2655, -401.321)))
(((30.304, -129.695), (19.6758, -142.038), (-18.2663, -143.122), (-22.4083, -123.24), (7.77951, -98.6426), (11.5481, -98.7848), (31.0891, -118.9), (30.304, -129.695)))
(((24.0161, -180.016), (-26.4135, -174.253), (-28.7349, -163.64), (-18.2663, -143.122), (19.6758, -142.038), (24.0161, -180.016)))
(((31.325, -324.5), (21.1963, -342.916), (1.6457, -351.295), (-27.0624, -326.066), (-10.3077, -308.231), (29.6237, -321.541), (31.325, -324.5)))
(((31.6659, -63.8434), (11.5481, -98.7848), (7.77951, -98.6426), (-24.5653, -68.7859), (1.30621, -26.2827), (5.02372, -24.7681), (31.6659, -63.8434)))
(((45.7117, 226.795), (3.25005, 167.606), (-71.5217, 219.844), (-22.7117, 264.217), (42.9216, 258.681), (45.7117, 226.795)))
(((38.9858, -473.37), (2.37037, -507.37), (-0.798563, -507.007), (-17.7176, -479.054), (-15.9369, -449.969), (13.9655, -447.871), (37.9253, -463.674), (38.9858, -473.37)))
(((37.7309, -266.745), (26.7702, -274.458), (-2.51826, -277.073), (-4.45124, -275.602), (-12.8296, -223.657), (-1.05574, -222.102), (38.7563, -253.62), (37.7309, -266.745)))
(((29.6237, -321.541), (-10.3077, -308.231), (-2.51826, -277.073), (26.7702, -274.458), (29.6237, -321.541)))
(((42.9216, 258.681), (-22.7117, 264.217), (-26.4277, 311.906), (-2.16713, 349.776), (76.9096, 291.328), (42.9216, 258.681)))
(((67.7257, 122.894), (45.3335, 68.3128), (33.5567, 64.678), (-27.6683, 108.683), (7.88745, 156.36), (62.9788, 131.438), (67.7257, 122.894)))
(((49.4794, -568.583), (31.3984, -640.906), (7.55596, -644.686), (-35.5889, -582.24), (39.4374, -560.804), (49.4794, -568.583)))
(((45.648, -373.388), (25.8313, -398.342), (16.7583, -394.918), (-1.15429, -365.917), (1.6457, -351.295), (21.1963, -342.916), (44.9184, -369.01), (45.648, -373.388)))
(((62.3556, -217), (38.7563, -253.62), (-1.05574, -222.102), (34.3545, -190.355), (37.462, -190.949), (62.3556, -217)))
(((74.3199, -695.325), (58.5812, -716.73), (20.1658, -717.843), (-9.60321, -671.205), (7.55596, -644.686), (31.3984, -640.906), (42.0355, -645.551), (74.3571, -691.724), (74.8243, -692.859), (74.3199, -695.325)))
(((90.5418, -827.75), (63.9017, -847.106), (2.0983, -847.106), (-29, -824.511), (-29, -779.615), (20.1658, -717.843), (58.5812, -716.73), (90.5418, -827.75)))
(((37.4231, -542.423), (2.37037, -507.37), (38.9858, -473.37), (63.766, -500.274), (37.4231, -542.423)))
(((63.4522, -442.614), (37.9253, -463.674), (13.9655, -447.871), (27.2655, -401.321), (59.7797, -418.481), (63.4522, -442.614)))
(((68.8843, -99.0083), (31.0891, -118.9), (11.5481, -98.7848), (31.6659, -63.8434), (59.6707, -70.1302), (72.9915, -91.6153), (68.8843, -99.0083)))
(((37.462, -190.949), (34.3545, -190.355), (24.0161, -180.016), (19.6758, -142.038), (30.304, -129.695), (65.801, -154.675), (37.462, -190.949)))
(((59.5676, -7.56757), (11.435, -15.0883), (1.96302, 33.7291), (33.5567, 64.678), (45.3335, 68.3128), (74.7785, 36.4641), (59.5676, -7.56757)))
(((63.7139, -340.094), (44.9184, -369.01), (21.1963, -342.916), (31.325, -324.5), (58.7895, -324.5), (63.7139, -340.094)))
(((76.3767, -304.248), (58.7895, -324.5), (31.325, -324.5), (29.6237, -321.541), (26.7702, -274.458), (37.7309, -266.745), (70.7705, -284.276), (76.3767, -304.248)))
(((91.9694, 296.142), (76.9096, 291.328), (-2.16713, 349.776), (-2.67367, 359.704), (33.9061, 397.503), (97.3789, 364.805), (92.5537, 297.252), (91.9694, 296.142)))
(((79.3947, -27.3947), (59.6707, -70.1302), (31.6659, -63.8434), (5.02372, -24.7681), (11.435, -15.0883), (59.5676, -7.56757), (79.3947, -27.3947)))
(((62.9788, 131.438), (7.88745, 156.36), (3.25005, 167.606), (45.7117, 226.795), (90.296, 188.898), (62.9788, 131.438)))
(((88.8896, -391.379), (59.7797, -418.481), (27.2655, -401.321), (25.8313, -398.342), (45.648, -373.388), (83.6396, -382.327), (88.8896, -391.379)))
(((73.0736, -152.857), (65.801, -154.675), (30.304, -129.695), (31.0891, -118.9), (68.8843, -99.0083), (79.722, -145.069), (73.0736, -152.857)))
(((83.5619, 482.295), (29.1817, 473.092), (16.2639, 480.121), (14.299, 524.822), (49.5418, 621.74), (93.7098, 536.937), (83.5619, 482.295)))
(((100.372, -614.762), (42.0355, -645.551), (31.3984, -640.906), (49.4794, -568.583), (52.5192, -568.99), (100.237, -614.057), (100.372, -614.762)))
(((83.6396, -382.327), (45.648, -373.388), (44.9184, -369.01), (63.7139, -340.094), (86.6974, -356.642), (83.6396, -382.327)))
(((85.947, -499.535), (63.766, -500.274), (38.9858, -473.37), (37.9253, -463.674), (63.4522, -442.614), (85.5096, -448.715), (104.36, -478.876), (85.947, -499.535)))
(((105.838, -251.334), (70.7705, -284.276), (37.7309, -266.745), (38.7563, -253.62), (62.3556, -217), (70.5, -217), (106.719, -247.182), (105.838, -251.334)))
(((70.5, -217), (62.3556, -217), (37.462, -190.949), (65.801, -154.675), (73.0736, -152.857), (94.8031, -188.646), (70.5, -217)))
(((100.879, -544.81), (52.5192, -568.99), (49.4794, -568.583), (39.4374, -560.804), (37.4231, -542.423), (63.766, -500.274), (85.947, -499.535), (103.295, -539.71), (100.879, -544.81)))
(((103.129, -617.739), (74.3571, -691.724), (42.0355, -645.551), (100.372, -614.762), (103.129, -617.739)))
(((171.58, 443.993), (174.12, 436.175), (171.532, 429.816), (97.3789, 364.805), (33.9061, 397.503), (29.1817, 473.092), (83.5619, 482.295), (166.635, 448.214), (171.58, 443.993)))
(((104.768, -342.186), (86.6974, -356.642), (63.7139, -340.094), (58.7895, -324.5), (76.3767, -304.248), (97.7448, -312.534), (104.768, -342.186)))
(((105.736, -423.892), (85.5096, -448.715), (63.4522, -442.614), (59.7797, -418.481), (88.8896, -391.379), (93.1107, -393.053), (109.928, -408.268), (105.736, -423.892)))
(((126.948, 203.241), (90.296, 188.898), (45.7117, 226.795), (42.9216, 258.681), (76.9096, 291.328), (91.9694, 296.142), (144.619, 232.452), (126.948, 203.241)))
(((109.101, -52.9389), (85.438, -90.7991), (72.9915, -91.6153), (59.6707, -70.1302), (79.3947, -27.3947), (103.145, -29.6566), (109.101, -52.9389)))
(((97.3696, -142.196), (79.722, -145.069), (68.8843, -99.0083), (72.9915, -91.6153), (85.438, -90.7991), (121.253, -106.371), (97.3696, -142.196)))
(((105.449, 37.3661), (74.7785, 36.4641), (45.3335, 68.3128), (67.7257, 122.894), (118.927, 110.535), (105.449, 37.3661)))
(((120, -17.6635), (103.145, -29.6566), (79.3947, -27.3947), (59.5676, -7.56757), (74.7785, 36.4641), (105.449, 37.3661), (120, 28.7787), (120, -17.6635)))
(((100.237, -614.057), (52.5192, -568.99), (100.879, -544.81), (119.999, -579.025), (100.237, -614.057)))
(((155.491, -809.514), (129.902, -828.106), (90.6441, -828.106), (58.5812, -716.73), (74.3199, -695.325), (143, -738.25), (151.898, -757.159), (155.491, -809.514)))
(((143, -663.217), (74.8243, -692.859), (74.3571, -691.724), (103.129, -617.739), (152.62, -648.997), (143, -663.217)))
(((126.418, -183.938), (94.8031, -188.646), (73.0736, -152.857), (79.722, -145.069), (97.3696, -142.196), (123.363, -162.991), (126.418, -183.938)))
(((121.353, -301.32), (97.7448, -312.534), (76.3767, -304.248), (70.7705, -284.276), (105.838, -251.334), (125.647, -287.824), (121.353, -301.32)))
(((132.324, -188.422), (115.36, -242.399), (106.719, -247.182), (70.5, -217), (94.8031, -188.646), (126.418, -183.938), (132.324, -188.422)))
(((133.552, -355.139), (93.1107, -393.053), (88.8896, -391.379), (83.6396, -382.327), (86.6974, -356.642), (104.768, -342.186), (132.409, -352.108), (133.552, -355.139)))
(((49.3319, 645.659), (76.0983, 665.106), (137.902, 665.106), (165.862, 644.791), (161.13, 590.119), (153.644, 571.636), (93.7098, 536.937), (49.5418, 621.74), (49.3319, 645.659)))
(((118.809, -477.563), (104.36, -478.876), (85.5096, -448.715), (105.736, -423.892), (134.364, -460.327), (118.809, -477.563)))
(((131.138, -105.29), (121.253, -106.371), (85.438, -90.7991), (109.101, -52.9389), (138.833, -74.6667), (142.627, -90.7916), (131.138, -105.29)))
(((128.804, 112.321), (118.927, 110.535), (67.7257, 122.894), (62.9788, 131.438), (90.296, 188.898), (126.948, 203.241), (149.143, 143.313), (128.804, 112.321)))
(((145.904, -527.668), (103.295, -539.71), (85.947, -499.535), (104.36, -478.876), (118.809, -477.563), (151.775, -517.349), (145.904, -527.668)))
(((143, -738.25), (74.3199, -695.325), (74.8243, -692.859), (143, -663.217), (143, -738.25)))
(((143.645, -131.44), (123.363, -162.991), (97.3696, -142.196), (121.253, -106.371), (131.138, -105.29), (143.645, -131.44)))
(((132.409, -352.108), (104.768, -342.186), (97.7448, -312.534), (121.353, -301.32), (145.732, -324.761), (132.409, -352.108)))
(((160.133, -400.588), (154.607, -405.739), (109.928, -408.268), (93.1107, -393.053), (133.552, -355.139), (163.539, -386.791), (160.133, -400.588)))
(((149.276, -451.938), (134.364, -460.327), (105.736, -423.892), (109.928, -408.268), (154.607, -405.739), (149.276, -451.938)))
(((166.635, 448.214), (83.5619, 482.295), (93.7098, 536.937), (153.644, 571.636), (166.635, 448.214)))
(((159.354, -574.225), (119.999, -579.025), (100.879, -544.81), (103.295, -539.71), (145.904, -527.668), (159.354, -574.225)))
(((152.509, 37.3055), (120, 28.7787), (105.449, 37.3661), (118.927, 110.535), (128.804, 112.321), (159.747, 84.3539), (152.509, 37.3055)))
(((157.128, -32.8507), (138.833, -74.6667), (109.101, -52.9389), (103.145, -29.6566), (120, -17.6635), (156.373, -28.1557), (157.128, -32.8507)))
(((173.76, -642.429), (152.62, -648.997), (103.129, -617.739), (100.372, -614.762), (100.237, -614.057), (119.999, -579.025), (159.354, -574.225), (180.885, -590.174), (173.76, -642.429)))
(((168.162, -276.229), (125.647, -287.824), (105.838, -251.334), (106.719, -247.182), (115.36, -242.399), (156.974, -246.098), (170.911, -269.99), (168.162, -276.229)))
(((169.534, -213.589), (156.974, -246.098), (115.36, -242.399), (132.324, -188.422), (155.432, -190.555), (169.534, -213.589)))
(((180.556, 377.605), (161.624, 318.103), (92.5537, 297.252), (97.3789, 364.805), (171.532, 429.816), (180.556, 377.605)))
(((167.992, -317.836), (145.732, -324.761), (121.353, -301.32), (125.647, -287.824), (168.162, -276.229), (172.54, -307.5), (167.992, -317.836)))
(((185.226, -0.645161), (156.373, -28.1557), (120, -17.6635), (120, 28.7787), (152.509, 37.3055), (170.537, 25.0595), (185.226, -0.645161)))
(((175.351, -166.083), (155.432, -190.555), (132.324, -188.422), (126.418, -183.938), (123.363, -162.991), (143.645, -131.44), (171.527, -143.987), (175.351, -166.083)))
(((178.653, -478.052), (160.08, -514.269), (151.775, -517.349), (118.809, -477.563), (134.364, -460.327), (149.276, -451.938), (174.304, -466.835), (178.653, -478.052)))
(((163.539, -386.791), (133.552, -355.139), (132.409, -352.108), (145.732, -324.761), (167.992, -317.836), (196.082, -361.803), (163.539, -386.791)))
(((156.322, 233.085), (144.619, 232.452), (91.9694, 296.142), (92.5537, 297.252), (161.624, 318.103), (225.021, 272.587), (156.322, 233.085)))
(((168.065, -89.8495), (142.627, -90.7916), (138.833, -74.6667), (157.128, -32.8507), (181.564, -58.3498), (168.065, -89.8495)))
(((200.847, -111.829), (171.527, -143.987), (143.645, -131.44), (131.138, -105.29), (142.627, -90.7916), (168.065, -89.8495), (200.775, -110.099), (200.847, -111.829)))
(((212.242, -675.09), (151.898, -757.159), (143, -738.25), (143, -663.217), (152.62, -648.997), (173.76, -642.429), (210.804, -665.225), (212.242, -675.09)))
(((214.315, 153.825), (149.143, 143.313), (126.948, 203.241), (144.619, 232.452), (156.322, 233.085), (213.726, 159.015), (214.315, 153.825)))
(((180.885, -590.174), (159.354, -574.225), (145.904, -527.668), (151.775, -517.349), (160.08, -514.269), (197.659, -528.584), (192.605, -581.651), (180.885, -590.174)))
(((207.517, -432.178), (174.304, -466.835), (149.276, -451.938), (154.607, -405.739), (160.133, -400.588), (207.517, -432.178)))
(((216, 152), (216, 89.0417), (159.747, 84.3539), (128.804, 112.321), (149.143, 143.313), (214.315, 153.825), (216, 152)))
(((225.536, 77.4393), (170.537, 25.0595), (152.509, 37.3055), (159.747, 84.3539), (216, 89.0417), (225.536, 77.4393)))
(((213.612, -230.995), (198.108, -264.45), (170.911, -269.99), (156.974, -246.098), (169.534, -213.589), (202.633, -217.11), (213.612, -230.995)))
(((187.319, 442.894), (172.867, 442.894), (166.635, 448.214), (153.644, 571.636), (161.13, 590.119), (242.298, 501.894), (225.423, 451.269), (187.319, 442.894)))
(((206.62, -55.4863), (181.564, -58.3498), (157.128, -32.8507), (156.373, -28.1557), (185.226, -0.645161), (228.649, -9.32988), (206.62, -55.4863)))
(((241.558, 288.937), (228.883, 273.171), (225.021, 272.587), (161.624, 318.103), (180.556, 377.605), (241.131, 297.559), (241.558, 288.937)))
(((202.633, -217.11), (169.534, -213.589), (155.432, -190.555), (175.351, -166.083), (217.164, -174.636), (202.633, -217.11)))
(((216.831, -517.748), (197.659, -528.584), (160.08, -514.269), (178.653, -478.052), (208.925, -485.814), (222.057, -501.488), (216.831, -517.748)))
(((200.775, -110.099), (168.065, -89.8495), (181.564, -58.3498), (206.62, -55.4863), (218.441, -89.2613), (200.775, -110.099)))
(((223.184, -317.199), (197.963, -361.636), (196.082, -361.803), (167.992, -317.836), (172.54, -307.5), (217.913, -307.5), (223.184, -317.199)))
(((217.913, -307.5), (172.54, -307.5), (168.162, -276.229), (170.911, -269.99), (198.108, -264.45), (220.023, -283.234), (217.913, -307.5)))
(((217.164, -174.636), (175.351, -166.083), (171.527, -143.987), (200.847, -111.829), (207.363, -119.112), (221.572, -172.393), (217.164, -174.636)))
(((281.447, -785.109), (231.902, -821.106), (170.098, -821.106), (155.562, -810.544), (151.898, -757.159), (212.242, -675.09), (281.447, -785.109)))
(((223.862, -435.404), (208.925, -485.814), (178.653, -478.052), (174.304, -466.835), (207.517, -432.178), (221.016, -432.613), (223.862, -435.404)))
(((294.012, 10.415), (228.649, -9.32988), (185.226, -0.645161), (170.537, 25.0595), (225.536, 77.4393), (299.966, 28.7386), (294.012, 10.415)))
(((221.016, -432.613), (207.517, -432.178), (160.133, -400.588), (163.539, -386.791), (196.082, -361.803), (197.963, -361.636), (233.115, -379.818), (221.016, -432.613)))
(((228.883, 273.171), (246.335, 233.551), (213.726, 159.015), (156.322, 233.085), (225.021, 272.587), (228.883, 273.171)))
(((165.951, 645.827), (180.098, 656.106), (241.902, 656.106), (291.902, 619.779), (300.999, 591.78), (242.298, 501.894), (161.13, 590.119), (165.951, 645.827)))
(((219.197, -579.078), (192.605, -581.651), (197.659, -528.584), (216.831, -517.748), (242.473, -545.221), (219.197, -579.078)))
(((262.713, -638.259), (210.804, -665.225), (173.76, -642.429), (180.885, -590.174), (192.605, -581.651), (219.197, -579.078), (254.834, -602.242), (262.713, -638.259)))
(((250.21, -270.85), (220.023, -283.234), (198.108, -264.45), (213.612, -230.995), (242.828, -232.097), (250.21, -270.85)))
(((173.94, 435.733), (182.269, 441.784), (224.681, 451.106), (225.7, 451.106), (283.982, 416.798), (241.131, 297.559), (180.556, 377.605), (171.532, 429.816), (173.94, 435.733)))
(((247.638, -491.569), (222.057, -501.488), (208.925, -485.814), (223.862, -435.404), (250.897, -445.943), (247.638, -491.569)))
(((254.044, -222.127), (242.828, -232.097), (213.612, -230.995), (202.633, -217.11), (217.164, -174.636), (221.572, -172.393), (236.248, -172.619), (250.442, -187.541), (254.044, -222.127)))
(((236.248, -172.619), (221.572, -172.393), (207.363, -119.112), (260.417, -135.436), (236.248, -172.619)))
(((294.363, 10.5211), (301.501, 5.33527), (295.579, -10.4554), (243.714, -86.4002), (218.441, -89.2613), (206.62, -55.4863), (228.649, -9.32988), (294.363, 10.5211)))
(((263.242, -347.396), (238.218, -378.487), (233.115, -379.818), (197.963, -361.636), (223.184, -317.199), (256.068, -323.633), (263.242, -347.396)))
(((261.846, -134.557), (260.417, -135.436), (207.363, -119.112), (200.847, -111.829), (200.775, -110.099), (218.441, -89.2613), (243.714, -86.4002), (267.717, -120.004), (261.846, -134.557)))
(((270.864, -301.932), (256.068, -323.633), (223.184, -317.199), (217.913, -307.5), (220.023, -283.234), (250.21, -270.85), (267.729, -280.542), (271.42, -285.815), (270.864, -301.932)))
(((259.808, -544.528), (242.473, -545.221), (216.831, -517.748), (222.057, -501.488), (247.638, -491.569), (269.423, -502.462), (259.808, -544.528)))
(((274.708, -573.197), (254.834, -602.242), (219.197, -579.078), (242.473, -545.221), (259.808, -544.528), (270.482, -552.915), (274.708, -573.197)))
(((265.789, -441.379), (250.897, -445.943), (223.862, -435.404), (221.016, -432.613), (233.115, -379.818), (238.218, -378.487), (280.586, -405.555), (265.789, -441.379)))
(((298.247, 29.8634), (225.536, 77.4393), (216, 89.0417), (216, 152), (343.303, 152), (355, 116), (355, 116), (335.902, 57.2215), (298.247, 29.8634)))
(((343.303, 152), (216, 152), (214.315, 153.825), (213.726, 159.015), (246.335, 233.551), (349.079, 169.778), (343.303, 152)))
(((347.065, -736.041), (343.902, -745.779), (293.902, -782.106), (279.558, -782.106), (212.242, -675.09), (210.804, -665.225), (262.713, -638.259), (274.947, -641.486), (347.065, -736.041)))
(((284.5, -247), (267.729, -280.542), (250.21, -270.85), (242.828, -232.097), (254.044, -222.127), (267.455, -224.273), (284.5, -247)))
(((289.476, -179.505), (250.442, -187.541), (236.248, -172.619), (260.417, -135.436), (261.846, -134.557), (294.66, -162.844), (289.476, -179.505)))
(((298.339, -496.036), (269.423, -502.462), (247.638, -491.569), (250.897, -445.943), (265.789, -441.379), (272.249, -445.435), (297.176, -489.059), (298.339, -496.036)))
(((290.497, -109.564), (267.717, -120.004), (243.714, -86.4002), (295.579, -10.4554), (290.497, -109.564)))
(((280.586, -405.555), (238.218, -378.487), (263.242, -347.396), (285.685, -352.892), (290.867, -401.256), (280.586, -405.555)))
(((303.542, -206.229), (267.455, -224.273), (254.044, -222.127), (250.442, -187.541), (289.476, -179.505), (303.542, -206.229)))
(((313.934, -532.547), (270.482, -552.915), (259.808, -544.528), (269.423, -502.462), (298.339, -496.036), (306.997, -501.063), (313.934, -532.547)))
(((296.666, -349.073), (285.685, -352.892), (263.242, -347.396), (256.068, -323.633), (270.864, -301.932), (303.821, -318.41), (296.666, -349.073)))
(((308.5, -615.957), (274.947, -641.486), (262.713, -638.259), (254.834, -602.242), (274.708, -573.197), (308.5, -582.583), (308.5, -615.957)))
(((376.186, 290.485), (241.558, 288.937), (241.131, 297.559), (283.982, 416.798), (346.422, 409.564), (370.902, 391.779), (390, 333), (390, 333), (376.186, 290.485)))
(((348.44, 170.175), (246.335, 233.551), (228.883, 273.171), (241.558, 288.937), (376.545, 290.489), (391, 246), (391, 246), (371.902, 187.221), (348.44, 170.175)))
(((316.363, -276.097), (271.42, -285.815), (267.729, -280.542), (284.5, -247), (319.216, -247), (316.363, -276.097)))
(((319.216, -247), (284.5, -247), (267.455, -224.273), (303.542, -206.229), (309.684, -208.828), (320.268, -245.466), (319.216, -247)))
(((323.784, -149.298), (294.66, -162.844), (261.846, -134.557), (267.717, -120.004), (290.497, -109.564), (329.123, -123.839), (323.784, -149.298)))
(((329.697, -563.152), (308.5, -582.583), (274.708, -573.197), (270.482, -552.915), (313.934, -532.547), (321.36, -539.807), (329.697, -563.152)))
(((319.423, -441.346), (315.263, -443.842), (272.249, -445.435), (265.789, -441.379), (280.586, -405.555), (290.867, -401.256), (321.863, -403.928), (319.423, -441.346)))
(((297.176, -489.059), (272.249, -445.435), (315.263, -443.842), (297.176, -489.059)))
(((332.036, -305.512), (303.821, -318.41), (270.864, -301.932), (271.42, -285.815), (316.363, -276.097), (333.691, -299.381), (332.036, -305.512)))
(((321.863, -403.928), (290.867, -401.256), (285.685, -352.892), (296.666, -349.073), (328.06, -360.342), (329.511, -398.788), (321.863, -403.928)))
(((349.903, 409.161), (283.982, 416.798), (225.423, 451.269), (242.298, 501.894), (301.212, 592.106), (339.902, 592.106), (389.902, 555.779), (409, 497), (409, 497), (389.902, 438.221), (349.903, 409.161)))
(((332.236, 4.10565), (337.11, -117.747), (329.123, -123.839), (290.497, -109.564), (295.579, -10.4554), (301.04, 4.10565), (332.236, 4.10565)))
(((349.523, -185.332), (309.684, -208.828), (303.542, -206.229), (289.476, -179.505), (294.66, -162.844), (323.784, -149.298), (349.523, -185.332)))
(((345.853, -341.588), (328.06, -360.342), (296.666, -349.073), (303.821, -318.41), (332.036, -305.512), (345.853, -341.588)))
(((354.374, -478.824), (306.997, -501.063), (298.339, -496.036), (297.176, -489.059), (315.263, -443.842), (319.423, -441.346), (351.086, -466.083), (354.374, -478.824)))
(((347.877, -737.106), (274.947, -641.486), (308.5, -615.957), (419.829, -635.318), (422, -642), (422, -642), (402.902, -700.779), (352.902, -737.106), (347.877, -737.106)))
(((417.364, -634.889), (308.5, -615.957), (308.5, -582.583), (329.697, -563.152), (427.607, -603.365), (417.364, -634.889)))
(((376.537, -192.771), (346.919, -242.135), (320.268, -245.466), (309.684, -208.828), (349.523, -185.332), (376.537, -192.771)))
(((396.167, -503.9), (321.36, -539.807), (313.934, -532.547), (306.997, -501.063), (354.374, -478.824), (396.167, -503.9)))
(((351.086, -466.083), (319.423, -441.346), (321.863, -403.928), (329.511, -398.788), (339.573, -400.704), (366.067, -431.438), (351.086, -466.083)))
(((381.898, -279.705), (333.691, -299.381), (316.363, -276.097), (319.216, -247), (320.268, -245.466), (346.919, -242.135), (381.898, -279.705)))
(((427.595, -603.361), (329.697, -563.152), (321.36, -539.807), (396.167, -503.9), (446.142, -518.893), (453, -540), (453, -540), (433.902, -598.779), (427.595, -603.361)))
(((440.834, -355.403), (339.573, -400.704), (329.511, -398.788), (328.06, -360.342), (345.853, -341.588), (440.834, -355.403)))
(((446.122, -180.4), (376.537, -192.771), (349.523, -185.332), (323.784, -149.298), (329.123, -123.839), (337.11, -117.747), (448.487, -126.876), (456, -150), (456, -150), (446.122, -180.4)))
(((448.688, -126.892), (337.11, -117.747), (332.156, 6.10565), (391.902, 6.10565), (441.902, -30.2215), (461, -89), (461, -89), (448.688, -126.892)))
(((450.501, -354.468), (440.834, -355.403), (345.853, -341.588), (332.036, -305.512), (333.691, -299.381), (381.898, -279.705), (453.981, -288.241), (463, -316), (463, -316), (450.501, -354.468)))
(((471.387, -410.888), (366.067, -431.438), (339.573, -400.704), (440.834, -355.403), (454.166, -354.113), (472, -409), (472, -409), (471.387, -410.888)))
(((456.239, -288.509), (381.898, -279.705), (346.919, -242.135), (376.537, -192.771), (450.661, -179.594), (452.902, -181.221), (472, -240), (472, -240), (456.239, -288.509)))
(((446.736, -519.071), (396.167, -503.9), (354.374, -478.824), (351.086, -466.083), (366.067, -431.438), (467.536, -411.639), (480, -450), (480, -450), (460.902, -508.779), (446.736, -519.071)))
