(((-249.808, -326.096), (-281.902, -302.779), (-301, -244), (-281.902, -185.221), (-262.764, -171.317), (-202.034, -188.584), (-169.094, -217.273), (-167.647, -233.666), (-249.808, -326.096)))
(((-252.175, -328.76), (-167.647, -233.666), (-122.507, -295.357), (-120.382, -337.86), (-148.648, -363.106), (-204.902, -363.106), (-252.175, -328.76)))
(((-262.445, -171.408), (-272, -142), (-252.902, -83.2215), (-202.902, -46.8943), (-182.067, -46.8943), (-125.035, -136.163), (-127.081, -141.738), (-202.034, -188.584), (-262.445, -171.408)))
(((-116.487, -193.746), (-126.222, -206.556), (-169.094, -217.273), (-202.034, -188.584), (-127.081, -141.738), (-116.487, -193.746)))
(((-122.507, -295.357), (-167.647, -233.666), (-169.094, -217.273), (-126.222, -206.556), (-103.844, -251.312), (-122.507, -295.357)))
(((-155.386, 361.059), (-196.902, 391.221), (-216, 450), (-196.902, 508.779), (-146.902, 545.106), (-95.6239, 545.106), (-62.1563, 522.04), (-61.9162, 495.867), (-95.5329, 392.094), (-155.386, 361.059)))
(((-135.094, -3.94), (-73.4532, -94.0299), (-94.0552, -133.272), (-125.035, -136.163), (-183.378, -44.843), (-180.902, -37.2215), (-135.094, -3.94)))
(((-62.3001, -198.493), (-61.8663, -228.859), (-103.844, -251.312), (-126.222, -206.556), (-116.487, -193.746), (-62.689, -198.138), (-62.3001, -198.493)))
(((-62.689, -198.138), (-116.487, -193.746), (-127.081, -141.738), (-125.035, -136.163), (-94.0552, -133.272), (-72.1437, -146.662), (-62.689, -198.138)))
(((-39.6159, -280.427), (-111.687, -336.773), (-120.382, -337.86), (-122.507, -295.357), (-103.844, -251.312), (-61.8663, -228.859), (-36.5501, -255.901), (-39.6159, -280.427)))
(((-116.454, -566.447), (-144.902, -545.779), (-164, -487), (-147.456, -436.083), (-35.6657, -444.975), (-4.7338, -469.643), (-2.67934, -482.726), (-116.454, -566.447)))
(((-134.359, -5.01448), (-121.141, 4.58828), (-38.5212, -53.6214), (-45.3837, -92.8355), (-73.4532, -94.0299), (-134.359, -5.01448)))
(((-33.1922, -132.813), (-72.1437, -146.662), (-94.0552, -133.272), (-73.4532, -94.0299), (-45.3837, -92.8355), (-23.2168, -113.894), (-33.1922, -132.813)))
(((-132.098, 276.825), (-140.902, 283.221), (-160, 342), (-153.487, 362.044), (-95.5329, 392.094), (-14.7577, 377.84), (-23.956, 324.065), (-80.1377, 285.319), (-132.098, 276.825)))
(((-144.885, -436.288), (-157, -399), (-143.984, -358.94), (-120.382, -337.86), (-111.687, -336.773), (-22.8585, -365.286), (-35.6657, -444.975), (-144.885, -436.288)))
(((-132.634, 78.3007), (-133.902, 79.2215), (-153, 138), (-133.961, 196.596), (-46.2726, 187.827), (0.570922, 133.336), (-13.4354, 109.325), (-132.634, 78.3007)))
(((-13.6704, 378.516), (-14.7577, 377.84), (-95.5329, 392.094), (-61.9162, 495.867), (-1.36377, 399.993), (-13.6704, 378.516)))
(((-18.6132, -185.464), (-62.3001, -198.493), (-62.689, -198.138), (-72.1437, -146.662), (-33.1922, -132.813), (-16.2593, -174.087), (-18.6132, -185.464)))
(((-129.399, 196.14), (-143, 238), (-130.289, 277.121), (-80.1377, 285.319), (1.66667, 244.417), (1.38189, 231.744), (-46.2726, 187.827), (-129.399, 196.14)))
(((-118.297, 16.6715), (-134, 65), (-129.405, 79.1411), (-13.4354, 109.325), (5.75434, 57.3528), (-36.6528, 19.3631), (-118.297, 16.6715)))
(((4.6087, -356.13), (-22.8585, -365.286), (-111.687, -336.773), (-39.6159, -280.427), (2.32525, -306.868), (19.26, -336.753), (4.6087, -356.13)))
(((-121.076, 4.54232), (-117.123, 16.7102), (-36.6528, 19.3631), (4.52923, -18.9458), (0.85961, -46.6718), (-38.5212, -53.6214), (-121.076, 4.54232)))
(((13.272, -232.4), (-36.5501, -255.901), (-61.8663, -228.859), (-62.3001, -198.493), (-18.6132, -185.464), (10.2442, -211.756), (13.272, -232.4)))
(((67.6019, -562.769), (55.9017, -598.779), (5.9017, -635.106), (-55.9017, -635.106), (-105.902, -598.779), (-116.416, -566.419), (-2.67934, -482.726), (67.6019, -562.769)))
(((6.61976, -54.7635), (-3.78641, -109.107), (-23.2168, -113.894), (-45.3837, -92.8355), (-38.5212, -53.6214), (0.85961, -46.6718), (6.61976, -54.7635)))
(((25.8653, 277.69), (1.66667, 244.417), (-80.1377, 285.319), (-23.956, 324.065), (25.5683, 284.445), (25.8653, 277.69)))
(((-97.1569, 546.162), (-114, 598), (-94.9017, 656.779), (-44.9017, 693.106), (16.9017, 693.106), (63.024, 659.596), (44.2281, 584.412), (-16.834, 524.198), (-62.1563, 522.04), (-97.1569, 546.162)))
(((22.8636, 490.323), (24.061, 417.281), (-1.36377, 399.993), (-61.9162, 495.867), (-62.1563, 522.04), (-16.834, 524.198), (22.8636, 490.323)))
(((19.6798, -149.699), (-16.2593, -174.087), (-33.1922, -132.813), (-23.2168, -113.894), (-3.78641, -109.107), (5.25, -113.625), (19.6798, -149.699)))
(((17.4478, -235.662), (19.7711, -261.8), (2.32525, -306.868), (-39.6159, -280.427), (-36.5501, -255.901), (13.272, -232.4), (17.4478, -235.662)))
(((20.0619, -445.674), (-4.7338, -469.643), (-35.6657, -444.975), (-22.8585, -365.286), (4.6087, -356.13), (33.7641, -410.276), (20.0619, -445.674)))
(((6.74159, 135.036), (0.570922, 133.336), (-46.2726, 187.827), (1.38189, 231.744), (50.3365, 189.783), (6.74159, 135.036)))
(((43.8004, 45.6426), (35.5439, -2.24561), (4.52923, -18.9458), (-36.6528, 19.3631), (5.75434, 57.3528), (43.7042, 45.757), (43.8004, 45.6426)))
(((47.9746, -174.025), (10.2442, -211.756), (-18.6132, -185.464), (-16.2593, -174.087), (19.6798, -149.699), (49.197, -163.787), (47.9746, -174.025)))
(((58.1773, 328.189), (25.5683, 284.445), (-23.956, 324.065), (-14.7577, 377.84), (-13.6704, 378.516), (55.4432, 337.342), (58.1773, 328.189)))
(((50.7207, -103.291), (5.25, -113.625), (-3.78641, -109.107), (6.61976, -54.7635), (36.278, -61.7419), (56.0667, -94.4363), (50.7207, -103.291)))
(((19.26, -336.753), (2.32525, -306.868), (19.7711, -261.8), (50.5877, -288.764), (31.3722, -333.977), (19.26, -336.753)))
(((62.034, 107.293), (43.7042, 45.757), (5.75434, 57.3528), (-13.4354, 109.325), (0.570922, 133.336), (6.74159, 135.036), (61.4013, 108.203), (62.034, 107.293)))
(((49.197, -163.787), (19.6798, -149.699), (5.25, -113.625), (50.7207, -103.291), (63.9591, -150.728), (49.197, -163.787)))
(((67.0387, -33.1784), (36.278, -61.7419), (6.61976, -54.7635), (0.85961, -46.6718), (4.52923, -18.9458), (35.5439, -2.24561), (67.1776, -24.8412), (67.0387, -33.1784)))
(((66.9402, -275.88), (50.5877, -288.764), (19.7711, -261.8), (17.4478, -235.662), (48.1087, -238.217), (66.9402, -275.88)))
(((88.3904, 404.61), (55.4432, 337.342), (-13.6704, 378.516), (-1.36377, 399.993), (24.061, 417.281), (83.5455, 409.455), (88.3904, 404.61)))
(((78.2728, 193.427), (50.3365, 189.783), (1.38189, 231.744), (1.66667, 244.417), (25.8653, 277.69), (84.4219, 249.538), (78.2728, 193.427)))
(((82.111, -217.352), (48.1087, -238.217), (17.4478, -235.662), (13.272, -232.4), (10.2442, -211.756), (47.9746, -174.025), (82.111, -217.352)))
(((97.0357, -380.135), (76.9458, -401.972), (33.7641, -410.276), (4.6087, -356.13), (19.26, -336.753), (31.3722, -333.977), (83.1143, -345.767), (97.0357, -380.135)))
(((83.5455, 409.455), (24.061, 417.281), (22.8636, 490.323), (87.272, 487.712), (83.5455, 409.455)))
(((139.087, -523.13), (137.902, -526.779), (87.9017, -563.106), (67.8976, -563.106), (-2.67934, -482.726), (-4.7338, -469.643), (20.0619, -445.674), (84.5763, -452.842), (132.932, -503.501), (139.087, -523.13)))
(((87.272, 487.712), (22.8636, 490.323), (-16.834, 524.198), (44.2281, 584.412), (115.565, 509.758), (87.272, 487.712)))
(((93.7648, 182.177), (61.4013, 108.203), (6.74159, 135.036), (50.3365, 189.783), (78.2728, 193.427), (93.7648, 182.177)))
(((84.5763, -452.842), (20.0619, -445.674), (33.7641, -410.276), (76.9458, -401.972), (84.5763, -452.842)))
(((88.9604, -85.4653), (56.0667, -94.4363), (36.278, -61.7419), (67.0387, -33.1784), (94.3347, -67.5511), (88.9604, -85.4653)))
(((67.1776, -24.8412), (35.5439, -2.24561), (43.8004, 45.6426), (60.9532, 42.8679), (104.217, 1), (67.1776, -24.8412)))
(((83.1143, -345.767), (31.3722, -333.977), (50.5877, -288.764), (66.9402, -275.88), (90.0373, -278.709), (96.3971, -328.527), (83.1143, -345.767)))
(((116.606, 275.285), (84.4219, 249.538), (25.8653, 277.69), (25.5683, 284.445), (58.1773, 328.189), (100.206, 313.742), (116.606, 275.285)))
(((118.782, -251.301), (90.0373, -278.709), (66.9402, -275.88), (48.1087, -238.217), (82.111, -217.352), (95.2552, -218.479), (107.874, -229.173), (118.782, -251.301)))
(((105.989, -106.176), (92.2354, -149.403), (63.9591, -150.728), (50.7207, -103.291), (56.0667, -94.4363), (88.9604, -85.4653), (105.989, -106.176)))
(((122.518, 74.4821), (60.9532, 42.8679), (43.8004, 45.6426), (43.7042, 45.757), (62.034, 107.293), (116.027, 95.5123), (122.518, 74.4821)))
(((109.073, -163.21), (95.2552, -218.479), (82.111, -217.352), (47.9746, -174.025), (49.197, -163.787), (63.9591, -150.728), (92.2354, -149.403), (109.073, -163.21)))
(((116.027, 95.5123), (62.034, 107.293), (61.4013, 108.203), (93.7648, 182.177), (103.395, 179.327), (131.593, 131.314), (116.027, 95.5123)))
(((136.118, 360.941), (100.206, 313.742), (58.1773, 328.189), (55.4432, 337.342), (88.3904, 404.61), (121.482, 396.422), (136.118, 360.941)))
(((123.5, -50.7), (94.3347, -67.5511), (67.0387, -33.1784), (67.1776, -24.8412), (104.217, 1), (109.667, 1), (123.5, -9.55085), (123.5, -50.7)))
(((131.25, 65.75), (109.667, 1), (104.217, 1), (60.9532, 42.8679), (122.518, 74.4821), (131.25, 65.75)))
(((132.932, -503.501), (84.5763, -452.842), (76.9458, -401.972), (97.0357, -380.135), (140.184, -396.177), (132.932, -503.501)))
(((62.6096, 657.938), (71.0983, 664.106), (132.902, 664.106), (136.809, 661.267), (136.901, 660.832), (132.357, 515.432), (126.753, 511.157), (115.565, 509.758), (44.2281, 584.412), (62.6096, 657.938)))
(((154.394, -281.594), (130.597, -319.493), (96.3971, -328.527), (90.0373, -278.709), (118.782, -251.301), (138.4, -258.846), (154.394, -281.594)))
(((126.753, 511.157), (158.763, 429.043), (121.482, 396.422), (88.3904, 404.61), (83.5455, 409.455), (87.272, 487.712), (115.565, 509.758), (126.753, 511.157)))
(((154.899, 208.034), (103.395, 179.327), (93.7648, 182.177), (78.2728, 193.427), (84.4219, 249.538), (116.606, 275.285), (140.199, 269.983), (154.899, 208.034)))
(((161.458, -127.553), (134.073, -161.98), (109.073, -163.21), (92.2354, -149.403), (105.989, -106.176), (157.804, -107.192), (161.458, -127.553)))
(((157.804, -107.192), (105.989, -106.176), (88.9604, -85.4653), (94.3347, -67.5511), (123.5, -50.7), (154.77, -69.4623), (167.21, -87.6172), (157.804, -107.192)))
(((152.127, -190.451), (107.874, -229.173), (95.2552, -218.479), (109.073, -163.21), (134.073, -161.98), (152.127, -190.451)))
(((147.54, -392.189), (140.184, -396.177), (97.0357, -380.135), (83.1143, -345.767), (96.3971, -328.527), (130.597, -319.493), (169.074, -362.409), (147.54, -392.189)))
(((193.543, 297.722), (140.199, 269.983), (116.606, 275.285), (100.206, 313.742), (136.118, 360.941), (174.239, 341.881), (194.588, 302.226), (193.543, 297.722)))
(((172.932, -2.84821), (123.5, -9.55085), (109.667, 1), (131.25, 65.75), (150.095, 61.5893), (172.255, 38.4448), (172.932, -2.84821)))
(((180.825, -215.135), (138.4, -258.846), (118.782, -251.301), (107.874, -229.173), (152.127, -190.451), (173.427, -198.971), (180.825, -215.135)))
(((174.181, -3.95157), (154.77, -69.4623), (123.5, -50.7), (123.5, -9.55085), (172.932, -2.84821), (174.181, -3.95157)))
(((198.661, 183.167), (150.084, 132.97), (131.593, 131.314), (103.395, 179.327), (154.899, 208.034), (184.302, 198.233), (198.661, 183.167)))
(((255.448, -311.068), (257.897, -318.606), (169.074, -362.409), (130.597, -319.493), (154.394, -281.594), (255.448, -311.068)))
(((191.897, 100.778), (150.095, 61.5893), (131.25, 65.75), (122.518, 74.4821), (116.027, 95.5123), (131.593, 131.314), (150.084, 132.97), (191.368, 105.076), (191.897, 100.778)))
(((199.635, -154.532), (173.427, -198.971), (152.127, -190.451), (134.073, -161.98), (161.458, -127.553), (199.656, -154.058), (199.635, -154.532)))
(((165.972, 518.971), (132.357, 515.432), (136.901, 660.832), (207.891, 542.514), (165.972, 518.971)))
(((217.772, 404.928), (174.239, 341.881), (136.118, 360.941), (121.482, 396.422), (158.763, 429.043), (202.021, 427.551), (217.772, 404.928)))
(((266.192, -458.107), (255.902, -489.779), (205.902, -526.106), (144.098, -526.106), (138.817, -522.269), (132.932, -503.501), (140.184, -396.177), (147.54, -392.189), (266.192, -458.107)))
(((202.021, 427.551), (158.763, 429.043), (126.753, 511.157), (132.357, 515.432), (165.972, 518.971), (212.757, 453.047), (202.021, 427.551)))
(((192.066, -79.8916), (167.21, -87.6172), (154.77, -69.4623), (174.181, -3.95157), (201.869, -14.5382), (192.066, -79.8916)))
(((210.791, 272.025), (184.302, 198.233), (154.899, 208.034), (140.199, 269.983), (193.543, 297.722), (210.791, 272.025)))
(((257.091, -311.547), (154.394, -281.594), (138.4, -258.846), (180.825, -215.135), (272.964, -253.527), (277.827, -256.688), (260.902, -308.779), (257.091, -311.547)))
(((228.342, 156.075), (191.368, 105.076), (150.084, 132.97), (198.661, 183.167), (201.402, 182.173), (228.342, 156.075)))
(((238.9, 59.65), (172.255, 38.4448), (150.095, 61.5893), (191.897, 100.778), (238.9, 59.65)))
(((268.318, -459.288), (147.54, -392.189), (169.074, -362.409), (254.179, -320.439), (275.902, -336.221), (295, -395), (295, -395), (275.902, -453.779), (268.318, -459.288)))
(((220.592, -141.174), (199.656, -154.058), (161.458, -127.553), (157.804, -107.192), (167.21, -87.6172), (192.066, -79.8916), (219.23, -86.6824), (220.592, -141.174)))
(((296.282, 3.32359), (201.869, -14.5382), (174.181, -3.95157), (172.932, -2.84821), (172.255, 38.4448), (238.9, 59.65), (296.06, 45.3601), (303, 24), (303, 24), (296.282, 3.32359)))
(((272.964, -253.527), (180.825, -215.135), (173.427, -198.971), (199.635, -154.532), (272.964, -253.527)))
(((296.975, 563.225), (273.473, 543.19), (207.891, 542.514), (137.936, 659.106), (175.098, 686.106), (236.902, 686.106), (286.902, 649.779), (306, 591), (306, 591), (296.975, 563.225)))
(((261.441, 493.618), (212.757, 453.047), (165.972, 518.971), (207.891, 542.514), (273.473, 543.19), (261.441, 493.618)))
(((263.544, 340.417), (194.588, 302.226), (174.239, 341.881), (217.772, 404.928), (243.729, 393.494), (263.544, 340.417)))
(((315.859, -53.511), (219.23, -86.6824), (192.066, -79.8916), (201.869, -14.5382), (299.478, 3.92821), (317, -50), (317, -50), (315.859, -53.511)))
(((260.221, 245.349), (201.402, 182.173), (198.661, 183.167), (184.302, 198.233), (210.791, 272.025), (260.221, 245.349)))
(((298.684, 44.704), (238.9, 59.65), (191.897, 100.778), (191.368, 105.076), (228.342, 156.075), (315.044, 135.565), (324, 108), (324, 108), (304.902, 49.2215), (298.684, 44.704)))
(((281.941, -251.273), (276.065, -255.542), (272.964, -253.527), (199.635, -154.532), (199.656, -154.058), (220.592, -141.174), (283.894, -150.729), (281.941, -251.273)))
(((314.881, -53.8469), (320.902, -58.2215), (326.851, -76.5306), (283.894, -150.729), (220.592, -141.174), (219.23, -86.6824), (314.881, -53.8469)))
(((317.078, 135.084), (228.342, 156.075), (201.402, 182.173), (260.221, 245.349), (332.902, 241.311), (346, 201), (346, 201), (326.902, 142.221), (317.078, 135.084)))
(((334.82, 241.204), (260.221, 245.349), (210.791, 272.025), (193.543, 297.722), (194.588, 302.226), (263.544, 340.417), (346.207, 305.752), (351, 291), (351, 291), (334.82, 241.204)))
(((294.333, 427.833), (243.729, 393.494), (217.772, 404.928), (202.021, 427.551), (212.757, 453.047), (261.441, 493.618), (294.333, 427.833)))
(((344.874, 306.311), (263.544, 340.417), (243.729, 393.494), (294.333, 427.833), (382.498, 407.089), (390, 384), (390, 384), (370.902, 325.221), (344.874, 306.311)))
(((385.589, 406.361), (294.333, 427.833), (261.441, 493.618), (273.473, 543.19), (298.009, 564.106), (340.902, 564.106), (390.902, 527.779), (410, 469), (410, 469), (390.902, 410.221), (385.589, 406.361)))
(((281.946, -251.011), (283.894, -150.729), (326.64, -76.8943), (365.902, -76.8943), (415.902, -113.221), (435, -172), (435, -172), (415.902, -230.779), (365.902, -267.106), (304.098, -267.106), (281.946, -251.011)))
