(((-288.051, -527.165), (-305, -475), (-286.247, -417.283), (-206.185, -424.488), (-201.165, -427.67), (-175.529, -478.941), (-288.051, -527.165)))
(((-282.141, -417.652), (-296, -375), (-276.902, -316.221), (-275.087, -314.903), (-201.664, -321.137), (-173.38, -383.765), (-206.185, -424.488), (-282.141, -417.652)))
(((-241.555, -731.006), (-274.902, -706.779), (-294, -648), (-278.214, -599.414), (-178.087, -625.447), (-173.381, -655.256), (-241.555, -731.006)))
(((-273.996, -561.489), (-285.503, -526.073), (-175.529, -478.941), (-156.11, -491.37), (-164.016, -511.495), (-257.255, -559.374), (-273.996, -561.489)))
(((-272, -315.165), (-287, -269), (-267.902, -210.221), (-256.509, -201.944), (-222.147, -203.853), (-153.805, -272.195), (-182.14, -316.468), (-201.664, -321.137), (-272, -315.165)))
(((-280.755, -598.754), (-281, -598), (-268.929, -560.849), (-257.255, -559.374), (-157.756, -571.383), (-144.477, -594.722), (-145.494, -606.928), (-178.087, -625.447), (-280.755, -598.754)))
(((-260.928, -201.698), (-280, -143), (-263.062, -90.8693), (-154.06, -121.719), (-159.657, -188.881), (-222.147, -203.853), (-260.928, -201.698)))
(((-157.756, -571.383), (-257.255, -559.374), (-164.016, -511.495), (-147.893, -551.263), (-157.756, -571.383)))
(((-141.822, -380.096), (-173.38, -383.765), (-201.664, -321.137), (-182.14, -316.468), (-144.668, -333.955), (-139.927, -377.57), (-141.822, -380.096)))
(((-264.885, -90.3532), (-265, -90), (-245.902, -31.2215), (-195.902, 5.10565), (-156.941, 5.10565), (-132.051, -108.977), (-154.06, -121.719), (-264.885, -90.3532)))
(((-224.06, -748.921), (-244.387, -734.152), (-173.381, -655.256), (-113.201, -669.845), (-112.357, -673.643), (-224.06, -748.921)))
(((-156.11, -491.37), (-175.529, -478.941), (-201.165, -427.67), (-150.078, -428.713), (-132.367, -483.456), (-156.11, -491.37)))
(((-135.91, -416.409), (-150.078, -428.713), (-201.165, -427.67), (-206.185, -424.488), (-173.38, -383.765), (-141.822, -380.096), (-135.91, -416.409)))
(((-124.886, -262.867), (-153.805, -272.195), (-222.147, -203.853), (-159.657, -188.881), (-141.678, -193.767), (-118.755, -223.852), (-124.886, -262.867)))
(((-113.201, -669.845), (-173.381, -655.256), (-178.087, -625.447), (-145.494, -606.928), (-110.785, -649.858), (-113.201, -669.845)))
(((-104.873, -536.206), (-147.893, -551.263), (-164.016, -511.495), (-156.11, -491.37), (-132.367, -483.456), (-120.448, -484.892), (-104.102, -529.844), (-104.873, -536.206)))
(((-98.8262, -314.559), (-102.464, -320.143), (-144.668, -333.955), (-182.14, -316.468), (-153.805, -272.195), (-124.886, -262.867), (-98.164, -289.065), (-98.8262, -314.559)))
(((-145.465, -816.106), (-163.902, -816.106), (-213.902, -779.779), (-223.952, -748.848), (-112.357, -673.643), (-89.1923, -696.808), (-145.465, -816.106)))
(((-92.1493, -150.993), (-141.678, -193.767), (-159.657, -188.881), (-154.06, -121.719), (-132.051, -108.977), (-126.701, -110.682), (-92.1493, -150.993)))
(((-92.6709, -465.051), (-120.448, -484.892), (-132.367, -483.456), (-150.078, -428.713), (-135.91, -416.409), (-89.4773, -426.727), (-92.6709, -465.051)))
(((-82.8966, -572.617), (-144.477, -594.722), (-157.756, -571.383), (-147.893, -551.263), (-104.873, -536.206), (-82.7713, -572.122), (-82.8966, -572.617)))
(((-92.907, -375.276), (-139.927, -377.57), (-144.668, -333.955), (-102.464, -320.143), (-89.8979, -370.408), (-92.907, -375.276)))
(((-89.4773, -426.727), (-135.91, -416.409), (-141.822, -380.096), (-139.927, -377.57), (-92.907, -375.276), (-86.5771, -423.202), (-89.4773, -426.727)))
(((-157.007, 5.40482), (-140.902, 17.1057), (-131.327, 17.1057), (-95.813, -21.0591), (-85.7338, -85.8538), (-126.701, -110.682), (-132.051, -108.977), (-157.007, 5.40482)))
(((-70.8109, -613.963), (-110.785, -649.858), (-145.494, -606.928), (-144.477, -594.722), (-82.8966, -572.617), (-70.8109, -613.963)))
(((-79.4446, -219.188), (-118.755, -223.852), (-141.678, -193.767), (-92.1493, -150.993), (-86.094, -151.295), (-55.8645, -204.778), (-79.4446, -219.188)))
(((-70.7877, -139.39), (-86.094, -151.295), (-92.1493, -150.993), (-126.701, -110.682), (-85.7338, -85.8538), (-64.6464, -99.0335), (-70.7877, -139.39)))
(((-98.164, -289.065), (-124.886, -262.867), (-118.755, -223.852), (-79.4446, -219.188), (-68.8761, -274.144), (-98.164, -289.065)))
(((-40.2143, -504.745), (-104.102, -529.844), (-120.448, -484.892), (-92.6709, -465.051), (-50.9457, -484.815), (-40.2143, -504.745)))
(((-28.6707, -826.264), (-49.0983, -841.106), (-110.902, -841.106), (-145.426, -816.022), (-89.1923, -696.808), (-66.4051, -700.483), (-28.6707, -826.264)))
(((-38.75, -506), (-51.1796, -555.718), (-82.7713, -572.122), (-104.873, -536.206), (-104.102, -529.844), (-40.2143, -504.745), (-38.75, -506)))
(((-36.3, -355.3), (-44.5, -363.5), (-89.8979, -370.408), (-102.464, -320.143), (-98.8262, -314.559), (-42.7222, -329.611), (-36.3, -355.3)))
(((-38.4717, -687.949), (-66.4051, -700.483), (-89.1923, -696.808), (-112.357, -673.643), (-113.201, -669.845), (-110.785, -649.858), (-70.8109, -613.963), (-46.7419, -621.396), (-23.9651, -652.933), (-38.4717, -687.949)))
(((-29.7845, -83.4569), (-64.6464, -99.0335), (-85.7338, -85.8538), (-95.813, -21.0591), (-15.6176, -57.1471), (-29.7845, -83.4569)))
(((-44.5, -416.672), (-86.5771, -423.202), (-92.907, -375.276), (-89.8979, -370.408), (-44.5, -363.5), (-44.5, -416.672)))
(((-29.6359, -251.23), (-54.24, -273.892), (-68.8761, -274.144), (-79.4446, -219.188), (-55.8645, -204.778), (-35.3859, -208.106), (-29.6359, -251.23)))
(((-42.7222, -329.611), (-98.8262, -314.559), (-98.164, -289.065), (-68.8761, -274.144), (-54.24, -273.892), (-32.6406, -310.611), (-42.7222, -329.611)))
(((-20.5514, -432.316), (-50.9457, -484.815), (-92.6709, -465.051), (-89.4773, -426.727), (-86.5771, -423.202), (-44.5, -416.672), (-22.8822, -427.854), (-20.5514, -432.316)))
(((-35.3859, -208.106), (-55.8645, -204.778), (-86.094, -151.295), (-70.7877, -139.39), (-30.6456, -142.807), (-27.3978, -202.892), (-35.3859, -208.106)))
(((-15.3932, -585.723), (-46.7419, -621.396), (-70.8109, -613.963), (-82.8966, -572.617), (-82.7713, -572.122), (-51.1796, -555.718), (-22.5566, -570.745), (-15.3932, -585.723)))
(((-16.4394, -132.389), (-30.6456, -142.807), (-70.7877, -139.39), (-64.6464, -99.0335), (-29.7845, -83.4569), (-16.4394, -132.389)))
(((-129.504, 15.1466), (-121.322, 40.3299), (-31.5878, 39.4415), (6.9712, -36.1935), (-2.11584, -51.7463), (-15.6176, -57.1471), (-95.813, -21.0591), (-129.504, 15.1466)))
(((-120.86, 40.3253), (-137, 90), (-117.902, 148.779), (-92.4704, 167.255), (19.2003, 82.882), (9.25, 66.6667), (-31.5878, 39.4415), (-120.86, 40.3253)))
(((-88.6547, 176.425), (-115.902, 196.221), (-135, 255), (-115.902, 313.779), (-79.2974, 340.373), (14.426, 250.815), (16.2005, 245.032), (-38.0124, 189.93), (-88.6547, 176.425)))
(((5.5, -822.765), (0.901699, -826.106), (-28.7183, -826.106), (-66.4051, -700.483), (-38.4717, -687.949), (5.5, -719.357), (5.5, -822.765)))
(((-0.408289, -300.101), (-32.6406, -310.611), (-54.24, -273.892), (-29.6359, -251.23), (-3.28748, -265.55), (-0.408289, -300.101)))
(((2.8493, -386.46), (-22.8822, -427.854), (-44.5, -416.672), (-44.5, -363.5), (-36.3, -355.3), (-8.25047, -361.738), (2.8493, -386.46)))
(((7.4396, -529.084), (-22.5566, -570.745), (-51.1796, -555.718), (-38.75, -506), (-4.63523, -508.729), (7.4396, -529.084)))
(((14.6647, -483.157), (-4.63523, -508.729), (-38.75, -506), (-40.2143, -504.745), (-50.9457, -484.815), (-20.5514, -432.316), (7.47946, -446.577), (14.6647, -483.157)))
(((25.0095, -641.41), (-23.9651, -652.933), (-46.7419, -621.396), (-15.3932, -585.723), (15.9855, -593.722), (17.8922, -595.932), (25.1867, -641.157), (25.0095, -641.41)))
(((24.9985, -331.899), (-8.25047, -361.738), (-36.3, -355.3), (-42.7222, -329.611), (-32.6406, -310.611), (-0.408289, -300.101), (23.6533, -315.981), (24.9985, -331.899)))
(((0.14658, -199.169), (-27.3978, -202.892), (-30.6456, -142.807), (-16.4394, -132.389), (10.997, -137.684), (0.14658, -199.169)))
(((-92.5099, 167.285), (-89.6241, 176.167), (-38.0124, 189.93), (41.3316, 149.586), (34.3762, 91.1597), (19.2003, 82.882), (-92.5099, 167.285)))
(((20.2305, -206.258), (8.96243, -258.842), (-3.28748, -265.55), (-29.6359, -251.23), (-35.3859, -208.106), (-27.3978, -202.892), (0.14658, -199.169), (20.2305, -206.258)))
(((30.1553, -130.689), (10.997, -137.684), (-16.4394, -132.389), (-29.7845, -83.4569), (-15.6176, -57.1471), (-2.11584, -51.7463), (42.9197, -105.161), (30.1553, -130.689)))
(((25.7309, -540.818), (15.9855, -593.722), (-15.3932, -585.723), (-22.5566, -570.745), (7.4396, -529.084), (25.7309, -540.818)))
(((39.6009, -694.303), (5.5, -719.357), (-38.4717, -687.949), (-23.9651, -652.933), (25.0095, -641.41), (39.6009, -694.303)))
(((-78.9804, 340.07), (-72.9017, 358.779), (-22.9017, 395.106), (38.9017, 395.106), (64.6573, 376.393), (14.426, 250.815), (-78.9804, 340.07)))
(((39.7284, -427.649), (7.47946, -446.577), (-20.5514, -432.316), (-22.8822, -427.854), (2.8493, -386.46), (48.118, -398.531), (39.7284, -427.649)))
(((50.351, -15.0598), (6.9712, -36.1935), (-31.5878, 39.4415), (9.25, 66.6667), (50.139, -7.32292), (50.351, -15.0598)))
(((50.0988, -293.142), (23.6533, -315.981), (-0.408289, -300.101), (-3.28748, -265.55), (8.96243, -258.842), (41.2913, -263.332), (50.0988, -293.142)))
(((61.9262, -179.989), (21.429, -206.193), (20.2305, -206.258), (0.14658, -199.169), (10.997, -137.684), (30.1553, -130.689), (61.9262, -179.989)))
(((48.118, -398.531), (2.8493, -386.46), (-8.25047, -361.738), (24.9985, -331.899), (50.3144, -352.152), (49.4418, -397.528), (48.118, -398.531)))
(((41.2913, -263.332), (8.96243, -258.842), (20.2305, -206.258), (21.429, -206.193), (52.1471, -244.925), (41.2913, -263.332)))
(((87.0679, 185.379), (41.3316, 149.586), (-38.0124, 189.93), (16.2005, 245.032), (67.9177, 229.752), (87.0679, 185.379)))
(((62.3245, -538.378), (25.7309, -540.818), (7.4396, -529.084), (-4.63523, -508.729), (14.6647, -483.157), (75.4411, -486.732), (62.3245, -538.378)))
(((75.4411, -486.732), (14.6647, -483.157), (7.47946, -446.577), (39.7284, -427.649), (76.4317, -468.149), (77.124, -485.225), (75.4411, -486.732)))
(((71.8847, -578.464), (17.8922, -595.932), (15.9855, -593.722), (25.7309, -540.818), (62.3245, -538.378), (80.7962, -563.147), (71.8847, -578.464)))
(((5.5, -822.765), (5.5, -719.357), (39.6009, -694.303), (51.0747, -698.187), (82.7078, -777.269), (61.1071, -826.106), (10.0983, -826.106), (5.5, -822.765)))
(((74.3023, -631.651), (25.1867, -641.157), (17.8922, -595.932), (71.8847, -578.464), (74.3023, -631.651)))
(((93.6774, -50.5484), (53.9182, -102.732), (42.9197, -105.161), (-2.11584, -51.7463), (6.9712, -36.1935), (50.351, -15.0598), (80.3904, -28.2021), (93.6774, -50.5484)))
(((92.5612, 70.8232), (50.139, -7.32292), (9.25, 66.6667), (19.2003, 82.882), (34.3762, 91.1597), (91.3284, 71.9623), (92.5612, 70.8232)))
(((137.016, 331.194), (67.9177, 229.752), (16.2005, 245.032), (14.426, 250.815), (64.9423, 377.106), (83.9017, 377.106), (133.902, 340.779), (137.016, 331.194)))
(((68.4646, -180.97), (72.4343, -240.514), (52.1471, -244.925), (21.429, -206.193), (61.9262, -179.989), (68.4646, -180.97)))
(((89.5093, -338.519), (50.3144, -352.152), (24.9985, -331.899), (23.6533, -315.981), (50.0988, -293.142), (75.0209, -295.765), (94.3657, -325.427), (89.5093, -338.519)))
(((104.142, -668.496), (100.091, -680.181), (51.0747, -698.187), (39.6009, -694.303), (25.0095, -641.41), (25.1867, -641.157), (74.3023, -631.651), (101.864, -645.432), (104.142, -668.496)))
(((98.3012, -261.276), (75.0209, -295.765), (50.0988, -293.142), (41.2913, -263.332), (52.1471, -244.925), (72.4343, -240.514), (93.9803, -249.492), (98.3012, -261.276)))
(((111.715, -148.049), (89.0944, -176.209), (68.4646, -180.97), (61.9262, -179.989), (30.1553, -130.689), (42.9197, -105.161), (53.9182, -102.732), (102.37, -129.65), (111.715, -148.049)))
(((105.856, -420.618), (76.4317, -468.149), (39.7284, -427.649), (48.118, -398.531), (49.4418, -397.528), (88.0024, -400.689), (105.856, -420.618)))
(((102.854, -365.209), (88.0024, -400.689), (49.4418, -397.528), (50.3144, -352.152), (89.5093, -338.519), (102.854, -365.209)))
(((82.7078, -777.269), (51.0747, -698.187), (100.091, -680.181), (122.636, -736.054), (82.7078, -777.269)))
(((115.261, 174.871), (91.3284, 71.9623), (34.3762, 91.1597), (41.3316, 149.586), (87.0679, 185.379), (115.261, 174.871)))
(((115.838, -215.864), (93.9803, -249.492), (72.4343, -240.514), (68.4646, -180.97), (89.0944, -176.209), (115.838, -215.864)))
(((126.104, 21.3206), (80.3904, -28.2021), (50.351, -15.0598), (50.139, -7.32292), (92.5612, 70.8232), (118.623, 60.7175), (126.104, 21.3206)))
(((124.929, -63.707), (102.37, -129.65), (53.9182, -102.732), (93.6774, -50.5484), (124.929, -63.707)))
(((101.864, -645.432), (74.3023, -631.651), (71.8847, -578.464), (80.7962, -563.147), (106.392, -564.494), (111.567, -636.941), (101.864, -645.432)))
(((120.197, -560.017), (106.392, -564.494), (80.7962, -563.147), (62.3245, -538.378), (75.4411, -486.732), (77.124, -485.225), (114.929, -492.786), (134.257, -509.926), (120.197, -560.017)))
(((147.493, -293.76), (132.929, -313.786), (94.3657, -325.427), (75.0209, -295.765), (98.3012, -261.276), (144.566, -280.16), (147.493, -293.76)))
(((139.694, -444.712), (114.929, -492.786), (77.124, -485.225), (76.4317, -468.149), (105.856, -420.618), (131.18, -422.82), (139.694, -444.712)))
(((131.18, -422.82), (105.856, -420.618), (88.0024, -400.689), (102.854, -365.209), (135.152, -367.572), (154.085, -399.915), (131.18, -422.82)))
(((144.152, -347.455), (135.152, -367.572), (102.854, -365.209), (89.5093, -338.519), (94.3657, -325.427), (132.929, -313.786), (144.152, -347.455)))
(((136.275, 330.106), (137.841, 330.106), (155.042, 194.958), (126.369, 175.056), (115.261, 174.871), (87.0679, 185.379), (67.9177, 229.752), (136.275, 330.106)))
(((163.468, -618.149), (111.567, -636.941), (106.392, -564.494), (120.197, -560.017), (160.255, -582.809), (163.468, -618.149)))
(((167.74, 84.98), (118.623, 60.7175), (92.5612, 70.8232), (91.3284, 71.9623), (115.261, 174.871), (126.369, 175.056), (173.996, 97.4921), (167.74, 84.98)))
(((149.796, -62.0306), (124.929, -63.707), (93.6774, -50.5484), (80.3904, -28.2021), (126.104, 21.3206), (157.614, -3.39349), (149.796, -62.0306)))
(((144.566, -280.16), (98.3012, -261.276), (93.9803, -249.492), (115.838, -215.864), (133.377, -216.821), (149.091, -271.817), (144.566, -280.16)))
(((163.025, -201.051), (133.377, -216.821), (115.838, -215.864), (89.0944, -176.209), (111.715, -148.049), (142.157, -148.8), (164.473, -194.292), (163.025, -201.051)))
(((167.366, -88.4939), (155.081, -136.816), (142.157, -148.8), (111.715, -148.049), (102.37, -129.65), (124.929, -63.707), (149.796, -62.0306), (159.102, -68.2349), (167.366, -88.4939)))
(((175.377, -707.642), (144.208, -734.277), (122.636, -736.054), (100.091, -680.181), (104.142, -668.496), (169.427, -680.016), (175.377, -707.642)))
(((184.311, -636.107), (169.427, -680.016), (104.142, -668.496), (101.864, -645.432), (111.567, -636.941), (163.468, -618.149), (184.311, -636.107)))
(((212.053, -845.841), (175.902, -872.106), (114.098, -872.106), (64.0983, -835.779), (61.0196, -826.303), (82.7078, -777.269), (122.636, -736.054), (144.208, -734.277), (210.11, -822.147), (212.053, -845.841)))
(((175.593, -503.936), (134.257, -509.926), (114.929, -492.786), (139.694, -444.712), (178.256, -466.023), (184.965, -492.86), (175.593, -503.936)))
(((188.114, -241.574), (149.091, -271.817), (133.377, -216.821), (163.025, -201.051), (189.497, -238.277), (188.114, -241.574)))
(((189.293, -557.757), (160.255, -582.809), (120.197, -560.017), (134.257, -509.926), (175.593, -503.936), (189.293, -557.757)))
(((167.681, -398.594), (154.085, -399.915), (135.152, -367.572), (144.152, -347.455), (186.496, -348.867), (167.681, -398.594)))
(((186.496, -348.867), (144.152, -347.455), (132.929, -313.786), (147.493, -293.76), (181.837, -308.221), (192.765, -343.737), (186.496, -348.867)))
(((214.638, 15.9364), (157.614, -3.39349), (126.104, 21.3206), (118.623, 60.7175), (167.74, 84.98), (214.638, 15.9364)))
(((178.256, -466.023), (139.694, -444.712), (131.18, -422.82), (154.085, -399.915), (167.681, -398.594), (203.322, -417.029), (178.256, -466.023)))
(((137.725, 331.022), (146.098, 337.106), (207.902, 337.106), (254.469, 303.273), (180.772, 196.077), (155.042, 194.958), (137.725, 331.022)))
(((173.996, 97.4921), (126.369, 175.056), (155.042, 194.958), (180.772, 196.077), (260.579, 136.56), (173.996, 97.4921)))
(((208, -176.244), (164.473, -194.292), (142.157, -148.8), (155.081, -136.816), (206.556, -147.111), (217.197, -168.393), (208, -176.244)))
(((210.11, -822.147), (144.208, -734.277), (175.377, -707.642), (190.146, -711.495), (221.979, -773.486), (210.11, -822.147)))
(((209.638, -289.235), (181.837, -308.221), (147.493, -293.76), (144.566, -280.16), (149.091, -271.817), (188.114, -241.574), (209.638, -289.235)))
(((255.699, 1.67302), (223.753, -39.7887), (159.102, -68.2349), (149.796, -62.0306), (157.614, -3.39349), (214.638, 15.9364), (255.699, 1.67302)))
(((206.556, -147.111), (155.081, -136.816), (167.366, -88.4939), (219.121, -107.621), (206.556, -147.111)))
(((231.164, -366.508), (216.747, -414.847), (203.322, -417.029), (167.681, -398.594), (186.496, -348.867), (192.765, -343.737), (226.727, -352.794), (231.164, -366.508)))
(((189.497, -238.277), (163.025, -201.051), (164.473, -194.292), (208, -176.244), (208, -232.853), (189.497, -238.277)))
(((248.165, -627.386), (231.785, -634.431), (184.311, -636.107), (163.468, -618.149), (160.255, -582.809), (189.293, -557.757), (199.518, -559.488), (254.161, -615.838), (248.165, -627.386)))
(((217.359, -701.154), (190.146, -711.495), (175.377, -707.642), (169.427, -680.016), (184.311, -636.107), (231.785, -634.431), (217.359, -701.154)))
(((219.121, -107.621), (167.366, -88.4939), (159.102, -68.2349), (223.753, -39.7887), (228.641, -103.336), (219.121, -107.621)))
(((241.455, -484.491), (232.781, -492.186), (184.965, -492.86), (178.256, -466.023), (203.322, -417.029), (216.747, -414.847), (244.501, -434.231), (241.455, -484.491)))
(((239.55, -532.8), (199.518, -559.488), (189.293, -557.757), (175.593, -503.936), (184.965, -492.86), (232.781, -492.186), (239.55, -532.8)))
(((246.187, -326.165), (226.727, -352.794), (192.765, -343.737), (181.837, -308.221), (209.638, -289.235), (244.03, -291.111), (246.187, -326.165)))
(((244.03, -291.111), (209.638, -289.235), (188.114, -241.574), (189.497, -238.277), (208, -232.853), (227.122, -233.183), (256.022, -276.532), (244.03, -291.111)))
(((247.711, -205.046), (227.122, -233.183), (208, -232.853), (208, -176.244), (217.197, -168.393), (236.541, -173.302), (247.711, -205.046)))
(((299.239, 10.2583), (255.699, 1.67302), (214.638, 15.9364), (167.74, 84.98), (173.996, 97.4921), (260.579, 136.56), (287.262, 135.235), (298.902, 126.779), (318, 68), (318, 68), (299.239, 10.2583)))
(((260.553, -728.978), (221.979, -773.486), (190.146, -711.495), (217.359, -701.154), (255.538, -717.516), (260.553, -728.978)))
(((285.402, 135.328), (260.579, 136.56), (180.772, 196.077), (255.041, 304.106), (255.902, 304.106), (305.902, 267.779), (325, 209), (325, 209), (305.902, 150.221), (285.402, 135.328)))
(((254.161, -615.838), (199.518, -559.488), (239.55, -532.8), (273.885, -558.96), (261.097, -610.112), (254.161, -615.838)))
(((263.4, -152.598), (236.541, -173.302), (217.197, -168.393), (206.556, -147.111), (219.121, -107.621), (228.641, -103.336), (261.133, -109.525), (263.4, -152.598)))
(((271.377, -665.477), (255.538, -717.516), (217.359, -701.154), (231.785, -634.431), (248.165, -627.386), (271.377, -665.477)))
(((309.95, -2.90512), (279.946, -95.4152), (261.133, -109.525), (228.641, -103.336), (223.753, -39.7887), (255.699, 1.67302), (293.413, 9.10958), (309.95, -2.90512)))
(((311.439, -412.251), (244.501, -434.231), (216.747, -414.847), (231.164, -366.508), (289.463, -382.951), (311.439, -412.251)))
(((282.722, -269.773), (256.022, -276.532), (227.122, -233.183), (247.711, -205.046), (271.68, -211.405), (284.71, -225.18), (286.146, -263.951), (282.722, -269.773)))
(((310.923, -532.244), (273.885, -558.96), (239.55, -532.8), (232.781, -492.186), (241.455, -484.491), (288.87, -493.484), (310.923, -532.244)))
(((289.463, -382.951), (231.164, -366.508), (226.727, -352.794), (246.187, -326.165), (286.51, -338.646), (289.463, -382.951)))
(((327.414, -840.664), (297.902, -862.106), (236.098, -862.106), (211.947, -844.559), (210.11, -822.147), (221.979, -773.486), (260.553, -728.978), (277.732, -733.849), (327.414, -840.664)))
(((298.057, -166.189), (271.68, -211.405), (247.711, -205.046), (236.541, -173.302), (263.4, -152.598), (298.057, -166.189)))
(((323.767, -427.878), (288.87, -493.484), (241.455, -484.491), (244.501, -434.231), (311.439, -412.251), (313.114, -412.774), (323.767, -427.878)))
(((302.686, -325.373), (286.51, -338.646), (246.187, -326.165), (244.03, -291.111), (256.022, -276.532), (282.722, -269.773), (304.906, -297.076), (302.686, -325.373)))
(((320.334, -712.095), (277.732, -733.849), (260.553, -728.978), (255.538, -717.516), (271.377, -665.477), (301.273, -675.63), (320.334, -712.095)))
(((310.874, -165.4), (298.057, -166.189), (263.4, -152.598), (261.133, -109.525), (279.946, -95.4152), (316.092, -124.532), (310.874, -165.4)))
(((316.522, -169.516), (323.886, -204.998), (284.71, -225.18), (271.68, -211.405), (298.057, -166.189), (310.874, -165.4), (316.522, -169.516)))
(((331.487, -649.445), (301.273, -675.63), (271.377, -665.477), (248.165, -627.386), (254.161, -615.838), (261.097, -610.112), (323.325, -614.756), (331.487, -649.445)))
(((384.221, -563.824), (323.325, -614.756), (261.097, -610.112), (273.885, -558.96), (310.923, -532.244), (350.594, -538.152), (384.221, -563.824)))
(((328.084, -842.106), (277.732, -733.849), (320.334, -712.095), (342.142, -718.326), (331.652, -842.106), (328.084, -842.106)))
(((311.439, -412.251), (289.463, -382.951), (286.51, -338.646), (302.686, -325.373), (354.082, -353.273), (313.114, -412.774), (311.439, -412.251)))
(((331.32, -248.893), (286.146, -263.951), (284.71, -225.18), (323.886, -204.998), (336.752, -215.524), (331.32, -248.893)))
(((395.167, -35.055), (350.269, -109.885), (316.092, -124.532), (279.946, -95.4152), (309.953, -2.89435), (350.902, -2.89435), (395.167, -35.055)))
(((352.268, -442.748), (350.594, -538.152), (310.923, -532.244), (288.87, -493.484), (323.767, -427.878), (352.268, -442.748)))
(((382.904, -291.635), (304.906, -297.076), (282.722, -269.773), (286.146, -263.951), (331.32, -248.893), (382.904, -291.635)))
(((427.733, -313.1), (354.082, -353.273), (302.686, -325.373), (304.906, -297.076), (382.904, -291.635), (425.356, -305.785), (427.733, -313.1)))
(((342.142, -718.326), (320.334, -712.095), (301.273, -675.63), (331.487, -649.445), (356.376, -664.259), (358.895, -709.614), (342.142, -718.326)))
(((362.447, -159.949), (316.522, -169.516), (310.874, -165.4), (316.092, -124.532), (350.269, -109.885), (362.447, -159.949)))
(((443.832, -200.827), (336.752, -215.524), (323.886, -204.998), (316.522, -169.516), (362.447, -159.949), (444.488, -198.81), (443.832, -200.827)))
(((443.465, -599.5), (356.376, -664.259), (331.487, -649.445), (323.325, -614.756), (384.221, -563.824), (429.325, -571.443), (435.902, -576.221), (443.465, -599.5)))
(((425.031, -305.677), (382.904, -291.635), (331.32, -248.893), (336.752, -215.524), (442.65, -200.989), (455, -239), (455, -239), (435.902, -297.779), (425.031, -305.677)))
(((331.627, -842.404), (342.142, -718.326), (358.895, -709.614), (461.649, -729.375), (469, -752), (469, -752), (449.902, -810.779), (399.902, -847.106), (338.098, -847.106), (331.627, -842.404)))
(((458.501, -432.468), (352.268, -442.748), (323.767, -427.878), (313.114, -412.774), (354.082, -353.273), (424.147, -315.056), (451.902, -335.221), (471, -394), (471, -394), (458.501, -432.468)))
(((443.872, -198.518), (362.447, -159.949), (350.269, -109.885), (394.663, -35.8943), (405.902, -35.8943), (455.902, -72.2215), (475, -131), (475, -131), (455.902, -189.779), (443.872, -198.518)))
(((426.284, -570.93), (384.221, -563.824), (350.594, -538.152), (352.268, -442.748), (462.166, -432.113), (480, -487), (480, -487), (460.902, -545.779), (426.284, -570.93)))
(((465.751, -730.164), (358.895, -709.614), (356.376, -664.259), (443.365, -599.574), (464.902, -615.221), (484, -674), (484, -674), (465.751, -730.164)))
