(((-204.206, 500.894), (-225.902, 500.894), (-275.902, 537.221), (-295, 596), (-275.902, 654.779), (-225.902, 691.106), (-164.098, 691.106), (-142.187, 675.186), (-153.065, 551.447), (-204.206, 500.894)))
(((-168.452, 434.637), (-189.902, 450.221), (-205.841, 499.278), (-153.065, 551.447), (-44.0938, 544.55), (-41.771, 523.49), (-106.779, 450.055), (-168.452, 434.637)))
(((-141.94, 677.992), (-134.902, 683.106), (-73.0983, 683.106), (-23.0983, 646.779), (-11.5357, 611.193), (-44.0938, 544.55), (-153.065, 551.447), (-141.94, 677.992)))
(((-162.749, 340.829), (-181, 397), (-168.799, 434.55), (-106.779, 450.055), (-19.0696, 400.152), (-43.662, 366.93), (-162.749, 340.829)))
(((-121.113, -172.695), (-149.902, -151.779), (-169, -93), (-149.902, -34.2215), (-103.745, -0.686605), (-51.8651, -17.743), (-29.7299, -91.1916), (-121.113, -172.695)))
(((-119.128, 245.769), (-145.902, 265.221), (-165, 324), (-159.285, 341.588), (-43.662, 366.93), (-24.732, 294.759), (-119.128, 245.769)))
(((-14.726, 401.814), (-19.0696, 400.152), (-106.779, 450.055), (-41.771, 523.49), (16.7355, 459.896), (-14.726, 401.814)))
(((-101.121, 104.397), (-122.902, 120.221), (-142, 179), (-123.278, 236.621), (3.87205, 201.944), (-2.073, 145.136), (-33.6429, 115.643), (-101.121, 104.397)))
(((-93.7921, -205.569), (-116.902, -188.779), (-121.9, -173.397), (-29.7299, -91.1916), (2.21067, -112.846), (-37.3611, -188.692), (-93.7921, -205.569)))
(((-121.083, 236.023), (-123.511, 243.494), (-24.732, 294.759), (36.7765, 281.81), (45.2199, 265.443), (40.5277, 235.178), (3.87205, 201.944), (-121.083, 236.023)))
(((-103.534, -0.75608), (-121, 53), (-104.482, 103.836), (-33.6429, 115.643), (-13.06, 95.06), (6.49549, -5.97672), (-51.8651, -17.743), (-103.534, -0.75608)))
(((3.87178, -332.106), (-34.9017, -332.106), (-84.9017, -295.779), (-104, -237), (-93.7868, -205.567), (-37.3611, -188.692), (30.3243, -200.109), (41.8436, -209.149), (3.87178, -332.106)))
(((36.7765, 281.81), (-24.732, 294.759), (-43.662, 366.93), (-19.0696, 400.152), (-14.726, 401.814), (54.5554, 344.629), (36.7765, 281.81)))
(((60.8895, -95.9479), (37.8106, -110.273), (2.21067, -112.846), (-29.7299, -91.1916), (-51.8651, -17.743), (6.49549, -5.97672), (8.22364, -6.05648), (60.9241, -95.7897), (60.8895, -95.9479)))
(((30.3243, -200.109), (-37.3611, -188.692), (2.21067, -112.846), (37.8106, -110.273), (30.3243, -200.109)))
(((53.9576, 21.974), (8.22364, -6.05648), (6.49549, -5.97672), (-13.06, 95.06), (65.5798, 61.1019), (53.9576, 21.974)))
(((-9.74322, 614.862), (-3.9017, 619.106), (39.0058, 619.106), (67.5288, 468.712), (16.7355, 459.896), (-41.771, 523.49), (-44.0938, 544.55), (-9.74322, 614.862)))
(((65.5798, 61.1019), (-13.06, 95.06), (-33.6429, 115.643), (-2.073, 145.136), (67.0547, 129.659), (92.9049, 91.3811), (65.5798, 61.1019)))
(((67.0547, 129.659), (-2.073, 145.136), (3.87205, 201.944), (40.5277, 235.178), (81.5705, 189.658), (67.0547, 129.659)))
(((121.992, 418.082), (88.4603, 364.316), (54.5554, 344.629), (-14.726, 401.814), (16.7355, 459.896), (67.5288, 468.712), (86.9395, 463.271), (121.992, 418.082)))
(((143.36, -203.058), (41.8436, -209.149), (30.3243, -200.109), (37.8106, -110.273), (60.8895, -95.9479), (148.002, -188.772), (143.36, -203.058)))
(((3.93088, -331.914), (41.8436, -209.149), (146.095, -202.894), (164, -258), (164, -258), (144.902, -316.779), (94.9017, -353.106), (33.0983, -353.106), (3.93088, -331.914)))
(((118.131, -44.9389), (60.9241, -95.7897), (8.22364, -6.05648), (53.9576, 21.974), (112.932, -19.2141), (118.131, -44.9389)))
(((39, 619.136), (54.0983, 630.106), (102.529, 630.106), (140.043, 539.133), (86.9395, 463.271), (67.5288, 468.712), (39, 619.136)))
(((129.632, 268.422), (45.2199, 265.443), (36.7765, 281.81), (54.5554, 344.629), (88.4603, 364.316), (148.255, 297.687), (129.632, 268.422)))
(((133.051, 261.394), (125.645, 190.288), (81.5705, 189.658), (40.5277, 235.178), (45.2199, 265.443), (129.632, 268.422), (133.051, 261.394)))
(((143.149, 117.075), (119.802, 92.4485), (92.9049, 91.3811), (67.0547, 129.659), (81.5705, 189.658), (125.645, 190.288), (148.732, 173.594), (143.149, 117.075)))
(((161.43, 35.8974), (112.932, -19.2141), (53.9576, 21.974), (65.5798, 61.1019), (92.9049, 91.3811), (119.802, 92.4485), (161.43, 35.8974)))
(((182.625, -171.237), (153.902, -192.106), (151.13, -192.106), (60.8895, -95.9479), (60.9241, -95.7897), (118.131, -44.9389), (130.13, -50.4993), (182.625, -171.237)))
(((238.959, 338.72), (148.255, 297.687), (88.4603, 364.316), (121.992, 418.082), (137.118, 416.58), (235.542, 361.797), (241, 345), (241, 345), (238.959, 338.72)))
(((190.087, 192.855), (148.732, 173.594), (125.645, 190.288), (133.051, 261.394), (203.852, 216.496), (190.087, 192.855)))
(((191.514, 486.518), (137.118, 416.58), (121.992, 418.082), (86.9395, 463.271), (140.043, 539.133), (192.019, 523.365), (191.514, 486.518)))
(((202.471, -41.1651), (130.13, -50.4993), (118.131, -44.9389), (112.932, -19.2141), (161.43, 35.8974), (177.125, 32.3376), (202.471, -41.1651)))
(((267.717, -80.9493), (249.902, -135.779), (199.902, -172.106), (183.002, -172.106), (130.13, -50.4993), (202.471, -41.1651), (267.717, -80.9493)))
(((278.654, 262.065), (203.852, 216.496), (133.051, 261.394), (129.632, 268.422), (148.255, 297.687), (235.799, 337.29), (259.902, 319.779), (278.654, 262.065)))
(((101.061, 633.664), (101.098, 633.779), (151.098, 670.106), (212.902, 670.106), (231.342, 656.708), (223.247, 539.326), (192.019, 523.365), (140.043, 539.133), (101.061, 633.664)))
(((282.938, 81.8086), (177.125, 32.3376), (161.43, 35.8974), (119.802, 92.4485), (143.149, 117.075), (239.097, 111.171), (280.726, 88.9993), (283, 82), (283, 82), (282.938, 81.8086)))
(((239.097, 111.171), (143.149, 117.075), (148.732, 173.594), (190.087, 192.855), (239.097, 111.171)))
(((237.515, 360.699), (137.118, 416.58), (191.514, 486.518), (255.073, 434.175), (276.06, 388.704), (237.515, 360.699)))
(((264.883, -79.2212), (202.471, -41.1651), (177.125, 32.3376), (278.16, 79.5748), (299.902, 63.7785), (319, 5), (319, 5), (299.902, -53.7785), (264.883, -79.2212)))
(((255.073, 434.175), (191.514, 486.518), (192.019, 523.365), (223.247, 539.326), (251.417, 525.576), (255.073, 434.175)))
(((278.466, 90.2027), (239.097, 111.171), (190.087, 192.855), (203.852, 216.496), (275.357, 260.056), (312.902, 232.779), (332, 174), (332, 174), (312.902, 115.221), (278.466, 90.2027)))
(((358.717, 537.353), (251.417, 525.576), (223.247, 539.326), (231.523, 659.328), (238.098, 664.106), (299.902, 664.106), (349.902, 627.779), (369, 569), (369, 569), (358.717, 537.353)))
(((274.587, 391.894), (255.073, 434.175), (251.417, 525.576), (361.539, 537.663), (378, 487), (378, 487), (358.902, 428.221), (308.902, 391.894), (274.587, 391.894)))
