(((-207.796, 438.083), (-247.902, 467.221), (-267, 526), (-247.902, 584.779), (-197.902, 621.106), (-136.098, 621.106), (-86.0983, 584.779), (-78.7396, 562.131), (-95.5637, 513.806), (-207.796, 438.083)))
(((-209.114, 437.194), (-95.5637, 513.806), (-51.0751, 416.179), (-126.104, 347.894), (-141.902, 347.894), (-191.902, 384.221), (-209.114, 437.194)))
(((-125.886, 217.251), (-144, 273), (-125.851, 328.857), (-12.1743, 309.209), (-0.632682, 284.911), (-54.5688, 217.899), (-125.886, 217.251)))
(((-60.6427, 67.8943), (-73.9017, 67.8943), (-123.902, 104.221), (-143, 163), (-125.371, 217.256), (-54.5688, 217.899), (-24.8564, 202.464), (-8.05158, 89.632), (-60.6427, 67.8943)))
(((-102.272, -107.681), (-115.902, -97.7785), (-135, -39), (-115.902, 19.7785), (-70.9878, 52.4104), (10.6692, -32.3872), (-102.272, -107.681)))
(((-78.5216, 562.757), (-71.2283, 568.056), (31.0995, 463.596), (24.6017, 417.39), (-51.0751, 416.179), (-95.5637, 513.806), (-78.5216, 562.757)))
(((-121.591, 328.121), (-127.58, 346.551), (-51.0751, 416.179), (24.6017, 417.39), (33.2815, 407.169), (32.0486, 377.086), (-12.1743, 309.209), (-121.591, 328.121)))
(((-65.2206, -151.617), (-93.9017, -130.779), (-101.561, -107.207), (10.6692, -32.3872), (25.6661, -38.0331), (-1.71716, -125.317), (-65.2206, -151.617)))
(((63.2441, 211.274), (-24.8564, 202.464), (-54.5688, 217.899), (-0.632682, 284.911), (37.9472, 263.719), (63.2441, 211.274)))
(((74.264, 203.531), (38.972, 109.728), (9.61881, 91.3203), (-8.05158, 89.632), (-24.8564, 202.464), (63.2441, 211.274), (74.264, 203.531)))
(((-70.0507, 566.854), (-63.9017, 585.779), (-13.9017, 622.106), (47.9017, 622.106), (69.8365, 606.169), (98.9163, 553.036), (92.2674, 536.813), (31.0995, 463.596), (-70.0507, 566.854)))
(((-68.8994, 50.2417), (-63.5548, 66.6907), (-8.05158, 89.632), (9.61881, 91.3203), (73.9069, -5.93615), (71.2055, -14.7557), (46.6925, -34.0776), (25.6661, -38.0331), (10.6692, -32.3872), (-68.8994, 50.2417)))
(((33.391, -266.106), (-2.9017, -266.106), (-52.9017, -229.779), (-72, -171), (-65.7768, -151.847), (-1.71716, -125.317), (80.4038, -135.211), (83.0111, -136.739), (33.391, -266.106)))
(((72.7573, 317.095), (37.9472, 263.719), (-0.632682, 284.911), (-12.1743, 309.209), (32.0486, 377.086), (72.7573, 317.095)))
(((80.4038, -135.211), (-1.71716, -125.317), (25.6661, -38.0331), (46.6925, -34.0776), (80.4038, -135.211)))
(((126.547, 74.0584), (112.825, 21.7864), (73.9069, -5.93615), (9.61881, 91.3203), (38.972, 109.728), (121.17, 81.9863), (126.547, 74.0584)))
(((129.361, 212.036), (74.264, 203.531), (63.2441, 211.274), (37.9472, 263.719), (72.7573, 317.095), (105.531, 312.275), (147.124, 283.03), (145.738, 238), (129.361, 212.036)))
(((175.394, -104.643), (168.236, -126.673), (83.0111, -136.739), (80.4038, -135.211), (46.6925, -34.0776), (71.2055, -14.7557), (175.394, -104.643)))
(((115.588, 400.266), (105.531, 312.275), (72.7573, 317.095), (32.0486, 377.086), (33.2815, 407.169), (114.088, 404.283), (115.588, 400.266)))
(((114.088, 404.283), (33.2815, 407.169), (24.6017, 417.39), (31.0995, 463.596), (92.2674, 536.813), (135.003, 421.961), (114.088, 404.283)))
(((32.9919, -267.146), (83.0111, -136.739), (163.95, -127.179), (181.902, -140.221), (201, -199), (201, -199), (181.902, -257.779), (131.902, -294.106), (70.0983, -294.106), (32.9919, -267.146)))
(((153.304, 173.798), (121.17, 81.9863), (38.972, 109.728), (74.264, 203.531), (129.361, 212.036), (153.304, 173.798)))
(((147.124, 283.03), (105.531, 312.275), (115.588, 400.266), (178.25, 321.938), (147.124, 283.03)))
(((175.981, -105.15), (71.2055, -14.7557), (73.9069, -5.93615), (112.825, 21.7864), (224.384, -38.2838), (210.902, -79.7785), (175.981, -105.15)))
(((229.735, 448.486), (135.003, 421.961), (92.2674, 536.813), (98.9163, 553.036), (222.248, 528.558), (239, 477), (239, 477), (229.735, 448.486)))
(((224.418, -38.3018), (112.825, 21.7864), (126.547, 74.0584), (212.494, 66.5381), (256.483, 26.3324), (238.902, -27.7785), (224.418, -38.3018)))
(((212.494, 66.5381), (126.547, 74.0584), (121.17, 81.9863), (153.304, 173.798), (198.654, 149.577), (212.494, 66.5381)))
(((230.589, 538.096), (218.488, 529.304), (98.9163, 553.036), (66.4284, 612.396), (84.0983, 666.779), (134.098, 703.106), (195.902, 703.106), (216.481, 688.154), (230.589, 538.096)))
(((262.434, 391.053), (202.978, 333.065), (178.25, 321.938), (115.588, 400.266), (114.088, 404.283), (135.003, 421.961), (230.223, 448.623), (247.902, 435.779), (262.434, 391.053)))
(((311.034, 196.027), (198.654, 149.577), (153.304, 173.798), (129.361, 212.036), (145.738, 238), (256.103, 238), (304.884, 220.902), (312, 199), (312, 199), (311.034, 196.027)))
(((256.103, 238), (145.738, 238), (147.124, 283.03), (178.25, 321.938), (202.978, 333.065), (256.103, 238)))
(((253.68, 28.8943), (212.494, 66.5381), (198.654, 149.577), (307.613, 194.613), (323.902, 182.779), (343, 124), (343, 124), (323.902, 65.2215), (273.902, 28.8943), (253.68, 28.8943)))
(((304.584, 221.007), (256.103, 238), (202.978, 333.065), (262.488, 391.106), (276.902, 391.106), (326.902, 354.779), (346, 296), (346, 296), (326.902, 237.221), (304.584, 221.007)))
(((230.519, 538.846), (216.411, 688.904), (251.098, 714.106), (312.902, 714.106), (362.902, 677.779), (382, 619), (382, 619), (362.902, 560.221), (312.902, 523.894), (251.098, 523.894), (230.519, 538.846)))
