(((-253.403, -233.218), (-271.902, -219.779), (-291, -161), (-271.902, -102.221), (-228.288, -70.5341), (-143.832, -133.876), (-229.816, -231.074), (-253.403, -233.218)))
(((-133.428, -377.447), (-148.098, -388.106), (-209.902, -388.106), (-259.902, -351.779), (-279, -293), (-259.902, -234.221), (-259.253, -233.75), (-229.816, -231.074), (-220.339, -232.291), (-131.53, -289.647), (-130.637, -374.454), (-133.428, -377.447)))
(((-129.779, -151.122), (-134.175, -208.278), (-220.339, -232.291), (-229.816, -231.074), (-143.832, -133.876), (-140.643, -134.929), (-129.779, -151.122)))
(((-131.53, -289.647), (-220.339, -232.291), (-134.175, -208.278), (-128.083, -213.5), (-119.389, -273.115), (-131.53, -289.647)))
(((-227.734, -70.9493), (-211.902, -22.2215), (-161.902, 14.1057), (-118.061, 14.1057), (-100.453, -10.6846), (-103.703, -101.683), (-140.643, -134.929), (-143.832, -133.876), (-227.734, -70.9493)))
(((-153.431, 436.271), (-191.902, 464.221), (-211, 523), (-191.902, 581.779), (-141.902, 618.106), (-80.0983, 618.106), (-44.2059, 592.028), (-49.3778, 459.629), (-153.431, 436.271)))
(((-70.3201, -258.576), (-119.389, -273.115), (-128.083, -213.5), (-76.2736, -213.5), (-70.3201, -258.576)))
(((-76.2736, -213.5), (-128.083, -213.5), (-134.175, -208.278), (-129.779, -151.122), (-75.6039, -164.199), (-71.5189, -207.5), (-76.2736, -213.5)))
(((-53.5815, -147.994), (-75.6039, -164.199), (-129.779, -151.122), (-140.643, -134.929), (-103.703, -101.683), (-60.7446, -111.527), (-53.5815, -147.994)))
(((-92.9812, -363.006), (-130.637, -374.454), (-131.53, -289.647), (-119.389, -273.115), (-70.3201, -258.576), (-57.7489, -266.201), (-50.1063, -316.303), (-92.9812, -363.006)))
(((-136.188, 300.719), (-158.902, 317.221), (-178, 376), (-158.902, 434.779), (-158.376, 435.16), (-49.3778, 459.629), (-47.361, 458.28), (-37.4164, 370.988), (-73.9365, 317.544), (-136.188, 300.719)))
(((-72.1273, -29.2052), (-44.9003, -92.2571), (-60.7446, -111.527), (-103.703, -101.683), (-100.453, -10.6846), (-72.1273, -29.2052)))
(((-79.7862, -612.106), (-89.9017, -612.106), (-139.902, -575.779), (-159, -517), (-139.902, -458.221), (-136.885, -456.03), (-30.8058, -469.82), (-6.20728, -490.026), (-0.864665, -509.972), (-79.7862, -612.106)))
(((-129.731, 208.773), (-148, 265), (-136.414, 300.658), (-73.9365, 317.544), (-9.65294, 289.994), (-15.5533, 244.758), (-52.3404, 217.006), (-129.731, 208.773)))
(((-5.58887, -244.134), (-57.7489, -266.201), (-70.3201, -258.576), (-76.2736, -213.5), (-71.5189, -207.5), (-26.0192, -207.5), (-5.58887, -244.134)))
(((-26.0192, -207.5), (-71.5189, -207.5), (-75.6039, -164.199), (-53.5815, -147.994), (-33.622, -153.296), (-23.6509, -200.658), (-26.0192, -207.5)))
(((-133.161, -456.514), (-146, -417), (-132.999, -376.987), (-130.637, -374.454), (-92.9812, -363.006), (-8.34783, -391.217), (-30.8058, -469.82), (-133.161, -456.514)))
(((-119.752, 114.84), (-138, 171), (-125.583, 209.215), (-52.3404, 217.006), (5.67792, 165.26), (-38.9611, 117.888), (-119.752, 114.84)))
(((-118.475, 17.2179), (-134, 65), (-117.782, 114.914), (-38.9611, 117.888), (13.1169, 74.0332), (14.3374, 64.3706), (-9.61886, 32.7687), (-118.475, 17.2179)))
(((-3.28445, -86.9697), (-10.8228, -91.6486), (-44.9003, -92.2571), (-72.1273, -29.2052), (-33.9492, -33.7348), (-0.0640342, -70.3308), (-3.28445, -86.9697)))
(((-13.9234, -145.909), (-33.622, -153.296), (-53.5815, -147.994), (-60.7446, -111.527), (-44.9003, -92.2571), (-10.8228, -91.6486), (-13.9234, -145.909)))
(((-1.15852, -245.775), (2.1954, -290.214), (-13.8997, -315.189), (-50.1063, -316.303), (-57.7489, -266.201), (-5.58887, -244.134), (-1.15852, -245.775)))
(((-117.877, 13.846), (-116.699, 17.4716), (-9.61886, 32.7687), (8.69973, -8.64722), (-33.9492, -33.7348), (-72.1273, -29.2052), (-100.453, -10.6846), (-117.877, 13.846)))
(((7.18644, -385.186), (-8.34783, -391.217), (-92.9812, -363.006), (-50.1063, -316.303), (-13.8997, -315.189), (21.4373, -357.397), (7.18644, -385.186)))
(((0.225446, 294.871), (-9.65294, 289.994), (-73.9365, 317.544), (-37.4164, 370.988), (28.9568, 345.766), (0.225446, 294.871)))
(((12.7857, -181.038), (-23.6509, -200.658), (-33.622, -153.296), (-13.9234, -145.909), (1.19321, -149.828), (12.7857, -181.038)))
(((34.2164, 199.467), (8.78757, 165.947), (5.67792, 165.26), (-52.3404, 217.006), (-15.5533, 244.758), (32.9826, 218.468), (34.2164, 199.467)))
(((27.3607, -44.3885), (-0.0640342, -70.3308), (-33.9492, -33.7348), (8.69973, -8.64722), (28.1487, -19.5659), (27.3607, -44.3885)))
(((28.9568, 345.766), (-37.4164, 370.988), (-47.361, 458.28), (-1.83944, 452.804), (30.0761, 421.372), (38.6463, 350.668), (28.9568, 345.766)))
(((-1.15852, -245.775), (-5.58887, -244.134), (-26.0192, -207.5), (-23.6509, -200.658), (12.7857, -181.038), (32.8256, -191.829), (2.37357, -244.72), (-1.15852, -245.775)))
(((44.8894, -127.447), (1.19321, -149.828), (-13.9234, -145.909), (-10.8228, -91.6486), (-3.28445, -86.9697), (41, -112), (45.1347, -126.885), (44.8894, -127.447)))
(((106.114, -570.725), (87.9017, -626.779), (37.9017, -663.106), (-23.9017, -663.106), (-73.9017, -626.779), (-78.9998, -611.088), (-0.864665, -509.972), (106.114, -570.725)))
(((35.4563, -456.85), (-6.20728, -490.026), (-30.8058, -469.82), (-8.34783, -391.217), (7.18644, -385.186), (40.2778, -418.278), (35.4563, -456.85)))
(((13.1169, 74.0332), (-38.9611, 117.888), (5.67792, 165.26), (8.78757, 165.947), (57.6649, 120.561), (13.1169, 74.0332)))
(((-44.2437, 591.061), (-13.9017, 613.106), (47.9017, 613.106), (92.2444, 580.889), (67.4801, 503.5), (-1.83944, 452.804), (-47.361, 458.28), (-49.3778, 459.629), (-44.2437, 591.061)))
(((52.671, -304.236), (32.4788, -352.312), (21.4373, -357.397), (-13.8997, -315.189), (2.1954, -290.214), (50.7123, -301.976), (52.671, -304.236)))
(((64.3879, 255.716), (32.9826, 218.468), (-15.5533, 244.758), (-9.65294, 289.994), (0.225446, 294.871), (62.488, 262.324), (64.3879, 255.716)))
(((52.7592, -187.705), (32.8256, -191.829), (12.7857, -181.038), (1.19321, -149.828), (44.8894, -127.447), (56.0957, -183.479), (52.7592, -187.705)))
(((50.7123, -301.976), (2.1954, -290.214), (-1.15852, -245.775), (2.37357, -244.72), (42.5508, -251.647), (50.7123, -301.976)))
(((54.3001, -5.82539), (28.1487, -19.5659), (8.69973, -8.64722), (-9.61886, 32.7687), (14.3374, 64.3706), (44.1003, 47.7236), (54.3001, -5.82539)))
(((41, -112), (-3.28445, -86.9697), (-0.0640342, -70.3308), (27.3607, -44.3885), (63.0689, -72.9551), (41, -112)))
(((67.4903, -238.697), (42.5508, -251.647), (2.37357, -244.72), (32.8256, -191.829), (52.7592, -187.705), (67.4903, -238.697)))
(((84.8394, 322.993), (62.488, 262.324), (0.225446, 294.871), (28.9568, 345.766), (38.6463, 350.668), (68.4909, 343.287), (84.8394, 322.993)))
(((102.438, -568.638), (-0.864665, -509.972), (-6.20728, -490.026), (35.4563, -456.85), (85.3716, -470.656), (134.15, -538.016), (135.375, -541.244), (133.902, -545.779), (102.438, -568.638)))
(((77.8743, 122.419), (57.6649, 120.561), (8.78757, 165.947), (34.2164, 199.467), (89.1944, 178.149), (77.8743, 122.419)))
(((92.4168, -407.248), (40.2778, -418.278), (7.18644, -385.186), (21.4373, -357.397), (32.4788, -352.312), (87.8194, -367.405), (95.1469, -404.566), (92.4168, -407.248)))
(((69.4329, -71.0772), (63.0689, -72.9551), (27.3607, -44.3885), (28.1487, -19.5659), (54.3001, -5.82539), (65.2128, -7.61702), (96.2148, -48.953), (69.4329, -71.0772)))
(((89.9979, 113.245), (65.2848, 51.462), (44.1003, 47.7236), (14.3374, 64.3706), (13.1169, 74.0332), (57.6649, 120.561), (77.8743, 122.419), (89.9979, 113.245)))
(((108.454, -274.016), (74.7, -302.4), (52.671, -304.236), (50.7123, -301.976), (42.5508, -251.647), (67.4903, -238.697), (91.2872, -245.287), (103.409, -257.409), (108.454, -274.016)))
(((85.3716, -470.656), (35.4563, -456.85), (40.2778, -418.278), (92.4168, -407.248), (85.3716, -470.656)))
(((122.746, 422.97), (30.0761, 421.372), (-1.83944, 452.804), (67.4801, 503.5), (122.746, 422.97)))
(((122.99, 422.839), (123.046, 419.664), (68.4909, 343.287), (38.6463, 350.668), (30.0761, 421.372), (122.746, 422.97), (122.99, 422.839)))
(((87.8194, -367.405), (32.4788, -352.312), (52.671, -304.236), (74.7, -302.4), (99.337, -351.674), (87.8194, -367.405)))
(((110.5, 27.8784), (65.2128, -7.61702), (54.3001, -5.82539), (44.1003, 47.7236), (65.2848, 51.462), (110.5, 33.8171), (110.5, 27.8784)))
(((118.862, 199.682), (89.1944, 178.149), (34.2164, 199.467), (32.9826, 218.468), (64.3879, 255.716), (102.884, 238.801), (118.862, 199.682)))
(((87.5995, -179.469), (56.0957, -183.479), (44.8894, -127.447), (45.1347, -126.885), (97.2674, -127.907), (87.5995, -179.469)))
(((100.2, -126.312), (97.2674, -127.907), (45.1347, -126.885), (41, -112), (63.0689, -72.9551), (69.4329, -71.0772), (103.271, -116.195), (100.2, -126.312)))
(((91.2872, -245.287), (67.4903, -238.697), (52.7592, -187.705), (56.0957, -183.479), (87.5995, -179.469), (108.189, -189.974), (91.2872, -245.287)))
(((110.5, 33.8171), (65.2848, 51.462), (89.9979, 113.245), (98.1851, 110.223), (120.934, 50.3584), (110.5, 33.8171)))
(((125.588, -91.0882), (103.271, -116.195), (69.4329, -71.0772), (96.2148, -48.953), (100.025, -49.0533), (123.629, -69.1414), (125.588, -91.0882)))
(((133.774, -4.83082), (100.025, -49.0533), (96.2148, -48.953), (65.2128, -7.61702), (110.5, 27.8784), (133.774, -4.83082)))
(((138.72, 279.48), (102.884, 238.801), (64.3879, 255.716), (62.488, 262.324), (84.8394, 322.993), (128.665, 314.671), (138.72, 279.48)))
(((136.199, -336.153), (99.337, -351.674), (74.7, -302.4), (108.454, -274.016), (133.142, -289.264), (147.983, -315.607), (136.199, -336.153)))
(((148.704, -160.759), (139.085, -184.309), (108.189, -189.974), (87.5995, -179.469), (97.2674, -127.907), (100.2, -126.312), (148.204, -156.315), (148.704, -160.759)))
(((134.15, -538.016), (85.3716, -470.656), (92.4168, -407.248), (95.1469, -404.566), (136.643, -413.333), (134.15, -538.016)))
(((164.456, 348.035), (128.665, 314.671), (84.8394, 322.993), (68.4909, 343.287), (123.046, 419.664), (164.456, 348.035)))
(((151.289, 125.746), (98.1851, 110.223), (89.9979, 113.245), (77.8743, 122.419), (89.1944, 178.149), (118.862, 199.682), (134.23, 195.291), (151.289, 125.746)))
(((92.3138, 581.106), (147.071, 581.106), (159.985, 530.442), (135.198, 431.291), (122.99, 422.839), (122.746, 422.97), (67.4801, 503.5), (92.3138, 581.106)))
(((154.749, -214.626), (103.409, -257.409), (91.2872, -245.287), (108.189, -189.974), (139.085, -184.309), (154.749, -214.626)))
(((155.949, -403.949), (136.643, -413.333), (95.1469, -404.566), (87.8194, -367.405), (99.337, -351.674), (136.199, -336.153), (160.285, -395.029), (155.949, -403.949)))
(((170.517, -116.728), (148.204, -156.315), (100.2, -126.312), (103.271, -116.195), (125.588, -91.0882), (169.24, -114.684), (170.517, -116.728)))
(((176.36, 110.479), (156.013, 59.1283), (120.934, 50.3584), (98.1851, 110.223), (151.289, 125.746), (169.951, 117.611), (176.36, 110.479)))
(((175.486, -47.2432), (172.811, -50.4054), (123.629, -69.1414), (100.025, -49.0533), (133.774, -4.83082), (147.213, -7.68144), (175.26, -42.9412), (175.486, -47.2432)))
(((192.141, 215.337), (134.23, 195.291), (118.862, 199.682), (102.884, 238.801), (138.72, 279.48), (179.526, 259.434), (194.193, 222.768), (192.141, 215.337)))
(((175.562, -245.329), (133.142, -289.264), (108.454, -274.016), (103.409, -257.409), (154.749, -214.626), (160.943, -218.181), (175.562, -245.329)))
(((186.029, 29.8825), (147.213, -7.68144), (133.774, -4.83082), (110.5, 27.8784), (110.5, 33.8171), (120.934, 50.3584), (156.013, 59.1283), (186.029, 29.8825)))
(((169.24, -114.684), (125.588, -91.0882), (123.629, -69.1414), (172.811, -50.4054), (169.24, -114.684)))
(((245.55, -493.55), (241.902, -504.779), (191.902, -541.106), (135.323, -541.106), (134.15, -538.016), (136.643, -413.333), (155.949, -403.949), (245.55, -493.55)))
(((264.749, -339.84), (160.285, -395.029), (136.199, -336.153), (147.983, -315.607), (258.236, -319.794), (264.749, -339.84)))
(((205.155, 194.62), (169.951, 117.611), (151.289, 125.746), (134.23, 195.291), (192.141, 215.337), (205.155, 194.62)))
(((210.776, 313.832), (179.526, 259.434), (138.72, 279.48), (128.665, 314.671), (164.456, 348.035), (184.16, 346.188), (210.776, 313.832)))
(((259.085, -319.826), (147.983, -315.607), (133.142, -289.264), (175.562, -245.329), (232.06, -268.534), (265.642, -299.646), (259.085, -319.826)))
(((182.36, 433.152), (135.198, 431.291), (159.985, 530.442), (225.577, 463.25), (182.36, 433.152)))
(((209.457, -193.189), (160.943, -218.181), (154.749, -214.626), (139.085, -184.309), (148.704, -160.759), (215.57, -176.596), (209.457, -193.189)))
(((184.16, 346.188), (164.456, 348.035), (123.046, 419.664), (122.99, 422.839), (135.198, 431.291), (182.36, 433.152), (212.276, 379.303), (184.16, 346.188)))
(((215.306, -1.60378), (175.26, -42.9412), (147.213, -7.68144), (186.029, 29.8825), (187.74, 29.6868), (215.306, -1.60378)))
(((229.635, -165.153), (215.57, -176.596), (148.704, -160.759), (148.204, -156.315), (170.517, -116.728), (209.379, -117.316), (222.493, -126.892), (229.635, -165.153)))
(((209.379, -117.316), (170.517, -116.728), (169.24, -114.684), (172.811, -50.4054), (175.486, -47.2432), (212.806, -65.9032), (209.379, -117.316)))
(((231.331, 74.599), (187.74, 29.6868), (186.029, 29.8825), (156.013, 59.1283), (176.36, 110.479), (190.457, 107.761), (231.331, 74.599)))
(((232.06, -268.534), (175.562, -245.329), (160.943, -218.181), (209.457, -193.189), (232.06, -268.534)))
(((244.658, -492.658), (155.949, -403.949), (160.285, -395.029), (264.67, -339.882), (278.902, -350.221), (298, -409), (298, -409), (278.902, -467.779), (244.658, -492.658)))
(((252.308, 163.427), (190.457, 107.761), (176.36, 110.479), (169.951, 117.611), (205.155, 194.62), (252.308, 163.427)))
(((309.746, -25.9867), (212.806, -65.9032), (175.486, -47.2432), (175.26, -42.9412), (215.306, -1.60378), (306.165, -14.9655), (309.746, -25.9867)))
(((262.787, 392.513), (212.276, 379.303), (182.36, 433.152), (225.577, 463.25), (290.705, 461.236), (262.787, 392.513)))
(((261.816, 257.152), (194.193, 222.768), (179.526, 259.434), (210.776, 313.832), (228.827, 310.36), (261.816, 257.152)))
(((305.877, 471.611), (290.705, 461.236), (225.577, 463.25), (159.985, 530.442), (147.89, 577.893), (188.098, 607.106), (249.902, 607.106), (299.902, 570.779), (319, 512), (319, 512), (305.877, 471.611)))
(((307.668, -15.1865), (215.306, -1.60378), (187.74, 29.6868), (231.331, 74.599), (311.898, 66.1676), (323, 32), (323, 32), (307.668, -15.1865)))
(((315.051, 65.8376), (231.331, 74.599), (190.457, 107.761), (252.308, 163.427), (320.999, 151.858), (332, 118), (332, 118), (315.051, 65.8376)))
(((277.818, 346.843), (228.827, 310.36), (210.776, 313.832), (184.16, 346.188), (212.276, 379.303), (262.787, 392.513), (277.818, 346.843)))
(((326.887, -65.1078), (222.493, -126.892), (209.379, -117.316), (212.806, -65.9032), (311.074, -25.4403), (314.902, -28.2215), (326.887, -65.1078)))
(((268.893, -302.659), (232.06, -268.534), (209.457, -193.189), (215.57, -176.596), (229.635, -165.153), (285.147, -185.685), (289.235, -287.879), (268.893, -302.659)))
(((324.774, 151.222), (252.308, 163.427), (205.155, 194.62), (192.141, 215.337), (194.193, 222.768), (261.816, 257.152), (339.245, 239.946), (348, 213), (348, 213), (328.902, 154.221), (324.774, 151.222)))
(((355.098, -111.679), (285.147, -185.685), (229.635, -165.153), (222.493, -126.892), (327.075, -64.9963), (343.902, -77.2215), (355.098, -111.679)))
(((342.133, 239.304), (261.816, 257.152), (228.827, 310.36), (277.818, 346.843), (365.143, 294.208), (348.902, 244.221), (342.133, 239.304)))
(((363.003, 295.498), (277.818, 346.843), (262.787, 392.513), (290.705, 461.236), (305.138, 471.106), (342.902, 471.106), (392.902, 434.779), (412, 376), (412, 376), (392.902, 317.221), (363.003, 295.498)))
(((289.264, -288.601), (285.147, -185.685), (356.785, -109.894), (366.902, -109.894), (416.902, -146.221), (436, -205), (436, -205), (416.902, -263.779), (366.902, -300.106), (305.098, -300.106), (289.264, -288.601)))
