(((-142.863, 396.894), (-160.902, 396.894), (-210.902, 433.221), (-230, 492), (-210.902, 550.779), (-160.902, 587.106), (-119.753, 587.106), (-86.4614, 503.373), (-101.641, 422.412), (-142.863, 396.894)))
(((-157.329, -236.717), (-188.902, -213.779), (-208, -155), (-188.902, -96.2215), (-139.538, -60.3568), (-70.025, -114.072), (-69.5111, -153.646), (-157.329, -236.717)))
(((-158.202, -237.543), (-69.5111, -153.646), (-34.878, -191.924), (-116.562, -277.907), (-153.902, -250.779), (-158.202, -237.543)))
(((-125.181, 301.612), (-132.902, 307.221), (-152, 366), (-141.735, 397.593), (-101.641, 422.412), (-42.2368, 421.342), (-10.9551, 376.157), (-39.508, 320.036), (-125.181, 301.612)))
(((4.45442, 465.911), (-42.2368, 421.342), (-101.641, 422.412), (-86.4614, 503.373), (2.36686, 497.821), (4.45442, 465.911)))
(((-98.2122, 42.6508), (-127.902, 64.2215), (-147, 123), (-127.902, 181.779), (-117.37, 189.43), (3.471, 124.982), (-17.994, 84.6698), (-98.2122, 42.6508)))
(((-120.553, 589.118), (-92.5316, 609.476), (14.2972, 528.083), (2.36686, 497.821), (-86.4614, 503.373), (-120.553, 589.118)))
(((-138.182, -61.4048), (-120.902, -8.22147), (-95.4658, 10.2588), (0.658545, -54.4067), (-0.253935, -56.9457), (-53.9252, -112.406), (-70.025, -114.072), (-138.182, -61.4048)))
(((-102.49, -297.069), (-113.902, -288.779), (-117.212, -278.591), (-34.878, -191.924), (3.96111, -192.946), (8.09644, -197.195), (-10.7813, -276.482), (-102.49, -297.069)))
(((-111.619, 213.29), (-112.902, 214.221), (-132, 273), (-122.517, 302.184), (-39.508, 320.036), (23.643, 283.527), (18.6344, 260.305), (-45.9714, 218.917), (-111.619, 213.29)))
(((3.96111, -192.946), (-34.878, -191.924), (-69.5111, -153.646), (-70.025, -114.072), (-53.9252, -112.406), (6.31547, -135.657), (3.96111, -192.946)))
(((-116.234, 188.825), (-108.189, 213.584), (-45.9714, 218.917), (23.7848, 164.473), (15.0619, 132.125), (3.471, 124.982), (-116.234, 188.825)))
(((-32.4191, -423.106), (-41.9017, -423.106), (-91.9017, -386.779), (-111, -328), (-100.829, -296.696), (-10.7813, -276.482), (47.4766, -305.26), (-32.4191, -423.106)))
(((6.31547, -135.657), (-53.9252, -112.406), (-0.253935, -56.9457), (14.8954, -128.364), (6.31547, -135.657)))
(((-95.7135, 10.4255), (-94.7145, 13.5), (39.1863, 13.5), (10.0237, -51.1649), (0.658545, -54.4067), (-95.7135, 10.4255)))
(((-94.7145, 13.5), (-103, 39), (-102.553, 40.3773), (-17.994, 84.6698), (45.0902, 36.2564), (48.8465, 20.1577), (39.1863, 13.5), (-94.7145, 13.5)))
(((-92.123, 609.165), (-79.9017, 646.779), (-29.9017, 683.106), (31.9017, 683.106), (81.9017, 646.779), (83.9761, 640.394), (36.4185, 539.995), (14.2972, 528.083), (-92.123, 609.165)))
(((23.643, 283.527), (-39.508, 320.036), (-10.9551, 376.157), (26.0372, 372.158), (61.0738, 311.817), (23.643, 283.527)))
(((23.7848, 164.473), (-45.9714, 218.917), (18.6344, 260.305), (61.7153, 197.735), (23.7848, 164.473)))
(((64.5962, 426.952), (26.0372, 372.158), (-10.9551, 376.157), (-42.2368, 421.342), (4.45442, 465.911), (64.8029, 429.537), (64.5962, 426.952)))
(((61.7243, -115.783), (14.8954, -128.364), (-0.253935, -56.9457), (0.658545, -54.4067), (10.0237, -51.1649), (57.2784, -71.7851), (75.5049, -98.0652), (61.7243, -115.783)))
(((64.6626, -302.744), (47.4766, -305.26), (-10.7813, -276.482), (8.09644, -197.195), (49.9344, -202.9), (71.9512, -255.088), (64.6626, -302.744)))
(((45.0902, 36.2564), (-17.994, 84.6698), (3.471, 124.982), (15.0619, 132.125), (69.8204, 100.33), (45.0902, 36.2564)))
(((49.9344, -202.9), (8.09644, -197.195), (3.96111, -192.946), (6.31547, -135.657), (14.8954, -128.364), (61.7243, -115.783), (75.1004, -181.447), (49.9344, -202.9)))
(((-33.5521, -424.777), (47.4766, -305.26), (64.6626, -302.744), (142.128, -349.928), (148, -368), (148, -368), (128.902, -426.779), (78.9017, -463.106), (17.0983, -463.106), (-32.9017, -426.779), (-33.5521, -424.777)))
(((77.4599, -7.87701), (57.2784, -71.7851), (10.0237, -51.1649), (39.1863, 13.5), (48.8465, 20.1577), (58.8488, 16.0515), (77.4599, -7.87701)))
(((100.712, 454.363), (64.8029, 429.537), (4.45442, 465.911), (2.36686, 497.821), (14.2972, 528.083), (36.4185, 539.995), (99.6938, 498.169), (100.712, 454.363)))
(((125.626, 154.496), (85.0051, 104.126), (69.8204, 100.33), (15.0619, 132.125), (23.7848, 164.473), (61.7153, 197.735), (101.132, 196.261), (124.91, 160.223), (125.626, 154.496)))
(((108.959, 326.103), (82.9081, 312.354), (61.0738, 311.817), (26.0372, 372.158), (64.5962, 426.952), (110.354, 356.79), (108.959, 326.103)))
(((101.132, 196.261), (61.7153, 197.735), (18.6344, 260.305), (23.643, 283.527), (61.0738, 311.817), (82.9081, 312.354), (108.74, 212.717), (101.132, 196.261)))
(((115.79, -93.9959), (75.5049, -98.0652), (57.2784, -71.7851), (77.4599, -7.87701), (129.436, -29.1787), (115.79, -93.9959)))
(((126.952, 51.5834), (58.8488, 16.0515), (48.8465, 20.1577), (45.0902, 36.2564), (69.8204, 100.33), (85.0051, 104.126), (127.622, 52.7352), (126.952, 51.5834)))
(((124.5, -227.5), (71.9512, -255.088), (49.9344, -202.9), (75.1004, -181.447), (100.696, -182.158), (124.5, -227.5)))
(((144.301, -149.668), (100.696, -182.158), (75.1004, -181.447), (61.7243, -115.783), (75.5049, -98.0652), (115.79, -93.9959), (138.195, -111.812), (144.301, -149.668)))
(((175.931, 602.484), (160.696, 548.469), (99.6938, 498.169), (36.4185, 539.995), (82.8922, 638.106), (126.902, 638.106), (175.931, 602.484)))
(((129.436, -29.1787), (77.4599, -7.87701), (58.8488, 16.0515), (126.952, 51.5834), (139.061, -22.8037), (129.436, -29.1787)))
(((166.257, 425.847), (110.354, 356.79), (64.5962, 426.952), (64.8029, 429.537), (100.712, 454.363), (166.718, 430.505), (166.257, 425.847)))
(((146.56, -352.627), (64.6626, -302.744), (71.9512, -255.088), (124.5, -227.5), (175.15, -243.276), (196.034, -316.37), (195.902, -316.779), (146.56, -352.627)))
(((183.201, 263.664), (108.74, 212.717), (82.9081, 312.354), (108.959, 326.103), (143.81, 315.715), (183.201, 263.664)))
(((153.992, 62.1272), (127.622, 52.7352), (85.0051, 104.126), (125.626, 154.496), (177.884, 107.865), (153.992, 62.1272)))
(((175.15, -243.276), (124.5, -227.5), (100.696, -182.158), (144.301, -149.668), (190.116, -187.847), (175.15, -243.276)))
(((166.718, 430.505), (100.712, 454.363), (99.6938, 498.169), (160.696, 548.469), (194, 451.333), (166.718, 430.505)))
(((198.172, 14.4587), (152.266, -21.5461), (139.061, -22.8037), (126.952, 51.5834), (127.622, 52.7352), (153.992, 62.1272), (198.172, 14.4587)))
(((193.096, 359.867), (143.81, 315.715), (108.959, 326.103), (110.354, 356.79), (166.257, 425.847), (193.096, 359.867)))
(((214.223, -81.6249), (138.195, -111.812), (115.79, -93.9959), (129.436, -29.1787), (139.061, -22.8037), (152.266, -21.5461), (214.223, -81.6249)))
(((192.051, 260.922), (195.274, 193.251), (124.91, 160.223), (101.132, 196.261), (108.74, 212.717), (183.201, 263.664), (192.051, 260.922)))
(((272.141, 116.348), (177.884, 107.865), (125.626, 154.496), (124.91, 160.223), (195.274, 193.251), (276.762, 130.568), (272.141, 116.348)))
(((285.53, -141.679), (190.116, -187.847), (144.301, -149.668), (138.195, -111.812), (214.223, -81.6249), (273.917, -84.5801), (289, -131), (289, -131), (285.53, -141.679)))
(((276.229, -84.6945), (214.223, -81.6249), (152.266, -21.5461), (198.172, 14.4587), (279.853, 13.541), (294, -30), (294, -30), (276.229, -84.6945)))
(((280.228, 13.5368), (198.172, 14.4587), (153.992, 62.1272), (177.884, 107.865), (276.247, 116.717), (295, 59), (295, 59), (280.228, 13.5368)))
(((224.263, 269.121), (192.051, 260.922), (183.201, 263.664), (143.81, 315.715), (193.096, 359.867), (223.369, 353.14), (240.812, 284.46), (224.263, 269.121)))
(((175.272, 600.146), (182.098, 605.106), (214.585, 605.106), (247.438, 451.79), (194, 451.333), (160.696, 548.469), (175.272, 600.146)))
(((304.757, 421.448), (223.369, 353.14), (193.096, 359.867), (166.257, 425.847), (166.718, 430.505), (194, 451.333), (247.438, 451.79), (300.509, 434.521), (304.757, 421.448)))
(((276.925, 130.442), (195.274, 193.251), (192.051, 260.922), (224.263, 269.121), (296.755, 144.849), (276.925, 130.442)))
(((195.17, -313.346), (175.15, -243.276), (190.116, -187.847), (283.71, -142.56), (314.902, -165.221), (334, -224), (334, -224), (314.902, -282.779), (264.902, -319.106), (203.098, -319.106), (195.17, -313.346)))
(((300.522, 434.517), (247.438, 451.79), (214.197, 606.912), (224.098, 614.106), (285.902, 614.106), (335.902, 577.779), (355, 519), (355, 519), (335.902, 460.221), (300.522, 434.517)))
(((348.573, 298.755), (240.812, 284.46), (223.369, 353.14), (305.599, 422.154), (341.902, 395.779), (361, 337), (361, 337), (348.573, 298.755)))
(((297.312, 143.894), (224.263, 269.121), (240.812, 284.46), (352.789, 299.314), (354.902, 297.779), (374, 239), (374, 239), (354.902, 180.221), (304.902, 143.894), (297.312, 143.894)))
