(((-293.558, -230.76), (-312, -174), (-292.902, -115.221), (-291.346, -114.091), (-201.729, -146.097), (-184.553, -193.66), (-215.206, -217.701), (-293.558, -230.76)))
(((-279.827, -313.931), (-298, -258), (-288.897, -229.983), (-215.206, -217.701), (-176.768, -247.986), (-183.854, -275.541), (-279.827, -313.931)))
(((-247.996, -563.326), (-274.902, -543.779), (-294, -485), (-278.105, -436.079), (-194.944, -440.804), (-162.386, -469.375), (-188.156, -537.588), (-247.996, -563.326)))
(((-275.582, -67.4704), (-160.431, -109.053), (-167.147, -133.229), (-201.729, -146.097), (-290.794, -114.288), (-275.582, -67.4704)))
(((-276.268, -436.184), (-289, -397), (-270.953, -341.458), (-237.017, -343.857), (-167.217, -386.969), (-166.62, -413.207), (-194.944, -440.804), (-276.268, -436.184)))
(((-267.807, -341.68), (-277.169, -312.868), (-183.854, -275.541), (-159.176, -290.667), (-171.876, -329.827), (-237.017, -343.857), (-267.807, -341.68)))
(((-274.416, -67.8915), (-259.902, -23.2215), (-209.902, 13.1057), (-148.098, 13.1057), (-143.119, 9.48818), (-134.052, -4.6405), (-152.299, -102.515), (-160.431, -109.053), (-274.416, -67.8915)))
(((-149.938, -156.584), (-179.912, -193.37), (-184.553, -193.66), (-201.729, -146.097), (-167.147, -133.229), (-149.938, -156.584)))
(((-142.915, -240.732), (-176.768, -247.986), (-215.206, -217.701), (-184.553, -193.66), (-179.912, -193.37), (-141.172, -214.584), (-142.915, -240.732)))
(((-138.951, -367.269), (-167.217, -386.969), (-237.017, -343.857), (-171.876, -329.827), (-152.888, -338.067), (-138.951, -367.269)))
(((-135.396, -250.823), (-142.544, -283.705), (-159.176, -290.667), (-183.854, -275.541), (-176.768, -247.986), (-142.915, -240.732), (-135.396, -250.823)))
(((-201.359, 433.492), (-240.902, 462.221), (-260, 521), (-240.902, 579.779), (-190.902, 616.106), (-145.435, 616.106), (-107.833, 525.07), (-201.359, 433.492)))
(((-238.364, -626.121), (-254, -578), (-249.433, -563.944), (-188.156, -537.588), (-137.881, -540.896), (-123.773, -587.924), (-238.364, -626.121)))
(((-120.737, -444.559), (-152.367, -469.072), (-162.386, -469.375), (-194.944, -440.804), (-166.62, -413.207), (-124.246, -419.563), (-120.737, -444.559)))
(((-137.881, -540.896), (-188.156, -537.588), (-162.386, -469.375), (-152.367, -469.072), (-107.841, -518.735), (-137.881, -540.896)))
(((-141.172, -214.584), (-179.912, -193.37), (-149.938, -156.584), (-125.439, -161.974), (-136.25, -210.625), (-141.172, -214.584)))
(((-124.246, -419.563), (-166.62, -413.207), (-167.217, -386.969), (-138.951, -367.269), (-124.039, -373.068), (-114.794, -404.5), (-124.246, -419.563)))
(((-118.284, -315.358), (-152.888, -338.067), (-171.876, -329.827), (-159.176, -290.667), (-142.544, -283.705), (-120.004, -302.83), (-118.284, -315.358)))
(((-195.305, -692.829), (-222.902, -672.779), (-238.091, -626.03), (-123.773, -587.924), (-105.7, -601.39), (-137.286, -677.485), (-195.305, -692.829)))
(((-117.987, -158.761), (-125.439, -161.974), (-149.938, -156.584), (-167.147, -133.229), (-160.431, -109.053), (-152.299, -102.515), (-110.931, -121.131), (-117.987, -158.761)))
(((-87.0391, -344.607), (-124.039, -373.068), (-138.951, -367.269), (-152.888, -338.067), (-118.284, -315.358), (-87.4966, -339.041), (-87.0391, -344.607)))
(((-84.0138, -501.207), (-100.785, -517.438), (-107.841, -518.735), (-152.367, -469.072), (-120.737, -444.559), (-105.092, -453.034), (-83.922, -499.83), (-84.0138, -501.207)))
(((-131.423, -6.67277), (-88.2595, -103.791), (-89.1892, -107.82), (-110.931, -121.131), (-152.299, -102.515), (-134.052, -4.6405), (-131.423, -6.67277)))
(((-91.8906, -277.961), (-120.004, -302.83), (-142.544, -283.705), (-135.396, -250.823), (-113.167, -253.139), (-91.8906, -277.961)))
(((-90.766, -205.781), (-95.6371, -209.556), (-136.25, -210.625), (-125.439, -161.974), (-117.987, -158.761), (-92.3942, -170.774), (-90.766, -205.781)))
(((-184.046, 407.061), (-193.902, 414.221), (-200.452, 434.381), (-107.833, 525.07), (-58.9047, 499.468), (-57.5584, 495.567), (-73.8269, 441.941), (-184.046, 407.061)))
(((-97.5445, -238.168), (-113.167, -253.139), (-135.396, -250.823), (-142.915, -240.732), (-141.172, -214.584), (-136.25, -210.625), (-95.6371, -209.556), (-97.5445, -238.168)))
(((-36.8438, -799.406), (-79.0983, -830.106), (-140.902, -830.106), (-190.902, -793.779), (-210, -735), (-196.391, -693.116), (-137.286, -677.485), (-67.607, -692.265), (-36.8438, -799.406)))
(((-58.5856, -591.709), (-105.7, -601.39), (-123.773, -587.924), (-137.881, -540.896), (-107.841, -518.735), (-100.785, -517.438), (-58.5856, -591.709)))
(((-71.5227, -434.513), (-105.092, -453.034), (-120.737, -444.559), (-124.246, -419.563), (-114.794, -404.5), (-80.2105, -404.5), (-71.5227, -434.513)))
(((-65.9255, -389.421), (-80.2105, -404.5), (-114.794, -404.5), (-124.039, -373.068), (-87.0391, -344.607), (-69.6497, -361.224), (-65.9255, -389.421)))
(((-87.4966, -339.041), (-118.284, -315.358), (-120.004, -302.83), (-91.8906, -277.961), (-84.5377, -278.696), (-76.1103, -324.204), (-87.4966, -339.041)))
(((-68.3839, -160.557), (-92.3942, -170.774), (-117.987, -158.761), (-110.931, -121.131), (-89.1892, -107.82), (-59.2002, -138.691), (-68.3839, -160.557)))
(((-56.7974, -592.239), (-58.2148, -681.531), (-67.607, -692.265), (-137.286, -677.485), (-105.7, -601.39), (-58.5856, -591.709), (-56.7974, -592.239)))
(((-74.7012, -273.887), (-84.5377, -278.696), (-91.8906, -277.961), (-113.167, -253.139), (-97.5445, -238.168), (-66.537, -248.034), (-74.7012, -273.887)))
(((-140.594, 314.654), (-168.902, 335.221), (-188, 394), (-183.723, 407.164), (-73.8269, 441.941), (-36.606, 396.13), (-77.2245, 331.141), (-140.594, 314.654)))
(((-66.537, -248.034), (-97.5445, -238.168), (-95.6371, -209.556), (-90.766, -205.781), (-71.9474, -211.158), (-61.2594, -243.222), (-66.537, -248.034)))
(((-52.5438, -456.685), (-83.922, -499.83), (-105.092, -453.034), (-71.5227, -434.513), (-55.2414, -443.467), (-52.5438, -456.685)))
(((-56.0135, -85.3649), (-88.2595, -103.791), (-131.423, -6.67277), (-48.1195, -39.1287), (-56.0135, -85.3649)))
(((-45.4949, -196.278), (-71.9474, -211.158), (-90.766, -205.781), (-92.3942, -170.774), (-68.3839, -160.557), (-47.5774, -184.565), (-45.4949, -196.278)))
(((-146.767, 619.33), (-98.9017, 654.106), (-37.0983, 654.106), (-33.58, 651.549), (-17.572, 559.268), (-58.9047, 499.468), (-107.833, 525.07), (-146.767, 619.33)))
(((-34.1916, -301.117), (-44.057, -310.708), (-76.1103, -324.204), (-84.5377, -278.696), (-74.7012, -273.887), (-39.2, -291.1), (-34.1916, -301.117)))
(((-46.365, -588.656), (-56.7974, -592.239), (-58.5856, -591.709), (-100.785, -517.438), (-84.0138, -501.207), (-42.8208, -512.047), (-29.6395, -561.477), (-46.365, -588.656)))
(((-24.2021, -415.532), (-55.2414, -443.467), (-71.5227, -434.513), (-80.2105, -404.5), (-65.9255, -389.421), (-28.1476, -402.6), (-24.2021, -415.532)))
(((-118.72, 199.012), (-136.902, 212.221), (-156, 271), (-141.929, 314.307), (-77.2245, 331.141), (-7.24818, 295.255), (-4.2523, 291.003), (-41.3358, 228.491), (-118.72, 199.012)))
(((-45.4535, -134.942), (-59.2002, -138.691), (-89.1892, -107.82), (-88.2595, -103.791), (-56.0135, -85.3649), (-37.9925, -98.8806), (-45.4535, -134.942)))
(((-34.8139, -242.621), (-61.2594, -243.222), (-71.9474, -211.158), (-45.4949, -196.278), (-23.9688, -210.809), (-34.8139, -242.621)))
(((-39.5728, -353.309), (-69.6497, -361.224), (-87.0391, -344.607), (-87.4966, -339.041), (-76.1103, -324.204), (-44.057, -310.708), (-39.5728, -353.309)))
(((-29.609, -250.338), (-39.2, -291.1), (-74.7012, -273.887), (-66.537, -248.034), (-61.2594, -243.222), (-34.8139, -242.621), (-29.609, -250.338)))
(((-6.79577, -488.031), (-42.8208, -512.047), (-84.0138, -501.207), (-83.922, -499.83), (-52.5438, -456.685), (-13.326, -475.141), (-6.66469, -486.909), (-6.79577, -488.031)))
(((-143.184, 9.58904), (-125.902, 62.7785), (-116.95, 69.282), (-25.4558, 62.3622), (-15.201, 47.2596), (-14.0425, -23.4081), (-30.2543, -36.7893), (-48.1195, -39.1287), (-131.423, -6.67277), (-134.052, -4.6405), (-143.184, 9.58904)))
(((-28.1476, -402.6), (-65.9255, -389.421), (-69.6497, -361.224), (-39.5728, -353.309), (-22.0144, -357.259), (-24.1416, -395.549), (-28.1476, -402.6)))
(((-12.8747, -155.646), (-47.5774, -184.565), (-68.3839, -160.557), (-59.2002, -138.691), (-45.4535, -134.942), (-19.6809, -142.305), (-12.8747, -155.646)))
(((-118.586, 69.4057), (-136, 123), (-120.113, 171.896), (1.30789, 149.13), (19.003, 112.378), (-25.4558, 62.3622), (-118.586, 69.4057)))
(((-9.97985, -92.2894), (-37.9925, -98.8806), (-56.0135, -85.3649), (-48.1195, -39.1287), (-30.2543, -36.7893), (-7.41363, -81.3829), (-9.97985, -92.2894)))
(((-8.97541, -348.877), (-22.0144, -357.259), (-39.5728, -353.309), (-44.057, -310.708), (-34.1916, -301.117), (-18.8015, -304.901), (-4.96857, -328.843), (-8.97541, -348.877)))
(((-13.326, -475.141), (-52.5438, -456.685), (-55.2414, -443.467), (-24.2021, -415.532), (-8.04622, -426.303), (-13.326, -475.141)))
(((-13.9034, -670.614), (-58.2148, -681.531), (-56.7974, -592.239), (-46.365, -588.656), (13.9144, -620.328), (-13.9034, -670.614)))
(((0.529967, -112.831), (-19.6809, -142.305), (-45.4535, -134.942), (-37.9925, -98.8806), (-9.97985, -92.2894), (0.529967, -112.831)))
(((-11.5047, -156.729), (-1.06049, -203.728), (-23.9688, -210.809), (-45.4949, -196.278), (-47.5774, -184.565), (-12.8747, -155.646), (-11.5047, -156.729)))
(((-119.026, 171.692), (-124, 187), (-120.292, 198.413), (-41.3358, 228.491), (18.18, 195.697), (1.30789, 149.13), (-119.026, 171.692)))
(((50.3864, 446.871), (16.9573, 400.548), (-36.606, 396.13), (-73.8269, 441.941), (-57.5584, 495.567), (46.895, 457.584), (50.3864, 446.871)))
(((-0.665919, -289.357), (-18.8015, -304.901), (-34.1916, -301.117), (-39.2, -291.1), (-29.609, -250.338), (4.32291, -258.592), (-0.665919, -289.357)))
(((22.1471, 383.441), (-7.24818, 295.255), (-77.2245, 331.141), (-36.606, 396.13), (16.9573, 400.548), (22.1471, 383.441)))
(((31.4608, -537.977), (-29.6395, -561.477), (-42.8208, -512.047), (-6.79577, -488.031), (31.4608, -537.977)))
(((-36.3558, -801.106), (-67.607, -692.265), (-58.2148, -681.531), (-13.9034, -670.614), (24.6874, -697.538), (-35.5265, -801.106), (-36.3558, -801.106)))
(((13.6207, -209.931), (10.1704, -254.784), (4.32291, -258.592), (-29.609, -250.338), (-34.8139, -242.621), (-23.9688, -210.809), (-1.06049, -203.728), (12.1391, -207.709), (13.6207, -209.931)))
(((26.5922, -377.903), (-24.1416, -395.549), (-22.0144, -357.259), (-8.97541, -348.877), (26.4797, -374.36), (26.5922, -377.903)))
(((46.895, 457.584), (-57.5584, 495.567), (-58.9047, 499.468), (-17.572, 559.268), (59.8552, 522.974), (46.895, 457.584)))
(((31.8325, -389.431), (21.9188, -423.421), (-8.04622, -426.303), (-24.2021, -415.532), (-28.1476, -402.6), (-24.1416, -395.549), (26.5922, -377.903), (31.8325, -389.431)))
(((43.6601, 210.158), (18.18, 195.697), (-41.3358, 228.491), (-4.2523, 291.003), (49.0066, 275.08), (43.6601, 210.158)))
(((45.9764, -559.299), (22.4093, -618.729), (13.9144, -620.328), (-46.365, -588.656), (-29.6395, -561.477), (31.4608, -537.977), (31.8178, -538.086), (44.1961, -551.643), (45.9764, -559.299)))
(((31.9705, -69.4483), (-7.41363, -81.3829), (-30.2543, -36.7893), (-14.0425, -23.4081), (9.09215, -26.6614), (35.3151, -50.124), (31.9705, -69.4483)))
(((36.3329, -460.449), (-6.66469, -486.909), (-13.326, -475.141), (-8.04622, -426.303), (21.9188, -423.421), (38.2514, -441.903), (36.3329, -460.449)))
(((44.8295, -153.51), (-11.5047, -156.729), (-12.8747, -155.646), (-19.6809, -142.305), (0.529967, -112.831), (20.1277, -116.24), (44.088, -147.299), (44.8295, -153.51)))
(((49.0399, -159.874), (12.1391, -207.709), (-1.06049, -203.728), (-11.5047, -156.729), (44.8295, -153.51), (49.0399, -159.874)))
(((29.807, -324.013), (-4.96857, -328.843), (-18.8015, -304.901), (-0.665919, -289.357), (40.3303, -299.252), (29.807, -324.013)))
(((9.09215, -26.6614), (-14.0425, -23.4081), (-15.201, 47.2596), (57.8369, 20.2086), (9.09215, -26.6614)))
(((41.4191, -85.9834), (20.1277, -116.24), (0.529967, -112.831), (-9.97985, -92.2894), (-7.41363, -81.3829), (31.9705, -69.4483), (41.4191, -85.9834)))
(((26.4797, -374.36), (-8.97541, -348.877), (-4.96857, -328.843), (29.807, -324.013), (44.2652, -350.646), (26.4797, -374.36)))
(((40.3303, -299.252), (-0.665919, -289.357), (4.32291, -258.592), (10.1704, -254.784), (30.7861, -260.454), (42.0546, -298.015), (40.3303, -299.252)))
(((51.1929, -692.47), (24.6874, -697.538), (-13.9034, -670.614), (13.9144, -620.328), (22.4093, -618.729), (42.5526, -632.374), (65.6079, -676.254), (51.1929, -692.47)))
(((-32.9351, 647.832), (-0.901699, 671.106), (60.9017, 671.106), (110.902, 634.779), (126.756, 585.985), (59.8552, 522.974), (-17.572, 559.268), (-32.9351, 647.832)))
(((61.8021, -241.444), (30.7861, -260.454), (10.1704, -254.784), (13.6207, -209.931), (52.6304, -224.935), (61.8021, -241.444)))
(((31.4608, -537.977), (-6.79577, -488.031), (-6.66469, -486.909), (36.3329, -460.449), (62.1793, -487.079), (31.8178, -538.086), (31.4608, -537.977)))
(((60.3928, 281.212), (49.0066, 275.08), (-4.2523, 291.003), (-7.24818, 295.255), (22.1471, 383.441), (76.8725, 331.261), (60.3928, 281.212)))
(((80.5387, -814.745), (64.9017, -826.106), (3.0983, -826.106), (-34.2747, -798.953), (24.6874, -697.538), (51.1929, -692.47), (80.5387, -814.745)))
(((57.8369, 20.2086), (-15.201, 47.2596), (-25.4558, 62.3622), (19.003, 112.378), (54.6541, 109.263), (58.8917, 20.2745), (57.8369, 20.2086)))
(((76.3656, -4.90323), (65.0935, -38.7195), (35.3151, -50.124), (9.09215, -26.6614), (57.8369, 20.2086), (58.8917, 20.2745), (61.94, 18.899), (76.3656, -4.90323)))
(((70.4772, -102.854), (44.088, -147.299), (20.1277, -116.24), (41.4191, -85.9834), (69.8329, -95.8952), (70.4772, -102.854)))
(((54.6541, 109.263), (19.003, 112.378), (1.30789, 149.13), (18.18, 195.697), (43.6601, 210.158), (91.2938, 179.588), (56.4201, 109.84), (54.6541, 109.263)))
(((68.9678, -189.926), (52.6304, -224.935), (13.6207, -209.931), (12.1391, -207.709), (49.0399, -159.874), (57.4733, -163.489), (68.9678, -189.926)))
(((83.2614, -281.805), (66.9972, -296.655), (42.0546, -298.015), (30.7861, -260.454), (61.8021, -241.444), (73.0375, -246.66), (83.2614, -281.805)))
(((70.5878, -430.879), (38.2514, -441.903), (21.9188, -423.421), (31.8325, -389.431), (65.2157, -395.423), (70.5878, -430.879)))
(((73.8092, -326.173), (47.2207, -350.345), (44.2652, -350.646), (29.807, -324.013), (40.3303, -299.252), (42.0546, -298.015), (66.9972, -296.655), (73.8092, -326.173)))
(((90.0565, -376.427), (65.2157, -395.423), (31.8325, -389.431), (26.5922, -377.903), (26.4797, -374.36), (44.2652, -350.646), (47.2207, -350.345), (88, -373), (90.0565, -376.427)))
(((89.1566, -76.0629), (69.8329, -95.8952), (41.4191, -85.9834), (31.9705, -69.4483), (35.3151, -50.124), (65.0935, -38.7195), (90.9393, -70.804), (89.1566, -76.0629)))
(((98.6465, -601.613), (42.5526, -632.374), (22.4093, -618.729), (45.9764, -559.299), (95.3008, -591.417), (98.6465, -601.613)))
(((85.5116, -483.86), (62.1793, -487.079), (36.3329, -460.449), (38.2514, -441.903), (70.5878, -430.879), (76.5613, -433.074), (101.857, -463.429), (85.5116, -483.86)))
(((88, -373), (47.2207, -350.345), (73.8092, -326.173), (88, -334.871), (88, -373)))
(((124.672, 359.258), (76.8725, 331.261), (22.1471, 383.441), (16.9573, 400.548), (50.3864, 446.871), (93.0075, 432.664), (144.263, 388.645), (124.672, 359.258)))
(((92.285, -532.631), (44.1961, -551.643), (31.8178, -538.086), (62.1793, -487.079), (85.5116, -483.86), (101.083, -520.193), (92.285, -532.631)))
(((104.487, -223.859), (73.0375, -246.66), (61.8021, -241.444), (52.6304, -224.935), (68.9678, -189.926), (108.691, -208.619), (104.487, -223.859)))
(((109.823, -146.737), (57.4733, -163.489), (49.0399, -159.874), (44.8295, -153.51), (44.088, -147.299), (70.4772, -102.854), (112.798, -141.648), (109.823, -146.737)))
(((100.642, 45.6221), (61.94, 18.899), (58.8917, 20.2745), (54.6541, 109.263), (56.4201, 109.84), (107.929, 90.2524), (100.642, 45.6221)))
(((99.7239, -602.587), (78.2615, -674.128), (76.024, -675.775), (65.6079, -676.254), (42.5526, -632.374), (98.6465, -601.613), (99.7239, -602.587)))
(((158.165, -782.673), (114.902, -814.106), (80.3854, -814.106), (51.1929, -692.47), (65.6079, -676.254), (76.024, -675.775), (140.5, -742.147), (158.165, -782.673)))
(((109.089, -384.602), (107.89, -403.394), (76.5613, -433.074), (70.5878, -430.879), (65.2157, -395.423), (90.0565, -376.427), (105.923, -381.37), (109.089, -384.602)))
(((106.866, 182.317), (91.2938, 179.588), (43.6601, 210.158), (49.0066, 275.08), (60.3928, 281.212), (126.656, 258.837), (106.866, 182.317)))
(((95.3008, -591.417), (45.9764, -559.299), (44.1961, -551.643), (92.285, -532.631), (111.302, -565.233), (95.3008, -591.417)))
(((117.741, -324.318), (88, -334.871), (73.8092, -326.173), (66.9972, -296.655), (83.2614, -281.805), (95.2406, -284.317), (117.741, -324.318)))
(((108.691, -208.619), (68.9678, -189.926), (57.4733, -163.489), (109.823, -146.737), (122.199, -197.273), (108.691, -208.619)))
(((123.106, -55.7052), (90.9393, -70.804), (65.0935, -38.7195), (76.3656, -4.90323), (127.203, -15.4213), (123.106, -55.7052)))
(((112.798, -141.648), (70.4772, -102.854), (69.8329, -95.8952), (89.1566, -76.0629), (120.099, -110.444), (122.384, -135), (112.798, -141.648)))
(((140.5, -648.968), (78.2615, -674.128), (99.7239, -602.587), (155.853, -628.716), (140.5, -648.968)))
(((112.196, -461.361), (101.857, -463.429), (76.5613, -433.074), (107.89, -403.394), (128.428, -440.62), (112.196, -461.361)))
(((127.04, -332.639), (105.923, -381.37), (90.0565, -376.427), (88, -373), (88, -334.871), (117.741, -324.318), (122.029, -326.155), (127.04, -332.639)))
(((115.457, -275.587), (95.2406, -284.317), (83.2614, -281.805), (73.0375, -246.66), (104.487, -223.859), (127.448, -251.604), (115.457, -275.587)))
(((152.305, 159.597), (108.94, 90.5339), (107.929, 90.2524), (56.4201, 109.84), (91.2938, 179.588), (106.866, 182.317), (152.305, 159.597)))
(((140.905, -5.35854), (127.203, -15.4213), (76.3656, -4.90323), (61.94, 18.899), (100.642, 45.6221), (138.66, 23.259), (143.749, 7.18712), (140.905, -5.35854)))
(((156.823, 574.265), (140.576, 490.074), (93.0075, 432.664), (50.3864, 446.871), (46.895, 457.584), (59.8552, 522.974), (125.822, 585.106), (141.902, 585.106), (156.823, 574.265)))
(((145.766, 265.484), (126.656, 258.837), (60.3928, 281.212), (76.8725, 331.261), (124.672, 359.258), (148.284, 268.745), (145.766, 265.484)))
(((148.68, -552.773), (111.302, -565.233), (92.285, -532.631), (101.083, -520.193), (141.278, -521.048), (148.68, -552.773)))
(((141.278, -521.048), (101.083, -520.193), (85.5116, -483.86), (101.857, -463.429), (112.196, -461.361), (153.12, -499.877), (141.278, -521.048)))
(((143.186, -72.5161), (120.099, -110.444), (89.1566, -76.0629), (90.9393, -70.804), (123.106, -55.7052), (143.186, -72.5161)))
(((140.5, -742.147), (76.024, -675.775), (78.2615, -674.128), (140.5, -648.968), (140.5, -742.147)))
(((122.029, -326.155), (117.741, -324.318), (95.2406, -284.317), (115.457, -275.587), (144.489, -291.716), (122.029, -326.155)))
(((179.259, -620.914), (155.853, -628.716), (99.7239, -602.587), (98.6465, -601.613), (95.3008, -591.417), (111.302, -565.233), (148.68, -552.773), (182.076, -584.833), (182.952, -586.446), (179.259, -620.914)))
(((138.66, 23.259), (100.642, 45.6221), (107.929, 90.2524), (108.94, 90.5339), (156.661, 71.262), (138.66, 23.259)))
(((149.166, -433.84), (128.428, -440.62), (107.89, -403.394), (109.089, -384.602), (155.937, -386.439), (149.166, -433.84)))
(((161.338, -382.649), (155.937, -386.439), (109.089, -384.602), (105.923, -381.37), (127.04, -332.639), (170.597, -345.614), (161.338, -382.649)))
(((154.075, -248.357), (127.448, -251.604), (104.487, -223.859), (108.691, -208.619), (122.199, -197.273), (133.723, -198.574), (161.439, -238.761), (154.075, -248.357)))
(((160.748, -288.62), (144.489, -291.716), (115.457, -275.587), (127.448, -251.604), (154.075, -248.357), (162.009, -286.044), (160.748, -288.62)))
(((156.5, -145.326), (156.5, -186.643), (133.723, -198.574), (122.199, -197.273), (109.823, -146.737), (112.798, -141.648), (122.384, -135), (140.667, -135), (156.5, -145.326)))
(((172.437, -87.3442), (140.667, -135), (122.384, -135), (120.099, -110.444), (143.186, -72.5161), (164.947, -77.4792), (172.437, -87.3442)))
(((170.96, 159.94), (152.305, 159.597), (106.866, 182.317), (126.656, 258.837), (145.766, 265.484), (186.249, 204.107), (170.96, 159.94)))
(((164.779, 390.653), (144.263, 388.645), (93.0075, 432.664), (140.576, 490.074), (204.223, 412.283), (164.779, 390.653)))
(((170.597, -345.614), (127.04, -332.639), (122.029, -326.155), (144.489, -291.716), (160.748, -288.62), (181.849, -336.683), (170.597, -345.614)))
(((172.259, -461.479), (156.523, -498.506), (153.12, -499.877), (112.196, -461.361), (128.428, -440.62), (149.166, -433.84), (164.662, -442.262), (172.259, -461.479)))
(((194.621, 138.009), (157.5, 71.5), (156.661, 71.262), (108.94, 90.5339), (152.305, 159.597), (170.96, 159.94), (194.621, 138.009)))
(((164.947, -77.4792), (143.186, -72.5161), (123.106, -55.7052), (127.203, -15.4213), (140.905, -5.35854), (183.248, -30.5838), (164.947, -77.4792)))
(((164.779, 390.653), (199.523, 291.908), (148.284, 268.745), (124.672, 359.258), (144.263, 388.645), (164.779, 390.653)))
(((179.853, -780.106), (157.046, -780.106), (140.5, -742.147), (140.5, -648.968), (155.853, -628.716), (179.259, -620.914), (197.414, -635.945), (198.306, -641.707), (179.853, -780.106)))
(((192.219, -202.94), (175.341, -235.089), (161.439, -238.761), (133.723, -198.574), (156.5, -186.643), (185.153, -192.783), (192.219, -202.94)))
(((192.755, 27.6064), (143.749, 7.18712), (138.66, 23.259), (156.661, 71.262), (157.5, 71.5), (194.926, 50.6113), (192.755, 27.6064)))
(((156.792, 574.106), (160.383, 574.106), (226.625, 419.541), (204.223, 412.283), (140.576, 490.074), (156.792, 574.106)))
(((198.225, -144.419), (156.5, -145.326), (140.667, -135), (172.437, -87.3442), (180.539, -90.5317), (201.053, -142.5), (198.225, -144.419)))
(((185.153, -192.783), (156.5, -186.643), (156.5, -145.326), (198.225, -144.419), (185.153, -192.783)))
(((209.588, -414.376), (164.662, -442.262), (149.166, -433.84), (155.937, -386.439), (161.338, -382.649), (207.637, -409.751), (209.588, -414.376)))
(((182.076, -584.833), (148.68, -552.773), (141.278, -521.048), (153.12, -499.877), (156.523, -498.506), (195.91, -508.747), (182.076, -584.833)))
(((198.032, -273.661), (162.009, -286.044), (154.075, -248.357), (161.439, -238.761), (175.341, -235.089), (203.684, -258.118), (198.032, -273.661)))
(((232.017, -20.5204), (183.248, -30.5838), (140.905, -5.35854), (143.749, 7.18712), (192.755, 27.6064), (232.017, -20.5204)))
(((207.527, -504.598), (195.91, -508.747), (156.523, -498.506), (172.259, -461.479), (209.008, -464.721), (217.56, -475.088), (207.527, -504.598)))
(((202.018, -334.442), (181.849, -336.683), (160.748, -288.62), (162.009, -286.044), (198.032, -273.661), (212.006, -302.481), (202.018, -334.442)))
(((210.351, -415.003), (209.008, -464.721), (172.259, -461.479), (164.662, -442.262), (209.588, -414.376), (210.351, -415.003)))
(((258.937, 89.2849), (194.926, 50.6113), (157.5, 71.5), (194.621, 138.009), (195.415, 137.762), (258.937, 89.2849)))
(((244.117, 235.037), (186.249, 204.107), (145.766, 265.484), (148.284, 268.745), (199.523, 291.908), (232.166, 284.457), (241.991, 277.978), (244.117, 235.037)))
(((234.622, -21.2132), (214.059, -80.3298), (180.539, -90.5317), (172.437, -87.3442), (164.947, -77.4792), (183.248, -30.5838), (232.017, -20.5204), (234.622, -21.2132)))
(((227.898, -351.864), (207.637, -409.751), (161.338, -382.649), (170.597, -345.614), (181.849, -336.683), (202.018, -334.442), (226.834, -349.106), (227.898, -351.864)))
(((226.018, -209.613), (224.162, -250.439), (203.684, -258.118), (175.341, -235.089), (192.219, -202.94), (221.326, -206.235), (226.018, -209.613)))
(((219.005, -566.489), (182.952, -586.446), (182.076, -584.833), (195.91, -508.747), (207.527, -504.598), (235.235, -525.912), (219.005, -566.489)))
(((225.401, -165.493), (221.326, -206.235), (192.219, -202.94), (185.153, -192.783), (198.225, -144.419), (201.053, -142.5), (206.719, -142.5), (225.401, -165.493)))
(((241.182, -117.993), (206.719, -142.5), (201.053, -142.5), (180.539, -90.5317), (214.059, -80.3298), (243.451, -111.681), (241.182, -117.993)))
(((235.522, 415.341), (232.166, 284.457), (199.523, 291.908), (164.779, 390.653), (204.223, 412.283), (226.625, 419.541), (227.322, 419.499), (235.522, 415.341)))
(((312.015, 8.42514), (296.939, -6.393), (285.532, -11.4939), (234.622, -21.2132), (232.017, -20.5204), (192.755, 27.6064), (194.926, 50.6113), (258.937, 89.2849), (305.23, 78.4584), (320, 33), (320, 33), (312.015, 8.42514)))
(((253.61, -282.35), (212.006, -302.481), (198.032, -273.661), (203.684, -258.118), (224.162, -250.439), (239.75, -259.25), (253.61, -282.35)))
(((297.838, -755.458), (252.902, -788.106), (191.098, -788.106), (179.873, -779.95), (198.306, -641.707), (297.838, -755.458)))
(((273.271, 202.643), (195.415, 137.762), (194.621, 138.009), (170.96, 159.94), (186.249, 204.107), (244.117, 235.037), (273.271, 202.643)))
(((160.308, 574.282), (193.098, 598.106), (254.902, 598.106), (287.338, 574.539), (227.322, 419.499), (226.625, 419.541), (160.308, 574.282)))
(((253.648, -424.434), (237.614, -471.077), (217.56, -475.088), (209.008, -464.721), (210.351, -415.003), (253.227, -421.773), (253.648, -424.434)))
(((261.881, -286.628), (249.539, -331.059), (226.834, -349.106), (202.018, -334.442), (212.006, -302.481), (253.61, -282.35), (261.881, -286.628)))
(((262.593, -412.407), (253.227, -421.773), (210.351, -415.003), (209.588, -414.376), (207.637, -409.751), (227.898, -351.864), (264.629, -378.741), (269.564, -386.7), (262.593, -412.407)))
(((265.193, -520.465), (235.235, -525.912), (207.527, -504.598), (217.56, -475.088), (237.614, -471.077), (267.974, -488.203), (265.193, -520.465)))
(((272.602, -629.366), (197.414, -635.945), (179.259, -620.914), (182.952, -586.446), (219.005, -566.489), (257.47, -575.143), (272.602, -629.366)))
(((269.49, -181.714), (250.983, -205.772), (226.018, -209.613), (221.326, -206.235), (225.401, -165.493), (265.648, -168.269), (269.49, -181.714)))
(((265.648, -168.269), (225.401, -165.493), (206.719, -142.5), (241.182, -117.993), (268.267, -157.389), (265.648, -168.269)))
(((285.532, -11.4939), (248.358, -108.718), (243.451, -111.681), (214.059, -80.3298), (234.622, -21.2132), (285.532, -11.4939)))
(((295.932, -753.279), (198.306, -641.707), (197.414, -635.945), (272.602, -629.366), (276.259, -630.797), (332.033, -714.985), (326.902, -730.779), (295.932, -753.279)))
(((268.519, -230.481), (239.75, -259.25), (224.162, -250.439), (226.018, -209.613), (250.983, -205.772), (268.519, -230.481)))
(((268.287, -523.436), (274.494, -554.471), (257.47, -575.143), (219.005, -566.489), (235.235, -525.912), (265.193, -520.465), (268.287, -523.436)))
(((303.316, 78.9059), (258.937, 89.2849), (195.415, 137.762), (273.271, 202.643), (345.53, 167.679), (349, 157), (349, 157), (329.902, 98.2215), (303.316, 78.9059)))
(((322.232, 316.233), (241.991, 277.978), (232.166, 284.457), (235.522, 415.341), (256.944, 410.397), (322.232, 316.233)))
(((289.059, -470.951), (267.974, -488.203), (237.614, -471.077), (253.648, -424.434), (288.376, -467.845), (289.059, -470.951)))
(((300.642, -251.547), (262.196, -286.6), (261.881, -286.628), (253.61, -282.35), (239.75, -259.25), (268.519, -230.481), (301.307, -240.078), (300.642, -251.547)))
(((264.629, -378.741), (227.898, -351.864), (226.834, -349.106), (249.539, -331.059), (285.381, -337.238), (264.629, -378.741)))
(((291, -335.077), (285.381, -337.238), (249.539, -331.059), (261.881, -286.628), (262.196, -286.6), (291, -307.779), (291, -335.077)))
(((298.961, -138.096), (268.267, -157.389), (241.182, -117.993), (243.451, -111.681), (248.358, -108.718), (304.476, -111.524), (298.961, -138.096)))
(((296.939, -6.393), (307.182, -108.818), (304.476, -111.524), (248.358, -108.718), (285.532, -11.4939), (296.939, -6.393)))
(((301.307, -240.078), (268.519, -230.481), (250.983, -205.772), (269.49, -181.714), (297.94, -192.228), (302.277, -238.85), (301.307, -240.078)))
(((310.8, -591.829), (276.259, -630.797), (272.602, -629.366), (257.47, -575.143), (274.494, -554.471), (306.083, -567.772), (310.8, -591.829)))
(((288.376, -467.845), (253.648, -424.434), (253.227, -421.773), (262.593, -412.407), (303.296, -426.399), (288.376, -467.845)))
(((382.545, 468.367), (256.944, 410.397), (235.522, 415.341), (227.322, 419.499), (287.17, 574.106), (316.902, 574.106), (366.902, 537.779), (386, 479), (386, 479), (382.545, 468.367)))
(((318.288, -377.37), (269.564, -386.7), (264.629, -378.741), (285.381, -337.238), (291, -335.077), (318, -351), (321.071, -372.5), (318.288, -377.37)))
(((343.71, 168.56), (273.271, 202.643), (244.117, 235.037), (241.991, 277.978), (322.232, 316.233), (376.852, 302.776), (394, 250), (394, 250), (374.902, 191.221), (343.71, 168.56)))
(((325.011, -175.47), (297.94, -192.228), (269.49, -181.714), (265.648, -168.269), (268.267, -157.389), (298.961, -138.096), (325.909, -172.903), (325.011, -175.47)))
(((309.947, -521.353), (268.287, -523.436), (265.193, -520.465), (267.974, -488.203), (289.059, -470.951), (316.524, -477.942), (309.947, -521.353)))
(((320.624, -388.834), (309.481, -424.287), (303.296, -426.399), (262.593, -412.407), (269.564, -386.7), (318.288, -377.37), (320.624, -388.834)))
(((323.362, -295.406), (291, -307.779), (262.196, -286.6), (300.642, -251.547), (326.943, -284.861), (323.362, -295.406)))
(((329.42, -538.6), (306.083, -567.772), (274.494, -554.471), (268.287, -523.436), (309.947, -521.353), (329.42, -538.6)))
(((339.819, -470.566), (316.524, -477.942), (289.059, -470.951), (288.376, -467.845), (303.296, -426.399), (309.481, -424.287), (338.451, -444.566), (339.819, -470.566)))
(((336, -327), (318, -351), (291, -335.077), (291, -307.779), (323.362, -295.406), (336, -327)))
(((333.813, -229.839), (302.277, -238.85), (297.94, -192.228), (325.011, -175.47), (345.916, -209.316), (333.813, -229.839)))
(((331.451, -714.106), (276.259, -630.797), (310.8, -591.829), (409.702, -605.957), (423.875, -612.46), (426, -619), (426, -619), (406.902, -677.779), (356.902, -714.106), (331.451, -714.106)))
(((353.235, -141.569), (335.61, -166.651), (325.909, -172.903), (298.961, -138.096), (304.476, -111.524), (307.182, -108.818), (335.868, -113.348), (353.235, -141.569)))
(((373.604, 303.576), (322.232, 316.233), (256.944, 410.397), (380.492, 467.419), (408.902, 446.779), (428, 388), (428, 388), (408.902, 329.221), (373.604, 303.576)))
(((370.549, -489.101), (333.625, -538.333), (329.42, -538.6), (309.947, -521.353), (316.524, -477.942), (339.819, -470.566), (370.549, -489.101)))
(((338.451, -444.566), (309.481, -424.287), (320.624, -388.834), (356.81, -420.086), (338.451, -444.566)))
(((409.702, -605.957), (310.8, -591.829), (306.083, -567.772), (329.42, -538.6), (333.625, -538.333), (409.702, -605.957)))
(((353.472, -276.571), (326.943, -284.861), (300.642, -251.547), (301.307, -240.078), (302.277, -238.85), (333.813, -229.839), (354.186, -249.429), (353.472, -276.571)))
(((419.756, -37.0851), (335.868, -113.348), (307.182, -108.818), (296.939, -6.393), (314.742, 11.1057), (365.902, 11.1057), (415.902, -25.2215), (419.756, -37.0851)))
(((391.534, -408.039), (356.81, -420.086), (320.624, -388.834), (318.288, -377.37), (321.071, -372.5), (361.071, -372.5), (391.534, -408.039)))
(((361.071, -372.5), (321.071, -372.5), (318, -351), (336, -327), (380.571, -327), (361.071, -372.5)))
(((380.571, -327), (336, -327), (323.362, -295.406), (326.943, -284.861), (353.472, -276.571), (415.531, -306.941), (380.571, -327)))
(((345.916, -209.316), (325.011, -175.47), (325.909, -172.903), (335.61, -166.651), (417.594, -201.171), (345.916, -209.316)))
(((451.1, -202.767), (354.186, -249.429), (333.813, -229.839), (345.916, -209.316), (417.594, -201.171), (451.1, -202.767)))
(((451.389, -202.735), (451.1, -202.767), (417.594, -201.171), (335.61, -166.651), (353.235, -141.569), (456.074, -145.683), (463, -167), (463, -167), (451.389, -202.735)))
(((420.772, -611.036), (409.702, -605.957), (333.625, -538.333), (370.549, -489.101), (450.992, -490.889), (465, -534), (465, -534), (445.902, -592.779), (420.772, -611.036)))
(((455.685, -145.667), (353.235, -141.569), (335.868, -113.348), (418.448, -38.2749), (445.902, -58.2215), (465, -117), (465, -117), (455.685, -145.667)))
(((451.759, -490.906), (370.549, -489.101), (339.819, -470.566), (338.451, -444.566), (356.81, -420.086), (391.534, -408.039), (460.415, -423.734), (467, -444), (467, -444), (451.759, -490.906)))
(((458.318, -302.187), (415.531, -306.941), (353.472, -276.571), (354.186, -249.429), (451.1, -202.767), (455.229, -202.308), (473, -257), (473, -257), (458.318, -302.187)))
(((464.639, -424.696), (391.534, -408.039), (361.071, -372.5), (380.571, -327), (415.531, -306.941), (460.079, -301.991), (465.902, -306.221), (485, -365), (485, -365), (465.902, -423.779), (464.639, -424.696)))
