(((-295.708, -190.91), (-309, -150), (-290.353, -92.6107), (-186.337, -129.322), (-185.164, -156.897), (-295.708, -190.91)))
(((-292.542, -366.343), (-305, -328), (-285.902, -269.221), (-281.557, -266.065), (-274.308, -266.893), (-197.98, -297.692), (-178.708, -330.104), (-180.451, -341.434), (-292.542, -366.343)))
(((-288.314, -215.043), (-296.115, -191.035), (-185.164, -156.897), (-165.477, -184.317), (-165.725, -186.302), (-175.739, -195.881), (-288.314, -215.043)))
(((-264.708, -432.364), (-277.902, -422.779), (-295.99, -367.109), (-180.451, -341.434), (-171.158, -356.038), (-174.296, -381.665), (-219.074, -429.888), (-264.708, -432.364)))
(((-278.909, -266.368), (-293, -223), (-290.538, -215.421), (-175.739, -195.881), (-174.403, -243.999), (-274.308, -266.893), (-278.909, -266.368)))
(((-285.843, -85.9482), (-292, -67), (-272.902, -8.22147), (-222.902, 28.1057), (-161.098, 28.1057), (-149.72, 19.8391), (-183.921, -82.7632), (-285.843, -85.9482)))
(((-289.071, -93.0632), (-286.769, -85.9771), (-183.921, -82.7632), (-168.763, -97.2895), (-177.746, -124.237), (-186.337, -129.322), (-289.071, -93.0632)))
(((-224.309, -585.63), (-270.902, -551.779), (-290, -493), (-270.902, -434.221), (-268.639, -432.577), (-219.074, -429.888), (-188.867, -441.635), (-154.406, -486.7), (-204.026, -569.99), (-224.309, -585.63)))
(((-173.796, -244.308), (-156.485, -281.094), (-197.98, -297.692), (-274.308, -266.893), (-174.403, -243.999), (-173.796, -244.308)))
(((-146.143, -313.821), (-178.708, -330.104), (-197.98, -297.692), (-156.485, -281.094), (-142.51, -286.575), (-146.143, -313.821)))
(((-140.625, 20.1057), (-142.706, -86.0216), (-168.763, -97.2895), (-183.921, -82.7632), (-149.631, 20.1057), (-140.625, 20.1057)))
(((-134.01, -156.252), (-165.477, -184.317), (-185.164, -156.897), (-186.337, -129.322), (-177.746, -124.237), (-139.23, -134.936), (-134.01, -156.252)))
(((-135.437, -233.847), (-173.796, -244.308), (-174.403, -243.999), (-175.739, -195.881), (-165.725, -186.302), (-131.241, -212.399), (-135.437, -233.847)))
(((-140.5, -426.461), (-188.867, -441.635), (-219.074, -429.888), (-174.296, -381.665), (-140.5, -388.833), (-140.5, -426.461)))
(((-135.112, -350.737), (-171.158, -356.038), (-180.451, -341.434), (-178.708, -330.104), (-146.143, -313.821), (-129.86, -334.175), (-135.112, -350.737)))
(((-139.23, -134.936), (-177.746, -124.237), (-168.763, -97.2895), (-142.706, -86.0216), (-121.698, -106.447), (-139.23, -134.936)))
(((-120.62, -375.58), (-140.5, -388.833), (-174.296, -381.665), (-171.158, -356.038), (-135.112, -350.737), (-120.62, -375.58)))
(((-124.144, -278.519), (-142.51, -286.575), (-156.485, -281.094), (-173.796, -244.308), (-135.437, -233.847), (-121.153, -255.869), (-124.144, -278.519)))
(((-112.017, -504.493), (-119.296, -543.801), (-204.026, -569.99), (-154.406, -486.7), (-124.063, -488.511), (-115.231, -493.328), (-112.017, -504.493)))
(((-124.063, -488.511), (-154.406, -486.7), (-188.867, -441.635), (-140.5, -426.461), (-122.269, -431.108), (-124.063, -488.511)))
(((-101.563, -200.786), (-131.241, -212.399), (-165.725, -186.302), (-165.477, -184.317), (-134.01, -156.252), (-113.709, -162.881), (-98.6891, -196.082), (-101.563, -200.786)))
(((-177.185, -656.369), (-206.902, -634.779), (-223.159, -584.743), (-204.026, -569.99), (-119.296, -543.801), (-75.5204, -579.794), (-165.814, -653.367), (-177.185, -656.369)))
(((-103.692, -384.218), (-120.869, -430.596), (-122.269, -431.108), (-140.5, -426.461), (-140.5, -388.833), (-120.62, -375.58), (-105.969, -379.378), (-103.692, -384.218)))
(((-93.7962, -323.453), (-129.86, -334.175), (-146.143, -313.821), (-142.51, -286.575), (-124.144, -278.519), (-110.604, -286.102), (-93.7962, -323.453)))
(((-123.385, 19.1057), (-94.22, -17.35), (-84.6956, -68.9406), (-113.833, -105.922), (-121.698, -106.447), (-142.706, -86.0216), (-140.645, 19.1057), (-123.385, 19.1057)))
(((-96.1072, -147.626), (-113.709, -162.881), (-134.01, -156.252), (-139.23, -134.936), (-121.698, -106.447), (-113.833, -105.922), (-94.6587, -122.276), (-96.1072, -147.626)))
(((-84.104, -352.412), (-105.969, -379.378), (-120.62, -375.58), (-135.112, -350.737), (-129.86, -334.175), (-93.7962, -323.453), (-87.4223, -326.814), (-84.104, -352.412)))
(((-87.8746, -238.693), (-121.153, -255.869), (-135.437, -233.847), (-131.241, -212.399), (-101.563, -200.786), (-87.8746, -238.693)))
(((-66.2962, -462.093), (-115.231, -493.328), (-124.063, -488.511), (-122.269, -431.108), (-120.869, -430.596), (-84.9203, -437.444), (-66.2962, -462.093)))
(((-178.172, 512.332), (-184.902, 517.221), (-204, 576), (-184.902, 634.779), (-134.902, 671.106), (-73.0983, 671.106), (-36.7885, 644.725), (-82.4172, 516.289), (-178.172, 512.332)))
(((-84.9203, -437.444), (-120.869, -430.596), (-103.692, -384.218), (-77.4214, -402.761), (-84.9203, -437.444)))
(((-167.236, 387.019), (-179.902, 396.221), (-199, 455), (-180.402, 512.24), (-82.4172, 516.289), (-45.1462, 488.137), (-47.5901, 460.712), (-61.9706, 427.956), (-167.236, 387.019)))
(((-73.3429, -272.129), (-110.604, -286.102), (-124.144, -278.519), (-121.153, -255.869), (-87.8746, -238.693), (-80.9103, -241.859), (-73.3429, -272.129)))
(((-67.802, -796.106), (-123.902, -796.106), (-173.902, -759.779), (-193, -701), (-178.622, -656.748), (-165.814, -653.367), (-63.3506, -669.241), (-67.802, -796.106)))
(((-48.8644, -577.91), (-75.5204, -579.794), (-119.296, -543.801), (-112.017, -504.493), (-40.3108, -534.165), (-44.5221, -575.015), (-48.8644, -577.91)))
(((-75.1811, -190.657), (-98.6891, -196.082), (-113.709, -162.881), (-96.1072, -147.626), (-62.9337, -158.289), (-75.1811, -190.657)))
(((-69.8442, -118.141), (-94.6587, -122.276), (-113.833, -105.922), (-84.6956, -68.9406), (-60.7253, -89.126), (-69.8442, -118.141)))
(((-51.3519, -308.027), (-87.4223, -326.814), (-93.7962, -323.453), (-110.604, -286.102), (-73.3429, -272.129), (-61.9174, -278.817), (-51.3519, -308.027)))
(((-55.8145, -664.493), (-63.3506, -669.241), (-165.814, -653.367), (-75.5204, -579.794), (-48.8644, -577.91), (-52.8797, -659.554), (-55.8145, -664.493)))
(((-61.5282, -157.352), (-62.9337, -158.289), (-96.1072, -147.626), (-94.6587, -122.276), (-69.8442, -118.141), (-50.726, -140.318), (-61.5282, -157.352)))
(((-40.3108, -534.165), (-112.017, -504.493), (-115.231, -493.328), (-66.2962, -462.093), (-42.577, -466.486), (-30.283, -512.309), (-40.3108, -534.165)))
(((-45, -392.726), (-77.4214, -402.761), (-103.692, -384.218), (-105.969, -379.378), (-84.104, -352.412), (-45, -370.378), (-45, -392.726)))
(((-58.4385, -231.586), (-80.9103, -241.859), (-87.8746, -238.693), (-101.563, -200.786), (-98.6891, -196.082), (-75.1811, -190.657), (-46.5105, -209.519), (-58.4385, -231.586)))
(((-92.4437, 287.894), (-101.902, 287.894), (-151.902, 324.221), (-171, 383), (-170.05, 385.925), (-61.9706, 427.956), (-12.5794, 353.869), (-92.4437, 287.894)))
(((-42.577, -466.486), (-66.2962, -462.093), (-84.9203, -437.444), (-77.4214, -402.761), (-45, -392.726), (-42.145, -395.921), (-38.087, -454.087), (-40.4043, -464.018), (-42.577, -466.486)))
(((-61.9174, -278.817), (-73.3429, -272.129), (-80.9103, -241.859), (-58.4385, -231.586), (-39.8251, -257.645), (-61.9174, -278.817)))
(((-45, -370.378), (-84.104, -352.412), (-87.4223, -326.814), (-51.3519, -308.027), (-48.2833, -309.066), (-23.0545, -344.874), (-45, -370.378)))
(((-19.0485, -59.313), (-33.7148, -87.4723), (-60.7253, -89.126), (-84.6956, -68.9406), (-94.22, -17.35), (-24.1576, -42.3723), (-19.0485, -59.313)))
(((-46.5105, -209.519), (-75.1811, -190.657), (-62.9337, -158.289), (-61.5282, -157.352), (-29.3854, -183.468), (-46.4769, -209.512), (-46.5105, -209.519)))
(((-19.747, -113.662), (-34.4158, -136.48), (-50.726, -140.318), (-69.8442, -118.141), (-60.7253, -89.126), (-33.7148, -87.4723), (-19.747, -113.662)))
(((-121.644, 113.585), (-139, 167), (-119.902, 225.779), (-114.404, 229.773), (-9.94713, 184.712), (-5.25955, 137.055), (-41.7634, 119.534), (-121.644, 113.585)))
(((-8.13619, -247.946), (-18.1991, -256.536), (-39.8251, -257.645), (-58.4385, -231.586), (-46.5105, -209.519), (-46.4769, -209.512), (-11.3151, -228.519), (-8.13619, -247.946)))
(((-18.2281, -177.739), (-29.3854, -183.468), (-61.5282, -157.352), (-50.726, -140.318), (-34.4158, -136.48), (-13.037, -163.204), (-18.2281, -177.739)))
(((15.5907, -783.074), (-5.0983, -798.106), (-66.9017, -798.106), (-67.848, -797.418), (-63.3506, -669.241), (-55.8145, -664.493), (3.61132, -707.205), (15.5907, -783.074)))
(((-20.2848, -290.949), (-48.2833, -309.066), (-51.3519, -308.027), (-61.9174, -278.817), (-39.8251, -257.645), (-18.1991, -256.536), (-20.2848, -290.949)))
(((-123.248, 18.9353), (-118.841, 32.5), (-15.9889, 32.5), (-6.35615, -21.6842), (-24.1576, -42.3723), (-94.22, -17.35), (-123.248, 18.9353)))
(((-118.841, 32.5), (-132, 73), (-118.743, 113.801), (-41.7634, 119.534), (6.24706, 46.2545), (6.24459, 46.2056), (-15.9889, 32.5), (-118.841, 32.5)))
(((-37.0085, 644.106), (-4.06931, 644.106), (17.6685, 506.433), (-45.1462, 488.137), (-82.4172, 516.289), (-37.0085, 644.106)))
(((8.24458, -646.685), (-52.8797, -659.554), (-48.8644, -577.91), (-44.5221, -575.015), (7.29047, -591.347), (8.24458, -646.685)))
(((2.7931, -413.207), (-38.087, -454.087), (-42.145, -395.921), (-3.70761, -399.863), (2.7931, -413.207)))
(((-11.3151, -228.519), (-46.4769, -209.512), (-29.3854, -183.468), (-18.2281, -177.739), (7.65842, -204.802), (-11.3151, -228.519)))
(((-113.326, 229.307), (-97.9017, 276.779), (-92.6309, 280.608), (23.456, 245.623), (21.2569, 211.756), (-9.94713, 184.712), (-113.326, 229.307)))
(((39.6958, 398.886), (-11.6656, 354.026), (-12.5794, 353.869), (-61.9706, 427.956), (-47.5901, 460.712), (39.83, 399.194), (39.6958, 398.886)))
(((-3.70761, -399.863), (-42.145, -395.921), (-45, -392.726), (-45, -370.378), (-23.0545, -344.874), (-21.1395, -344.902), (13.7449, -369.321), (-3.70761, -399.863)))
(((7.4064, -317.376), (-21.1395, -344.902), (-23.0545, -344.874), (-48.2833, -309.066), (-20.2848, -290.949), (4.73229, -299.549), (7.4064, -317.376)))
(((20.5134, -662.415), (3.61132, -707.205), (-55.8145, -664.493), (-52.8797, -659.554), (8.24458, -646.685), (20.5134, -662.415)))
(((17.3355, -153.858), (-13.037, -163.204), (-34.4158, -136.48), (-19.747, -113.662), (7.43874, -115.261), (17.3355, -153.858)))
(((7.43874, -115.261), (-19.747, -113.662), (-33.7148, -87.4723), (-19.0485, -59.313), (8.34746, -68.6525), (27.0972, -98), (7.43874, -115.261)))
(((19.6976, -282.857), (4.73229, -299.549), (-20.2848, -290.949), (-18.1991, -256.536), (-8.13619, -247.946), (15.5572, -257.423), (19.6976, -282.857)))
(((6.24706, 46.2545), (-41.7634, 119.534), (-5.25955, 137.055), (41.3921, 122.657), (6.24706, 46.2545)))
(((17.1414, -455.067), (-40.4043, -464.018), (-38.087, -454.087), (2.7931, -413.207), (19.4591, -423.392), (17.1414, -455.067)))
(((75.0051, 441.873), (39.83, 399.194), (-47.5901, 460.712), (-45.1462, 488.137), (17.6685, 506.433), (63.8192, 487.972), (75.0051, 441.873)))
(((39.4359, -508.88), (-30.283, -512.309), (-42.577, -466.486), (-40.4043, -464.018), (17.1414, -455.067), (38.0943, -472.029), (43.7293, -506.351), (39.4359, -508.88)))
(((30.4422, -161.08), (15.6915, -202.874), (7.65842, -204.802), (-18.2281, -177.739), (-13.037, -163.204), (17.3355, -153.858), (30.4422, -161.08)))
(((-91.5141, 280.271), (-93.6635, 286.887), (-12.5794, 353.869), (-11.6656, 354.026), (41.3655, 303.16), (40.0932, 257.354), (23.456, 245.623), (-91.5141, 280.271)))
(((7.29047, -591.347), (-44.5221, -575.015), (-40.3108, -534.165), (-30.283, -512.309), (39.4359, -508.88), (15.4787, -588.738), (7.29047, -591.347)))
(((46.1176, -30.8824), (8.34746, -68.6525), (-19.0485, -59.313), (-24.1576, -42.3723), (-6.35615, -21.6842), (40.5, -23.7667), (46.1176, -30.8824)))
(((27.9841, -367.66), (13.7449, -369.321), (-21.1395, -344.902), (7.4064, -317.376), (35.1083, -327.968), (27.9841, -367.66)))
(((40.5, -23.7667), (-6.35615, -21.6842), (-15.9889, 32.5), (6.24459, 46.2056), (40.5, 29.3261), (40.5, -23.7667)))
(((27.7753, -250.888), (15.5572, -257.423), (-8.13619, -247.946), (-11.3151, -228.519), (7.65842, -204.802), (15.6915, -202.874), (44.7174, -219.678), (27.7753, -250.888)))
(((43.7488, -411.558), (19.4591, -423.392), (2.7931, -413.207), (-3.70761, -399.863), (13.7449, -369.321), (27.9841, -367.66), (44.4561, -377.606), (43.7488, -411.558)))
(((70.9802, 141.845), (49.0372, 124.495), (41.3921, 122.657), (-5.25955, 137.055), (-9.94713, 184.712), (21.2569, 211.756), (76.3885, 159.381), (70.9802, 141.845)))
(((47.7593, -319.945), (35.1083, -327.968), (7.4064, -317.376), (4.73229, -299.549), (19.6976, -282.857), (46.5353, -294.242), (47.7593, -319.945)))
(((66.4337, -114.108), (38.2782, -160.181), (30.4422, -161.08), (17.3355, -153.858), (7.43874, -115.261), (27.0972, -98), (49.9559, -98), (63.138, -104.895), (66.9419, -111.802), (66.4337, -114.108)))
(((48.0122, -31.9158), (49.9559, -98), (27.0972, -98), (8.34746, -68.6525), (46.1176, -30.8824), (48.0122, -31.9158)))
(((75.2264, -647.062), (62.2403, -660.293), (20.5134, -662.415), (8.24458, -646.685), (7.29047, -591.347), (15.4787, -588.738), (45.9776, -592.984), (77.0069, -632.996), (75.2264, -647.062)))
(((38.0943, -472.029), (17.1414, -455.067), (19.4591, -423.392), (43.7488, -411.558), (73.5413, -434.295), (38.0943, -472.029)))
(((44.7174, -219.678), (15.6915, -202.874), (30.4422, -161.08), (38.2782, -160.181), (53.5, -171.5), (53.5, -217.675), (44.7174, -219.678)))
(((76.5583, -781.996), (70.9017, -786.106), (16.0693, -786.106), (3.61132, -707.205), (20.5134, -662.415), (62.2403, -660.293), (76.5583, -781.996)))
(((61.9802, -280.292), (46.5353, -294.242), (19.6976, -282.857), (15.5572, -257.423), (27.7753, -250.888), (60.75, -267.375), (61.9802, -280.292)))
(((49.0372, 124.495), (83.4085, 42.3852), (40.5, 29.3261), (6.24459, 46.2056), (6.24706, 46.2545), (41.3921, 122.657), (49.0372, 124.495)))
(((85.2951, -556.544), (45.9776, -592.984), (15.4787, -588.738), (39.4359, -508.88), (43.7293, -506.351), (48.2406, -507.64), (87.2629, -553.851), (85.2951, -556.544)))
(((-3.59067, 641.074), (17.0983, 656.106), (78.9017, 656.106), (124.659, 622.861), (115.535, 544.733), (63.8192, 487.972), (17.6685, 506.433), (-3.59067, 641.074)))
(((82.5744, -348.111), (73.5108, -368.997), (44.4561, -377.606), (27.9841, -367.66), (35.1083, -327.968), (47.7593, -319.945), (78.0489, -331.216), (82.5744, -348.111)))
(((73.1776, -248.734), (60.75, -267.375), (27.7753, -250.888), (44.7174, -219.678), (53.5, -217.675), (67.0449, -221.478), (73.1776, -248.734)))
(((92.9539, 328.448), (41.3655, 303.16), (-11.6656, 354.026), (39.6958, 398.886), (92.9539, 328.448)))
(((76.3885, 159.381), (21.2569, 211.756), (23.456, 245.623), (40.0932, 257.354), (84.5788, 247.403), (105.165, 186.581), (76.3885, 159.381)))
(((95.3613, -63.1243), (63.138, -104.895), (49.9559, -98), (48.0122, -31.9158), (71.2884, -32.632), (95.3613, -63.1243)))
(((104.676, -412.324), (83.2692, -433.731), (73.5413, -434.295), (43.7488, -411.558), (44.4561, -377.606), (73.5108, -368.997), (105.191, -406.809), (104.676, -412.324)))
(((95.6078, -306.132), (78.0489, -331.216), (47.7593, -319.945), (46.5353, -294.242), (61.9802, -280.292), (88.5286, -290.911), (95.6078, -306.132)))
(((89.2341, -171.664), (92.3648, -184.448), (81.7031, -214.148), (67.0449, -221.478), (53.5, -217.675), (53.5, -171.5), (88.8913, -171.5), (89.2341, -171.664)))
(((88.8913, -171.5), (53.5, -171.5), (38.2782, -160.181), (66.4337, -114.108), (88.8913, -171.5)))
(((84.6772, 42.0644), (104.346, 1.37023), (71.2884, -32.632), (48.0122, -31.9158), (46.1176, -30.8824), (40.5, -23.7667), (40.5, 29.3261), (83.4085, 42.3852), (84.6772, 42.0644)))
(((95.6484, -485.997), (48.2406, -507.64), (43.7293, -506.351), (38.0943, -472.029), (73.5413, -434.295), (83.2692, -433.731), (101.547, -474.856), (95.6484, -485.997)))
(((117.905, 277.026), (84.5788, 247.403), (40.0932, 257.354), (41.3655, 303.16), (92.9539, 328.448), (114.959, 324.154), (117.905, 277.026)))
(((88.5286, -290.911), (61.9802, -280.292), (60.75, -267.375), (73.1776, -248.734), (104.719, -259.61), (88.5286, -290.911)))
(((77.0069, -632.996), (45.9776, -592.984), (85.2951, -556.544), (98.7638, -619.398), (77.0069, -632.996)))
(((136, 75.6897), (84.6772, 42.0644), (83.4085, 42.3852), (49.0372, 124.495), (70.9802, 141.845), (136, 94), (136, 75.6897)))
(((170.042, -745.13), (121.902, -780.106), (76.336, -780.106), (62.2403, -660.293), (75.2264, -647.062), (136.763, -682.839), (170.042, -745.13)))
(((115.613, -152.613), (89.2341, -171.664), (88.8913, -171.5), (66.4337, -114.108), (66.9419, -111.802), (101.535, -118.585), (118.066, -141.239), (115.613, -152.613)))
(((119.393, -253.274), (104.719, -259.61), (73.1776, -248.734), (67.0449, -221.478), (81.7031, -214.148), (118.087, -230.2), (119.393, -253.274)))
(((105.083, -552.209), (87.2629, -553.851), (48.2406, -507.64), (95.6484, -485.997), (115.187, -516.847), (105.083, -552.209)))
(((114.959, 324.154), (92.9539, 328.448), (39.6958, 398.886), (39.83, 399.194), (75.0051, 441.873), (116.754, 424.478), (131.617, 338), (114.959, 324.154)))
(((143.212, -605.453), (98.7638, -619.398), (85.2951, -556.544), (87.2629, -553.851), (105.083, -552.209), (162.149, -583.417), (143.212, -605.453)))
(((126.603, -90.3846), (101.535, -118.585), (66.9419, -111.802), (63.138, -104.895), (95.3613, -63.1243), (127.605, -64.8213), (126.603, -90.3846)))
(((142.5, -52.7034), (127.605, -64.8213), (95.3613, -63.1243), (71.2884, -32.632), (104.346, 1.37023), (120.556, -4.70833), (142.5, -44.6786), (142.5, -52.7034)))
(((105.191, -406.809), (73.5108, -368.997), (82.5744, -348.111), (111.762, -350.415), (129.2, -382.8), (105.191, -406.809)))
(((128.518, -217.413), (118.087, -230.2), (81.7031, -214.148), (92.3648, -184.448), (127.083, -197.801), (128.518, -217.413)))
(((136.545, -326.665), (111.762, -350.415), (82.5744, -348.111), (78.0489, -331.216), (95.6078, -306.132), (116.732, -307.452), (136.545, -326.665)))
(((137.849, -266.625), (116.732, -307.452), (95.6078, -306.132), (88.5286, -290.911), (104.719, -259.61), (119.393, -253.274), (137.849, -266.625)))
(((136.763, -682.839), (75.2264, -647.062), (77.0069, -632.996), (98.7638, -619.398), (143.212, -605.453), (136.763, -682.839)))
(((147.862, -444.12), (131.003, -471.095), (101.547, -474.856), (83.2692, -433.731), (104.676, -412.324), (145.295, -437.468), (147.862, -444.12)))
(((127.083, -197.801), (92.3648, -184.448), (89.2341, -171.664), (115.613, -152.613), (141.444, -178.444), (127.083, -197.801)))
(((151.509, -502.787), (115.187, -516.847), (95.6484, -485.997), (101.547, -474.856), (131.003, -471.095), (151.509, -502.787)))
(((148.643, 188.411), (105.165, 186.581), (84.5788, 247.403), (117.905, 277.026), (176.643, 245.168), (148.643, 188.411)))
(((154.138, -127.949), (118.066, -141.239), (101.535, -118.585), (126.603, -90.3846), (156.052, -122.511), (154.138, -127.949)))
(((169.09, 31.6925), (120.556, -4.70833), (104.346, 1.37023), (84.6772, 42.0644), (136, 75.6897), (169.405, 44.5888), (169.09, 31.6925)))
(((174.077, 132.077), (136, 94), (70.9802, 141.845), (76.3885, 159.381), (105.165, 186.581), (148.643, 188.411), (180.624, 149.262), (174.077, 132.077)))
(((149.404, -378.137), (129.2, -382.8), (111.762, -350.415), (136.545, -326.665), (150.7, -328.9), (149.404, -378.137)))
(((162.149, -583.417), (105.083, -552.209), (115.187, -516.847), (151.509, -502.787), (176.134, -513.008), (168.179, -581.948), (162.149, -583.417)))
(((200.57, 459.038), (177.311, 436.339), (116.754, 424.478), (75.0051, 441.873), (63.8192, 487.972), (115.535, 544.733), (191.058, 490.951), (200.57, 459.038)))
(((150.7, -328.9), (136.545, -326.665), (116.732, -307.452), (137.849, -266.625), (154.184, -267.942), (157.773, -325.364), (150.7, -328.9)))
(((161.459, -175.943), (141.444, -178.444), (115.613, -152.613), (118.066, -141.239), (154.138, -127.949), (171.444, -164.381), (161.459, -175.943)))
(((166.669, -404.338), (145.295, -437.468), (104.676, -412.324), (105.191, -406.809), (129.2, -382.8), (149.404, -378.137), (154.993, -380.987), (166.669, -404.338)))
(((168.387, -261.551), (154.184, -267.942), (137.849, -266.625), (119.393, -253.274), (118.087, -230.2), (128.518, -217.413), (165.536, -220.68), (168.387, -261.551)))
(((165.536, -220.68), (128.518, -217.413), (127.083, -197.801), (141.444, -178.444), (161.459, -175.943), (171.281, -213.267), (165.536, -220.68)))
(((188.4, -81), (184.22, -101.9), (156.052, -122.511), (126.603, -90.3846), (127.605, -64.8213), (142.5, -52.7034), (183.519, -72.8654), (188.4, -81)))
(((189.387, -1.14068), (142.5, -44.6786), (120.556, -4.70833), (169.09, 31.6925), (189.387, -1.14068)))
(((176.134, -513.008), (151.509, -502.787), (131.003, -471.095), (147.862, -444.12), (179.52, -455.571), (184.863, -465.112), (176.463, -512.711), (176.134, -513.008)))
(((230.229, 269.17), (176.643, 245.168), (117.905, 277.026), (114.959, 324.154), (131.617, 338), (194.043, 338), (230.93, 271.318), (230.229, 269.17)))
(((194.043, 338), (131.617, 338), (116.754, 424.478), (177.311, 436.339), (197.486, 346.991), (194.043, 338)))
(((188.058, -741.106), (167.892, -741.106), (136.763, -682.839), (143.212, -605.453), (162.149, -583.417), (168.179, -581.948), (179.958, -587.195), (188.058, -741.106)))
(((197.153, -361.947), (154.993, -380.987), (149.404, -378.137), (150.7, -328.9), (157.773, -325.364), (174.689, -326.209), (197.153, -361.947)))
(((192.705, -311.038), (174.689, -326.209), (157.773, -325.364), (154.184, -267.942), (168.387, -261.551), (181.465, -264.872), (196.68, -285.486), (192.705, -311.038)))
(((202.761, -415.205), (179.52, -455.571), (147.862, -444.12), (145.295, -437.468), (166.669, -404.338), (201.807, -412.244), (202.761, -415.205)))
(((216.358, -13.756), (183.519, -72.8654), (142.5, -52.7034), (142.5, -44.6786), (189.387, -1.14068), (216.358, -13.756)))
(((202.714, -125.017), (177.399, -163.963), (171.444, -164.381), (154.138, -127.949), (156.052, -122.511), (184.22, -101.9), (202.714, -125.017)))
(((169.405, 44.5888), (136, 75.6897), (136, 94), (174.077, 132.077), (217.985, 67.2598), (169.405, 44.5888)))
(((201.807, -412.244), (166.669, -404.338), (154.993, -380.987), (197.153, -361.947), (198.079, -362.314), (207.295, -399.179), (201.807, -412.244)))
(((124.13, 618.332), (154.098, 640.106), (215.902, 640.106), (217.299, 639.091), (228.35, 551.685), (191.058, 490.951), (115.535, 544.733), (124.13, 618.332)))
(((222.073, -190.22), (204.297, -211.656), (171.281, -213.267), (161.459, -175.943), (171.444, -164.381), (177.399, -163.963), (218.276, -178.828), (222.073, -190.22)))
(((209.727, -241.909), (181.465, -264.872), (168.387, -261.551), (165.536, -220.68), (171.281, -213.267), (204.297, -211.656), (209.727, -241.909)))
(((234.566, 259.773), (223.181, 155.409), (180.624, 149.262), (148.643, 188.411), (176.643, 245.168), (230.229, 269.17), (234.566, 259.773)))
(((258.7, -720.362), (232.902, -739.106), (187.953, -739.106), (179.958, -587.195), (196.842, -588.914), (258.7, -720.362)))
(((234.64, -141.637), (218.276, -178.828), (177.399, -163.963), (202.714, -125.017), (231.552, -135.568), (234.64, -141.637)))
(((236.213, -329.856), (229.85, -348.275), (198.079, -362.314), (197.153, -361.947), (174.689, -326.209), (192.705, -311.038), (235.58, -329.017), (236.213, -329.856)))
(((233.173, -463.806), (184.863, -465.112), (179.52, -455.571), (202.761, -415.205), (233.691, -436.368), (233.173, -463.806)))
(((236.786, -469.024), (212.62, -509.3), (176.463, -512.711), (184.863, -465.112), (233.173, -463.806), (236.786, -469.024)))
(((303.614, 7.34608), (292.643, -4.7122), (281.584, -8.18798), (216.358, -13.756), (189.387, -1.14068), (169.09, 31.6925), (169.405, 44.5888), (217.985, 67.2598), (297.88, 64.3007), (310, 27), (310, 27), (303.614, 7.34608)))
(((243.695, -577.201), (196.842, -588.914), (179.958, -587.195), (168.179, -581.948), (176.134, -513.008), (176.463, -512.711), (212.62, -509.3), (242.924, -530.946), (243.695, -577.201)))
(((298.79, 64.267), (217.985, 67.2598), (174.077, 132.077), (180.624, 149.262), (223.181, 155.409), (312.03, 110.985), (313, 108), (313, 108), (298.79, 64.267)))
(((231.243, -282.757), (196.68, -285.486), (181.465, -264.872), (209.727, -241.909), (231.446, -249.149), (237.582, -276.418), (231.243, -282.757)))
(((235.58, -329.017), (192.705, -311.038), (196.68, -285.486), (231.243, -282.757), (235.58, -329.017)))
(((231.552, -135.568), (202.714, -125.017), (184.22, -101.9), (188.4, -81), (217.173, -81), (241.031, -102.39), (231.552, -135.568)))
(((281.584, -8.18798), (217.173, -81), (188.4, -81), (183.519, -72.8654), (216.358, -13.756), (281.584, -8.18798)))
(((311.264, 419.809), (197.486, 346.991), (177.311, 436.339), (200.57, 459.038), (305.389, 437.891), (311.264, 419.809)))
(((241.792, -388.051), (207.295, -399.179), (198.079, -362.314), (229.85, -348.275), (244.469, -370.204), (241.792, -388.051)))
(((250.579, -231.929), (231.446, -249.149), (209.727, -241.909), (204.297, -211.656), (222.073, -190.22), (240.539, -198.464), (250.579, -231.929)))
(((260.882, -417.543), (233.691, -436.368), (202.761, -415.205), (201.807, -412.244), (207.295, -399.179), (241.792, -388.051), (261.405, -411.586), (260.882, -417.543)))
(((323.223, -667.324), (316.902, -686.779), (266.902, -723.106), (259.991, -723.106), (196.842, -588.914), (243.695, -577.201), (265.484, -585.87), (323.223, -667.324)))
(((263.222, -510.051), (242.924, -530.946), (212.62, -509.3), (236.786, -469.024), (254.582, -476.274), (263.222, -510.051)))
(((304.735, 438.023), (200.57, 459.038), (191.058, 490.951), (228.35, 551.685), (333.304, 483.237), (322.902, 451.221), (304.735, 438.023)))
(((292.643, -4.7122), (289.565, -50.3643), (269.949, -91.1051), (241.031, -102.39), (217.173, -81), (281.584, -8.18798), (292.643, -4.7122)))
(((271.31, -323.234), (236.213, -329.856), (235.58, -329.017), (231.243, -282.757), (237.582, -276.418), (268.138, -279.891), (271.31, -323.234)))
(((346.665, 332.657), (230.93, 271.318), (194.043, 338), (197.486, 346.991), (311.237, 419.792), (331.902, 404.779), (351, 346), (351, 346), (346.665, 332.657)))
(((272.994, -170.314), (264.696, -190.228), (240.539, -198.464), (222.073, -190.22), (218.276, -178.828), (234.64, -141.637), (265.265, -145.84), (272.994, -170.314)))
(((279.244, -270.139), (268.138, -279.891), (237.582, -276.418), (231.446, -249.149), (250.579, -231.929), (274.449, -239.318), (279.244, -270.139)))
(((308.041, 112.979), (223.181, 155.409), (234.566, 259.773), (344.584, 159.942), (335.902, 133.221), (308.041, 112.979)))
(((281.381, -335.144), (270.488, -366.735), (244.469, -370.204), (229.85, -348.275), (236.213, -329.856), (271.31, -323.234), (278.792, -327.376), (281.381, -335.144)))
(((285.277, -129.934), (265.265, -145.84), (234.64, -141.637), (231.552, -135.568), (241.031, -102.39), (269.949, -91.1051), (285.277, -129.934)))
(((277.039, -465.307), (254.582, -476.274), (236.786, -469.024), (233.173, -463.806), (233.691, -436.368), (260.882, -417.543), (278.813, -433.364), (277.039, -465.307)))
(((261.405, -411.586), (241.792, -388.051), (244.469, -370.204), (270.488, -366.735), (287.547, -388.058), (261.405, -411.586)))
(((292.182, -223.105), (274.449, -239.318), (250.579, -231.929), (240.539, -198.464), (264.696, -190.228), (292.677, -210.49), (292.182, -223.105)))
(((333.488, 483.117), (228.35, 551.685), (217.91, 634.258), (241.098, 651.106), (302.902, 651.106), (352.902, 614.779), (372, 556), (372, 556), (352.902, 497.221), (333.488, 483.117)))
(((304.256, -541.858), (265.484, -585.87), (243.695, -577.201), (242.924, -530.946), (263.222, -510.051), (292.358, -515.23), (304.256, -541.858)))
(((310.12, -486.368), (292.358, -515.23), (263.222, -510.051), (254.582, -476.274), (277.039, -465.307), (301.458, -474.241), (310.12, -486.368)))
(((321.519, -369.556), (308.171, -387.233), (287.547, -388.058), (270.488, -366.735), (281.381, -335.144), (321.41, -367.76), (321.519, -369.556)))
(((316.592, -187.347), (292.677, -210.49), (264.696, -190.228), (272.994, -170.314), (305.042, -172.688), (316.592, -187.347)))
(((319.075, -426.654), (278.813, -433.364), (260.882, -417.543), (261.405, -411.586), (287.547, -388.058), (308.171, -387.233), (319.075, -426.654)))
(((318.706, -292.744), (309.479, -311.639), (278.792, -327.376), (271.31, -323.234), (268.138, -279.891), (279.244, -270.139), (310.128, -275.93), (318.706, -292.744)))
(((305.042, -172.688), (272.994, -170.314), (265.265, -145.84), (285.277, -129.934), (306.333, -132.664), (305.042, -172.688)))
(((320.395, -427.759), (301.458, -474.241), (277.039, -465.307), (278.813, -433.364), (319.075, -426.654), (320.395, -427.759)))
(((320.256, -126.588), (306.333, -132.664), (285.277, -129.934), (269.949, -91.1051), (289.565, -50.3643), (324.596, -111.669), (320.256, -126.588)))
(((310.128, -275.93), (279.244, -270.139), (274.449, -239.318), (292.182, -223.105), (328.484, -244.006), (310.128, -275.93)))
(((345.816, 158.824), (234.566, 259.773), (230.229, 269.17), (230.93, 271.318), (346.587, 332.616), (384.902, 304.779), (404, 246), (404, 246), (384.902, 187.221), (345.816, 158.824)))
(((321.41, -367.76), (281.381, -335.144), (278.792, -327.376), (309.479, -311.639), (334.22, -343.253), (321.41, -367.76)))
(((323.069, -667.106), (265.484, -585.87), (304.256, -541.858), (408.115, -550.812), (415, -572), (415, -572), (395.902, -630.779), (345.902, -667.106), (323.069, -667.106)))
(((351.594, -235.34), (328.484, -244.006), (292.182, -223.105), (292.677, -210.49), (316.592, -187.347), (332.298, -188.174), (351.594, -235.34)))
(((408.041, -550.805), (304.256, -541.858), (292.358, -515.23), (310.12, -486.368), (345.668, -488.343), (413.413, -534.272), (408.041, -550.805)))
(((342.434, -177.518), (332.298, -188.174), (316.592, -187.347), (305.042, -172.688), (306.333, -132.664), (320.256, -126.588), (349.261, -149.643), (342.434, -177.518)))
(((345.668, -488.343), (310.12, -486.368), (301.458, -474.241), (320.395, -427.759), (338.037, -431.875), (345.668, -488.343)))
(((360.949, 11.1057), (362.616, -90.5469), (324.596, -111.669), (289.565, -50.3643), (292.643, -4.7122), (307.035, 11.1057), (360.949, 11.1057)))
(((334.22, -343.253), (309.479, -311.639), (318.706, -292.744), (409.668, -304.609), (334.22, -343.253)))
(((338.037, -431.875), (320.395, -427.759), (319.075, -426.654), (308.171, -387.233), (321.519, -369.556), (404.642, -404.022), (338.037, -431.875)))
(((435.939, -281.42), (429.517, -301.187), (409.668, -304.609), (318.706, -292.744), (310.128, -275.93), (328.484, -244.006), (351.594, -235.34), (383.871, -245.372), (435.939, -281.42)))
(((399.837, -131.793), (349.261, -149.643), (320.256, -126.588), (324.596, -111.669), (362.616, -90.5469), (399.837, -131.793)))
(((440.091, -401.807), (404.642, -404.022), (321.519, -369.556), (321.41, -367.76), (334.22, -343.253), (409.668, -304.609), (434.913, -300.256), (454, -359), (454, -359), (440.091, -401.807)))
(((413.042, -534.02), (345.668, -488.343), (338.037, -431.875), (404.642, -404.022), (442.664, -401.646), (460, -455), (460, -455), (440.902, -513.779), (413.042, -534.02)))
(((383.871, -245.372), (351.594, -235.34), (332.298, -188.174), (342.434, -177.518), (376.414, -187.586), (383.871, -245.372)))
(((425.5, -138.5), (376.414, -187.586), (342.434, -177.518), (349.261, -149.643), (399.837, -131.793), (425.5, -138.5)))
(((435.192, -280.902), (383.871, -245.372), (376.414, -187.586), (425.5, -138.5), (474.967, -138.5), (493, -194), (493, -194), (473.902, -252.779), (435.192, -280.902)))
(((474.967, -138.5), (425.5, -138.5), (399.837, -131.793), (362.616, -90.5469), (360.946, 11.2688), (362.098, 12.1057), (423.902, 12.1057), (473.902, -24.2215), (493, -83), (493, -83), (474.967, -138.5)))
