(((-211.059, 113.894), (-217.902, 113.894), (-267.902, 150.221), (-287, 209), (-267.902, 267.779), (-227.866, 296.866), (-139.439, 208.439), (-140.068, 193.516), (-164.765, 148.851), (-211.059, 113.894)))
(((-227.002, 296.002), (-220.902, 314.779), (-170.902, 351.106), (-151.426, 351.106), (-79.7051, 275.753), (-85.0128, 259.664), (-139.439, 208.439), (-227.002, 296.002)))
(((-198.926, -527.846), (-205.902, -522.779), (-225, -464), (-205.902, -405.221), (-155.902, -368.894), (-149.484, -368.894), (-91.936, -408.156), (-78.4111, -515.002), (-85.3599, -522.168), (-198.926, -527.846)))
(((-51.6868, -652.651), (-88.0983, -679.106), (-149.902, -679.106), (-199.902, -642.779), (-219, -584), (-200.785, -527.939), (-85.3599, -522.168), (-51.6868, -652.651)))
(((-146.796, 17.9974), (-193.902, 52.2215), (-213, 111), (-212.385, 112.893), (-164.765, 148.851), (-85.3012, 131.712), (-81.7672, 96.9612), (-146.796, 17.9974)))
(((-85.3012, 131.712), (-164.765, 148.851), (-140.068, 193.516), (-77.8376, 179.044), (-77.0513, 140.512), (-85.3012, 131.712)))
(((-60.1281, 195.488), (-77.8376, 179.044), (-140.068, 193.516), (-139.439, 208.439), (-85.0128, 259.664), (-60.1281, 195.488)))
(((-120.046, -6.38382), (-142.902, 10.2215), (-145.815, 19.1886), (-81.7672, 96.9612), (-34.2627, 89.0438), (-28.8491, 61.5247), (-80.1205, 6.40801), (-120.046, -6.38382)))
(((-151.68, 351.373), (-137.902, 393.779), (-134.063, 396.568), (-46.0134, 387.431), (-13.0588, 312.294), (-65.1083, 277.594), (-79.7051, 275.753), (-151.68, 351.373)))
(((-142.25, -326.164), (-154, -290), (-134.902, -231.221), (-131.179, -228.517), (-57.9478, -230.363), (-6.10131, -292.578), (-27.5809, -322.741), (-142.25, -326.164)))
(((-21.2218, 108.243), (-34.2627, 89.0438), (-81.7672, 96.9612), (-85.3012, 131.712), (-77.0513, 140.512), (-29.4413, 139.477), (-21.2218, 108.243)))
(((-11.2563, 172.327), (-29.4413, 139.477), (-77.0513, 140.512), (-77.8376, 179.044), (-60.1281, 195.488), (-24.3699, 189.626), (-11.2563, 172.327)))
(((-147.751, -370.076), (-152, -357), (-141.978, -326.156), (-27.5809, -322.741), (-8.58877, -383.516), (-20.3007, -403.725), (-91.936, -408.156), (-147.751, -370.076)))
(((-132.321, -228.488), (-151, -171), (-131.902, -112.221), (-104.308, -92.1732), (-84.0376, -95.4283), (-12.1626, -159.01), (-13.2152, -199.533), (-57.9478, -230.363), (-132.321, -228.488)))
(((-1.04688, -438.047), (-77.907, -514.907), (-78.4111, -515.002), (-91.936, -408.156), (-20.3007, -403.725), (-1.04688, -438.047)))
(((-131.476, 396.299), (-146, 441), (-126.902, 499.779), (-101.941, 517.913), (16.8085, 430.142), (14.0049, 421.515), (-46.0134, 387.431), (-131.476, 396.299)))
(((-24.3699, 189.626), (-60.1281, 195.488), (-85.0128, 259.664), (-79.7051, 275.753), (-65.1083, 277.594), (-12.9325, 232.108), (-24.3699, 189.626)))
(((-110.417, -91.1921), (-129, -34), (-120.025, -6.37684), (-80.1205, 6.40801), (-16.4577, -3.69718), (12.0172, -40.3079), (-4.01684, -72.8342), (-84.0376, -95.4283), (-110.417, -91.1921)))
(((11.1837, -650.542), (4.9017, -655.106), (-51.0534, -655.106), (-85.3599, -522.168), (-78.4111, -515.002), (-77.907, -514.907), (5.46142, -524.651), (11.1837, -650.542)))
(((12.3118, 32.2647), (-16.4577, -3.69718), (-80.1205, 6.40801), (-28.8491, 61.5247), (4.59555, 49.9477), (12.3118, 32.2647)))
(((46.0862, -493.359), (5.46142, -524.651), (-77.907, -514.907), (-1.04688, -438.047), (45.9106, -471.23), (46.0862, -493.359)))
(((-101.953, 517.922), (-92.9017, 545.779), (-42.9017, 582.106), (18.9017, 582.106), (68.9017, 545.779), (84.2903, 498.417), (16.8085, 430.142), (-101.953, 517.922)))
(((35.55, 276.671), (23.4087, 244.45), (-12.9325, 232.108), (-65.1083, 277.594), (-13.0588, 312.294), (19.8541, 309.24), (35.55, 276.671)))
(((33.3406, -132.888), (-12.1626, -159.01), (-84.0376, -95.4283), (-4.01684, -72.8342), (37.8041, -112.146), (33.3406, -132.888)))
(((35.8957, 91.3086), (4.59555, 49.9477), (-28.8491, 61.5247), (-34.2627, 89.0438), (-21.2218, 108.243), (29.3135, 104.279), (35.8957, 91.3086)))
(((31.4039, -287.686), (-6.10131, -292.578), (-57.9478, -230.363), (-13.2152, -199.533), (26.8003, -213.983), (47.274, -273.624), (31.4039, -287.686)))
(((19.8541, 309.24), (-13.0588, 312.294), (-46.0134, 387.431), (14.0049, 421.515), (33.6107, 386.972), (34.4747, 328.222), (19.8541, 309.24)))
(((29.3135, 104.279), (-21.2218, 108.243), (-29.4413, 139.477), (-11.2563, 172.327), (19.2802, 169.978), (39.97, 143.771), (29.3135, 104.279)))
(((43.2353, 207), (19.2802, 169.978), (-11.2563, 172.327), (-24.3699, 189.626), (-12.9325, 232.108), (23.4087, 244.45), (43.2353, 207)))
(((48.5535, -364.2), (-8.58877, -383.516), (-27.5809, -322.741), (-6.10131, -292.578), (31.4039, -287.686), (48.5535, -364.2)))
(((33.6429, -32.2755), (12.0172, -40.3079), (-16.4577, -3.69718), (12.3118, 32.2647), (47.8833, 18.5833), (33.6429, -32.2755)))
(((68.7773, -178.86), (26.8003, -213.983), (-13.2152, -199.533), (-12.1626, -159.01), (33.3406, -132.888), (68.7773, -178.86)))
(((45.9106, -471.23), (-1.04688, -438.047), (-20.3007, -403.725), (-8.58877, -383.516), (48.5535, -364.2), (57.9756, -368.014), (85.2855, -432.387), (45.9106, -471.23)))
(((47.8833, 18.5833), (12.3118, 32.2647), (4.59555, 49.9477), (35.8957, 91.3086), (56.543, 81.3179), (53.3725, 21.0784), (47.8833, 18.5833)))
(((11.2548, -652.106), (5.46142, -524.651), (46.0862, -493.359), (88.0609, -531.976), (61.3654, -652.106), (11.2548, -652.106)))
(((81.9885, -91.0428), (37.8041, -112.146), (-4.01684, -72.8342), (12.0172, -40.3079), (33.6429, -32.2755), (68.0482, -47.0207), (81.9885, -91.0428)))
(((71.9094, 146.862), (39.97, 143.771), (19.2802, 169.978), (43.2353, 207), (67, 207), (90.0312, 183.969), (71.9094, 146.862)))
(((101.37, 262.29), (67, 207), (43.2353, 207), (23.4087, 244.45), (35.55, 276.671), (101.311, 262.722), (101.37, 262.29)))
(((97.3267, -18.5334), (68.0482, -47.0207), (33.6429, -32.2755), (47.8833, 18.5833), (53.3725, 21.0784), (106.515, 14.4356), (97.3267, -18.5334)))
(((105, 103.77), (86.6816, 85.0852), (56.543, 81.3179), (35.8957, 91.3086), (29.3135, 104.279), (39.97, 143.771), (71.9094, 146.862), (105, 117), (105, 103.77)))
(((103.452, -214.889), (53.2586, -273.448), (47.274, -273.624), (26.8003, -213.983), (68.7773, -178.86), (91.0555, -180.673), (103.452, -214.889)))
(((86.3722, 333.59), (34.4747, 328.222), (33.6107, 386.972), (96.7047, 377.738), (86.3722, 333.59)))
(((108.685, -339.037), (57.9756, -368.014), (48.5535, -364.2), (31.4039, -287.686), (47.274, -273.624), (53.2586, -273.448), (117.483, -301.992), (108.685, -339.037)))
(((120.567, -150.678), (91.0555, -180.673), (68.7773, -178.86), (33.3406, -132.888), (37.8041, -112.146), (81.9885, -91.0428), (100.459, -97.0563), (120.567, -150.678)))
(((106.515, 14.4356), (53.3725, 21.0784), (56.543, 81.3179), (86.6816, 85.0852), (109.127, 16.145), (106.515, 14.4356)))
(((101.311, 262.722), (35.55, 276.671), (19.8541, 309.24), (34.4747, 328.222), (86.3722, 333.59), (127.099, 298.062), (101.311, 262.722)))
(((82.994, 497.106), (104.902, 497.106), (134.118, 475.878), (130.279, 404.21), (96.7047, 377.738), (33.6107, 386.972), (14.0049, 421.515), (16.8085, 430.142), (82.994, 497.106)))
(((131.519, 218.358), (107.047, 185.729), (90.0312, 183.969), (67, 207), (101.37, 262.29), (131.519, 218.358)))
(((103.951, -431.106), (85.2855, -432.387), (57.9756, -368.014), (108.685, -339.037), (144.847, -385.95), (103.951, -431.106)))
(((117.483, -301.992), (53.2586, -273.448), (103.452, -214.889), (141.685, -238.524), (119.551, -300.902), (117.483, -301.992)))
(((100.459, -97.0563), (81.9885, -91.0428), (68.0482, -47.0207), (97.3267, -18.5334), (137.842, -69.1773), (100.459, -97.0563)))
(((134.864, 146.864), (105, 117), (71.9094, 146.862), (90.0312, 183.969), (107.047, 185.729), (135.523, 151.15), (134.864, 146.864)))
(((123.526, -527.4), (88.0609, -531.976), (46.0862, -493.359), (45.9106, -471.23), (85.2855, -432.387), (103.951, -431.106), (164.543, -482.721), (123.526, -527.4)))
(((145.522, 304.082), (127.099, 298.062), (86.3722, 333.59), (96.7047, 377.738), (130.279, 404.21), (162.91, 353.846), (145.522, 304.082)))
(((154.712, 71.1402), (110.862, 16.3276), (109.127, 16.145), (86.6816, 85.0852), (105, 103.77), (152.479, 78.1314), (154.712, 71.1402)))
(((188.022, -643.863), (151.902, -670.106), (90.0983, -670.106), (61.9156, -649.63), (88.0609, -531.976), (123.526, -527.4), (192.076, -618.182), (188.022, -643.863)))
(((145.728, -67.2807), (137.842, -69.1773), (97.3267, -18.5334), (106.515, 14.4356), (109.127, 16.145), (110.862, 16.3276), (162.166, -8.1028), (145.728, -67.2807)))
(((141.685, -238.524), (103.452, -214.889), (91.0555, -180.673), (120.567, -150.678), (133.299, -152.125), (178.023, -225.31), (141.685, -238.524)))
(((178.433, 186.156), (135.523, 151.15), (107.047, 185.729), (131.519, 218.358), (156.228, 214.177), (178.433, 186.156)))
(((152.479, 78.1314), (105, 103.77), (105, 117), (134.864, 146.864), (175.051, 115.751), (152.479, 78.1314)))
(((174.307, -135.97), (133.299, -152.125), (120.567, -150.678), (100.459, -97.0563), (137.842, -69.1773), (145.728, -67.2807), (201.561, -97.8146), (174.307, -135.97)))
(((188.947, 273.925), (156.228, 214.177), (131.519, 218.358), (101.37, 262.29), (101.311, 262.722), (127.099, 298.062), (145.522, 304.082), (188.947, 273.925)))
(((189.104, -365.261), (174.705, -384.194), (144.847, -385.95), (108.685, -339.037), (117.483, -301.992), (119.551, -300.902), (187.792, -314.748), (189.104, -365.261)))
(((172.654, -481.615), (164.543, -482.721), (103.951, -431.106), (144.847, -385.95), (174.705, -384.194), (202.353, -443.059), (172.654, -481.615)))
(((178.91, -2.95087), (162.166, -8.1028), (110.862, 16.3276), (154.712, 71.1402), (185.369, 53.3035), (198.352, 32.6008), (178.91, -2.95087)))
(((225.23, -279.545), (187.792, -314.748), (119.551, -300.902), (141.685, -238.524), (178.023, -225.31), (189.937, -226.273), (225.23, -279.545)))
(((209.188, 128.111), (175.051, 115.751), (134.864, 146.864), (135.523, 151.15), (178.433, 186.156), (217.441, 175.429), (209.188, 128.111)))
(((192.076, -618.182), (123.526, -527.4), (164.543, -482.721), (172.654, -481.615), (233.103, -548.907), (192.076, -618.182)))
(((189.937, -226.273), (178.023, -225.31), (133.299, -152.125), (174.307, -135.97), (208.801, -196.745), (189.937, -226.273)))
(((201.561, -97.8146), (145.728, -67.2807), (162.166, -8.1028), (178.91, -2.95087), (263.723, -81.8465), (201.561, -97.8146)))
(((278.302, 372.308), (162.91, 353.846), (130.279, 404.21), (134.118, 475.862), (155.098, 491.106), (216.902, 491.106), (266.902, 454.779), (286, 396), (286, 396), (278.302, 372.308)))
(((222.164, 108.496), (185.369, 53.3035), (154.712, 71.1402), (152.479, 78.1314), (175.051, 115.751), (209.188, 128.111), (222.164, 108.496)))
(((289.297, 223.837), (217.441, 175.429), (178.433, 186.156), (156.228, 214.177), (188.947, 273.925), (276.833, 266.525), (290, 226), (290, 226), (289.297, 223.837)))
(((280.208, 266.24), (188.947, 273.925), (145.522, 304.082), (162.91, 353.846), (281.179, 372.769), (298, 321), (298, 321), (280.208, 266.24)))
(((306.334, -145.796), (208.801, -196.745), (174.307, -135.97), (201.561, -97.8146), (263.723, -81.8465), (272.44, -82.5347), (289.902, -95.2215), (306.334, -145.796)))
(((306.284, 40.0961), (198.352, 32.6008), (185.369, 53.3035), (222.164, 108.496), (310.607, 53.4008), (306.284, 40.0961)))
(((258.737, -437.933), (202.353, -443.059), (174.705, -384.194), (189.104, -365.261), (236.26, -370.314), (270.482, -428.618), (258.737, -437.933)))
(((272.004, -82.5003), (263.723, -81.8465), (178.91, -2.95087), (198.352, 32.6008), (307.299, 40.1666), (321, -2), (321, -2), (301.902, -60.7785), (272.004, -82.5003)))
(((270.289, -323.378), (236.26, -370.314), (189.104, -365.261), (187.792, -314.748), (225.23, -279.545), (229.06, -280.088), (270.289, -323.378)))
(((233.103, -548.907), (172.654, -481.615), (202.353, -443.059), (258.737, -437.933), (260.383, -538.378), (233.103, -548.907)))
(((336.448, -197.757), (229.06, -280.088), (225.23, -279.545), (189.937, -226.273), (208.801, -196.745), (303.984, -147.024), (324.902, -162.221), (336.448, -197.757)))
(((309.74, 53.9406), (222.164, 108.496), (209.188, 128.111), (217.441, 175.429), (288.637, 223.392), (334.902, 189.779), (354, 131), (354, 131), (334.902, 72.2215), (309.74, 53.9406)))
(((353.389, -411.891), (270.482, -428.618), (236.26, -370.314), (270.289, -323.378), (359.328, -346.388), (367, -370), (367, -370), (353.389, -411.891)))
(((187.876, -644.784), (192.076, -618.182), (233.103, -548.907), (260.383, -538.378), (357.991, -552.807), (373, -599), (373, -599), (353.902, -657.779), (303.902, -694.106), (242.098, -694.106), (192.098, -657.779), (187.876, -644.784)))
(((357.249, -552.698), (260.383, -538.378), (258.737, -437.933), (270.482, -428.618), (352.735, -412.023), (370.902, -425.221), (390, -484), (390, -484), (370.902, -542.779), (357.249, -552.698)))
(((361.155, -346.86), (270.289, -323.378), (229.06, -280.088), (336.828, -197.465), (370.902, -222.221), (390, -281), (390, -281), (370.902, -339.779), (361.155, -346.86)))
