(((-251.803, -212.662), (-259.902, -206.779), (-279, -148), (-259.902, -89.2215), (-209.902, -52.8943), (-200.391, -52.8943), (-131.338, -138.571), (-223.394, -212.215), (-251.803, -212.662)))
(((-136.475, -363.114), (-146.098, -370.106), (-207.902, -370.106), (-257.902, -333.779), (-277, -275), (-257.902, -216.221), (-253.029, -212.682), (-223.394, -212.215), (-183.79, -223.407), (-127.93, -297.286), (-129.113, -355.866), (-136.475, -363.114)))
(((-124.443, -141.592), (-122.445, -197.534), (-133.753, -211.103), (-183.79, -223.407), (-223.394, -212.215), (-131.338, -138.571), (-124.443, -141.592)))
(((-178.358, 477.859), (-222.902, 510.221), (-242, 569), (-222.902, 627.779), (-172.902, 664.106), (-111.098, 664.106), (-69.5, 633.883), (-69.5, 511.411), (-178.358, 477.859)))
(((-127.93, -297.286), (-183.79, -223.407), (-133.753, -211.103), (-104.79, -256.616), (-127.93, -297.286)))
(((-199.146, -54.4393), (-192.902, -35.2215), (-142.902, 1.10565), (-130.38, 1.10565), (-81.7947, -100.692), (-106.758, -138.137), (-124.443, -141.592), (-131.338, -138.571), (-199.146, -54.4393)))
(((-67.2184, -239.221), (-104.79, -256.616), (-133.753, -211.103), (-122.445, -197.534), (-66.7866, -208.136), (-67.2184, -239.221)))
(((-140.872, 337.318), (-177.902, 364.221), (-197, 423), (-179.266, 477.579), (-69.5, 511.411), (-51.3113, 498.953), (-50.6316, 435.737), (-88.2197, 360.561), (-140.872, 337.318)))
(((-66.7866, -208.136), (-122.445, -197.534), (-124.443, -141.592), (-106.758, -138.137), (-74.1804, -156.498), (-63.7985, -203.689), (-66.7866, -208.136)))
(((-43.4717, -294.511), (-101.995, -349.721), (-129.113, -355.866), (-127.93, -297.286), (-104.79, -256.616), (-67.2184, -239.221), (-42.5179, -261.126), (-43.4717, -294.511)))
(((-129.717, -0.283092), (-118.464, 7.89256), (-80.247, -5.87945), (-39.4091, -67.1364), (-56.0039, -98.7456), (-81.7947, -100.692), (-129.717, -0.283092)))
(((-41.0125, -142.176), (-74.1804, -156.498), (-106.758, -138.137), (-81.7947, -100.692), (-56.0039, -98.7456), (-31.4574, -126.36), (-41.0125, -142.176)))
(((-110.881, -573.777), (-132.902, -557.779), (-152, -499), (-135.844, -449.276), (-30.5841, -452.636), (2.11827, -475.767), (6.77708, -499.696), (-110.881, -573.777)))
(((-134.601, -449.316), (-149, -405), (-134.88, -361.544), (-129.113, -355.866), (-101.995, -349.721), (-13.5343, -374.49), (-30.5841, -452.636), (-134.601, -449.316)))
(((-131.83, 262.233), (-148, 312), (-139.59, 337.884), (-88.2197, 360.561), (-10.0561, 345.72), (-21.5226, 288.387), (-72.2063, 263.475), (-131.83, 262.233)))
(((-127.601, 159.375), (-146, 216), (-130.972, 262.251), (-72.2063, 263.475), (-0.0994475, 210.856), (-0.374433, 207.694), (-41.5901, 162.59), (-127.601, 159.375)))
(((-20.223, -192.391), (-63.7985, -203.689), (-74.1804, -156.498), (-41.0125, -142.176), (-18.2129, -186.255), (-20.223, -192.391)))
(((-124.717, 55.8093), (-142, 109), (-125.608, 159.449), (-41.5901, 162.59), (5.71359, 115.286), (-17.6673, 76.9177), (-124.717, 55.8093)))
(((-5.87969, 347.785), (-10.0561, 345.72), (-88.2197, 360.561), (-50.6316, 435.737), (13.2762, 379.575), (-5.87969, 347.785)))
(((10.1482, -239.102), (-42.5179, -261.126), (-67.2184, -239.221), (-66.7866, -208.136), (-63.7985, -203.689), (-20.223, -192.391), (9.29772, -229.503), (10.1482, -239.102)))
(((3.78404, -367.722), (-13.5343, -374.49), (-101.995, -349.721), (-43.4717, -294.511), (-0.379213, -311.41), (19.992, -343.099), (3.78404, -367.722)))
(((-11.1441, -122.364), (-31.4574, -126.36), (-56.0039, -98.7456), (-39.4091, -67.1364), (-2.5418, -70.7508), (-11.1441, -122.364)))
(((-118.185, 7.79181), (-128, 38), (-122.042, 56.3368), (-17.6673, 76.9177), (10.9259, 32.2407), (-33.0853, -2.96823), (-80.247, -5.87945), (-118.185, 7.79181)))
(((-2.5418, -70.7508), (-39.4091, -67.1364), (-80.247, -5.87945), (-33.0853, -2.96823), (5.30293, -36.0247), (-1.21202, -69.9025), (-2.5418, -70.7508)))
(((26.8167, 249.735), (-0.0994475, 210.856), (-72.2063, 263.475), (-21.5226, 288.387), (26.4309, 256.758), (26.8167, 249.735)))
(((75.955, -571.605), (62.9017, -611.779), (12.9017, -648.106), (-48.9017, -648.106), (-98.9017, -611.779), (-111.187, -573.969), (6.77708, -499.696), (75.955, -571.605)))
(((13.6912, -159.043), (-18.2129, -186.255), (-41.0125, -142.176), (-31.4574, -126.36), (-11.1441, -122.364), (8.01034, -133.006), (13.6912, -159.043)))
(((14.8615, -243.359), (16.9389, -269.847), (-0.379213, -311.41), (-43.4717, -294.511), (-42.5179, -261.126), (10.1482, -239.102), (14.8615, -243.359)))
(((23.9022, 467.456), (27.8499, 388.502), (13.2762, 379.575), (-50.6316, 435.737), (-51.3113, 498.953), (-9.01844, 496.911), (23.9022, 467.456)))
(((-69.5, 633.883), (-27.9017, 664.106), (33.9017, 664.106), (74.0584, 634.93), (48.3193, 547.601), (-9.01844, 496.911), (-51.3113, 498.953), (-69.5, 511.411), (-69.5, 633.883)))
(((26.9709, -452.985), (2.11827, -475.767), (-30.5841, -452.636), (-13.5343, -374.49), (3.78404, -367.722), (39.5993, -413.771), (26.9709, -452.985)))
(((34.2038, -22.8309), (5.30293, -36.0247), (-33.0853, -2.96823), (10.9259, 32.2407), (37, 27.5), (34.2038, -22.8309)))
(((7.20844, 115.447), (5.71359, 115.286), (-41.5901, 162.59), (-0.374433, 207.694), (59.5992, 162.381), (7.20844, 115.447)))
(((56.9904, 300.415), (26.4309, 256.758), (-21.5226, 288.387), (-10.0561, 345.72), (-5.87969, 347.785), (56.9, 300.7), (56.9904, 300.415)))
(((42.7222, -187.722), (9.29772, -229.503), (-20.223, -192.391), (-18.2129, -186.255), (13.6912, -159.043), (43.5234, -175.905), (42.7222, -187.722)))
(((43.0424, -112.153), (8.01034, -133.006), (-11.1441, -122.364), (-2.5418, -70.7508), (-1.21202, -69.9025), (38.5947, -82.3421), (47.9454, -103.771), (43.0424, -112.153)))
(((37, 27.5), (10.9259, 32.2407), (-17.6673, 76.9177), (5.71359, 115.286), (7.20844, 115.447), (53.749, 81.3174), (40.2128, 29.1064), (37, 27.5)))
(((34.8486, -339.216), (19.992, -343.099), (-0.379213, -311.41), (16.9389, -269.847), (53.0195, -298.331), (34.8486, -339.216)))
(((38.5947, -82.3421), (-1.21202, -69.9025), (5.30293, -36.0247), (34.2038, -22.8309), (61.6592, -43.9013), (38.5947, -82.3421)))
(((43.5234, -175.905), (13.6912, -159.043), (8.01034, -133.006), (43.0424, -112.153), (63.0298, -163.03), (43.5234, -175.905)))
(((53.0195, -298.331), (16.9389, -269.847), (14.8615, -243.359), (51.9214, -246.554), (68.0176, -286.794), (53.0195, -298.331)))
(((84.7653, 376.556), (56.9, 300.7), (-5.87969, 347.785), (13.2762, 379.575), (27.8499, 388.502), (80.2209, 381.561), (84.7653, 376.556)))
(((79.9633, 164.351), (59.5992, 162.381), (-0.374433, 207.694), (-0.0994475, 210.856), (26.8167, 249.735), (88.6162, 217.6), (79.9633, 164.351)))
(((51.9214, -246.554), (14.8615, -243.359), (10.1482, -239.102), (9.29772, -229.503), (42.7222, -187.722), (81.4324, -226.432), (51.9214, -246.554)))
(((94.0464, -389.954), (80.95, -403.05), (39.5993, -413.771), (3.78404, -367.722), (19.992, -343.099), (34.8486, -339.216), (83.1317, -354.837), (94.0464, -389.954)))
(((84.863, 160.003), (61.2746, 83.9961), (53.749, 81.3174), (7.20844, 115.447), (59.5992, 162.381), (79.9633, 164.351), (84.863, 160.003)))
(((80.2209, 381.561), (27.8499, 388.502), (23.9022, 467.456), (96.996, 459.446), (80.2209, 381.561)))
(((142.011, -535.441), (141.902, -535.779), (91.9017, -572.106), (76.4371, -572.106), (6.77708, -499.696), (2.11827, -475.767), (26.9709, -452.985), (85.4615, -458.691), (127.938, -498.272), (142.011, -535.441)))
(((68.1488, -43.2233), (61.6592, -43.9013), (34.2038, -22.8309), (37, 27.5), (40.2128, 29.1064), (59.1702, 25.0851), (99.8286, -18.2839), (68.1488, -43.2233)))
(((126.874, 479.021), (96.996, 459.446), (23.9022, 467.456), (-9.01844, 496.911), (48.3193, 547.601), (125.512, 483.587), (126.874, 479.021)))
(((85.4615, -458.691), (26.9709, -452.985), (39.5993, -413.771), (80.95, -403.05), (85.4615, -458.691)))
(((94.5015, -107.867), (85.015, -161.228), (63.0298, -163.03), (43.0424, -112.153), (47.9454, -103.771), (93.2184, -105.417), (94.5015, -107.867)))
(((93.2184, -105.417), (47.9454, -103.771), (38.5947, -82.3421), (61.6592, -43.9013), (68.1488, -43.2233), (98.9734, -89.4601), (93.2184, -105.417)))
(((93.7718, -225.344), (81.4324, -226.432), (42.7222, -187.722), (43.5234, -175.905), (63.0298, -163.03), (85.015, -161.228), (102.428, -174.37), (93.7718, -225.344)))
(((118.62, 243.317), (88.6162, 217.6), (26.8167, 249.735), (26.4309, 256.758), (56.9904, 300.415), (97.2763, 287.381), (118.62, 243.317)))
(((83.1317, -354.837), (34.8486, -339.216), (53.0195, -298.331), (68.0176, -286.794), (85.7415, -288.466), (98.0302, -337.621), (83.1317, -354.837)))
(((119.838, 55.4189), (59.1702, 25.0851), (40.2128, 29.1064), (53.749, 81.3174), (61.2746, 83.9961), (115.821, 75.2687), (119.838, 55.4189)))
(((121.104, -263.552), (85.7415, -288.466), (68.0176, -286.794), (51.9214, -246.554), (81.4324, -226.432), (93.7718, -225.344), (109.016, -237.487), (121.104, -263.552)))
(((115.821, 75.2687), (61.2746, 83.9961), (84.863, 160.003), (95.3975, 155.032), (125.328, 97.1652), (115.821, 75.2687)))
(((131.626, 40.7398), (100.739, -18.2247), (99.8286, -18.2839), (59.1702, 25.0851), (119.838, 55.4189), (131.626, 40.7398)))
(((137.954, 333.556), (97.2763, 287.381), (56.9904, 300.415), (56.9, 300.7), (84.7653, 376.556), (129.379, 362.71), (137.954, 333.556)))
(((74.4048, 636.106), (128.902, 636.106), (143.106, 625.786), (144.594, 617.156), (125.512, 483.587), (48.3193, 547.601), (74.4048, 636.106)))
(((124.751, -70.4336), (98.9734, -89.4601), (68.1488, -43.2233), (99.8286, -18.2839), (100.739, -18.2247), (125.436, -34.8386), (124.751, -70.4336)))
(((127.938, -498.272), (85.4615, -458.691), (80.95, -403.05), (94.0464, -389.954), (135.631, -402.878), (127.938, -498.272)))
(((149.713, -294.891), (131.067, -327.832), (98.0302, -337.621), (85.7415, -288.466), (121.104, -263.552), (131.241, -268.62), (149.713, -294.891)))
(((153.958, -135.562), (132.256, -168.116), (102.428, -174.37), (85.015, -161.228), (94.5015, -107.867), (153.8, -133.9), (153.958, -135.562)))
(((132.314, 476.854), (167.003, 397.906), (129.379, 362.71), (84.7653, 376.556), (80.2209, 381.561), (96.996, 459.446), (126.874, 479.021), (132.314, 476.854)))
(((150.877, -395.352), (135.631, -402.878), (94.0464, -389.954), (83.1317, -354.837), (98.0302, -337.621), (131.067, -327.832), (162.544, -376.359), (150.877, -395.352)))
(((153.343, -201.368), (109.016, -237.487), (93.7718, -225.344), (102.428, -174.37), (132.256, -168.116), (153.343, -201.368)))
(((164.824, 173.859), (95.3975, 155.032), (84.863, 160.003), (79.9633, 164.351), (88.6162, 217.6), (118.62, 243.317), (140.409, 240.999), (164.824, 173.859)))
(((171.772, -97.9559), (153.8, -133.9), (94.5015, -107.867), (93.2184, -105.417), (98.9734, -89.4601), (124.751, -70.4336), (167.5, -92.3293), (171.772, -97.9559)))
(((172.561, -19.2332), (167.5, -23.5714), (125.436, -34.8386), (100.739, -18.2247), (131.626, 40.7398), (148.797, 35.2449), (173.197, 4.2986), (172.561, -19.2332)))
(((190.725, 271.596), (140.409, 240.999), (118.62, 243.317), (97.2763, 287.381), (137.954, 333.556), (177.595, 306.063), (190.725, 271.596)))
(((183.354, 157.666), (149.935, 104.196), (125.328, 97.1652), (95.3975, 155.032), (164.824, 173.859), (172.339, 170.149), (183.354, 157.666)))
(((180.355, -227.428), (131.241, -268.62), (121.104, -263.552), (109.016, -237.487), (153.343, -201.368), (170.6, -207.555), (180.355, -227.428)))
(((167.5, -92.3293), (124.751, -70.4336), (125.436, -34.8386), (167.5, -23.5714), (167.5, -92.3293)))
(((190.368, 69.4796), (148.797, 35.2449), (131.626, 40.7398), (119.838, 55.4189), (115.821, 75.2687), (125.328, 97.1652), (149.935, 104.196), (189.584, 81.2409), (190.368, 69.4796)))
(((253.935, -310.177), (259.864, -328.425), (162.544, -376.359), (131.067, -327.832), (149.713, -294.891), (253.935, -310.177)))
(((250.096, -480.791), (244.902, -496.779), (194.902, -533.106), (141.127, -533.106), (127.938, -498.272), (135.631, -402.878), (150.877, -395.352), (250.096, -480.791)))
(((170.6, -207.555), (153.343, -201.368), (132.256, -168.116), (153.958, -135.562), (199.948, -166.919), (170.6, -207.555)))
(((171.871, 485.298), (132.314, 476.854), (126.874, 479.021), (125.512, 483.587), (144.594, 617.156), (212.515, 513.01), (171.871, 485.298)))
(((256.571, -310.564), (149.713, -294.891), (131.241, -268.62), (180.355, -227.428), (269.157, -271.828), (256.571, -310.564)))
(((221.097, 365.516), (177.595, 306.063), (137.954, 333.556), (129.379, 362.71), (167.003, 397.906), (199.709, 395.031), (221.097, 365.516)))
(((216.152, 237.022), (172.339, 170.149), (164.824, 173.859), (140.409, 240.999), (190.725, 271.596), (193.875, 270.438), (216.152, 237.022)))
(((227.72, 123.864), (189.584, 81.2409), (149.935, 104.196), (183.354, 157.666), (197.584, 152.978), (227.72, 123.864)))
(((195.514, -94.1058), (171.772, -97.9559), (167.5, -92.3293), (167.5, -23.5714), (172.561, -19.2332), (209.083, -36.8176), (195.514, -94.1058)))
(((199.709, 395.031), (167.003, 397.906), (132.314, 476.854), (171.871, 485.298), (222.166, 428.442), (199.709, 395.031)))
(((232.028, 34.3978), (173.197, 4.2986), (148.797, 35.2449), (190.368, 69.4796), (232.028, 34.3978)))
(((249.3, -480.106), (150.877, -395.352), (162.544, -376.359), (257.285, -329.696), (275.902, -343.221), (295, -402), (295, -402), (275.902, -460.779), (249.3, -480.106)))
(((227.934, -145.954), (205.543, -166.439), (199.948, -166.919), (153.958, -135.562), (153.8, -133.9), (171.772, -97.9559), (195.514, -94.1058), (222.36, -104.844), (227.934, -145.954)))
(((268.29, -271.395), (180.355, -227.428), (170.6, -207.555), (199.948, -166.919), (205.543, -166.439), (270.009, -270.145), (268.29, -271.395)))
(((305.291, -18.4921), (209.083, -36.8176), (172.561, -19.2332), (173.197, 4.2986), (232.028, 34.3978), (300.261, 25.974), (310, -4), (310, -4), (305.291, -18.4921)))
(((252.744, 214.503), (197.584, 152.978), (183.354, 157.666), (172.339, 170.149), (216.152, 237.022), (252.744, 214.503)))
(((266.034, 452.433), (222.166, 428.442), (171.871, 485.298), (212.515, 513.01), (282.563, 512.281), (266.034, 452.433)))
(((303.952, 530.076), (282.563, 512.281), (212.515, 513.01), (144.594, 617.156), (142.912, 626.909), (183.098, 656.106), (244.902, 656.106), (294.902, 619.779), (314, 561), (314, 561), (303.952, 530.076)))
(((303.299, 25.5989), (232.028, 34.3978), (190.368, 69.4796), (189.584, 81.2409), (227.72, 123.864), (310.252, 107.002), (320, 77), (320, 77), (303.299, 25.5989)))
(((266.396, 306.698), (193.875, 270.438), (190.725, 271.596), (177.595, 306.063), (221.097, 365.516), (238.789, 359.324), (266.396, 306.698)))
(((316.574, -50.2995), (222.36, -104.844), (195.514, -94.1058), (209.083, -36.8176), (306.184, -18.3222), (316.574, -50.2995)))
(((271.672, -272.82), (205.543, -166.439), (227.934, -145.954), (288.83, -163.669), (286.848, -261.794), (271.672, -272.82)))
(((313.251, 106.39), (227.72, 123.864), (197.584, 152.978), (252.744, 214.503), (327.475, 205.47), (339, 170), (339, 170), (319.902, 111.221), (313.251, 106.39)))
(((293.709, 397.081), (238.789, 359.324), (221.097, 365.516), (199.709, 395.031), (222.166, 428.442), (266.034, 452.433), (293.709, 397.081)))
(((331.788, 204.949), (252.744, 214.503), (216.152, 237.022), (193.875, 270.438), (266.396, 306.698), (343.605, 280.682), (350, 261), (350, 261), (331.788, 204.949)))
(((315.9, -50.6894), (335.902, -65.2215), (342.497, -85.5212), (288.83, -163.669), (227.934, -145.954), (222.36, -104.844), (315.9, -50.6894)))
(((343.374, 280.76), (266.396, 306.698), (238.789, 359.324), (293.709, 397.081), (379.036, 359.044), (381, 353), (381, 353), (361.902, 294.221), (343.374, 280.76)))
(((375.842, 360.468), (293.709, 397.081), (266.034, 452.433), (282.563, 512.281), (305.189, 531.106), (348.902, 531.106), (398.902, 494.779), (418, 436), (418, 436), (398.902, 377.221), (375.842, 360.468)))
(((286.856, -261.398), (288.83, -163.669), (342.241, -85.8943), (368.902, -85.8943), (418.902, -122.221), (438, -181), (438, -181), (418.902, -239.779), (368.902, -276.106), (307.098, -276.106), (286.856, -261.398)))
