(((-287.83, -188.61), (-302, -145), (-289.247, -105.75), (-219.004, -108.718), (-177.168, -137.019), (-178.429, -152.143), (-287.83, -188.61)))
(((-284.239, -373.584), (-301, -322), (-282.119, -263.889), (-267.748, -265.005), (-195.677, -290.657), (-172.152, -327.479), (-173.28, -334.748), (-284.239, -373.584)))
(((-288.676, -105.774), (-299, -74), (-279.902, -15.2215), (-229.902, 21.1057), (-172.95, 21.1057), (-182.106, -88.7736), (-219.004, -108.718), (-288.676, -105.774)))
(((-278.319, -264.184), (-293, -219), (-285.364, -195.5), (-168.9, -195.5), (-167.307, -235.329), (-267.748, -265.005), (-278.319, -264.184)))
(((-285.364, -195.5), (-287.625, -188.542), (-178.429, -152.143), (-159.209, -184.732), (-168.9, -195.5), (-285.364, -195.5)))
(((-255.31, -429.927), (-267.902, -420.779), (-283.339, -373.269), (-173.28, -334.748), (-167, -343.661), (-167, -382.209), (-220.226, -428.008), (-255.31, -429.927)))
(((-220.693, -577.992), (-260.902, -548.779), (-280, -490), (-260.902, -431.221), (-259.43, -430.152), (-220.226, -428.008), (-203.178, -434.025), (-142.215, -485.064), (-178.179, -548.599), (-220.693, -577.992)))
(((-154.056, -273.315), (-195.677, -290.657), (-267.748, -265.005), (-167.307, -235.329), (-155.163, -245.097), (-154.056, -273.315)))
(((-159.142, -125.159), (-177.168, -137.019), (-219.004, -108.718), (-182.106, -88.7736), (-157.922, -100.154), (-159.142, -125.159)))
(((-142.063, -306.793), (-172.152, -327.479), (-195.677, -290.657), (-154.056, -273.315), (-139.926, -286.702), (-142.063, -306.793)))
(((-173.2, 18.1057), (-134.761, 18.1057), (-127.472, 9.9065), (-133.798, -83.4017), (-157.922, -100.154), (-182.106, -88.7736), (-173.2, 18.1057)))
(((-123.929, -150.929), (-157.447, -184.447), (-159.209, -184.732), (-178.429, -152.143), (-177.168, -137.019), (-159.142, -125.159), (-130.257, -137.997), (-123.929, -150.929)))
(((-136.804, -424.543), (-203.178, -434.025), (-220.226, -428.008), (-167, -382.209), (-132.809, -384.595), (-136.804, -424.543)))
(((-114.926, -374.098), (-132.809, -384.595), (-167, -382.209), (-167, -343.661), (-127.933, -348.702), (-114.926, -374.098)))
(((-124.838, -481.017), (-142.215, -485.064), (-203.178, -434.025), (-136.804, -424.543), (-123.629, -432.652), (-124.838, -481.017)))
(((-127.933, -348.702), (-167, -343.661), (-173.28, -334.748), (-172.152, -327.479), (-142.063, -306.793), (-121.702, -325.647), (-127.933, -348.702)))
(((-123.173, -234.919), (-155.163, -245.097), (-167.307, -235.329), (-168.9, -195.5), (-159.209, -184.732), (-157.447, -184.447), (-121.083, -205.66), (-123.173, -234.919)))
(((-115.51, -102.833), (-130.257, -137.997), (-159.142, -125.159), (-157.922, -100.154), (-133.798, -83.4017), (-115.51, -102.833)))
(((-196.973, 442.29), (-218.902, 458.221), (-238, 517), (-218.902, 575.779), (-168.902, 612.106), (-107.098, 612.106), (-80.5, 592.781), (-80.5, 588.25), (-114.074, 479.134), (-196.973, 442.29)))
(((-102.168, -277.043), (-139.926, -286.702), (-154.056, -273.315), (-155.163, -245.097), (-123.173, -234.919), (-105.88, -246.728), (-102.168, -277.043)))
(((-94.4785, -506.378), (-107.418, -544.436), (-178.179, -548.599), (-142.215, -485.064), (-124.838, -481.017), (-99.934, -488.972), (-94.4785, -506.378)))
(((-172.691, -653.181), (-204.902, -629.779), (-221.538, -578.576), (-178.179, -548.599), (-107.418, -544.436), (-82.4149, -579), (-156.951, -649.064), (-172.691, -653.181)))
(((-97.1212, -192.758), (-121.083, -205.66), (-157.447, -184.447), (-123.929, -150.929), (-110.471, -154.599), (-93.4456, -185.553), (-97.1212, -192.758)))
(((-100.555, -377.101), (-104.925, -425.17), (-123.629, -432.652), (-136.804, -424.543), (-132.809, -384.595), (-114.926, -374.098), (-100.555, -377.101)))
(((-90.1258, -315.406), (-121.702, -325.647), (-142.063, -306.793), (-139.926, -286.702), (-102.168, -277.043), (-98.2146, -280.109), (-90.1258, -315.406)))
(((-84.8026, -135.154), (-110.471, -154.599), (-123.929, -150.929), (-130.257, -137.997), (-115.51, -102.833), (-93.0045, -104.333), (-82.6616, -118.739), (-84.8026, -135.154)))
(((-78.5951, -354.192), (-97.1631, -376.18), (-100.555, -377.101), (-114.926, -374.098), (-127.933, -348.702), (-121.702, -325.647), (-90.1258, -315.406), (-82.4839, -321.137), (-78.5951, -354.192)))
(((-63.137, -457.226), (-99.934, -488.972), (-124.838, -481.017), (-123.629, -432.652), (-104.925, -425.17), (-71.4825, -440.535), (-63.137, -457.226)))
(((-106.703, -2.08943), (-71.8665, -59.5703), (-93.0045, -104.333), (-115.51, -102.833), (-133.798, -83.4017), (-127.472, 9.9065), (-106.703, -2.08943)))
(((-100.232, 340.894), (-132.902, 340.894), (-182.902, 377.221), (-202, 436), (-200.46, 440.74), (-114.074, 479.134), (-30.6008, 439.45), (-100.232, 340.894)))
(((-78.3846, -230.231), (-105.88, -246.728), (-123.173, -234.919), (-121.083, -205.66), (-97.1212, -192.758), (-78.3846, -230.231)))
(((-53, -791.675), (-59.0983, -796.106), (-120.902, -796.106), (-170.902, -759.779), (-190, -701), (-174.627, -653.687), (-156.951, -649.064), (-59.3123, -664.93), (-53, -679.412), (-53, -791.675)))
(((-71.4825, -440.535), (-104.925, -425.17), (-100.555, -377.101), (-97.1631, -376.18), (-64.1579, -402.997), (-71.4825, -440.535)))
(((-68.3101, -180.74), (-93.4456, -185.553), (-110.471, -154.599), (-84.8026, -135.154), (-61.4535, -153.314), (-68.3101, -180.74)))
(((-59.4748, -269.914), (-98.2146, -280.109), (-102.168, -277.043), (-105.88, -246.728), (-78.3846, -230.231), (-71.4845, -231.216), (-59.4748, -269.914)))
(((-59.3123, -664.93), (-156.951, -649.064), (-82.4149, -579), (-40.0645, -579), (-49.3328, -650.829), (-59.3123, -664.93)))
(((-40.0645, -579), (-82.4149, -579), (-107.418, -544.436), (-94.4785, -506.378), (-38.1761, -531.566), (-35.8879, -576.185), (-40.0645, -579)))
(((-52.1939, -220.607), (-71.4845, -231.216), (-78.3846, -230.231), (-97.1212, -192.758), (-93.4456, -185.553), (-68.3101, -180.74), (-43.4937, -198.373), (-52.1939, -220.607)))
(((-29.4265, 440.037), (-30.6008, 439.45), (-114.074, 479.134), (-80.5, 588.25), (-24.0375, 447.094), (-29.4265, 440.037)))
(((-42.4492, -306.839), (-82.4839, -321.137), (-90.1258, -315.406), (-98.2146, -280.109), (-59.4748, -269.914), (-59.3592, -269.961), (-41, -297.5), (-42.4492, -306.839)))
(((-45.781, -111.146), (-82.6616, -118.739), (-93.0045, -104.333), (-71.8665, -59.5703), (-44.9497, -73.737), (-45.781, -111.146)))
(((-36.2143, -392.518), (-64.1579, -402.997), (-97.1631, -376.18), (-78.5951, -354.192), (-46.7792, -358.53), (-35.599, -391.21), (-36.2143, -392.518)))
(((-37.2228, -121.001), (-53.2831, -149.91), (-61.4535, -153.314), (-84.8026, -135.154), (-82.6616, -118.739), (-45.781, -111.146), (-37.2228, -121.001)))
(((-18.4351, -496.148), (-38.1761, -531.566), (-94.4785, -506.378), (-99.934, -488.972), (-63.137, -457.226), (-34.8129, -462.183), (-30.3815, -465.665), (-18.4351, -496.148)))
(((-22.2283, -333.187), (-46.7792, -358.53), (-78.5951, -354.192), (-82.4839, -321.137), (-42.4492, -306.839), (-22.2283, -333.187)))
(((-130.171, 168.058), (-135.902, 172.221), (-155, 231), (-135.902, 289.779), (-119.825, 301.459), (-20.9368, 242.547), (-18.965, 197.196), (-39.3668, 182.734), (-130.171, 168.058)))
(((-28.1188, -246.87), (-59.3592, -269.961), (-59.4748, -269.914), (-71.4845, -231.216), (-52.1939, -220.607), (-28.1188, -246.87)))
(((-34.8129, -462.183), (-63.137, -457.226), (-71.4825, -440.535), (-64.1579, -402.997), (-36.2143, -392.518), (-24.3386, -419.238), (-34.8129, -462.183)))
(((-33.6204, -195.023), (-43.4937, -198.373), (-68.3101, -180.74), (-61.4535, -153.314), (-53.2831, -149.91), (-21.208, -168.238), (-33.6204, -195.023)))
(((-122.674, 81.7541), (-139, 132), (-127.124, 168.551), (-39.3668, 182.734), (1.8715, 100.257), (-26.7013, 83.733), (-122.674, 81.7541)))
(((-5.35511, -33.8126), (-21.9864, -67.7982), (-44.9497, -73.737), (-71.8665, -59.5703), (-106.703, -2.08943), (-29.5481, -3.10463), (-6.11509, -23.7808), (-5.35511, -33.8126)))
(((-129.638, 12.3431), (-137, 35), (-121.803, 81.7721), (-26.7013, 83.733), (-10.4841, 30.4479), (-29.5481, -3.10463), (-106.703, -2.08943), (-127.472, 9.9065), (-129.638, 12.3431)))
(((-17.7041, -281.969), (-41, -297.5), (-59.3592, -269.961), (-28.1188, -246.87), (-15.7526, -248.794), (-17.7041, -281.969)))
(((-18.8171, -166.505), (-21.208, -168.238), (-53.2831, -149.91), (-37.2228, -121.001), (-22.9151, -124.28), (-11.6558, -139.292), (-18.8171, -166.505)))
(((1.46517, -238.903), (-15.7526, -248.794), (-28.1188, -246.87), (-52.1939, -220.607), (-43.4937, -198.373), (-33.6204, -195.023), (-2.51695, -213.517), (1.46517, -238.903)))
(((-119.45, 301.236), (-108.048, 336.329), (-101.142, 339.607), (-3.4784, 321.754), (10.2084, 271.569), (-20.9368, 242.547), (-119.45, 301.236)))
(((6.48257, -376.425), (-35.599, -391.21), (-46.7792, -358.53), (-22.2283, -333.187), (-12.4651, -334.865), (9.22488, -370.737), (6.48257, -376.425)))
(((4.32353, -91.8529), (-22.9151, -124.28), (-37.2228, -121.001), (-45.781, -111.146), (-44.9497, -73.737), (-21.9864, -67.7982), (4.32353, -91.8529)))
(((-80.5, 592.781), (-53.9017, 612.106), (7.9017, 612.106), (42.8285, 586.73), (53.0678, 517.382), (14.3417, 469.236), (-24.0375, 447.094), (-80.5, 588.25), (-80.5, 592.781)))
(((24.2069, -789.345), (14.9017, -796.106), (-46.9017, -796.106), (-53, -791.675), (-53, -679.412), (8.40553, -686.636), (24.2069, -789.345)))
(((11.5894, -646.019), (-49.3328, -650.829), (-40.0645, -579), (-35.8879, -576.185), (7.91089, -583.485), (11.5894, -646.019)))
(((23.1042, -659.5), (8.40553, -686.636), (-53, -679.412), (-59.3123, -664.93), (-49.3328, -650.829), (11.5894, -646.019), (23.1042, -659.5)))
(((11.8151, -314.419), (-12.4651, -334.865), (-22.2283, -333.187), (-42.4492, -306.839), (-41, -297.5), (-17.7041, -281.969), (3.50425, -290.179), (11.8151, -314.419)))
(((14.6935, -411.732), (-24.3386, -419.238), (-36.2143, -392.518), (-35.599, -391.21), (6.48257, -376.425), (14.6935, -411.732)))
(((-99.7149, 339.346), (-100.223, 340.908), (-30.6008, 439.45), (-29.4265, 440.037), (29.9267, 373.618), (27.5261, 342.01), (-3.4784, 321.754), (-99.7149, 339.346)))
(((18.3173, -443.097), (-30.3815, -465.665), (-34.8129, -462.183), (-24.3386, -419.238), (14.6935, -411.732), (17.7046, -414.91), (18.3173, -443.097)))
(((15.9419, -195.058), (-2.51695, -213.517), (-33.6204, -195.023), (-21.208, -168.238), (-18.8171, -166.505), (8.00365, -174.551), (15.9419, -195.058)))
(((21.5545, -268.329), (3.50425, -290.179), (-17.7041, -281.969), (-15.7526, -248.794), (1.46517, -238.903), (16.0652, -245.274), (21.5545, -268.329)))
(((35.7406, -508.867), (19.0987, -579.275), (7.91089, -583.485), (-35.8879, -576.185), (-38.1761, -531.566), (-18.4351, -496.148), (35.182, -507.212), (35.7406, -508.867)))
(((41.6995, 175.647), (4.92259, 100.494), (1.8715, 100.257), (-39.3668, 182.734), (-18.965, 197.196), (41.2658, 187.647), (41.6995, 175.647)))
(((25.255, -137.297), (-11.6558, -139.292), (-22.9151, -124.28), (4.32353, -91.8529), (19.3571, -93.7321), (26.7661, -133.555), (25.255, -137.297)))
(((28.9744, -148.92), (8.00365, -174.551), (-18.8171, -166.505), (-11.6558, -139.292), (25.255, -137.297), (28.9744, -148.92)))
(((51.8548, 2.68371), (-6.11509, -23.7808), (-29.5481, -3.10463), (-10.4841, 30.4479), (38.5029, 27.9357), (51.888, 2.74016), (51.8548, 2.68371)))
(((19.3571, -93.7321), (4.32353, -91.8529), (-21.9864, -67.7982), (-5.35511, -33.8126), (49.5625, -71.0781), (19.3571, -93.7321)))
(((38.5029, 27.9357), (-10.4841, 30.4479), (-26.7013, 83.733), (1.8715, 100.257), (4.92259, 100.494), (42.8628, 81.9982), (38.5029, 27.9357)))
(((49.4699, -482.498), (35.182, -507.212), (-18.4351, -496.148), (-30.3815, -465.665), (18.3173, -443.097), (46.9642, -461.513), (49.4699, -482.498)))
(((83.3589, 240.474), (79.9931, 221.962), (41.2658, 187.647), (-18.965, 197.196), (-20.9368, 242.547), (10.2084, 271.569), (81.559, 242.799), (83.3589, 240.474)))
(((38, -363.679), (9.22488, -370.737), (-12.4651, -334.865), (11.8151, -314.419), (38, -315.99), (38, -363.679)))
(((45.5543, -311.004), (38, -315.99), (11.8151, -314.419), (3.50425, -290.179), (21.5545, -268.329), (46.1319, -284.431), (45.5543, -311.004)))
(((46.2534, -206.376), (36.6111, -237.056), (16.0652, -245.274), (1.46517, -238.903), (-2.51695, -213.517), (15.9419, -195.058), (40.0702, -196.235), (46.2534, -206.376)))
(((40.0702, -196.235), (15.9419, -195.058), (8.00365, -174.551), (28.9744, -148.92), (51.7773, -167.699), (40.0702, -196.235)))
(((49.9039, -71.0018), (49.5625, -71.0781), (-5.35511, -33.8126), (-6.11509, -23.7808), (51.8548, 2.68371), (55.455, -59.7204), (49.9039, -71.0018)))
(((47.9253, -367.986), (51.3863, -407.212), (17.7046, -414.91), (14.6935, -411.732), (6.48257, -376.425), (9.22488, -370.737), (38, -363.679), (47.9253, -367.986)))
(((84.7206, -775.159), (66.9017, -788.106), (24.0163, -788.106), (8.40553, -686.636), (23.1042, -659.5), (58.3421, -659.5), (84.7206, -775.159)))
(((74.2087, -642.752), (58.3421, -659.5), (23.1042, -659.5), (11.5894, -646.019), (7.91089, -583.485), (19.0987, -579.275), (45.8802, -585.97), (75.7846, -627.19), (74.2087, -642.752)))
(((29.9267, 373.618), (-29.4265, 440.037), (-24.0375, 447.094), (14.3417, 469.236), (75.5, 404), (29.9267, 373.618)))
(((81.559, 242.799), (10.2084, 271.569), (-3.4784, 321.754), (27.5261, 342.01), (69.6633, 323.69), (81.559, 242.799)))
(((46.9642, -461.513), (18.3173, -443.097), (17.7046, -414.91), (51.3863, -407.212), (77.7737, -425.266), (46.9642, -461.513)))
(((66.7402, -265.884), (46.1319, -284.431), (21.5545, -268.329), (16.0652, -245.274), (36.6111, -237.056), (66.1667, -251.833), (66.7402, -265.884)))
(((68.8895, -120.483), (26.7661, -133.555), (19.3571, -93.7321), (49.5625, -71.0781), (49.9039, -71.0018), (71.6684, -93.2499), (68.8895, -120.483)))
(((75.2782, 90.7694), (42.8628, 81.9982), (4.92259, 100.494), (41.6995, 175.647), (87.638, 112.04), (75.2782, 90.7694)))
(((80.6429, -161.349), (51.7773, -167.699), (28.9744, -148.92), (25.255, -137.297), (26.7661, -133.555), (68.8895, -120.483), (84.7377, -146.896), (80.6429, -161.349)))
(((95.9388, -546.873), (89.6602, -554.408), (45.8802, -585.97), (19.0987, -579.275), (35.7406, -508.867), (94.6476, -542.096), (95.9388, -546.873)))
(((79.6781, -340.144), (67.9607, -363.579), (47.9253, -367.986), (38, -363.679), (38, -315.99), (45.5543, -311.004), (70.9342, -317.738), (79.6781, -340.144)))
(((79.5, -238.5), (66.1667, -251.833), (36.6111, -237.056), (46.2534, -206.376), (74, -211), (79.5, -238.5)))
(((83.34, -165.353), (87.7857, -197.214), (74, -211), (46.2534, -206.376), (40.0702, -196.235), (51.7773, -167.699), (80.6429, -161.349), (83.34, -165.353)))
(((101.914, -412.296), (92.2806, -422.445), (77.7737, -425.266), (51.3863, -407.212), (47.9253, -367.986), (67.9607, -363.579), (103.382, -394.43), (101.914, -412.296)))
(((70.9342, -317.738), (45.5543, -311.004), (46.1319, -284.431), (66.7402, -265.884), (102.816, -290.686), (70.9342, -317.738)))
(((113.296, 401.306), (106.376, 347.336), (69.6633, 323.69), (27.5261, 342.01), (29.9267, 373.618), (75.5, 404), (111.304, 404), (113.296, 401.306)))
(((111.304, 404), (75.5, 404), (14.3417, 469.236), (53.0678, 517.382), (119.351, 478.026), (111.304, 404)))
(((112.932, 41.0239), (75.7915, 5.53407), (51.888, 2.74016), (38.5029, 27.9357), (42.8628, 81.9982), (75.2782, 90.7694), (112.613, 45.434), (112.932, 41.0239)))
(((94.6476, -542.096), (35.7406, -508.867), (35.182, -507.212), (49.4699, -482.498), (90.4015, -485.227), (104.341, -515.566), (94.6476, -542.096)))
(((116.752, -39.8889), (55.455, -59.7204), (51.8548, 2.68371), (51.888, 2.74016), (75.7915, 5.53407), (117.23, -38.4948), (116.752, -39.8889)))
(((107.305, -464.701), (90.4015, -485.227), (49.4699, -482.498), (46.9642, -461.513), (77.7737, -425.266), (92.2806, -422.445), (107.305, -464.701)))
(((135.169, 138.217), (87.638, 112.04), (41.6995, 175.647), (41.2658, 187.647), (79.9931, 221.962), (134.956, 160.004), (135.169, 138.217)))
(((75.7846, -627.19), (45.8802, -585.97), (89.6602, -554.408), (99.8604, -612.209), (75.7846, -627.19)))
(((102.816, -290.686), (66.7402, -265.884), (66.1667, -251.833), (79.5, -238.5), (111.435, -240.957), (104.351, -290.545), (102.816, -290.686)))
(((119.742, -57.5291), (103.263, -91.3542), (71.6684, -93.2499), (49.9039, -71.0018), (55.455, -59.7204), (116.752, -39.8889), (119.742, -57.5291)))
(((172.75, -739.615), (123.902, -775.106), (84.7083, -775.106), (58.3421, -659.5), (74.2087, -642.752), (131.784, -670.288), (172.75, -739.615)))
(((103.382, -394.43), (67.9607, -363.579), (79.6781, -340.144), (110.74, -342.806), (121.604, -371.776), (103.382, -394.43)))
(((111.435, -240.957), (79.5, -238.5), (74, -211), (87.7857, -197.214), (108.402, -205.461), (114.456, -238.759), (111.435, -240.957)))
(((110.976, -134.097), (84.7377, -146.896), (68.8895, -120.483), (71.6684, -93.2499), (103.263, -91.3542), (117.522, -107.913), (110.976, -134.097)))
(((128.287, -310.343), (110.74, -342.806), (79.6781, -340.144), (70.9342, -317.738), (102.816, -290.686), (104.351, -290.545), (118.51, -297.388), (128.287, -310.343)))
(((142.581, -602.419), (99.8604, -612.209), (89.6602, -554.408), (95.9388, -546.873), (167.233, -577.767), (142.581, -602.419)))
(((151.094, 267.991), (83.3589, 240.474), (81.559, 242.799), (69.6633, 323.69), (106.376, 347.336), (164.761, 299.674), (151.094, 267.991)))
(((127.658, -192.845), (108.402, -205.461), (87.7857, -197.214), (83.34, -165.353), (128.53, -175.396), (127.658, -192.845)))
(((128.53, -175.396), (83.34, -165.353), (80.6429, -161.349), (84.7377, -146.896), (110.976, -134.097), (145.021, -156.062), (128.53, -175.396)))
(((139.138, -24.4113), (117.23, -38.4948), (75.7915, 5.53407), (112.932, 41.0239), (140.814, 19.1559), (139.138, -24.4113)))
(((131.784, -670.288), (74.2087, -642.752), (75.7846, -627.19), (99.8604, -612.209), (142.581, -602.419), (131.784, -670.288)))
(((147.248, -497.688), (104.341, -515.566), (90.4015, -485.227), (107.305, -464.701), (135.054, -471.639), (147.248, -497.688)))
(((164.5, 91.5556), (112.613, 45.434), (75.2782, 90.7694), (87.638, 112.04), (135.169, 138.217), (164.5, 111.4), (164.5, 91.5556)))
(((154.958, -439.068), (135.054, -471.639), (107.305, -464.701), (92.2806, -422.445), (101.914, -412.296), (147.042, -424.932), (154.958, -439.068)))
(((160.127, -247.448), (118.51, -297.388), (104.351, -290.545), (111.435, -240.957), (114.456, -238.759), (152.031, -239.511), (160.127, -247.448)))
(((42.416, 589.523), (45.0983, 597.779), (95.0983, 634.106), (156.406, 634.106), (191.927, 531.186), (165.449, 493.247), (119.351, 478.026), (53.0678, 517.382), (42.416, 589.523)))
(((152.031, -239.511), (114.456, -238.759), (108.402, -205.461), (127.658, -192.845), (151.456, -211.355), (152.031, -239.511)))
(((167.233, -577.767), (95.9388, -546.873), (94.6476, -542.096), (104.341, -515.566), (147.248, -497.688), (172.533, -511.639), (178.368, -519.157), (176.019, -575.552), (167.233, -577.767)))
(((143.174, -105.41), (117.522, -107.913), (103.263, -91.3542), (119.742, -57.5291), (152.901, -80.3973), (143.174, -105.41)))
(((148.33, -368.693), (121.604, -371.776), (110.74, -342.806), (128.287, -310.343), (155.624, -317.633), (148.33, -368.693)))
(((163.112, -151.841), (145.021, -156.062), (110.976, -134.097), (117.522, -107.913), (143.174, -105.41), (163.593, -129.61), (166.958, -146.741), (163.112, -151.841)))
(((164.616, -396.174), (147.042, -424.932), (101.914, -412.296), (103.382, -394.43), (121.604, -371.776), (148.33, -368.693), (157.09, -374.098), (164.616, -396.174)))
(((200.284, 208.396), (134.956, 160.004), (79.9931, 221.962), (83.3589, 240.474), (151.094, 267.991), (200.284, 208.396)))
(((223.455, 338.803), (164.761, 299.674), (106.376, 347.336), (113.296, 401.306), (196.096, 386.444), (223.455, 338.803)))
(((173.703, -187.397), (151.456, -211.355), (127.658, -192.845), (128.53, -175.396), (145.021, -156.062), (163.112, -151.841), (173.703, -187.397)))
(((170.564, -257.289), (161.399, -315.945), (155.624, -317.633), (128.287, -310.343), (118.51, -297.388), (160.127, -247.448), (166.189, -249.668), (170.564, -257.289)))
(((167.322, -75.0315), (152.901, -80.3973), (119.742, -57.5291), (116.752, -39.8889), (117.23, -38.4948), (139.138, -24.4113), (176.936, -35.6108), (167.322, -75.0315)))
(((194.527, 31.3175), (140.814, 19.1559), (112.932, 41.0239), (112.613, 45.434), (164.5, 91.5556), (200.616, 38.3847), (194.527, 31.3175)))
(((189.559, -736.106), (170.676, -736.106), (131.784, -670.288), (142.581, -602.419), (167.233, -577.767), (176.019, -575.552), (183.407, -580.012), (183.831, -581.45), (189.559, -736.106)))
(((196.096, 386.444), (113.296, 401.306), (111.304, 404), (119.351, 478.026), (165.449, 493.247), (206.05, 429.742), (196.096, 386.444)))
(((181.557, -459), (172.533, -511.639), (147.248, -497.688), (135.054, -471.639), (154.958, -439.068), (170.963, -443.55), (181.557, -459)))
(((189.02, -91.4698), (163.593, -129.61), (143.174, -105.41), (152.901, -80.3973), (167.322, -75.0315), (189.02, -91.4698)))
(((191.051, -30.0972), (176.936, -35.6108), (139.138, -24.4113), (140.814, 19.1559), (194.527, 31.3175), (191.051, -30.0972)))
(((196.832, -355.469), (157.09, -374.098), (148.33, -368.693), (155.624, -317.633), (161.399, -315.945), (170.478, -317.912), (197.805, -352.891), (196.832, -355.469)))
(((204.834, -416.191), (170.963, -443.55), (154.958, -439.068), (147.042, -424.932), (164.616, -396.174), (201.25, -404.095), (204.834, -416.191)))
(((197.68, -227.624), (166.189, -249.668), (160.127, -247.448), (152.031, -239.511), (151.456, -211.355), (173.703, -187.397), (195.494, -197.747), (197.68, -227.624)))
(((200.916, -301.388), (170.478, -317.912), (161.399, -315.945), (170.564, -257.289), (202.186, -276.614), (200.916, -301.388)))
(((201.25, -404.095), (164.616, -396.174), (157.09, -374.098), (196.832, -355.469), (207.716, -389.933), (201.25, -404.095)))
(((212.257, 205.798), (215.087, 126.576), (164.5, 111.4), (135.169, 138.217), (134.956, 160.004), (200.284, 208.396), (212.257, 205.798)))
(((223.596, -127.669), (208.504, -143.096), (166.958, -146.741), (163.593, -129.61), (189.02, -91.4698), (209.225, -91.8821), (218.324, -98.4333), (223.596, -127.669)))
(((207.678, -37.7292), (209.225, -91.8821), (189.02, -91.4698), (167.322, -75.0315), (176.936, -35.6108), (191.051, -30.0972), (207.678, -37.7292)))
(((220.2, -183.057), (195.494, -197.747), (173.703, -187.397), (163.112, -151.841), (166.958, -146.741), (208.504, -143.096), (220.2, -183.057)))
(((227.973, -464.662), (205.016, -505.358), (178.368, -519.157), (172.533, -511.639), (181.557, -459), (224.782, -459), (227.973, -464.662)))
(((224.782, -459), (181.557, -459), (170.963, -443.55), (204.834, -416.191), (224.281, -431.471), (224.782, -459)))
(((228.934, -338.364), (197.805, -352.891), (170.478, -317.912), (200.916, -301.388), (225.329, -316.184), (232.69, -326.7), (228.934, -338.364)))
(((232.485, -263.059), (202.186, -276.614), (170.564, -257.289), (166.189, -249.668), (197.68, -227.624), (225.136, -235.925), (232.485, -263.059)))
(((295.552, 50.7677), (200.616, 38.3847), (164.5, 91.5556), (164.5, 111.4), (215.087, 126.576), (305.848, 82.4557), (295.552, 50.7677)))
(((230.765, 336.915), (237.86, 213.922), (212.257, 205.798), (200.284, 208.396), (151.094, 267.991), (164.761, 299.674), (223.455, 338.803), (230.765, 336.915)))
(((288.838, -701.458), (243.902, -734.106), (189.485, -734.106), (183.831, -581.45), (288.838, -701.458)))
(((241.716, -216.581), (225.136, -235.925), (197.68, -227.624), (195.494, -197.747), (220.2, -183.057), (236.257, -189.283), (241.716, -216.581)))
(((315.512, 4.7354), (288.449, -28.3059), (207.678, -37.7292), (191.051, -30.0972), (194.527, 31.3175), (200.616, 38.3847), (300.352, 51.3937), (315.512, 4.7354)))
(((237.802, -266.291), (225.329, -316.184), (200.916, -301.388), (202.186, -276.614), (232.485, -263.059), (237.802, -266.291)))
(((241.451, -381.754), (207.716, -389.933), (196.832, -355.469), (197.805, -352.891), (228.934, -338.364), (243.594, -359.791), (241.451, -381.754)))
(((319.488, 479.732), (206.05, 429.742), (165.449, 493.247), (191.927, 531.186), (308.863, 512.432), (319.488, 479.732)))
(((252.985, -571.314), (183.407, -580.012), (176.019, -575.552), (178.368, -519.157), (205.016, -505.358), (245.056, -517.134), (252.985, -571.314)))
(((282.616, -50.2948), (273.142, -63.2936), (218.324, -98.4333), (209.225, -91.8821), (207.678, -37.7292), (288.449, -28.3059), (282.616, -50.2948)))
(((254.583, -415.212), (224.281, -431.471), (204.834, -416.191), (201.25, -404.095), (207.716, -389.933), (241.451, -381.754), (257.007, -399.456), (254.583, -415.212)))
(((259.074, -501.615), (245.056, -517.134), (205.016, -505.358), (227.973, -464.662), (249.724, -471.228), (259.074, -501.615)))
(((255.088, -177.043), (236.257, -189.283), (220.2, -183.057), (208.504, -143.096), (223.596, -127.669), (251.681, -135.191), (259.36, -164.511), (255.088, -177.043)))
(((286.932, -699.279), (183.831, -581.45), (183.407, -580.012), (252.985, -571.314), (269.405, -576.555), (325.248, -654.167), (317.902, -676.779), (286.932, -699.279)))
(((310.251, 512.21), (191.927, 531.186), (156.83, 632.876), (158.098, 636.779), (208.098, 673.106), (269.902, 673.106), (319.902, 636.779), (339, 578), (339, 578), (319.902, 519.221), (310.251, 512.21)))
(((267.18, -312.757), (232.69, -326.7), (225.329, -316.184), (237.802, -266.291), (257.016, -270.066), (267.18, -312.757)))
(((302.24, 84.2098), (215.087, 126.576), (212.257, 205.798), (237.86, 213.922), (329.094, 197.722), (342, 158), (342, 158), (322.902, 99.2215), (302.24, 84.2098)))
(((340.785, 390.794), (268.659, 340.244), (230.765, 336.915), (223.455, 338.803), (196.096, 386.444), (206.05, 429.742), (318.534, 479.311), (328.902, 471.779), (348, 413), (348, 413), (340.785, 390.794)))
(((265.671, -126.797), (251.681, -135.191), (223.596, -127.669), (218.324, -98.4333), (273.142, -63.2936), (265.671, -126.797)))
(((271.614, -458.948), (249.724, -471.228), (227.973, -464.662), (224.782, -459), (224.281, -431.471), (254.583, -415.212), (272.304, -431.322), (271.614, -458.948)))
(((257.016, -270.066), (237.802, -266.291), (232.485, -263.059), (225.136, -235.925), (241.716, -216.581), (271.104, -224.116), (266.446, -263.71), (257.016, -270.066)))
(((284.057, -328.181), (271.121, -357.038), (243.594, -359.791), (228.934, -338.364), (232.69, -326.7), (267.18, -312.757), (280.365, -318.077), (284.057, -328.181)))
(((329.985, 197.563), (237.86, 213.922), (230.765, 336.915), (268.659, 340.244), (332.078, 199.084), (329.985, 197.563)))
(((289.054, -214.098), (271.104, -224.116), (241.716, -216.581), (236.257, -189.283), (255.088, -177.043), (290.111, -202.26), (289.054, -214.098)))
(((288.337, -383.368), (257.007, -399.456), (241.451, -381.754), (243.594, -359.791), (271.121, -357.038), (288.337, -383.368)))
(((269.405, -576.555), (252.985, -571.314), (245.056, -517.134), (259.074, -501.615), (282.671, -506.334), (294.497, -539.276), (269.405, -576.555)))
(((301.933, -483.369), (282.671, -506.334), (259.074, -501.615), (249.724, -471.228), (271.614, -458.948), (289.913, -466.725), (301.933, -483.369)))
(((287.68, -162.332), (259.36, -164.511), (251.681, -135.191), (265.671, -126.797), (298.458, -132.395), (287.68, -162.332)))
(((290.111, -202.26), (255.088, -177.043), (259.36, -164.511), (287.68, -162.332), (304.097, -184.543), (290.111, -202.26)))
(((305.236, -421.636), (272.304, -431.322), (254.583, -415.212), (257.007, -399.456), (288.337, -383.368), (293.758, -384.07), (305.236, -421.636)))
(((307.817, -297.127), (280.365, -318.077), (267.18, -312.757), (257.016, -270.066), (266.446, -263.71), (301.139, -266.189), (310.234, -286.652), (307.817, -297.127)))
(((311.145, -127.828), (298.458, -132.395), (265.671, -126.797), (273.142, -63.2936), (282.616, -50.2948), (313.022, -120.051), (311.145, -127.828)))
(((301.139, -266.189), (266.446, -263.71), (271.104, -224.116), (289.054, -214.098), (316.374, -237.104), (301.139, -266.189)))
(((313.327, -370.872), (293.758, -384.07), (288.337, -383.368), (271.121, -357.038), (284.057, -328.181), (316.327, -351.376), (313.327, -370.872)))
(((317.791, -428.89), (289.913, -466.725), (271.614, -458.948), (272.304, -431.322), (305.236, -421.636), (317.791, -428.89)))
(((333.287, -175.227), (304.097, -184.543), (287.68, -162.332), (298.458, -132.395), (311.145, -127.828), (334.334, -153.594), (333.287, -175.227)))
(((386.124, -514.967), (294.497, -539.276), (282.671, -506.334), (301.933, -483.369), (354.34, -488.408), (386.124, -514.967)))
(((354.34, -488.408), (301.933, -483.369), (289.913, -466.725), (317.791, -428.89), (332.684, -430.657), (354.34, -488.408)))
(((316.327, -351.376), (284.057, -328.181), (280.365, -318.077), (307.817, -297.127), (345.353, -330.332), (316.327, -351.376)))
(((332.684, -430.657), (317.791, -428.89), (305.236, -421.636), (293.758, -384.07), (313.327, -370.872), (356.862, -399.481), (332.684, -430.657)))
(((337.231, -179.44), (335.76, -233.873), (316.374, -237.104), (289.054, -214.098), (290.111, -202.26), (304.097, -184.543), (333.287, -175.227), (337.231, -179.44)))
(((325.204, -654.106), (269.405, -576.555), (294.497, -539.276), (386.124, -514.967), (407.414, -523.343), (419, -559), (419, -559), (399.902, -617.779), (349.902, -654.106), (325.204, -654.106)))
(((314.177, 3.10565), (331.903, 3.10565), (352.448, -95.8866), (313.022, -120.051), (282.616, -50.2948), (288.449, -28.3059), (314.177, 3.10565)))
(((358.855, -276.016), (310.234, -286.652), (301.139, -266.189), (316.374, -237.104), (335.76, -233.873), (349.203, -240.025), (360.379, -271.789), (358.855, -276.016)))
(((331.265, 200.894), (268.659, 340.244), (341.23, 391.106), (360.902, 391.106), (410.902, 354.779), (430, 296), (430, 296), (410.902, 237.221), (360.902, 200.894), (331.265, 200.894)))
(((368.523, -328.225), (345.353, -330.332), (307.817, -297.127), (310.234, -286.652), (358.855, -276.016), (368.523, -328.225)))
(((436.458, -371.131), (356.862, -399.481), (313.327, -370.872), (316.327, -351.376), (345.353, -330.332), (368.523, -328.225), (436.458, -371.131)))
(((387.02, -123.873), (334.334, -153.594), (311.145, -127.828), (313.022, -120.051), (352.448, -95.8866), (387.02, -123.873)))
(((386.316, -214.974), (349.203, -240.025), (335.76, -233.873), (337.231, -179.44), (367.043, -186.065), (386.316, -214.974)))
(((414.042, -127.877), (367.043, -186.065), (337.231, -179.44), (333.287, -175.227), (334.334, -153.594), (387.02, -123.873), (414.042, -127.877)))
(((409.067, -523.994), (386.124, -514.967), (354.34, -488.408), (332.684, -430.657), (356.862, -399.481), (436.458, -371.131), (438.573, -371.444), (447.902, -378.221), (467, -437), (467, -437), (447.902, -495.779), (409.067, -523.994)))
(((463.997, -121.02), (414.042, -127.877), (387.02, -123.873), (352.448, -95.8866), (331.779, 3.70195), (346.098, 14.1057), (407.902, 14.1057), (457.902, -22.2215), (477, -81), (477, -81), (463.997, -121.02)))
(((480.616, -251.261), (360.379, -271.789), (349.203, -240.025), (386.316, -214.974), (475.677, -227.541), (482, -247), (482, -247), (480.616, -251.261)))
(((436.418, -371.106), (368.523, -328.225), (358.855, -276.016), (360.379, -271.789), (477.249, -251.835), (489, -288), (489, -288), (469.902, -346.779), (436.418, -371.106)))
(((476.491, -227.655), (386.316, -214.974), (367.043, -186.065), (414.042, -127.877), (466.939, -120.616), (471.902, -124.221), (491, -183), (491, -183), (476.491, -227.655)))
