(((-284.438, -152.818), (-299, -108), (-279.902, -49.2215), (-229.902, -12.8943), (-209.998, -12.8943), (-172.859, -83.691), (-181.397, -147.729), (-284.438, -152.818)))
(((-262.308, -257.655), (-275.902, -247.779), (-295, -189), (-283.224, -152.758), (-181.397, -147.729), (-176.908, -150.183), (-157.344, -189.312), (-261.037, -257.453), (-262.308, -257.655)))
(((-191.295, 446.894), (-215.902, 446.894), (-265.902, 483.221), (-285, 542), (-265.902, 600.779), (-215.902, 637.106), (-154.098, 637.106), (-116.483, 609.777), (-158.041, 477.405), (-191.295, 446.894)))
(((-218.831, -389.165), (-257.902, -360.779), (-277, -302), (-262.607, -257.703), (-261.037, -257.453), (-155.631, -264.21), (-153.013, -267.852), (-157.363, -330.205), (-218.831, -389.165)))
(((-155.631, -264.21), (-261.037, -257.453), (-157.344, -189.312), (-153.571, -191.459), (-137.954, -231.618), (-155.631, -264.21)))
(((-125.989, -128.684), (-176.908, -150.183), (-181.397, -147.729), (-172.859, -83.691), (-118.171, -106.718), (-125.989, -128.684)))
(((-210.812, -11.3436), (-168.902, 19.1057), (-114.366, 19.1057), (-111.326, 7.20968), (-113.537, -103.34), (-118.171, -106.718), (-172.859, -83.691), (-210.812, -11.3436)))
(((-105.593, -172.922), (-153.571, -191.459), (-157.344, -189.312), (-176.908, -150.183), (-125.989, -128.684), (-103.074, -166.877), (-105.593, -172.922)))
(((-101.318, -299.068), (-114.17, -326.45), (-157.363, -330.205), (-153.013, -267.852), (-104.034, -288.843), (-101.318, -299.068)))
(((-217.892, -388.264), (-157.363, -330.205), (-114.17, -326.45), (-91.1537, -371.482), (-165.154, -443.016), (-210.902, -409.779), (-217.892, -388.264)))
(((-88.844, -210.827), (-104.736, -228.485), (-137.954, -231.618), (-153.571, -191.459), (-105.593, -172.922), (-88.844, -210.827)))
(((-104.034, -288.843), (-153.013, -267.852), (-155.631, -264.21), (-137.954, -231.618), (-104.736, -228.485), (-86.7199, -265.577), (-104.034, -288.843)))
(((-98.2714, 610.106), (-52.7269, 491.69), (-66.1598, 481.343), (-158.041, 477.405), (-116.38, 610.106), (-98.2714, 610.106)))
(((-168.387, 380.035), (-176.902, 386.221), (-195.394, 443.134), (-158.041, 477.405), (-66.1598, 481.343), (-71.4548, 409.86), (-168.387, 380.035)))
(((-66.7325, -152.044), (-103.074, -166.877), (-125.989, -128.684), (-118.171, -106.718), (-113.537, -103.34), (-76.6331, -107.794), (-64.2962, -123.295), (-66.7325, -152.044)))
(((-76.6331, -107.794), (-113.537, -103.34), (-111.326, 7.20968), (-61.8846, -75.1923), (-76.6331, -107.794)))
(((-78.6661, -369.526), (-91.1537, -371.482), (-114.17, -326.45), (-101.318, -299.068), (-45.9009, -319.85), (-78.6661, -369.526)))
(((-59.9022, -261.198), (-86.7199, -265.577), (-104.736, -228.485), (-88.844, -210.827), (-53.9912, -212.728), (-59.9022, -261.198)))
(((-44.7396, -206.868), (-53.9912, -212.728), (-88.844, -210.827), (-105.593, -172.922), (-103.074, -166.877), (-66.7325, -152.044), (-46.6548, -169.84), (-44.7396, -206.868)))
(((-158.649, -452.089), (-162.448, -440.399), (-91.1537, -371.482), (-78.6661, -369.526), (-37.8647, -396.204), (-18.5853, -433.629), (-40.5, -450.613), (-158.649, -452.089)))
(((-123.292, 286.709), (-152.902, 308.221), (-172, 367), (-167.696, 380.247), (-71.4548, 409.86), (-14.1012, 386.609), (-12.7384, 384.862), (-95.9915, 291.928), (-123.292, 286.709)))
(((-159.296, -527.02), (-171, -491), (-158.356, -452.086), (-40.5, -450.613), (-40.5, -519.1), (-159.296, -527.02)))
(((-45.9009, -319.85), (-101.318, -299.068), (-104.034, -288.843), (-86.7199, -265.577), (-59.9022, -261.198), (-40.286, -275.91), (-37.0128, -315.844), (-45.9009, -319.85)))
(((-104.005, -641.671), (-147.902, -609.779), (-167, -551), (-159.206, -527.014), (-40.5, -519.1), (-7.3162, -550.625), (-7.27138, -551.387), (-104.005, -641.671)))
(((-113.77, 16.7726), (-95.3956, 30.1222), (-50.0863, 23.4322), (-29.5, -0.806452), (-29.5, -73.686), (-61.8846, -75.1923), (-111.326, 7.20968), (-113.77, 16.7726)))
(((-19.5496, -89.6927), (-29.3223, -115.346), (-64.2962, -123.295), (-76.6331, -107.794), (-61.8846, -75.1923), (-29.5, -73.686), (-23.4655, -78.5979), (-19.5496, -89.6927)))
(((-101.535, 153.791), (-126.902, 172.221), (-146, 231), (-128.204, 285.77), (-95.9915, 291.928), (-30.0051, 276.318), (-17.5889, 196.5), (-85.7766, 156.126), (-101.535, 153.791)))
(((-14.1012, 386.609), (-71.4548, 409.86), (-66.1598, 481.343), (-52.7269, 491.69), (-9.10663, 488.165), (-14.1012, 386.609)))
(((-9.42886, -345.651), (-37.8647, -396.204), (-78.6661, -369.526), (-45.9009, -319.85), (-37.0128, -315.844), (-24.194, -320.735), (-9.42886, -345.651)))
(((-15.1657, -257.875), (-40.286, -275.91), (-59.9022, -261.198), (-53.9912, -212.728), (-44.7396, -206.868), (-16.1408, -215.947), (-15.1657, -257.875)))
(((-8.01429, -149.329), (-10.4152, -153.046), (-46.6548, -169.84), (-66.7325, -152.044), (-64.2962, -123.295), (-29.3223, -115.346), (-7.38863, -140.413), (-8.01429, -149.329)))
(((-98.4985, 610.696), (-92.8814, 614.777), (17.216, 545.457), (2.7688, 494.336), (-9.10663, 488.165), (-52.7269, 491.69), (-98.4985, 610.696)))
(((-97.5728, 30.4436), (-106.902, 37.2215), (-126, 96), (-107.51, 152.906), (-85.7766, 156.126), (26.8821, 108.389), (28.0228, 101.21), (-4.65237, 50.0658), (-50.0863, 23.4322), (-97.5728, 30.4436)))
(((-3.93135, 381.54), (-6.60605, 282.576), (-30.0051, 276.318), (-95.9915, 291.928), (-12.7384, 384.862), (-3.93135, 381.54)))
(((-16.1408, -215.947), (-44.7396, -206.868), (-46.6548, -169.84), (-10.4152, -153.046), (8.16568, -206.93), (-16.1408, -215.947)))
(((81.307, -634.677), (69.9017, -669.779), (19.9017, -706.106), (-41.9017, -706.106), (-91.9017, -669.779), (-101.726, -639.544), (-7.27138, -551.387), (81.307, -634.677)))
(((15.6063, -53.592), (-23.4655, -78.5979), (-29.5, -73.686), (-29.5, -0.806452), (17.5292, -28.1137), (15.6063, -53.592)))
(((16.9282, -522.263), (-7.3162, -550.625), (-40.5, -519.1), (-40.5, -450.613), (-18.5853, -433.629), (-3.37158, -434.162), (27.701, -482.763), (16.9282, -522.263)))
(((14.9041, -298.52), (-24.194, -320.735), (-37.0128, -315.844), (-40.286, -275.91), (-15.1657, -257.875), (8.55405, -266.77), (14.9041, -298.52)))
(((-3.37158, -434.162), (-18.5853, -433.629), (-37.8647, -396.204), (-9.42886, -345.651), (-3.39286, -348.307), (15.4386, -419.867), (-3.37158, -434.162)))
(((25.6228, -114.623), (-7.38863, -140.413), (-29.3223, -115.346), (-19.5496, -89.6927), (25.1791, -101.533), (25.6228, -114.623)))
(((26.8821, 108.389), (-85.7766, 156.126), (-17.5889, 196.5), (4.94681, 196.5), (43.7244, 141.271), (26.8821, 108.389)))
(((45.4358, 234.56), (4.94681, 196.5), (-17.5889, 196.5), (-30.0051, 276.318), (-6.60605, 282.576), (39.5994, 274.966), (45.4358, 234.56)))
(((-93.1866, 614.969), (-80.9017, 652.779), (-30.9017, 689.106), (30.9017, 689.106), (80.9017, 652.779), (82.8529, 646.773), (76.3134, 588.302), (17.216, 545.457), (-93.1866, 614.969)))
(((25.1791, -101.533), (-19.5496, -89.6927), (-23.4655, -78.5979), (15.6063, -53.592), (34.5264, -86.9275), (25.1791, -101.533)))
(((36.5939, -244.864), (8.55405, -266.77), (-15.1657, -257.875), (-16.1408, -215.947), (8.16568, -206.93), (16.6262, -207.636), (36.4254, -239.724), (36.5939, -244.864)))
(((16.6262, -207.636), (8.16568, -206.93), (-10.4152, -153.046), (-8.01429, -149.329), (27.9286, -161.31), (17.4106, -206.888), (16.6262, -207.636)))
(((15.4386, -419.867), (-3.39286, -348.307), (30.5069, -350.567), (36.5844, -409.822), (15.4386, -419.867)))
(((49.9587, 363.545), (42.1508, 277.659), (39.5994, 274.966), (-6.60605, 282.576), (-3.93135, 381.54), (41.3701, 379.176), (49.9587, 363.545)))
(((50.5932, -332.93), (30.5069, -350.567), (-3.39286, -348.307), (-9.42886, -345.651), (-24.194, -320.735), (14.9041, -298.52), (50.2422, -308.714), (50.5932, -332.93)))
(((92.8527, 446.5), (41.3701, 379.176), (-3.93135, 381.54), (-12.7384, 384.862), (-14.1012, 386.609), (-9.10663, 488.165), (2.7688, 494.336), (91, 449.059), (92.8527, 446.5)))
(((43.7579, -153.155), (27.9286, -161.31), (-8.01429, -149.329), (-7.38863, -140.413), (25.6228, -114.623), (49.2619, -138.262), (43.7579, -153.155)))
(((43.2454, -21.4898), (17.5292, -28.1137), (-29.5, -0.806452), (-50.0863, 23.4322), (-4.65237, 50.0658), (48.4058, 22.8897), (43.2454, -21.4898)))
(((66.5806, -291.415), (50.2422, -308.714), (14.9041, -298.52), (8.55405, -266.77), (36.5939, -244.864), (64.8421, -274.774), (66.5806, -291.415)))
(((62.7829, -188.493), (17.4106, -206.888), (27.9286, -161.31), (43.7579, -153.155), (62.9924, -188.017), (62.7829, -188.493)))
(((78.9157, -44.1137), (54.9409, -81.9202), (34.5264, -86.9275), (15.6063, -53.592), (17.5292, -28.1137), (43.2454, -21.4898), (77.4324, -36.0613), (78.9157, -44.1137)))
(((87.347, 49.4353), (76.6602, 36.4027), (48.4058, 22.8897), (-4.65237, 50.0658), (28.0228, 101.21), (85.6607, 69.1885), (87.347, 49.4353)))
(((79.6192, 158.022), (43.7244, 141.271), (4.94681, 196.5), (45.4358, 234.56), (75.0784, 214.327), (79.6192, 158.022)))
(((91.6929, -466.74), (75.3356, -478.585), (27.701, -482.763), (-3.37158, -434.162), (15.4386, -419.867), (36.5844, -409.822), (37.9878, -409.839), (83.7343, -436.231), (91.6929, -466.74)))
(((84.6592, -637.829), (-7.27138, -551.387), (-7.3162, -550.625), (16.9282, -522.263), (73.9788, -528.783), (133.588, -600.665), (132.902, -602.779), (84.6592, -637.829)))
(((80.1649, -371.616), (37.9878, -409.839), (36.5844, -409.822), (30.5069, -350.567), (50.5932, -332.93), (79.5971, -355.719), (80.1649, -371.616)))
(((75.9545, -219.227), (36.4254, -239.724), (16.6262, -207.636), (17.4106, -206.888), (62.7829, -188.493), (75.9545, -219.227)))
(((77.0693, -131.719), (49.2619, -138.262), (25.6228, -114.623), (25.1791, -101.533), (34.5264, -86.9275), (54.9409, -81.9202), (88.4402, -116.66), (77.0693, -131.719)))
(((73.9788, -528.783), (16.9282, -522.263), (27.701, -482.763), (75.3356, -478.585), (73.9788, -528.783)))
(((91, 566.389), (91, 449.059), (2.7688, 494.336), (17.216, 545.457), (76.3134, 588.302), (91, 566.389)))
(((86.3571, -250.071), (64.8421, -274.774), (36.5939, -244.864), (36.4254, -239.724), (75.9545, -219.227), (84.1901, -223.345), (86.3571, -250.071)))
(((92.2529, -171.847), (62.9924, -188.017), (43.7579, -153.155), (49.2619, -138.262), (77.0693, -131.719), (92.2529, -171.847)))
(((77.4324, -36.0613), (43.2454, -21.4898), (48.4058, 22.8897), (76.6602, 36.4027), (87.6577, -25.1833), (77.4324, -36.0613)))
(((101.774, 286.693), (42.1508, 277.659), (49.9587, 363.545), (106.82, 338.161), (101.774, 286.693)))
(((83.7343, -436.231), (37.9878, -409.839), (80.1649, -371.616), (115.561, -399.725), (83.7343, -436.231)))
(((123.26, 100.745), (85.6607, 69.1885), (28.0228, 101.21), (26.8821, 108.389), (43.7244, 141.271), (79.6192, 158.022), (103.228, 150.054), (123.26, 100.745)))
(((113.169, -84.6752), (94.5052, -114.67), (88.4402, -116.66), (54.9409, -81.9202), (78.9157, -44.1137), (109.78, -71.12), (113.169, -84.6752)))
(((110.363, -338.029), (79.5971, -355.719), (50.5932, -332.93), (50.2422, -308.714), (66.5806, -291.415), (104.565, -299.928), (110.363, -338.029)))
(((115.839, -210.361), (84.1901, -223.345), (75.9545, -219.227), (62.7829, -188.493), (62.9924, -188.017), (92.2529, -171.847), (109.033, -177.01), (115.839, -210.361)))
(((132.566, 233.16), (75.0784, 214.327), (45.4358, 234.56), (39.5994, 274.966), (42.1508, 277.659), (101.774, 286.693), (143.197, 258.851), (132.566, 233.16)))
(((132.244, -599.044), (73.9788, -528.783), (75.3356, -478.585), (91.6929, -466.74), (130.775, -480.624), (151.857, -584.795), (132.244, -599.044)))
(((131.241, -6.74436), (87.6577, -25.1833), (76.6602, 36.4027), (87.347, 49.4353), (124.554, 24.6306), (131.241, -6.74436)))
(((137.252, -278.778), (104.565, -299.928), (66.5806, -291.415), (64.8421, -274.774), (86.3571, -250.071), (130.821, -258.964), (137.464, -270.437), (137.252, -278.778)))
(((130.821, -258.964), (86.3571, -250.071), (84.1901, -223.345), (115.839, -210.361), (128.463, -218.863), (130.821, -258.964)))
(((127.211, -162.727), (109.033, -177.01), (92.2529, -171.847), (77.0693, -131.719), (88.4402, -116.66), (94.5052, -114.67), (132.551, -140.034), (127.211, -162.727)))
(((127.316, 417.192), (132.456, 349.088), (106.82, 338.161), (49.9587, 363.545), (41.3701, 379.176), (92.8527, 446.5), (102.579, 445.12), (127.316, 417.192)))
(((137.833, -384.667), (126.169, -397.853), (115.561, -399.725), (80.1649, -371.616), (79.5971, -355.719), (110.363, -338.029), (114.553, -340.079), (139.868, -378.053), (137.833, -384.667)))
(((149.251, 181.588), (103.228, 150.054), (79.6192, 158.022), (75.0784, 214.327), (132.566, 233.16), (149.251, 181.588)))
(((133.939, -8.36364), (144.147, -43.3619), (109.78, -71.12), (78.9157, -44.1137), (77.4324, -36.0613), (87.6577, -25.1833), (131.241, -6.74436), (133.939, -8.36364)))
(((130.775, -480.624), (91.6929, -466.74), (83.7343, -436.231), (115.561, -399.725), (126.169, -397.853), (157.495, -454.81), (130.775, -480.624)))
(((179.169, 493.594), (102.579, 445.12), (92.8527, 446.5), (91, 449.059), (91, 566.389), (155.05, 537.922), (179.169, 493.594)))
(((150.017, -130.209), (132.551, -140.034), (94.5052, -114.67), (113.169, -84.6752), (155.635, -95.7973), (150.017, -130.209)))
(((166.977, 59.7809), (124.554, 24.6306), (87.347, 49.4353), (85.6607, 69.1885), (123.26, 100.745), (156.722, 93.8076), (166.977, 59.7809)))
(((168.751, 270.969), (143.197, 258.851), (101.774, 286.693), (106.82, 338.161), (132.456, 349.088), (173.175, 332.173), (168.751, 270.969)))
(((152.421, -293.018), (153.14, -324.644), (114.553, -340.079), (110.363, -338.029), (104.565, -299.928), (137.252, -278.778), (152.421, -293.018)))
(((151.928, -209.68), (128.463, -218.863), (115.839, -210.361), (109.033, -177.01), (127.211, -162.727), (162.29, -183.774), (151.928, -209.68)))
(((155.635, -95.7973), (113.169, -84.6752), (109.78, -71.12), (144.147, -43.3619), (164.5, -57.1), (160.885, -91.8077), (155.635, -95.7973)))
(((174.06, -352.002), (139.868, -378.053), (114.553, -340.079), (153.14, -324.644), (174.06, -352.002)))
(((190.185, 125.039), (156.722, 93.8076), (123.26, 100.745), (103.228, 150.054), (149.251, 181.588), (170.108, 173.081), (190.185, 125.039)))
(((82.5541, 644.102), (121.098, 672.106), (182.902, 672.106), (187.512, 668.756), (191.268, 593.643), (155.05, 537.922), (91, 566.389), (76.3134, 588.302), (82.5541, 644.102)))
(((174.526, -247.141), (137.464, -270.437), (130.821, -258.964), (128.463, -218.863), (151.928, -209.68), (181.046, -231.034), (174.526, -247.141)))
(((184.97, -172.928), (162.29, -183.774), (127.211, -162.727), (132.551, -140.034), (150.017, -130.209), (189.916, -152.154), (184.97, -172.928)))
(((193.202, 2.0944), (133.939, -8.36364), (131.241, -6.74436), (124.554, 24.6306), (166.977, 59.7809), (185.041, 45.837), (195.397, 4.41007), (193.202, 2.0944)))
(((173.175, 332.173), (132.456, 349.088), (127.316, 417.192), (239.338, 384.358), (173.175, 332.173)))
(((181.891, -449.69), (157.495, -454.81), (126.169, -397.853), (137.833, -384.667), (217.594, -424.547), (181.891, -449.69)))
(((189.315, -45.5198), (164.5, -57.1), (144.147, -43.3619), (133.939, -8.36364), (193.202, 2.0944), (189.315, -45.5198)))
(((255.703, -410.01), (217.594, -424.547), (137.833, -384.667), (139.868, -378.053), (174.06, -352.002), (187.057, -352.384), (245.131, -395.175), (255.703, -410.01)))
(((261.077, 449.591), (243.188, 385.522), (239.338, 384.358), (127.316, 417.192), (102.579, 445.12), (179.169, 493.594), (227.795, 486.049), (254.271, 464.45), (261.077, 449.591)))
(((201.69, -299.172), (187.057, -352.384), (174.06, -352.002), (153.14, -324.644), (152.421, -293.018), (199.408, -294.975), (201.69, -299.172)))
(((229.484, 217.613), (170.108, 173.081), (149.251, 181.588), (132.566, 233.16), (143.197, 258.851), (168.751, 270.969), (232.615, 245.003), (229.484, 217.613)))
(((220.96, -578.618), (207.902, -588.106), (152.527, -588.106), (130.775, -480.624), (157.495, -454.81), (181.891, -449.69), (220.96, -578.618)))
(((199.408, -294.975), (152.421, -293.018), (137.252, -278.778), (137.464, -270.437), (174.526, -247.141), (204.053, -279.947), (199.408, -294.975)))
(((197.671, -223.959), (181.046, -231.034), (151.928, -209.68), (162.29, -183.774), (184.97, -172.928), (200.988, -194.113), (197.671, -223.959)))
(((189.916, -152.154), (150.017, -130.209), (155.635, -95.7973), (160.885, -91.8077), (205.09, -101.631), (193.37, -149.579), (189.916, -152.154)))
(((209.46, -98.9), (205.09, -101.631), (160.885, -91.8077), (164.5, -57.1), (189.315, -45.5198), (202.444, -54.4862), (211.972, -94.7138), (209.46, -98.9)))
(((227.795, 486.049), (179.169, 493.594), (155.05, 537.922), (191.268, 593.643), (229.311, 542.918), (227.795, 486.049)))
(((230.077, -253.923), (204.053, -279.947), (174.526, -247.141), (181.046, -231.034), (197.671, -223.959), (224.603, -239.99), (230.077, -253.923)))
(((294.436, 99.2007), (185.041, 45.837), (166.977, 59.7809), (156.722, 93.8076), (190.185, 125.039), (283.895, 113.326), (291.425, 108.467), (294.436, 99.2007)))
(((220.805, -578.106), (181.891, -449.69), (217.594, -424.547), (255.703, -410.01), (283.276, -418.681), (290.902, -424.221), (310, -483), (310, -483), (290.902, -541.779), (240.902, -578.106), (220.805, -578.106)))
(((283.895, 113.326), (190.185, 125.039), (170.108, 173.081), (229.484, 217.613), (283.895, 113.326)))
(((262.046, 360.305), (246.084, 253.895), (232.615, 245.003), (168.751, 270.969), (173.175, 332.173), (239.338, 384.358), (243.188, 385.522), (262.046, 360.305)))
(((245.131, -395.175), (187.057, -352.384), (201.69, -299.172), (236.007, -313.062), (245.131, -395.175)))
(((310.963, -20.5742), (202.444, -54.4862), (189.315, -45.5198), (193.202, 2.0944), (195.397, 4.41007), (305.878, -4.92634), (310.963, -20.5742)))
(((251.278, -160.384), (236.746, -190.139), (200.988, -194.113), (184.97, -172.928), (189.916, -152.154), (193.37, -149.579), (246.522, -154.411), (251.278, -160.384)))
(((307.021, -5.0229), (195.397, 4.41007), (185.041, 45.837), (296.908, 100.406), (301.902, 96.7785), (321, 38), (321, 38), (307.021, -5.0229)))
(((244.223, -209.58), (224.603, -239.99), (197.671, -223.959), (200.988, -194.113), (236.746, -190.139), (244.223, -209.58)))
(((246.522, -154.411), (193.37, -149.579), (205.09, -101.631), (209.46, -98.9), (246.979, -131.526), (246.522, -154.411)))
(((319.333, -47.5584), (307.296, -56.1303), (211.972, -94.7138), (202.444, -54.4862), (310.602, -20.6869), (319.333, -47.5584)))
(((278.434, -280.955), (236.007, -313.062), (201.69, -299.172), (199.408, -294.975), (204.053, -279.947), (230.077, -253.923), (274.05, -270.124), (278.434, -280.955)))
(((187.634, 666.323), (201.098, 676.106), (242.158, 676.106), (270.074, 587.503), (229.311, 542.918), (191.268, 593.643), (187.634, 666.323)))
(((246.979, -131.526), (209.46, -98.9), (211.972, -94.7138), (307.296, -56.1303), (246.979, -131.526)))
(((274.05, -270.124), (230.077, -253.923), (224.603, -239.99), (244.223, -209.58), (269.779, -215.421), (281.798, -248.901), (274.05, -270.124)))
(((354.494, -340.946), (340.902, -382.779), (290.902, -419.106), (284.626, -419.106), (255.703, -410.01), (245.131, -395.175), (236.007, -313.062), (278.434, -280.955), (354.494, -340.946)))
(((296.668, -175.728), (269.779, -215.421), (244.223, -209.58), (236.746, -190.139), (251.278, -160.384), (290.941, -167.201), (296.668, -175.728)))
(((254.271, 464.45), (227.795, 486.049), (229.311, 542.918), (270.074, 587.503), (317.087, 555.021), (254.271, 464.45)))
(((329.046, -54.8896), (290.941, -167.201), (251.278, -160.384), (246.522, -154.411), (246.979, -131.526), (307.296, -56.1303), (319.142, -47.694), (329.046, -54.8896)))
(((292.314, 107.894), (283.895, 113.326), (229.484, 217.613), (232.615, 245.003), (246.084, 253.895), (369.762, 237.586), (381, 203), (381, 203), (361.902, 144.221), (311.902, 107.894), (292.314, 107.894)))
(((349.869, -204.747), (281.798, -248.901), (269.779, -215.421), (296.668, -175.728), (349.869, -204.747)))
(((374.468, 236.966), (246.084, 253.895), (262.046, 360.305), (385.819, 316.1), (393, 294), (393, 294), (374.468, 236.966)))
(((395.31, 574.178), (317.087, 555.021), (270.074, 587.503), (242.211, 675.938), (274.098, 699.106), (335.902, 699.106), (385.902, 662.779), (405, 604), (405, 604), (395.31, 574.178)))
(((355.579, -341.801), (278.434, -280.955), (274.05, -270.124), (281.798, -248.901), (349.869, -204.747), (402.307, -210.856), (416, -253), (416, -253), (396.902, -311.779), (355.579, -341.801)))
(((405.526, -211.231), (349.869, -204.747), (296.668, -175.728), (290.941, -167.201), (329.045, -54.8943), (358.902, -54.8943), (408.902, -91.2215), (428, -150), (428, -150), (408.902, -208.779), (405.526, -211.231)))
(((385.496, 316.216), (262.046, 360.305), (243.188, 385.522), (261.077, 449.591), (409.711, 448.288), (428, 392), (428, 392), (408.902, 333.221), (385.496, 316.216)))
(((410.247, 448.283), (261.077, 449.591), (254.271, 464.45), (317.087, 555.021), (396.547, 574.481), (409.902, 564.779), (429, 506), (429, 506), (410.247, 448.283)))
