(((-299.516, -303.732), (-316, -253), (-296.902, -194.221), (-274.808, -178.17), (-254.027, -183.007), (-185.966, -229.515), (-178.52, -254.833), (-186.399, -275.949), (-299.516, -303.732)))
(((-244.519, -396.665), (-282.902, -368.779), (-302, -310), (-300.002, -303.851), (-186.399, -275.949), (-167.883, -306.616), (-201.882, -369.578), (-244.519, -396.665)))
(((-275.69, -177.964), (-289, -137), (-269.902, -78.2215), (-241.144, -57.3275), (-163.84, -117.277), (-179.04, -164.26), (-254.027, -183.007), (-275.69, -177.964)))
(((-133.347, -192.12), (-135.387, -195.374), (-185.966, -229.515), (-254.027, -183.007), (-179.04, -164.26), (-133.911, -184.317), (-133.347, -192.12)))
(((-133.911, -184.317), (-179.04, -164.26), (-163.84, -117.277), (-135.48, -119.168), (-123.774, -167.942), (-133.911, -184.317)))
(((-109.981, -325.551), (-138.164, -365.184), (-201.882, -369.578), (-167.883, -306.616), (-132.415, -308.42), (-109.981, -325.551)))
(((-241.056, -57.3954), (-231.902, -29.2215), (-181.902, 7.10565), (-149.068, 7.10565), (-117.751, -90.1403), (-124.557, -108.7), (-135.48, -119.168), (-163.84, -117.277), (-241.056, -57.3954)))
(((-127.207, -257.639), (-132.415, -308.42), (-167.883, -306.616), (-186.399, -275.949), (-178.52, -254.833), (-129.711, -255.918), (-127.207, -257.639)))
(((-246.956, -398.213), (-201.882, -369.578), (-138.164, -365.184), (-111.636, -407.017), (-144.343, -469.629), (-176.229, -490.106), (-178.902, -490.106), (-228.902, -453.779), (-246.956, -398.213)))
(((-129.711, -255.918), (-178.52, -254.833), (-185.966, -229.515), (-135.387, -195.374), (-129.711, -255.918)))
(((-188.317, 439.078), (-200.902, 448.221), (-220, 507), (-200.902, 565.779), (-171.806, 586.918), (-100.452, 552.443), (-85.506, 482.694), (-188.317, 439.078)))
(((-86.5, -247.214), (-91.496, -253.519), (-127.207, -257.639), (-129.711, -255.918), (-135.387, -195.374), (-133.347, -192.12), (-86.5, -218.267), (-86.5, -247.214)))
(((-83.268, -292.191), (-108.243, -325.491), (-109.981, -325.551), (-132.415, -308.42), (-127.207, -257.639), (-91.496, -253.519), (-83.268, -292.191)))
(((-84.6906, -395.532), (-111.636, -407.017), (-138.164, -365.184), (-109.981, -325.551), (-108.243, -325.491), (-72.9059, -352.321), (-84.6906, -395.532)))
(((-94.1448, -160.39), (-123.774, -167.942), (-135.48, -119.168), (-124.557, -108.7), (-83.2143, -130.962), (-94.1448, -160.39)))
(((-67.1126, -202.487), (-86.5, -218.267), (-133.347, -192.12), (-133.911, -184.317), (-123.774, -167.942), (-94.1448, -160.39), (-73.7632, -172.19), (-67.1126, -202.487)))
(((-149.065, 7.09684), (-122.902, 26.1057), (-117.301, 26.1057), (-106.307, 22.1274), (-63.2742, -60.7496), (-76.4272, -89.1324), (-117.751, -90.1403), (-149.065, 7.09684)))
(((-148.872, 364.763), (-172.902, 382.221), (-191.005, 437.937), (-85.506, 482.694), (-38.4872, 465.816), (-78.9622, 396.77), (-148.872, 364.763)))
(((-60.2285, -118.585), (-83.2143, -130.962), (-124.557, -108.7), (-117.751, -90.1403), (-76.4272, -89.1324), (-60.2285, -118.585)))
(((-110.025, -692.106), (-111.902, -692.106), (-161.902, -655.779), (-181, -597), (-164.995, -547.742), (-46.2821, -551.572), (-20.1846, -578.33), (-19.4736, -580.361), (-110.025, -692.106)))
(((-42.2473, -465.49), (-144.343, -469.629), (-111.636, -407.017), (-84.6906, -395.532), (-46.1035, -419.859), (-42.2473, -465.49)))
(((-163.775, -547.781), (-178, -504), (-172.762, -487.879), (-144.343, -469.629), (-42.2473, -465.49), (-32.3426, -473.909), (-46.2821, -551.572), (-163.775, -547.781)))
(((-174.467, 588.203), (-177, 596), (-157.902, 654.779), (-107.902, 691.106), (-46.0983, 691.106), (3.66422, 654.951), (-0.883257, 592.113), (-18.9742, 566.199), (-100.452, 552.443), (-174.467, 588.203)))
(((-44.4033, -152.954), (-73.7632, -172.19), (-94.1448, -160.39), (-83.2143, -130.962), (-60.2285, -118.585), (-52.7626, -120.91), (-44.4033, -152.954)))
(((-72.9059, -352.321), (-108.243, -325.491), (-83.268, -292.191), (-47.618, -294.678), (-60.3316, -349.77), (-72.9059, -352.321)))
(((-16.3485, 484.803), (-33.6012, 467.125), (-38.4872, 465.816), (-85.506, 482.694), (-100.452, 552.443), (-18.9742, 566.199), (-16.3485, 484.803)))
(((-31.2283, -267.281), (-43.4095, -292.702), (-47.618, -294.678), (-83.268, -292.191), (-91.496, -253.519), (-86.5, -247.214), (-40.7264, -253.753), (-31.2283, -267.281)))
(((-40.7264, -253.753), (-86.5, -247.214), (-86.5, -218.267), (-67.1126, -202.487), (-44.3062, -205.119), (-34.5562, -225.645), (-40.7264, -253.753)))
(((-139.692, 233.81), (-156, 284), (-143.203, 323.384), (-31.0227, 320.352), (-19.927, 270.421), (-74.3674, 235.873), (-139.692, 233.81)))
(((-142.749, 323.372), (-154, 358), (-152.315, 363.187), (-78.9622, 396.77), (-21.4277, 373.287), (-16.3905, 335.228), (-31.0227, 320.352), (-142.749, 323.372)))
(((-125.194, 123.895), (-133.902, 130.221), (-153, 189), (-138.427, 233.85), (-74.3674, 235.873), (-10.6021, 191.385), (-62.132, 133.414), (-125.194, 123.895)))
(((-14.4229, -365.363), (-24.1969, -396.857), (-46.1035, -419.859), (-84.6906, -395.532), (-72.9059, -352.321), (-60.3316, -349.77), (-21.1296, -357.237), (-14.4229, -365.363)))
(((-21.3329, -181.449), (-44.3062, -205.119), (-67.1126, -202.487), (-73.7632, -172.19), (-44.4033, -152.954), (-22.8096, -167.174), (-21.3329, -181.449)))
(((-32.3839, -109.681), (-52.7626, -120.91), (-60.2285, -118.585), (-76.4272, -89.1324), (-63.2742, -60.7496), (-33.5456, -67.8587), (-32.3839, -109.681)))
(((-21.1296, -357.237), (-60.3316, -349.77), (-47.618, -294.678), (-43.4095, -292.702), (-13.4282, -321.531), (-21.1296, -357.237)))
(((-28.7191, -65.1773), (-33.5456, -67.8587), (-63.2742, -60.7496), (-106.307, 22.1274), (-94.0876, 21.8341), (-14.4118, -20.9548), (-28.7191, -65.1773)))
(((-118.675, 26.603), (-137, 83), (-123.636, 124.13), (-62.132, 133.414), (7.01574, 103.031), (21.4725, 65.8564), (19.3794, 63.3854), (-94.0876, 21.8341), (-106.307, 22.1274), (-118.675, 26.603)))
(((-33.6012, 467.125), (3.66962, 403.404), (-21.4277, 373.287), (-78.9622, 396.77), (-38.4872, 465.816), (-33.6012, 467.125)))
(((-2.5088, -149.194), (-22.8096, -167.174), (-44.4033, -152.954), (-52.7626, -120.91), (-32.3839, -109.681), (-0.969793, -115.335), (-2.5088, -149.194)))
(((76.0548, -646.909), (57.9017, -702.779), (7.9017, -739.106), (-53.9017, -739.106), (-103.902, -702.779), (-108.13, -689.766), (-19.4736, -580.361), (76.0548, -646.909)))
(((25.4733, 237.735), (-0.0123542, 193.299), (-10.6021, 191.385), (-74.3674, 235.873), (-19.927, 270.421), (24.0326, 250.44), (25.4733, 237.735)))
(((7.26689, -224.151), (-34.5562, -225.645), (-44.3062, -205.119), (-21.3329, -181.449), (1.85062, -195.716), (7.26689, -224.151)))
(((7.47761, -224.391), (-8.971, -266.883), (-31.2283, -267.281), (-40.7264, -253.753), (-34.5562, -225.645), (7.26689, -224.151), (7.47761, -224.391)))
(((18.1882, -299.314), (-13.4282, -321.531), (-43.4095, -292.702), (-31.2283, -267.281), (-8.971, -266.883), (4.06154, -275.769), (18.1882, -299.314)))
(((-0.969793, -115.335), (-32.3839, -109.681), (-33.5456, -67.8587), (-28.7191, -65.1773), (6.08282, -74.3896), (11.1801, -107.158), (-0.969793, -115.335)))
(((18.4054, 5.91587), (-11.5789, -20.7368), (-14.4118, -20.9548), (-94.0876, 21.8341), (19.3794, 63.3854), (18.4054, 5.91587)))
(((2.49063, -470.203), (-32.3426, -473.909), (-42.2473, -465.49), (-46.1035, -419.859), (-24.1969, -396.857), (31.1636, -437.119), (2.49063, -470.203)))
(((7.01574, 103.031), (-62.132, 133.414), (-10.6021, 191.385), (-0.0123542, 193.299), (32.8023, 153.772), (7.01574, 103.031)))
(((6.08282, -74.3896), (-28.7191, -65.1773), (-14.4118, -20.9548), (-11.5789, -20.7368), (22.5152, -52.4797), (6.08282, -74.3896)))
(((23.7265, -532.045), (-20.1846, -578.33), (-46.2821, -551.572), (-32.3426, -473.909), (2.49063, -470.203), (29.5386, -502.403), (23.7265, -532.045)))
(((31.1636, -437.119), (-24.1969, -396.857), (-14.4229, -365.363), (-11.948, -365.539), (32.532, -399.283), (36.4589, -433.97), (31.1636, -437.119)))
(((30.2053, -179.252), (1.85062, -195.716), (-21.3329, -181.449), (-22.8096, -167.174), (-2.5088, -149.194), (20.698, -158.336), (30.2053, -179.252)))
(((55.3445, 288.583), (24.0326, 250.44), (-19.927, 270.421), (-31.0227, 320.352), (-16.3905, 335.228), (37.7878, 329.732), (55.3445, 288.583)))
(((52.0035, -339.023), (-11.948, -365.539), (-14.4229, -365.363), (-21.1296, -357.237), (-13.4282, -321.531), (18.1882, -299.314), (32.5509, -303.578), (49.4221, -322.244), (52.0035, -339.023)))
(((61.1539, 372.675), (37.7878, 329.732), (-16.3905, 335.228), (-21.4277, 373.287), (3.66962, 403.404), (50.6316, 400.096), (61.1539, 372.675)))
(((35.8682, -247.705), (4.06154, -275.769), (-8.971, -266.883), (7.47761, -224.391), (25.2188, -228.087), (35.8682, -247.705)))
(((50.6316, 400.096), (3.66962, 403.404), (-33.6012, 467.125), (-16.3485, 484.803), (31.9459, 479.054), (69.8782, 441.122), (50.6316, 400.096)))
(((40.3918, -136.454), (20.698, -158.336), (-2.5088, -149.194), (-0.969793, -115.335), (11.1801, -107.158), (27.5063, -109.925), (40.3918, -136.454)))
(((50.2696, -37.3822), (41.0606, -49.4992), (22.5152, -52.4797), (-11.5789, -20.7368), (18.4054, 5.91587), (52.4987, -20.3847), (50.2696, -37.3822)))
(((52.2785, -204.76), (25.2188, -228.087), (7.47761, -224.391), (7.26689, -224.151), (1.85062, -195.716), (30.2053, -179.252), (50.8886, -185.996), (52.2785, -204.76)))
(((52.5245, -339.623), (57.6781, -365.39), (32.532, -399.283), (-11.948, -365.539), (52.0035, -339.023), (52.5245, -339.623)))
(((72.4993, 538.532), (31.9459, 479.054), (-16.3485, 484.803), (-18.9742, 566.199), (-0.883257, 592.113), (72.4993, 538.532)))
(((32.5509, -303.578), (18.1882, -299.314), (4.06154, -275.769), (35.8682, -247.705), (55.6675, -258.704), (32.5509, -303.578)))
(((59.2845, -91.0092), (27.5063, -109.925), (11.1801, -107.158), (6.08282, -74.3896), (22.5152, -52.4797), (41.0606, -49.4992), (59.2845, -91.0092)))
(((75.1598, -646.285), (-19.4736, -580.361), (-20.1846, -578.33), (23.7265, -532.045), (79.3231, -556.755), (108.697, -604.592), (110.336, -620.729), (75.1598, -646.285)))
(((63.7377, -174.065), (50.8886, -185.996), (30.2053, -179.252), (20.698, -158.336), (40.3918, -136.454), (61.8431, -145.647), (63.7377, -174.065)))
(((57.5843, 156.416), (32.8023, 153.772), (-0.0123542, 193.299), (25.4733, 237.735), (86.4264, 202.383), (57.5843, 156.416)))
(((80.3638, 1.64813), (52.4987, -20.3847), (18.4054, 5.91587), (19.3794, 63.3854), (21.4725, 65.8564), (52.108, 64.4249), (80.9221, 37.9345), (80.3638, 1.64813)))
(((85.9454, -484.466), (69.5239, -501.634), (29.5386, -502.403), (2.49063, -470.203), (31.1636, -437.119), (36.4589, -433.97), (41.0992, -434.492), (82.8296, -457.593), (85.9454, -484.466)))
(((79.6982, -236.108), (55.697, -258.697), (55.6675, -258.704), (35.8682, -247.705), (25.2188, -228.087), (52.2785, -204.76), (81.1422, -230.125), (79.6982, -236.108)))
(((79.3231, -556.755), (23.7265, -532.045), (29.5386, -502.403), (69.5239, -501.634), (79.3231, -556.755)))
(((52.108, 64.4249), (21.4725, 65.8564), (7.01574, 103.031), (32.8023, 153.772), (57.5843, 156.416), (97.3247, 116.675), (52.108, 64.4249)))
(((60.0652, -91.2174), (82.2517, -126.514), (61.8431, -145.647), (40.3918, -136.454), (27.5063, -109.925), (59.2845, -91.0092), (60.0652, -91.2174)))
(((81.2258, -397.71), (41.0992, -434.492), (36.4589, -433.97), (32.532, -399.283), (57.6781, -365.39), (84.1848, -387.353), (81.2258, -397.71)))
(((87.1651, -294.206), (49.4221, -322.244), (32.5509, -303.578), (55.6675, -258.704), (55.697, -258.697), (87.3235, -290.324), (87.1651, -294.206)))
(((106.325, -68.0874), (60.0652, -91.2174), (59.2845, -91.0092), (41.0606, -49.4992), (50.2696, -37.3822), (105.883, -57.7738), (106.325, -68.0874)))
(((103.877, 451.1), (69.8782, 441.122), (31.9459, 479.054), (72.4993, 538.532), (100.483, 537.93), (133.274, 478.907), (103.877, 451.1)))
(((86.4264, 202.383), (25.4733, 237.735), (24.0326, 250.44), (55.3445, 288.583), (80.0666, 286.31), (112.019, 209.249), (86.4264, 202.383)))
(((3.34169, 650.494), (44.0983, 680.106), (105.902, 680.106), (155.902, 643.779), (159.001, 634.241), (100.483, 537.93), (72.4993, 538.532), (-0.883257, 592.113), (3.34169, 650.494)))
(((112.507, -210.773), (81.1422, -230.125), (52.2785, -204.76), (50.8886, -185.996), (63.7377, -174.065), (100.398, -178.953), (114.989, -197.597), (112.507, -210.773)))
(((82.8296, -457.593), (41.0992, -434.492), (81.2258, -397.71), (106.102, -439.169), (82.8296, -457.593)))
(((87.3235, -290.324), (55.697, -258.697), (79.6982, -236.108), (103.56, -267.128), (87.3235, -290.324)))
(((105.883, -57.7738), (50.2696, -37.3822), (52.4987, -20.3847), (80.3638, 1.64813), (119.767, -27.4351), (105.883, -57.7738)))
(((113.237, 301.947), (80.0666, 286.31), (55.3445, 288.583), (37.7878, 329.732), (61.1539, 372.675), (126.705, 355.819), (113.237, 301.947)))
(((108.938, -141), (100.398, -178.953), (63.7377, -174.065), (61.8431, -145.647), (82.2517, -126.514), (97.4975, -127.926), (108.938, -141)))
(((113.762, -379.172), (84.1848, -387.353), (57.6781, -365.39), (52.5245, -339.623), (108.782, -340.995), (113.762, -379.172)))
(((108.782, -340.995), (52.5245, -339.623), (52.0035, -339.023), (49.4221, -322.244), (87.1651, -294.206), (124.782, -320.424), (108.782, -340.995)))
(((120.446, -85.6522), (97.4975, -127.926), (82.2517, -126.514), (60.0652, -91.2174), (106.325, -68.0874), (120.446, -85.6522)))
(((108.697, -604.592), (79.3231, -556.755), (69.5239, -501.634), (85.9454, -484.466), (138.69, -507.796), (108.697, -604.592)))
(((133.124, 202.957), (110.11, 117.983), (97.3247, 116.675), (57.5843, 156.416), (86.4264, 202.383), (112.019, 209.249), (131.898, 205.434), (133.124, 202.957)))
(((126.705, 355.819), (61.1539, 372.675), (50.6316, 400.096), (69.8782, 441.122), (103.877, 451.1), (140.276, 364.147), (126.705, 355.819)))
(((126.881, -432.936), (106.102, -439.169), (81.2258, -397.71), (84.1848, -387.353), (113.762, -379.172), (126.17, -386.898), (134.572, -423.74), (126.881, -432.936)))
(((146.562, 80.948), (109.347, 41.5441), (80.9221, 37.9345), (52.108, 64.4249), (97.3247, 116.675), (110.11, 117.983), (125.484, 109.988), (146.562, 80.948)))
(((132.113, -233.838), (123.026, -265.229), (103.56, -267.128), (79.6982, -236.108), (81.1422, -230.125), (112.507, -210.773), (132.113, -233.838)))
(((134.221, -317.37), (124.782, -320.424), (87.1651, -294.206), (87.3235, -290.324), (103.56, -267.128), (123.026, -265.229), (142.622, -287.439), (134.221, -317.37)))
(((138.122, -19.9867), (119.767, -27.4351), (80.3638, 1.64813), (80.9221, 37.9345), (109.347, 41.5441), (137.42, 14.4397), (138.122, -19.9867)))
(((164.382, 250.789), (131.898, 205.434), (112.019, 209.249), (80.0666, 286.31), (113.237, 301.947), (155.591, 270.182), (164.382, 250.789)))
(((138.69, -507.796), (85.9454, -484.466), (82.8296, -457.593), (106.102, -439.169), (126.881, -432.936), (151.952, -499.194), (138.69, -507.796)))
(((145.884, -183.095), (114.989, -197.597), (100.398, -178.953), (108.938, -141), (133.857, -141), (145.884, -183.095)))
(((153.724, -125.548), (133.857, -141), (108.938, -141), (97.4975, -127.926), (120.446, -85.6522), (131.075, -88.4867), (153.724, -125.548)))
(((159.5, -366.9), (126.17, -386.898), (113.762, -379.172), (108.782, -340.995), (124.782, -320.424), (134.221, -317.37), (155.858, -331.933), (159.5, -366.9)))
(((182.893, -61.2143), (131.075, -88.4867), (120.446, -85.6522), (106.325, -68.0874), (105.883, -57.7738), (119.767, -27.4351), (138.122, -19.9867), (171.148, -29.8944), (182.893, -61.2143)))
(((176.897, 44.0478), (137.42, 14.4397), (109.347, 41.5441), (146.562, 80.948), (178.386, 70.4743), (176.897, 44.0478)))
(((205.983, 370.965), (140.276, 364.147), (103.877, 451.1), (133.274, 478.907), (158.722, 476.555), (210.636, 372.729), (205.983, 370.965)))
(((180.853, 152.437), (125.484, 109.988), (110.11, 117.983), (133.124, 202.957), (181.595, 165.987), (180.853, 152.437)))
(((165.409, -276.045), (142.622, -287.439), (123.026, -265.229), (132.113, -233.838), (157.191, -234.953), (165.409, -276.045)))
(((157.191, -234.953), (132.113, -233.838), (112.507, -210.773), (114.989, -197.597), (145.884, -183.095), (162.138, -184.521), (166.139, -228.528), (157.191, -234.953)))
(((172.175, -179.317), (162.138, -184.521), (145.884, -183.095), (133.857, -141), (153.724, -125.548), (161.57, -126.63), (174.439, -170.956), (172.175, -179.317)))
(((205.983, 370.965), (155.591, 270.182), (113.237, 301.947), (126.705, 355.819), (140.276, 364.147), (205.983, 370.965)))
(((157.703, 632.106), (184.902, 632.106), (234.902, 595.779), (250.773, 546.932), (249.229, 543.072), (158.722, 476.555), (133.274, 478.907), (100.483, 537.93), (157.703, 632.106)))
(((168.62, -497.11), (151.952, -499.194), (126.881, -432.936), (134.572, -423.74), (163.766, -424.729), (199.176, -468.135), (168.62, -497.11)))
(((190.681, -390.125), (163.766, -424.729), (134.572, -423.74), (126.17, -386.898), (159.5, -366.9), (190.88, -383.636), (190.681, -390.125)))
(((183.939, -62.0516), (198.093, -100.82), (188.453, -114.012), (161.57, -126.63), (153.724, -125.548), (131.075, -88.4867), (182.893, -61.2143), (183.939, -62.0516)))
(((171.148, -29.8944), (138.122, -19.9867), (137.42, 14.4397), (176.897, 44.0478), (197.428, 1.27504), (171.148, -29.8944)))
(((242.152, -604.956), (197.902, -637.106), (136.098, -637.106), (110.079, -618.202), (108.697, -604.592), (138.69, -507.796), (151.952, -499.194), (168.62, -497.11), (242.152, -604.956)))
(((178.386, 70.4743), (146.562, 80.948), (125.484, 109.988), (180.853, 152.437), (213.558, 89.5432), (178.386, 70.4743)))
(((195.679, -299), (182.581, -324.541), (155.858, -331.933), (134.221, -317.37), (142.622, -287.439), (165.409, -276.045), (180.675, -278.1), (195.679, -299)))
(((206.013, -244.316), (180.675, -278.1), (165.409, -276.045), (157.191, -234.953), (166.139, -228.528), (195.8, -232.059), (206.013, -244.316)))
(((195.8, -232.059), (166.139, -228.528), (162.138, -184.521), (172.175, -179.317), (202.939, -194.324), (195.8, -232.059)))
(((190.88, -383.636), (159.5, -366.9), (155.858, -331.933), (182.581, -324.541), (218.725, -359.346), (190.88, -383.636)))
(((201.98, -149.675), (174.439, -170.956), (161.57, -126.63), (188.453, -114.012), (201.98, -149.675)))
(((219.549, 182.855), (181.595, 165.987), (133.124, 202.957), (131.898, 205.434), (164.382, 250.789), (181.183, 250.596), (224.096, 200.284), (219.549, 182.855)))
(((217.5, 371.656), (217.5, 271.259), (181.183, 250.596), (164.382, 250.789), (155.591, 270.182), (205.983, 370.965), (210.636, 372.729), (217.5, 371.656)))
(((246.254, -459.142), (199.176, -468.135), (163.766, -424.729), (190.681, -390.125), (243.898, -449.483), (246.254, -459.142)))
(((216.951, -189.361), (202.939, -194.324), (172.175, -179.317), (174.439, -170.956), (201.98, -149.675), (221.362, -156.722), (216.951, -189.361)))
(((224.742, -358.127), (218.725, -359.346), (182.581, -324.541), (195.679, -299), (218.056, -299), (236.325, -328.895), (224.742, -358.127)))
(((231.151, -280.868), (218.056, -299), (195.679, -299), (180.675, -278.1), (206.013, -244.316), (222.935, -247.184), (231.151, -280.868)))
(((243.049, -606.272), (168.62, -497.11), (199.176, -468.135), (246.254, -459.142), (305.258, -494.328), (311, -512), (311, -512), (291.902, -570.779), (243.049, -606.272)))
(((301.547, 2.82906), (197.428, 1.27504), (176.897, 44.0478), (178.386, 70.4743), (213.558, 89.5432), (295.499, 85.7844), (312, 35), (312, 35), (301.547, 2.82906)))
(((231.463, -150.077), (221.362, -156.722), (201.98, -149.675), (188.453, -114.012), (198.093, -100.82), (227.586, -106.138), (231.463, -150.077)))
(((301.683, 2.83108), (304.174, -4.83703), (265.983, -40.5639), (183.939, -62.0516), (182.893, -61.2143), (171.148, -29.8944), (197.428, 1.27504), (301.683, 2.83108)))
(((275.165, 407.931), (226.606, 373.364), (217.5, 371.656), (210.636, 372.729), (158.722, 476.555), (249.229, 543.072), (275.165, 407.931)))
(((304.482, 105.472), (298.047, 85.6676), (213.558, 89.5432), (180.853, 152.437), (181.595, 165.987), (219.549, 182.855), (304.482, 105.472)))
(((236.5, -238.602), (222.935, -247.184), (206.013, -244.316), (195.8, -232.059), (202.939, -194.324), (216.951, -189.361), (236.5, -198.453), (236.5, -238.602)))
(((243.898, -449.483), (190.681, -390.125), (190.88, -383.636), (218.725, -359.346), (224.742, -358.127), (252.026, -377.688), (243.898, -449.483)))
(((224.096, 200.284), (181.183, 250.596), (217.5, 271.259), (285.015, 245.649), (224.096, 200.284)))
(((240.21, -101.132), (227.586, -106.138), (198.093, -100.82), (183.939, -62.0516), (265.983, -40.5639), (240.21, -101.132)))
(((244.522, -195.282), (236.5, -198.453), (216.951, -189.361), (221.362, -156.722), (231.463, -150.077), (256.128, -155.491), (244.522, -195.282)))
(((276.994, -312.816), (236.325, -328.895), (218.056, -299), (231.151, -280.868), (259.59, -284.818), (276.994, -312.816)))
(((285.015, 245.649), (217.5, 271.259), (217.5, 371.656), (226.606, 373.364), (322.345, 250.271), (285.015, 245.649)))
(((267.092, -152.065), (256.128, -155.491), (231.463, -150.077), (227.586, -106.138), (240.21, -101.132), (268.662, -119.102), (267.092, -152.065)))
(((274.404, -248.352), (259.59, -284.818), (231.151, -280.868), (222.935, -247.184), (236.5, -238.602), (270.814, -242.804), (274.404, -248.352)))
(((270.814, -242.804), (236.5, -238.602), (236.5, -198.453), (244.522, -195.282), (284.918, -203.137), (270.814, -242.804)))
(((304.639, 105.328), (219.549, 182.855), (224.096, 200.284), (285.015, 245.649), (322.345, 250.271), (339.661, 245.441), (358, 189), (358, 189), (338.902, 130.221), (304.639, 105.328)))
(((314.208, -361.879), (252.026, -377.688), (224.742, -358.127), (236.325, -328.895), (276.994, -312.816), (288.216, -316.217), (314.208, -361.879)))
(((284.918, -203.137), (244.522, -195.282), (256.128, -155.491), (267.092, -152.065), (273.815, -156.011), (291.091, -198.626), (284.918, -203.137)))
(((365.061, -75.7224), (268.662, -119.102), (240.21, -101.132), (265.983, -40.5639), (306.756, -2.42147), (351.902, -35.2215), (365.061, -75.7224)))
(((309.016, -496.569), (246.254, -459.142), (243.898, -449.483), (252.026, -377.688), (314.208, -361.879), (372.504, -392.242), (376, -403), (376, -403), (356.902, -461.779), (309.016, -496.569)))
(((288.216, -316.217), (276.994, -312.816), (259.59, -284.818), (274.404, -248.352), (298.346, -258.241), (307.486, -286.315), (288.216, -316.217)))
(((368.476, -74.1857), (369.902, -75.2215), (383.605, -117.395), (378.881, -122.119), (273.815, -156.011), (267.092, -152.065), (268.662, -119.102), (368.476, -74.1857)))
(((326.365, -198.099), (291.091, -198.626), (273.815, -156.011), (378.881, -122.119), (326.365, -198.099)))
(((337.131, 246.147), (322.345, 250.271), (226.606, 373.364), (275.165, 407.931), (377.171, 396.762), (379.902, 394.779), (399, 336), (399, 336), (379.902, 277.221), (337.131, 246.147)))
(((335.909, -230.069), (298.346, -258.241), (274.404, -248.352), (270.814, -242.804), (284.918, -203.137), (291.091, -198.626), (326.365, -198.099), (335.909, -230.069)))
(((371.696, 397.362), (275.165, 407.931), (249.229, 543.072), (249.469, 543.673), (283.098, 568.106), (344.902, 568.106), (394.902, 531.779), (414, 473), (414, 473), (394.902, 414.221), (371.696, 397.362)))
(((398.791, -282.068), (307.486, -286.315), (298.346, -258.241), (335.909, -230.069), (398.791, -282.068)))
(((371.324, -391.627), (314.208, -361.879), (288.216, -316.217), (307.486, -286.315), (398.791, -282.068), (421.016, -291.659), (426, -307), (426, -307), (406.902, -365.779), (371.324, -391.627)))
(((419.853, -291.157), (398.791, -282.068), (335.909, -230.069), (326.365, -198.099), (378.881, -122.119), (384.106, -116.894), (397.902, -116.894), (447.902, -153.221), (467, -212), (467, -212), (447.902, -270.779), (419.853, -291.157)))
