(((-251.461, -278.903), (-270.902, -264.779), (-290, -206), (-270.902, -147.221), (-245.878, -129.041), (-177.105, -151.965), (-157.181, -180.791), (-158.526, -223.83), (-251.461, -278.903)))
(((-251.794, -279.1), (-158.526, -223.83), (-130.837, -240.87), (-135.73, -289.802), (-206.925, -342.011), (-238.902, -318.779), (-251.794, -279.1)))
(((-245.89, -129.037), (-255, -101), (-235.902, -42.2215), (-185.902, -5.89435), (-153.291, -5.89435), (-118.986, -118.897), (-177.105, -151.965), (-245.89, -129.037)))
(((-192.43, 459.637), (-235.902, 491.221), (-255, 550), (-235.902, 608.779), (-185.902, 645.106), (-172.369, 645.106), (-106.464, 528.178), (-192.43, 459.637)))
(((-103.997, -232.394), (-130.837, -240.87), (-158.526, -223.83), (-157.181, -180.791), (-94.169, -185.935), (-103.997, -232.394)))
(((-82.8995, -176.92), (-94.169, -185.935), (-157.181, -180.791), (-177.105, -151.965), (-118.986, -118.897), (-104.243, -123.419), (-89.6088, -137.782), (-82.8995, -176.92)))
(((-147.265, -413.389), (-194.902, -378.779), (-206.863, -341.966), (-135.73, -289.802), (-92.4881, -294.519), (-71.8197, -328.34), (-131.673, -406.023), (-147.265, -413.389)))
(((-92.4881, -294.519), (-135.73, -289.802), (-130.837, -240.87), (-103.997, -232.394), (-74.1313, -254.468), (-92.4881, -294.519)))
(((-172.718, 645.725), (-130.902, 676.106), (-69.0983, 676.106), (-47.4512, 660.378), (-77.7062, 529.273), (-106.464, 528.178), (-172.718, 645.725)))
(((-153.293, -5.88888), (-129.902, 11.1057), (-112.253, 11.1057), (-107.781, 8.31541), (-73.1939, -79.0627), (-104.243, -123.419), (-118.986, -118.897), (-153.293, -5.88888)))
(((-148.123, 396.312), (-176.902, 417.221), (-191.043, 460.743), (-106.464, 528.178), (-77.7062, 529.273), (-68.1927, 522.825), (-52.0787, 445.478), (-148.123, 396.312)))
(((-53.8434, -250.291), (-74.1313, -254.468), (-103.997, -232.394), (-94.169, -185.935), (-82.8995, -176.92), (-63.6207, -182.81), (-41.9813, -224.286), (-53.8434, -250.291)))
(((-79.0403, -636.106), (-102.902, -636.106), (-152.902, -599.779), (-172, -541), (-152.902, -482.221), (-146.98, -477.919), (-45.4769, -497.355), (-19.5423, -522.209), (-79.0403, -636.106)))
(((-47.1835, -120.61), (-89.6088, -137.782), (-104.243, -123.419), (-73.1939, -79.0627), (-44.6862, -91.8912), (-47.1835, -120.61)))
(((-26.4207, -278.367), (-55.3069, -326.896), (-71.8197, -328.34), (-92.4881, -294.519), (-74.1313, -254.468), (-53.8434, -250.291), (-26.4207, -278.367)))
(((-128.193, 166.441), (-138.902, 174.221), (-158, 233), (-138.902, 291.779), (-108.104, 314.154), (-62.3667, 312.716), (-18.1942, 247.417), (-39.8038, 182.589), (-128.193, 166.441)))
(((-143.753, -478.537), (-154, -447), (-142.32, -411.053), (-131.673, -406.023), (-8.38491, -407.564), (-7.06063, -408.3), (-45.4769, -497.355), (-143.753, -478.537)))
(((-8.38491, -407.564), (-131.673, -406.023), (-71.8197, -328.34), (-55.3069, -326.896), (-31.4197, -342.097), (-8.38491, -407.564)))
(((-107.638, 314.14), (-133.902, 333.221), (-153, 392), (-152.292, 394.178), (-52.0787, 445.478), (-5.55819, 431.85), (6.47317, 414.735), (-20.9876, 335.786), (-62.3667, 312.716), (-107.638, 314.14)))
(((-25.5882, -163.794), (-63.6207, -182.81), (-82.8995, -176.92), (-89.6088, -137.782), (-47.1835, -120.61), (-16.1764, -144.273), (-25.5882, -163.794)))
(((-18.6511, -75.3234), (-44.6862, -91.8912), (-73.1939, -79.0627), (-107.781, 8.31541), (-98.4947, 5.68717), (-18.5869, -71.1472), (-18.6511, -75.3234)))
(((-116.024, 67.4042), (-119.902, 70.2215), (-139, 129), (-126.749, 166.704), (-39.8038, 182.589), (-12.4152, 168.07), (-3.26132, 121.596), (-33.929, 84.1963), (-116.024, 67.4042)))
(((53.1013, 602.62), (19.3196, 535.66), (-68.1927, 522.825), (-77.7062, 529.273), (-47.2833, 661.106), (-4.0983, 661.106), (45.9017, 624.779), (53.1013, 602.62)))
(((-14.7932, -218.305), (-41.9813, -224.286), (-63.6207, -182.81), (-25.5882, -163.794), (-7.00576, -192.11), (-14.7932, -218.305)))
(((9.82932, -29.0491), (-18.5869, -71.1472), (-98.4947, 5.68717), (-30.6186, 1.44492), (8.72819, -21.7416), (9.82932, -29.0491)))
(((24.4045, 508.897), (-5.55819, 431.85), (-52.0787, 445.478), (-68.1927, 522.825), (19.3196, 535.66), (24.4045, 508.897)))
(((-8.93804, -141.267), (-16.1764, -144.273), (-47.1835, -120.61), (-44.6862, -91.8912), (-18.6511, -75.3234), (13.1214, -102.663), (-8.93804, -141.267)))
(((-111.041, 10.3496), (-121, 41), (-112.164, 68.1937), (-33.929, 84.1963), (12.952, 52.2774), (-30.6186, 1.44492), (-98.4947, 5.68717), (-107.781, 8.31541), (-111.041, 10.3496)))
(((7.56916, -284.042), (6.81162, -321.919), (-31.4197, -342.097), (-55.3069, -326.896), (-26.4207, -278.367), (2.42146, -278.797), (7.56916, -284.042)))
(((2.42146, -278.797), (-26.4207, -278.367), (-53.8434, -250.291), (-41.9813, -224.286), (-14.7932, -218.305), (13.4305, -237.12), (2.42146, -278.797)))
(((88.1994, -596.93), (75.9017, -634.779), (25.9017, -671.106), (-35.9017, -671.106), (-80.4254, -638.757), (-19.5423, -522.209), (4.18117, -522.653), (88.1994, -596.93)))
(((30.8934, -481.179), (4.18117, -522.653), (-19.5423, -522.209), (-45.4769, -497.355), (-7.06063, -408.3), (-5.69227, -408.345), (29.7596, -443.196), (30.8934, -481.179)))
(((30.7789, -376.58), (-5.69227, -408.345), (-7.06063, -408.3), (-8.38491, -407.564), (-31.4197, -342.097), (6.81162, -321.919), (36.2449, -347.988), (30.7789, -376.58)))
(((39.3888, -170.588), (30.2856, -186.284), (-7.00576, -192.11), (-25.5882, -163.794), (-16.1764, -144.273), (-8.93804, -141.267), (39.2422, -169.914), (39.3888, -170.588)))
(((49.655, 226.711), (18.3033, 177.724), (-12.4152, 168.07), (-39.8038, 182.589), (-18.1942, 247.417), (34.1909, 243.508), (49.655, 226.711)))
(((42.3521, 8.1463), (8.72819, -21.7416), (-30.6186, 1.44492), (12.952, 52.2774), (17.555, 52.018), (42.3521, 8.1463)))
(((33.0097, -227.146), (13.4305, -237.12), (-14.7932, -218.305), (-7.00576, -192.11), (30.2856, -186.284), (33.0097, -227.146)))
(((34.1909, 243.508), (-18.1942, 247.417), (-62.3667, 312.716), (-20.9876, 335.786), (44.8521, 312.213), (34.1909, 243.508)))
(((44.4532, 77.123), (17.555, 52.018), (12.952, 52.2774), (-33.929, 84.1963), (-3.26132, 121.596), (38.6742, 109.171), (44.4532, 77.123)))
(((34.3026, -99.0827), (13.1214, -102.663), (-18.6511, -75.3234), (-18.5869, -71.1472), (9.82932, -29.0491), (30.8714, -47.3225), (37.2954, -96.1452), (34.3026, -99.0827)))
(((39.2422, -169.914), (-8.93804, -141.267), (13.1214, -102.663), (34.3026, -99.0827), (52.1966, -142.239), (39.2422, -169.914)))
(((63.0398, 134.67), (38.6742, 109.171), (-3.26132, 121.596), (-12.4152, 168.07), (18.3033, 177.724), (60.5028, 146.629), (63.0398, 134.67)))
(((36.2449, -347.988), (6.81162, -321.919), (7.56916, -284.042), (51.8548, -287.323), (45.3524, -340.968), (36.2449, -347.988)))
(((51.8548, -287.323), (7.56916, -284.042), (2.42146, -278.797), (13.4305, -237.12), (33.0097, -227.146), (59.0107, -235.503), (60.0263, -283.237), (51.8548, -287.323)))
(((93, 403), (89.1725, 369.248), (50.8902, 314.159), (44.8521, 312.213), (-20.9876, 335.786), (6.47317, 414.735), (88.4255, 407.574), (93, 403)))
(((67.5, -41.7727), (30.8714, -47.3225), (9.82932, -29.0491), (8.72819, -21.7416), (42.3521, 8.1463), (67.5, 6.02113), (67.5, -41.7727)))
(((88.4255, 407.574), (6.47317, 414.735), (-5.55819, 431.85), (24.4045, 508.897), (92.5653, 468.291), (88.4255, 407.574)))
(((67.5512, -88.4531), (37.2954, -96.1452), (30.8714, -47.3225), (67.5, -41.7727), (85.0952, -60.9675), (67.5512, -88.4531)))
(((67.5, 6.02113), (42.3521, 8.1463), (17.555, 52.018), (44.4532, 77.123), (81.8206, 64.4448), (75.5365, 9.98277), (67.5, 6.02113)))
(((75.5, -226.809), (59.0107, -235.503), (33.0097, -227.146), (30.2856, -186.284), (39.3888, -170.588), (75.5, -186.182), (75.5, -226.809)))
(((87.2186, -434.123), (29.7596, -443.196), (-5.69227, -408.345), (30.7789, -376.58), (83.6829, -391.695), (87.2186, -434.123)))
(((92.1711, 196.771), (60.5028, 146.629), (18.3033, 177.724), (49.655, 226.711), (81.35, 222.133), (92.1711, 196.771)))
(((90.8276, -599.253), (4.18117, -522.653), (30.8934, -481.179), (70.6955, -489.139), (132.916, -553.304), (136.464, -566.097), (90.8276, -599.253)))
(((88.0751, -434.828), (70.6955, -489.139), (30.8934, -481.179), (29.7596, -443.196), (87.2186, -434.123), (88.0751, -434.828)))
(((100, -304), (79.6923, -337.846), (45.3524, -340.968), (51.8548, -287.323), (60.0263, -283.237), (96.411, -294.337), (100, -304)))
(((85.4603, -137.121), (52.1966, -142.239), (34.3026, -99.0827), (37.2954, -96.1452), (67.5512, -88.4531), (98.2794, -122.36), (85.4603, -137.121)))
(((81.35, 222.133), (49.655, 226.711), (34.1909, 243.508), (44.8521, 312.213), (50.8902, 314.159), (124.996, 268.788), (81.35, 222.133)))
(((83.6829, -391.695), (30.7789, -376.58), (36.2449, -347.988), (45.3524, -340.968), (79.6923, -337.846), (100.083, -374.55), (83.6829, -391.695)))
(((103.326, 75.8913), (81.8206, 64.4448), (44.4532, 77.123), (38.6742, 109.171), (63.0398, 134.67), (97.569, 121.948), (103.326, 75.8913)))
(((92.8814, -176.701), (75.5, -186.182), (39.3888, -170.588), (39.2422, -169.914), (52.1966, -142.239), (85.4603, -137.121), (92.8814, -176.701)))
(((54.3551, 605.106), (106.902, 605.106), (113.696, 600.169), (124.748, 504.724), (92.5653, 468.291), (24.4045, 508.897), (19.3196, 535.66), (54.3551, 605.106)))
(((96.411, -294.337), (60.0263, -283.237), (59.0107, -235.503), (75.5, -226.809), (104.486, -234.187), (106.456, -278.509), (96.411, -294.337)))
(((110.849, -56.4709), (85.0952, -60.9675), (67.5, -41.7727), (67.5, 6.02113), (75.5365, 9.98277), (114.297, -0.154512), (110.849, -56.4709)))
(((132.916, -553.304), (70.6955, -489.139), (88.0751, -434.828), (131.727, -451.042), (132.916, -553.304)))
(((128.115, 143.331), (97.569, 121.948), (63.0398, 134.67), (60.5028, 146.629), (92.1711, 196.771), (125.821, 174.538), (128.115, 143.331)))
(((132.262, -217.941), (104.486, -234.187), (75.5, -226.809), (75.5, -186.182), (92.8814, -176.701), (118.974, -180.876), (132.262, -217.941)))
(((126.419, 269.214), (124.996, 268.788), (50.8902, 314.159), (89.1725, 369.248), (145.942, 297.34), (126.419, 269.214)))
(((128.431, -87.0389), (104.308, -121.777), (98.2794, -122.36), (67.5512, -88.4531), (85.0952, -60.9675), (110.849, -56.4709), (122.295, -63.72), (128.431, -87.0389)))
(((138, -359.511), (129.908, -369.889), (100.083, -374.55), (79.6923, -337.846), (100, -304), (138, -326.8), (138, -359.511)))
(((139.035, -151.755), (118.974, -180.876), (92.8814, -176.701), (85.4603, -137.121), (98.2794, -122.36), (104.308, -121.777), (138.608, -149.588), (139.035, -151.755)))
(((114.297, -0.154512), (75.5365, 9.98277), (81.8206, 64.4448), (103.326, 75.8913), (124.375, 68.875), (122.615, 3.76006), (114.297, -0.154512)))
(((131.727, -451.042), (88.0751, -434.828), (87.2186, -434.123), (83.6829, -391.695), (100.083, -374.55), (129.908, -369.889), (152.943, -432.593), (131.727, -451.042)))
(((161.308, -267.538), (106.456, -278.509), (104.486, -234.187), (132.262, -217.941), (147.124, -222.482), (161.308, -267.538)))
(((171.101, 78.2202), (124.375, 68.875), (103.326, 75.8913), (97.569, 121.948), (128.115, 143.331), (164.893, 121.264), (176.402, 92.8756), (171.101, 78.2202)))
(((173.789, 203.695), (125.821, 174.538), (92.1711, 196.771), (81.35, 222.133), (124.996, 268.788), (126.419, 269.214), (172.79, 218.013), (173.789, 203.695)))
(((179.161, -297.164), (138, -326.8), (100, -304), (96.411, -294.337), (106.456, -278.509), (161.308, -267.538), (173.308, -278.384), (179.161, -297.164)))
(((162.804, -113.294), (138.608, -149.588), (104.308, -121.777), (128.431, -87.0389), (157.397, -102.246), (162.804, -113.294)))
(((176.726, 385.071), (158.401, 303.92), (145.942, 297.34), (89.1725, 369.248), (93, 403), (172.677, 403), (176.726, 385.071)))
(((216.877, 450.247), (172.677, 403), (93, 403), (88.4255, 407.574), (92.5653, 468.291), (124.748, 504.724), (212.968, 456.478), (216.877, 450.247)))
(((167.756, -10.0563), (156.695, -49.1956), (122.295, -63.72), (110.849, -56.4709), (114.297, -0.154512), (122.615, 3.76006), (157.364, 1.16686), (167.756, -10.0563)))
(((178.439, 61.9129), (157.364, 1.16686), (122.615, 3.76006), (124.375, 68.875), (171.101, 78.2202), (178.439, 61.9129)))
(((175.426, -206.016), (147.124, -222.482), (132.262, -217.941), (118.974, -180.876), (139.035, -151.755), (187.993, -175.122), (175.426, -206.016)))
(((179.502, -68.4388), (157.397, -102.246), (128.431, -87.0389), (122.295, -63.72), (156.695, -49.1956), (179.502, -68.4388)))
(((199.832, 178.565), (164.893, 121.264), (128.115, 143.331), (125.821, 174.538), (173.789, 203.695), (199.832, 178.565)))
(((166.024, -430.94), (152.943, -432.593), (129.908, -369.889), (138, -359.511), (220.989, -372.14), (166.024, -430.94)))
(((266.534, -352.182), (220.989, -372.14), (138, -359.511), (138, -326.8), (179.161, -297.164), (248.258, -335.447), (266.534, -352.182)))
(((187.993, -175.122), (139.035, -151.755), (138.608, -149.588), (162.804, -113.294), (184.256, -118.315), (195.13, -171.133), (187.993, -175.122)))
(((114.043, 597.175), (140.098, 616.106), (201.902, 616.106), (202.348, 615.781), (212.968, 456.478), (124.748, 504.724), (114.043, 597.175)))
(((263.737, -508.665), (255.902, -532.779), (205.902, -569.106), (144.098, -569.106), (135.582, -562.919), (132.916, -553.304), (131.727, -451.042), (152.943, -432.593), (166.024, -430.94), (263.737, -508.665)))
(((173.308, -278.384), (161.308, -267.538), (147.124, -222.482), (175.426, -206.016), (211.515, -237.448), (173.308, -278.384)))
(((214.238, -101.076), (184.256, -118.315), (162.804, -113.294), (157.397, -102.246), (179.502, -68.4388), (186.221, -68.5759), (214.238, -101.076)))
(((218.534, -30.877), (186.221, -68.5759), (179.502, -68.4388), (156.695, -49.1956), (167.756, -10.0563), (193.706, -13.3516), (218.534, -30.877)))
(((216.948, 252.709), (172.79, 218.013), (126.419, 269.214), (145.942, 297.34), (158.401, 303.92), (195.5, 296.5), (216.948, 252.709)))
(((216.438, 39.6875), (193.706, -13.3516), (167.756, -10.0563), (157.364, 1.16686), (178.439, 61.9129), (216.438, 39.6875)))
(((195.5, 296.5), (158.401, 303.92), (176.726, 385.071), (241.844, 327.396), (195.5, 296.5)))
(((240.094, 112.779), (176.402, 92.8756), (164.893, 121.264), (199.832, 178.565), (209.482, 176.918), (240.094, 112.779)))
(((226.449, -108.358), (229.159, -169.318), (195.13, -171.133), (184.256, -118.315), (214.238, -101.076), (219.985, -101.606), (226.449, -108.358)))
(((254.402, -212.934), (222.909, -236.869), (211.515, -237.448), (175.426, -206.016), (187.993, -175.122), (195.13, -171.133), (229.159, -169.318), (242.361, -176.348), (254.402, -212.934)))
(((263.638, -508.587), (166.024, -430.94), (220.989, -372.14), (265.387, -352.684), (290.902, -371.221), (310, -430), (310, -430), (290.902, -488.779), (263.638, -508.587)))
(((252.709, -34.5223), (219.985, -101.606), (214.238, -101.076), (186.221, -68.5759), (218.534, -30.877), (252.709, -34.5223)))
(((248.258, -335.447), (179.161, -297.164), (173.308, -278.384), (211.515, -237.448), (222.909, -236.869), (248.258, -335.447)))
(((261.578, 202.538), (209.482, 176.918), (199.832, 178.565), (173.789, 203.695), (172.79, 218.013), (216.948, 252.709), (253.518, 243.844), (261.578, 202.538)))
(((312.226, -13.8478), (252.709, -34.5223), (218.534, -30.877), (193.706, -13.3516), (216.438, 39.6875), (309.779, 35.3794), (319, 7), (319, 7), (312.226, -13.8478)))
(((310.096, 35.3648), (216.438, 39.6875), (178.439, 61.9129), (171.101, 78.2202), (176.402, 92.8756), (240.094, 112.779), (315.685, 91.436), (322, 72), (322, 72), (310.096, 35.3648)))
(((315.998, 329.982), (241.844, 327.396), (176.726, 385.071), (172.677, 403), (216.877, 450.247), (291.553, 442.11), (309.902, 428.779), (329, 370), (329, 370), (315.998, 329.982)))
(((317.047, 330.019), (317.574, 328.398), (253.518, 243.844), (216.948, 252.709), (195.5, 296.5), (241.844, 327.396), (317.047, 330.019)))
(((317.037, 91.0543), (240.094, 112.779), (209.482, 176.918), (261.578, 202.538), (342.943, 147.591), (326.902, 98.2215), (317.037, 91.0543)))
(((292.236, 442.035), (216.877, 450.247), (212.968, 456.478), (202.598, 612.024), (215.098, 621.106), (263.55, 621.106), (310.13, 455.036), (292.236, 442.035)))
(((335.973, -291.939), (327.902, -316.779), (277.902, -353.106), (270.829, -353.106), (266.534, -352.182), (248.258, -335.447), (222.909, -236.869), (254.402, -212.934), (315.347, -245.812), (335.973, -291.939)))
(((242.361, -176.348), (229.159, -169.318), (226.449, -108.358), (327.315, -113.05), (242.361, -176.348)))
(((346.212, -105.812), (327.315, -113.05), (226.449, -108.358), (219.985, -101.606), (252.709, -34.5223), (311.898, -13.9616), (332.902, -29.2215), (352, -88), (352, -88), (346.212, -105.812)))
(((350.218, -109.647), (315.347, -245.812), (254.402, -212.934), (242.361, -176.348), (327.315, -113.05), (345.379, -106.131), (350.218, -109.647)))
(((341.869, 148.316), (261.578, 202.538), (253.518, 243.844), (318.11, 329.106), (328.902, 329.106), (378.902, 292.779), (398, 234), (398, 234), (378.902, 175.221), (341.869, 148.316)))
(((310.45, 453.894), (263.87, 619.964), (297.098, 644.106), (358.902, 644.106), (408.902, 607.779), (428, 549), (428, 549), (408.902, 490.221), (358.902, 453.894), (310.45, 453.894)))
(((338.553, -297.709), (315.347, -245.812), (350.667, -107.894), (400.902, -107.894), (450.902, -144.221), (470, -203), (470, -203), (450.902, -261.779), (400.902, -298.106), (339.098, -298.106), (338.553, -297.709)))
