(((-286.387, -158.129), (-303, -107), (-283.902, -48.2215), (-233.902, -11.8943), (-211.952, -11.8943), (-167.356, -109.661), (-179.147, -122.382), (-286.387, -158.129)))
(((-247.751, -649.317), (-282.902, -623.779), (-302, -565), (-282.902, -506.221), (-256.591, -487.105), (-166.419, -571.058), (-176.113, -624), (-206.518, -644.56), (-247.751, -649.317)))
(((-265.282, -299.314), (-272.902, -293.779), (-292, -235), (-277.047, -188.981), (-187.403, -192.108), (-171.009, -205.819), (-162.41, -246.469), (-238.227, -292.312), (-265.282, -299.314)))
(((-275.998, -189.018), (-286.068, -158.023), (-179.147, -122.382), (-171.986, -170.722), (-187.403, -192.108), (-275.998, -189.018)))
(((-250.74, -790.068), (-264.902, -779.779), (-284, -721), (-264.902, -662.221), (-247.026, -649.234), (-206.518, -644.56), (-153.744, -699.403), (-152.36, -721.202), (-250.74, -790.068)))
(((-257.326, -482.103), (-261.902, -478.779), (-281, -420), (-267.702, -379.072), (-173, -384.333), (-147.828, -440.271), (-148.374, -452.654), (-241.409, -481.28), (-257.326, -482.103)))
(((-266.889, -379.117), (-277, -348), (-265.017, -311.121), (-153.23, -339.068), (-157.08, -373.72), (-173, -384.333), (-266.889, -379.117)))
(((-258.527, -485.302), (-257.491, -482.112), (-241.409, -481.28), (-143.03, -527.881), (-139.33, -542.679), (-166.419, -571.058), (-258.527, -485.302)))
(((-266.957, -310.636), (-263.095, -298.748), (-238.227, -292.312), (-151.227, -300.597), (-143.388, -327.734), (-153.23, -339.068), (-266.957, -310.636)))
(((-139.473, -283.979), (-151.227, -300.597), (-238.227, -292.312), (-162.41, -246.469), (-148.131, -253.344), (-139.473, -283.979)))
(((-65, 538), (-65, 538), (-84.0983, 479.221), (-134.098, 442.894), (-195.902, 442.894), (-245.902, 479.221), (-265, 538), (-245.902, 596.779), (-195.902, 633.106), (-134.098, 633.106), (-84.0983, 596.779), (-65, 538)))
(((-90.1224, -815.608), (-132.098, -846.106), (-193.902, -846.106), (-243.902, -809.779), (-250.386, -789.821), (-152.36, -721.202), (-99.0419, -787.066), (-90.1224, -815.608)))
(((-137.19, -154.815), (-171.986, -170.722), (-179.147, -122.382), (-167.356, -109.661), (-141.301, -116.175), (-137.19, -154.815)))
(((-144.494, -454.93), (-129.21, -498.984), (-143.03, -527.881), (-241.409, -481.28), (-148.374, -452.654), (-144.494, -454.93)))
(((-113.238, -197.942), (-171.009, -205.819), (-187.403, -192.108), (-171.986, -170.722), (-137.19, -154.815), (-112.711, -173.786), (-111.795, -194.253), (-113.238, -197.942)))
(((-212.135, -11.4928), (-176.902, 14.1057), (-115.098, 14.1057), (-112.326, 12.0914), (-108.175, -21.4964), (-135.401, -113.075), (-141.301, -116.175), (-167.356, -109.661), (-212.135, -11.4928)))
(((-114.19, -395.421), (-147.828, -440.271), (-173, -384.333), (-157.08, -373.72), (-121.291, -380.294), (-114.19, -395.421)))
(((-104.086, -231.859), (-148.131, -253.344), (-162.41, -246.469), (-171.009, -205.819), (-113.238, -197.942), (-104.086, -231.859)))
(((-121.291, -380.294), (-157.08, -373.72), (-153.23, -339.068), (-143.388, -327.734), (-122.935, -330.847), (-105.829, -356.506), (-121.291, -380.294)))
(((-91.5685, -686.174), (-153.744, -699.403), (-206.518, -644.56), (-176.113, -624), (-134.129, -624), (-104.92, -635.76), (-85.6221, -678.712), (-91.5685, -686.174)))
(((-108, -570), (-134.129, -624), (-176.113, -624), (-166.419, -571.058), (-139.33, -542.679), (-114.528, -551.232), (-108, -570)))
(((-89.0609, -294.149), (-122.935, -330.847), (-143.388, -327.734), (-151.227, -300.597), (-139.473, -283.979), (-89.6334, -289.913), (-89.0609, -294.149)))
(((-99.0419, -787.066), (-152.36, -721.202), (-153.744, -699.403), (-91.5685, -686.174), (-99.0419, -787.066)))
(((-89.6334, -289.913), (-139.473, -283.979), (-148.131, -253.344), (-104.086, -231.859), (-94.1301, -239.24), (-79.6053, -268.289), (-89.6334, -289.913)))
(((-78.38, -140.383), (-112.711, -173.786), (-137.19, -154.815), (-141.301, -116.175), (-135.401, -113.075), (-74.7676, -120.654), (-78.38, -140.383)))
(((-89.9379, -406.996), (-111.585, -452.094), (-144.494, -454.93), (-148.374, -452.654), (-147.828, -440.271), (-114.19, -395.421), (-89.9379, -406.996)))
(((-74.9346, -526.721), (-114.528, -551.232), (-139.33, -542.679), (-143.03, -527.881), (-129.21, -498.984), (-82.2771, -502.594), (-78.5097, -508.296), (-74.9346, -526.721)))
(((-74.7676, -120.654), (-135.401, -113.075), (-108.175, -21.4964), (-68.8783, -114.379), (-74.7676, -120.654)))
(((-82.2771, -502.594), (-129.21, -498.984), (-144.494, -454.93), (-111.585, -452.094), (-80.8753, -465.446), (-82.2771, -502.594)))
(((-69.9212, -606.848), (-104.92, -635.76), (-134.129, -624), (-108, -570), (-69.3267, -588.713), (-69.9212, -606.848)))
(((-75.9572, -312.649), (-80.8616, -352.865), (-105.829, -356.506), (-122.935, -330.847), (-89.0609, -294.149), (-75.9572, -312.649)))
(((-69.5642, -405.54), (-89.9379, -406.996), (-114.19, -395.421), (-121.291, -380.294), (-105.829, -356.506), (-80.8616, -352.865), (-62.3824, -367.477), (-69.5642, -405.54)))
(((-50.8531, -444.805), (-80.8753, -465.446), (-111.585, -452.094), (-89.9379, -406.996), (-69.5642, -405.54), (-51.9782, -424.273), (-50.8531, -444.805)))
(((-42.3045, -551.046), (-69.3267, -588.713), (-108, -570), (-114.528, -551.232), (-74.9346, -526.721), (-42.3045, -551.046)))
(((-54.3357, -190.422), (-111.795, -194.253), (-112.711, -173.786), (-78.38, -140.383), (-52.6507, -177.905), (-54.3357, -190.422)))
(((-47.1027, -206.146), (-94.1301, -239.24), (-104.086, -231.859), (-113.238, -197.942), (-111.795, -194.253), (-54.3357, -190.422), (-47.1027, -206.146)))
(((-72.1353, -816.106), (-89.967, -816.106), (-99.0419, -787.066), (-91.5685, -686.174), (-85.6221, -678.712), (-33.3955, -681.897), (-12.6124, -732.37), (-72.1353, -816.106)))
(((-107.974, 115.665), (-145.902, 143.221), (-165, 202), (-145.902, 260.779), (-130.693, 271.828), (-49.4492, 264.09), (-32.1738, 256.059), (-19.593, 211.271), (-87.9956, 122.533), (-107.974, 115.665)))
(((-13.457, -647.959), (-33.3955, -681.897), (-85.6221, -678.712), (-104.92, -635.76), (-69.9212, -606.848), (-21.1572, -632.338), (-13.457, -647.959)))
(((-31.0926, -356.26), (-62.3824, -367.477), (-80.8616, -352.865), (-75.9572, -312.649), (-35.6393, -319.885), (-31.0926, -356.26)))
(((-41.6164, -209.548), (-47.75, -264.75), (-79.6053, -268.289), (-94.1301, -239.24), (-47.1027, -206.146), (-41.6164, -209.548)))
(((-111.789, 7.75025), (-99.0433, 17.0108), (-82.9296, 12.9824), (-35.8871, -54.4452), (-57.4199, -112.584), (-68.8783, -114.379), (-108.175, -21.4964), (-111.789, 7.75025)))
(((-25.2821, -483.9), (-78.5097, -508.296), (-82.2771, -502.594), (-80.8753, -465.446), (-50.8531, -444.805), (-30.7717, -460.253), (-25.2821, -483.9)))
(((-134.878, 272.226), (-153, 328), (-133.902, 386.779), (-92.5162, 416.847), (-21.951, 358.042), (-49.4492, 264.09), (-134.878, 272.226)))
(((-17.4018, -297.226), (-35.6393, -319.885), (-75.9572, -312.649), (-89.0609, -294.149), (-89.6334, -289.913), (-79.6053, -268.289), (-47.75, -264.75), (-36.8364, -268.388), (-17.4018, -297.226)))
(((-9.84537, -502.675), (-39.1807, -550.868), (-42.3045, -551.046), (-74.9346, -526.721), (-78.5097, -508.296), (-25.2821, -483.9), (-9.84537, -502.675)))
(((-17.0908, -158.405), (-52.6507, -177.905), (-78.38, -140.383), (-74.7676, -120.654), (-68.8783, -114.379), (-57.4199, -112.584), (-47.7374, -114.441), (-16.791, -142.213), (-17.0908, -158.405)))
(((-21.1572, -632.338), (-69.9212, -606.848), (-69.3267, -588.713), (-42.3045, -551.046), (-39.1807, -550.868), (-9.66343, -571.038), (-21.1572, -632.338)))
(((4.47799, -392.013), (-51.9782, -424.273), (-69.5642, -405.54), (-62.3824, -367.477), (-31.0926, -356.26), (-3.03539, -370.05), (4.47799, -392.013)))
(((-4.09007, -239.029), (-36.8364, -268.388), (-47.75, -264.75), (-41.6164, -209.548), (-21.4711, -211.068), (-4.09007, -239.029)))
(((0.0197305, -84.9437), (-47.7374, -114.441), (-57.4199, -112.584), (-35.8871, -54.4452), (-6.76636, -66.0935), (0.0197305, -84.9437)))
(((3.41429, -183.694), (-21.4711, -211.068), (-41.6164, -209.548), (-47.1027, -206.146), (-54.3357, -190.422), (-52.6507, -177.905), (-17.0908, -158.405), (3.41429, -183.694)))
(((-102.787, 17.9468), (-121, 74), (-107.398, 115.863), (-87.9956, 122.533), (-26.0326, 119.809), (28.2654, 73.4296), (-72.9977, 13.5922), (-82.9296, 12.9824), (-102.787, 17.9468)))
(((32.5974, 173.552), (29.4857, 167.581), (-26.0326, 119.809), (-87.9956, 122.533), (-19.593, 211.271), (28.4921, 179.473), (32.5974, 173.552)))
(((9.62845, -397.448), (-0.76771, -447.943), (-30.7717, -460.253), (-50.8531, -444.805), (-51.9782, -424.273), (4.47799, -392.013), (8.63826, -395.194), (9.62845, -397.448)))
(((21.1282, -22.9836), (-6.76636, -66.0935), (-35.8871, -54.4452), (-82.9296, 12.9824), (-72.9977, 13.5922), (8.133, -8.42896), (21.1282, -22.9836)))
(((17.8289, 276.285), (-32.1738, 256.059), (-49.4492, 264.09), (-21.951, 358.042), (34.292, 347.948), (17.8289, 276.285)))
(((28.6233, -324.961), (-3.03539, -370.05), (-31.0926, -356.26), (-35.6393, -319.885), (-17.4018, -297.226), (9.54053, -299.331), (25.2554, -308.963), (28.6233, -324.961)))
(((26.4006, -121.697), (-16.791, -142.213), (-47.7374, -114.441), (0.0197305, -84.9437), (11.5311, -91.3635), (26.4006, -121.697)))
(((9.54053, -299.331), (-17.4018, -297.226), (-36.8364, -268.388), (-4.09007, -239.029), (12.9764, -242.639), (9.54053, -299.331)))
(((25.3069, -476.191), (-3.91364, -502.583), (-9.84537, -502.675), (-25.2821, -483.9), (-30.7717, -460.253), (-0.76771, -447.943), (17.2593, -458.083), (25.3069, -476.191)))
(((17.3923, -568.294), (-9.66343, -571.038), (-39.1807, -550.868), (-9.84537, -502.675), (-3.91364, -502.583), (37.1334, -535.179), (17.3923, -568.294)))
(((-90.9899, 415.575), (-78.9017, 452.779), (-66.7876, 461.58), (53.8311, 428.075), (64.2177, 366.848), (34.292, 347.948), (-21.951, 358.042), (-90.9899, 415.575)))
(((39.6039, 49.7922), (8.133, -8.42896), (-72.9977, 13.5922), (28.2654, 73.4296), (41.5853, 71.2578), (39.6039, 49.7922)))
(((34.093, -187), (23.3305, -238.421), (12.9764, -242.639), (-4.09007, -239.029), (-21.4711, -211.068), (3.41429, -183.694), (32.0464, -185.603), (34.093, -187)))
(((35.5416, -642.581), (-13.457, -647.959), (-21.1572, -632.338), (-9.66343, -571.038), (17.3923, -568.294), (44.8844, -600.85), (35.5416, -642.581)))
(((27.1593, -122.071), (32.0464, -185.603), (3.41429, -183.694), (-17.0908, -158.405), (-16.791, -142.213), (26.4006, -121.697), (27.1593, -122.071)))
(((80.0838, -850.997), (46.9017, -875.106), (-14.9017, -875.106), (-64.9017, -838.779), (-72.2268, -816.234), (-12.6124, -732.37), (26.115, -733.194), (26.9024, -733.555), (80.0838, -850.997)))
(((45.9618, -651.601), (26.115, -733.194), (-12.6124, -732.37), (-33.3955, -681.897), (-13.457, -647.959), (35.5416, -642.581), (45.9618, -651.601)))
(((44, -428), (17.2593, -458.083), (-0.76771, -447.943), (9.62845, -397.448), (44, -428)))
(((56.3104, -54.8768), (11.5311, -91.3635), (0.0197305, -84.9437), (-6.76636, -66.0935), (21.1282, -22.9836), (49.7937, -31.7425), (56.3104, -54.8768)))
(((41.5853, 71.2578), (28.2654, 73.4296), (-26.0326, 119.809), (29.4857, 167.581), (46.0793, 73.5507), (41.5853, 71.2578)))
(((51.7072, 258.405), (28.4921, 179.473), (-19.593, 211.271), (-32.1738, 256.059), (17.8289, 276.285), (51.7072, 258.405)))
(((-65.6089, 461.252), (-73, 484), (-53.9017, 542.779), (-32.1349, 558.593), (94.8102, 523.33), (106.181, 492.222), (53.8311, 428.075), (-65.6089, 461.252)))
(((51.1879, -287.54), (25.2554, -308.963), (9.54053, -299.331), (12.9764, -242.639), (23.3305, -238.421), (46.5172, -249.241), (51.1879, -287.54)))
(((68.1261, -490.991), (56.2216, -527.838), (37.1334, -535.179), (-3.91364, -502.583), (25.3069, -476.191), (62.8595, -482.582), (65.3553, -484.67), (68.1261, -490.991)))
(((62.8595, -482.582), (25.3069, -476.191), (17.2593, -458.083), (44, -428), (51.8112, -430.103), (62.8595, -482.582)))
(((80.7397, -361.586), (76.6542, -370.778), (8.63826, -395.194), (4.47799, -392.013), (-3.03539, -370.05), (28.6233, -324.961), (79.5151, -355.08), (80.7397, -361.586)))
(((68.9882, -68.0941), (62.7434, -118.053), (27.1593, -122.071), (26.4006, -121.697), (11.5311, -91.3635), (56.3104, -54.8768), (68.9882, -68.0941)))
(((49.7937, -31.7425), (21.1282, -22.9836), (8.133, -8.42896), (39.6039, 49.7922), (70.5784, -12.1569), (49.7937, -31.7425)))
(((81.962, -231.519), (46.5172, -249.241), (23.3305, -238.421), (34.093, -187), (40.7407, -187), (81.962, -231.519)))
(((63.8756, -118.882), (68.3546, -171.137), (40.7407, -187), (34.093, -187), (32.0464, -185.603), (27.1593, -122.071), (62.7434, -118.053), (63.8756, -118.882)))
(((81.8375, -413.725), (51.8112, -430.103), (44, -428), (9.62845, -397.448), (8.63826, -395.194), (76.6542, -370.778), (81.8375, -413.725)))
(((89.5432, -582.312), (44.8844, -600.85), (17.3923, -568.294), (37.1334, -535.179), (56.2216, -527.838), (76.75, -546.5), (92.6176, -578.235), (89.5432, -582.312)))
(((88.1802, 102.562), (51.5625, 74.3942), (46.0793, 73.5507), (29.4857, 167.581), (32.5974, 173.552), (73.2313, 171.726), (108.887, 137.715), (88.1802, 102.562)))
(((102.561, -697.588), (73.0549, -722.963), (26.9024, -733.555), (26.115, -733.194), (45.9618, -651.601), (74.3535, -659.446), (101.154, -681.06), (102.561, -697.588)))
(((-32.1465, 558.596), (-43, 592), (-23.9017, 650.779), (26.0983, 687.106), (87.9017, 687.106), (137.902, 650.779), (145.128, 628.54), (94.8102, 523.33), (-32.1465, 558.596)))
(((73.2313, 171.726), (32.5974, 173.552), (28.4921, 179.473), (51.7072, 258.405), (107.963, 255.66), (73.2313, 171.726)))
(((126.363, 270.638), (117.238, 260.385), (107.963, 255.66), (51.7072, 258.405), (17.8289, 276.285), (34.292, 347.948), (64.2177, 366.848), (132.713, 335.604), (126.363, 270.638)))
(((79.5151, -355.08), (28.6233, -324.961), (25.2554, -308.963), (51.1879, -287.54), (73.1667, -288.833), (96.7318, -325.864), (79.5151, -355.08)))
(((116.96, -838.712), (99.9017, -851.106), (80.1327, -851.106), (26.9024, -733.555), (73.0549, -722.963), (116.96, -838.712)))
(((97.3955, -264.604), (73.1667, -288.833), (51.1879, -287.54), (46.5172, -249.241), (81.962, -231.519), (84.4032, -231.782), (97.3955, -264.604)))
(((70.5784, -12.1569), (39.6039, 49.7922), (41.5853, 71.2578), (46.0793, 73.5507), (51.5625, 74.3942), (87.4839, 43.0781), (88.8567, -6.34105), (70.5784, -12.1569)))
(((109.87, -432.413), (65.3553, -484.67), (62.8595, -482.582), (51.8112, -430.103), (81.8375, -413.725), (109.87, -432.413)))
(((95.5187, -615.604), (74.3535, -659.446), (45.9618, -651.601), (35.5416, -642.581), (44.8844, -600.85), (89.5432, -582.312), (95.5187, -615.604)))
(((97.5091, -220.101), (84.4032, -231.782), (81.962, -231.519), (40.7407, -187), (68.3546, -171.137), (98.5122, -175.962), (97.5091, -220.101)))
(((99.9359, -174.957), (98.5122, -175.962), (68.3546, -171.137), (63.8756, -118.882), (91.4862, -122.008), (106.204, -162.148), (99.9359, -174.957)))
(((122.091, -104.519), (91.4862, -122.008), (63.8756, -118.882), (62.7434, -118.053), (68.9882, -68.0941), (106.202, -68.7963), (124.168, -100.069), (122.091, -104.519)))
(((129.92, -26.834), (106.202, -68.7963), (68.9882, -68.0941), (56.3104, -54.8768), (49.7937, -31.7425), (70.5784, -12.1569), (88.8567, -6.34105), (130.212, -15.5996), (129.92, -26.834)))
(((122.722, -503.552), (117.925, -519.05), (76.75, -546.5), (56.2216, -527.838), (68.1261, -490.991), (115.683, -498.169), (122.722, -503.552)))
(((151.123, -823.961), (128.902, -840.106), (117.488, -840.106), (73.0549, -722.963), (102.561, -697.588), (168.168, -755.277), (151.123, -823.961)))
(((116.772, -317.329), (96.7318, -325.864), (73.1667, -288.833), (97.3955, -264.604), (119.127, -272.587), (116.772, -317.329)))
(((119.516, -438.746), (115.683, -498.169), (68.1261, -490.991), (65.3553, -484.67), (109.87, -432.413), (115.501, -432.946), (119.516, -438.746)))
(((128.828, 45.2541), (87.4839, 43.0781), (51.5625, 74.3942), (88.1802, 102.562), (134.815, 53.8071), (128.828, 45.2541)))
(((101.154, -681.06), (74.3535, -659.446), (95.5187, -615.604), (122.129, -628.276), (115.738, -669.176), (101.154, -681.06)))
(((116.1, -575.3), (92.6176, -578.235), (76.75, -546.5), (117.925, -519.05), (124.232, -556.895), (116.1, -575.3)))
(((130.212, -15.5996), (88.8567, -6.34105), (87.4839, 43.0781), (128.828, 45.2541), (132.503, -13.5412), (130.212, -15.5996)))
(((141.869, -401.721), (115.501, -432.946), (109.87, -432.413), (81.8375, -413.725), (76.6542, -370.778), (80.7397, -361.586), (129.989, -374.924), (143.295, -393.875), (141.869, -401.721)))
(((138.267, -146.116), (106.204, -162.148), (91.4862, -122.008), (122.091, -104.519), (138.267, -146.116)))
(((132.713, 335.604), (64.2177, 366.848), (53.8311, 428.075), (106.181, 492.222), (131.509, 480.375), (141.018, 340.901), (132.713, 335.604)))
(((155.139, -600.344), (122.129, -628.276), (95.5187, -615.604), (89.5432, -582.312), (92.6176, -578.235), (116.1, -575.3), (155.139, -600.344)))
(((117.238, 260.385), (160.625, 142.985), (108.887, 137.715), (73.2313, 171.726), (107.963, 255.66), (117.238, 260.385)))
(((153.82, -233.213), (140.93, -264.037), (119.127, -272.587), (97.3955, -264.604), (84.4032, -231.782), (97.5091, -220.101), (141.721, -223.048), (153.596, -230.813), (153.82, -233.213)))
(((141.721, -223.048), (97.5091, -220.101), (98.5122, -175.962), (99.9359, -174.957), (133.872, -188.289), (141.721, -223.048)))
(((129.989, -374.924), (80.7397, -361.586), (79.5151, -355.08), (96.7318, -325.864), (116.772, -317.329), (151.038, -327.213), (129.989, -374.924)))
(((178.572, 124.83), (140.651, 56.5714), (134.815, 53.8071), (88.1802, 102.562), (108.887, 137.715), (160.625, 142.985), (168.835, 140.686), (178.356, 130.557), (178.572, 124.83)))
(((162.202, -161.307), (133.872, -188.289), (99.9359, -174.957), (106.204, -162.148), (138.267, -146.116), (163.038, -155.921), (162.202, -161.307)))
(((170.503, -501.312), (122.722, -503.552), (115.683, -498.169), (119.516, -438.746), (159.218, -460.687), (170.503, -501.312)))
(((172.591, -502.66), (163.753, -535.488), (124.232, -556.895), (117.925, -519.05), (122.722, -503.552), (170.503, -501.312), (172.591, -502.66)))
(((157.11, -600.643), (160.94, -658.106), (115.738, -669.176), (122.129, -628.276), (155.139, -600.344), (157.11, -600.643)))
(((169.884, -305.638), (155.615, -325.915), (151.038, -327.213), (116.772, -317.329), (119.127, -272.587), (140.93, -264.037), (168.409, -298.386), (169.884, -305.638)))
(((158.212, -63.3784), (139.288, -96.4955), (124.168, -100.069), (106.202, -68.7963), (129.92, -26.834), (158.212, -63.3784)))
(((196.759, -728.552), (168.168, -755.277), (102.561, -697.588), (101.154, -681.06), (115.738, -669.176), (160.94, -658.106), (207.852, -687.877), (196.759, -728.552)))
(((171.247, -594.504), (157.11, -600.643), (155.139, -600.344), (116.1, -575.3), (124.232, -556.895), (163.753, -535.488), (176.624, -585.682), (171.247, -594.504)))
(((163.038, -155.921), (138.267, -146.116), (122.091, -104.519), (124.168, -100.069), (139.288, -96.4955), (173.303, -109.578), (172.435, -149.492), (163.038, -155.921)))
(((153.596, -230.813), (141.721, -223.048), (133.872, -188.289), (162.202, -161.307), (177.324, -209.193), (153.596, -230.813)))
(((159.218, -460.687), (119.516, -438.746), (115.501, -432.946), (141.869, -401.721), (179.264, -431.925), (159.218, -460.687)))
(((175.631, -5.15504), (132.503, -13.5412), (128.828, 45.2541), (134.815, 53.8071), (140.651, 56.5714), (191.404, 28.0226), (175.631, -5.15504)))
(((194.138, -372.408), (143.295, -393.875), (129.989, -374.924), (151.038, -327.213), (155.615, -325.915), (194.138, -372.408)))
(((193.198, 355.752), (141.018, 340.901), (131.509, 480.375), (229.804, 469.002), (193.198, 355.752)))
(((160.625, 142.985), (117.238, 260.385), (126.363, 270.638), (212.893, 233.066), (168.835, 140.686), (160.625, 142.985)))
(((173.303, -109.578), (139.288, -96.4955), (158.212, -63.3784), (176.147, -64.7235), (190.483, -96.263), (173.303, -109.578)))
(((201.879, -33.8448), (176.147, -64.7235), (158.212, -63.3784), (129.92, -26.834), (130.212, -15.5996), (132.503, -13.5412), (175.631, -5.15504), (201.879, -33.8448)))
(((168.409, -298.386), (140.93, -264.037), (153.82, -233.213), (194, -260), (168.409, -298.386)))
(((216.264, 45.5471), (191.404, 28.0226), (140.651, 56.5714), (178.572, 124.83), (216.264, 45.5471)))
(((254.334, 482.63), (229.804, 469.002), (131.509, 480.375), (106.181, 492.222), (94.8102, 523.33), (146.833, 632.106), (202.902, 632.106), (252.902, 595.779), (272, 537), (272, 537), (254.334, 482.63)))
(((195.298, -372.659), (204.922, -412.638), (191.391, -428.955), (179.264, -431.925), (141.869, -401.721), (143.295, -393.875), (194.138, -372.408), (195.298, -372.659)))
(((207.852, -687.877), (160.94, -658.106), (157.11, -600.643), (171.247, -594.504), (213, -629.486), (213, -683.043), (207.852, -687.877)))
(((204.79, -502.314), (172.591, -502.66), (170.503, -501.312), (159.218, -460.687), (179.264, -431.925), (191.391, -428.955), (217.941, -480.286), (204.79, -502.314)))
(((213.479, -513.135), (204.507, -571.456), (176.624, -585.682), (163.753, -535.488), (172.591, -502.66), (204.79, -502.314), (213.479, -513.135)))
(((210.735, -207.435), (177.324, -209.193), (162.202, -161.307), (163.038, -155.921), (172.435, -149.492), (202.209, -153.214), (218.599, -163.704), (211.118, -206.93), (210.735, -207.435)))
(((195.298, -372.659), (194.138, -372.408), (155.615, -325.915), (169.884, -305.638), (217.83, -310.433), (207.95, -364.777), (195.298, -372.659)))
(((220.446, -238.392), (210.578, -258.558), (194, -260), (153.82, -233.213), (153.596, -230.813), (177.324, -209.193), (210.735, -207.435), (220.446, -238.392)))
(((231.208, 238.544), (212.893, 233.066), (126.363, 270.638), (132.713, 335.604), (141.018, 340.901), (193.198, 355.752), (239.868, 326.226), (231.208, 238.544)))
(((217.83, -310.433), (169.884, -305.638), (168.409, -298.386), (194, -260), (210.578, -258.558), (232.903, -300.298), (217.83, -310.433)))
(((202.209, -153.214), (172.435, -149.492), (173.303, -109.578), (190.483, -96.263), (215.657, -97.1784), (202.209, -153.214)))
(((217.372, -96.5317), (215.657, -97.1784), (190.483, -96.263), (176.147, -64.7235), (201.879, -33.8448), (234.482, -41.9955), (217.372, -96.5317)))
(((241.943, -605.237), (213, -629.486), (171.247, -594.504), (176.624, -585.682), (204.507, -571.456), (229.625, -579.634), (243.59, -598.414), (241.943, -605.237)))
(((313.73, 2.90742), (277.167, -24.7179), (234.482, -41.9955), (201.879, -33.8448), (175.631, -5.15504), (191.404, 28.0226), (216.264, 45.5471), (305.687, 27.6626), (313.73, 2.90742)))
(((253.237, -455.9), (217.941, -480.286), (191.391, -428.955), (204.922, -412.638), (241.619, -422.788), (253.237, -455.9)))
(((237.085, -157.437), (218.599, -163.704), (202.209, -153.214), (215.657, -97.1784), (217.372, -96.5317), (246.282, -114.52), (237.085, -157.437)))
(((255.974, -532.581), (229.625, -579.634), (204.507, -571.456), (213.479, -513.135), (255.974, -532.581)))
(((314.203, 139.614), (178.356, 130.557), (168.835, 140.686), (212.893, 233.066), (231.208, 238.544), (322.303, 193.456), (327, 179), (327, 179), (314.203, 139.614)))
(((241.619, -422.788), (204.922, -412.638), (195.298, -372.659), (207.95, -364.777), (243.087, -368.755), (251.911, -406.015), (241.619, -422.788)))
(((309.367, 26.9266), (216.264, 45.5471), (178.572, 124.83), (178.356, 130.557), (316.505, 139.767), (333, 89), (333, 89), (313.902, 30.2215), (309.367, 26.9266)))
(((327.835, -801.052), (315.902, -837.779), (265.902, -874.106), (204.098, -874.106), (154.098, -837.779), (150.467, -826.603), (168.168, -755.277), (196.759, -728.552), (316, -774.71), (327.835, -801.052)))
(((273, -347), (243.087, -368.755), (207.95, -364.777), (217.83, -310.433), (232.903, -300.298), (239.263, -300.612), (273, -347)))
(((278.01, -268.981), (239.263, -300.612), (232.903, -300.298), (210.578, -258.558), (220.446, -238.392), (257.777, -242.221), (278.01, -268.981)))
(((248.53, -162.473), (259.276, -203.92), (211.118, -206.93), (218.599, -163.704), (237.085, -157.437), (248.53, -162.473)))
(((265.232, -207.739), (257.777, -242.221), (220.446, -238.392), (210.735, -207.435), (211.118, -206.93), (259.276, -203.92), (265.232, -207.739)))
(((246.01, -677.004), (213, -683.043), (213, -629.486), (241.943, -605.237), (268.745, -636.701), (246.01, -677.004)))
(((262.041, -110.434), (246.282, -114.52), (217.372, -96.5317), (234.482, -41.9955), (277.167, -24.7179), (262.041, -110.434)))
(((262.129, -532.75), (274.06, -584.95), (243.59, -598.414), (229.625, -579.634), (255.974, -532.581), (262.129, -532.75)))
(((262.129, -532.75), (255.974, -532.581), (213.479, -513.135), (204.79, -502.314), (217.941, -480.286), (253.237, -455.9), (278.524, -462.306), (270.233, -528.636), (262.129, -532.75)))
(((344.311, 344.947), (239.868, 326.226), (193.198, 355.752), (229.804, 469.002), (247.99, 479.106), (287.902, 479.106), (337.902, 442.779), (357, 384), (357, 384), (344.311, 344.947)))
(((316, -774.71), (196.759, -728.552), (207.852, -687.877), (213, -683.043), (246.01, -677.004), (293.458, -695.983), (316, -745.848), (316, -774.71)))
(((283.042, -158.46), (248.53, -162.473), (237.085, -157.437), (246.282, -114.52), (262.041, -110.434), (272.502, -114.792), (283.042, -158.46)))
(((299.816, -398.031), (251.911, -406.015), (243.087, -368.755), (273, -347), (284.337, -348.79), (303.041, -384.327), (299.816, -398.031)))
(((295.6, -169.72), (288.941, -201.685), (265.232, -207.739), (259.276, -203.92), (248.53, -162.473), (283.042, -158.46), (292.558, -163.028), (295.6, -169.72)))
(((292.642, -630.329), (268.745, -636.701), (241.943, -605.237), (243.59, -598.414), (274.06, -584.95), (305.434, -594.793), (292.642, -630.329)))
(((304.098, -411.304), (278.608, -462.284), (278.524, -462.306), (253.237, -455.9), (241.619, -422.788), (251.911, -406.015), (299.816, -398.031), (304.098, -411.304)))
(((321.789, 193.711), (231.208, 238.544), (239.868, 326.226), (345.392, 345.141), (356.902, 336.779), (376, 278), (376, 278), (356.902, 219.221), (321.789, 193.711)))
(((284.337, -348.79), (273, -347), (239.263, -300.612), (278.01, -268.981), (286.525, -269.088), (303.845, -329.706), (284.337, -348.79)))
(((304.355, -260.428), (286.525, -269.088), (278.01, -268.981), (257.777, -242.221), (265.232, -207.739), (288.941, -201.685), (313.496, -225.577), (304.355, -260.428)))
(((293.458, -695.983), (246.01, -677.004), (268.745, -636.701), (292.642, -630.329), (313.477, -659.653), (293.458, -695.983)))
(((324.859, -3.85503), (310.961, -106.35), (272.502, -114.792), (262.041, -110.434), (277.167, -24.7179), (314.623, 3.58171), (324.859, -3.85503)))
(((309.739, -592.672), (305.434, -594.793), (274.06, -584.95), (262.129, -532.75), (270.233, -528.636), (300.043, -532.113), (318.723, -581.148), (309.739, -592.672)))
(((323.25, -124.97), (292.558, -163.028), (283.042, -158.46), (272.502, -114.792), (310.961, -106.35), (323.25, -124.97)))
(((317.288, -518.396), (300.043, -532.113), (270.233, -528.636), (278.524, -462.306), (278.608, -462.284), (314.329, -474.999), (317.288, -518.396)))
(((335.257, -324.097), (303.845, -329.706), (286.525, -269.088), (304.355, -260.428), (351.577, -284.038), (335.257, -324.097)))
(((328.85, -469.035), (314.329, -474.999), (278.608, -462.284), (304.098, -411.304), (339.255, -428.454), (328.85, -469.035)))
(((336.818, -214.577), (313.496, -225.577), (288.941, -201.685), (295.6, -169.72), (340.713, -178.743), (336.818, -214.577)))
(((342.493, -653.742), (313.477, -659.653), (292.642, -630.329), (305.434, -594.793), (309.739, -592.672), (348.81, -635.142), (342.493, -653.742)))
(((350.31, -169.385), (340.713, -178.743), (295.6, -169.72), (292.558, -163.028), (323.25, -124.97), (345.96, -132.409), (350.31, -169.385)))
(((349.24, -342.193), (341.391, -375.156), (303.041, -384.327), (284.337, -348.79), (303.845, -329.706), (335.257, -324.097), (349.24, -342.193)))
(((342.601, -574.601), (318.723, -581.148), (300.043, -532.113), (317.288, -518.396), (349.129, -524.493), (354.87, -557.5), (342.601, -574.601)))
(((367.063, -682.407), (316, -745.848), (293.458, -695.983), (313.477, -659.653), (342.493, -653.742), (367.063, -682.407)))
(((383.949, -411.803), (339.255, -428.454), (304.098, -411.304), (299.816, -398.031), (303.041, -384.327), (341.391, -375.156), (383.949, -411.803)))
(((361.455, -512.799), (349.129, -524.493), (317.288, -518.396), (314.329, -474.999), (328.85, -469.035), (364.029, -481.271), (361.455, -512.799)))
(((351.577, -284.038), (304.355, -260.428), (313.496, -225.577), (336.818, -214.577), (431.052, -255.804), (351.577, -284.038)))
(((324.853, -3.89435), (332.415, -3.89435), (371.03, -116.981), (345.96, -132.409), (323.25, -124.97), (310.961, -106.35), (324.853, -3.89435)))
(((348.81, -635.142), (309.739, -592.672), (318.723, -581.148), (342.601, -574.601), (381.094, -613.094), (348.81, -635.142)))
(((445.944, -427.207), (364.029, -481.271), (328.85, -469.035), (339.255, -428.454), (383.949, -411.803), (443.613, -420.033), (445.944, -427.207)))
(((461.544, -198.403), (443.083, -255.222), (431.052, -255.804), (336.818, -214.577), (340.713, -178.743), (350.31, -169.385), (461.544, -198.403)))
(((447.925, -420.628), (383.949, -411.803), (341.391, -375.156), (349.24, -342.193), (460.229, -347.238), (466, -365), (466, -365), (447.925, -420.628)))
(((459.486, -347.204), (349.24, -342.193), (335.257, -324.097), (351.577, -284.038), (431.052, -255.804), (439.506, -255.395), (448.902, -262.221), (468, -321), (468, -321), (459.486, -347.204)))
(((328.296, -802.077), (316, -774.71), (316, -745.848), (367.063, -682.407), (462.208, -683.786), (473, -717), (473, -717), (453.902, -775.779), (403.902, -812.106), (342.098, -812.106), (328.296, -802.077)))
(((462.372, -683.788), (367.063, -682.407), (342.493, -653.742), (348.81, -635.142), (381.094, -613.094), (463.039, -614.265), (474, -648), (474, -648), (462.372, -683.788)))
(((458.828, -197.694), (350.31, -169.385), (345.96, -132.409), (371.03, -116.981), (467.208, -130.097), (474, -151), (474, -151), (458.828, -197.694)))
(((463.216, -614.267), (381.094, -613.094), (342.601, -574.601), (354.87, -557.5), (468.339, -557.5), (475, -578), (475, -578), (463.216, -614.267)))
(((468.339, -557.5), (354.87, -557.5), (349.129, -524.493), (361.455, -512.799), (470.694, -550.252), (468.339, -557.5)))
(((468.299, -130.245), (371.03, -116.981), (332.497, -4.13524), (352.098, 10.1057), (413.902, 10.1057), (463.902, -26.2215), (483, -85), (483, -85), (468.299, -130.245)))
(((471.259, -550.446), (361.455, -512.799), (364.029, -481.271), (445.9, -427.236), (467.902, -443.221), (487, -502), (487, -502), (471.259, -550.446)))
