(((-148.969, 432.894), (-177.902, 432.894), (-227.902, 469.221), (-247, 528), (-227.902, 586.779), (-177.902, 623.106), (-145.227, 623.106), (-104.667, 547.516), (-130.896, 445.517), (-148.969, 432.894)))
(((-147.866, -228.866), (-187.902, -199.779), (-207, -141), (-187.902, -82.2215), (-137.902, -45.8943), (-133.808, -45.8943), (-62.6891, -99.2332), (-61.8135, -100.788), (-65.6842, -146.684), (-147.866, -228.866)))
(((-18.0831, 509.081), (-55.8815, 458.02), (-130.896, 445.517), (-104.667, 547.516), (-19.7758, 531.086), (-18.0831, 509.081)))
(((-147.2, 626.782), (-145.902, 630.779), (-95.9017, 667.106), (-34.0983, 667.106), (7.8074, 636.659), (10.2347, 590.54), (-19.7758, 531.086), (-104.667, 547.516), (-147.2, 626.782)))
(((-147.002, -228.002), (-65.6842, -146.684), (-22.9984, -185.101), (-109.815, -269.364), (-140.902, -246.779), (-147.002, -228.002)))
(((-130.739, 336.565), (-139.902, 343.221), (-159, 402), (-148.96, 432.901), (-130.896, 445.517), (-55.8815, 458.02), (-18.0544, 414.259), (-44.6326, 352.925), (-130.739, 336.565)))
(((-102.717, 76.6501), (-126.902, 94.2215), (-146, 153), (-129.615, 203.429), (5.4386, 164.039), (-18.4185, 114.336), (-102.717, 76.6501)))
(((-121.394, 244.736), (-140, 302), (-128.64, 336.963), (-44.6326, 352.925), (16.2893, 319.171), (14.1842, 293.675), (-54.0138, 250.073), (-121.394, 244.736)))
(((-135, -45), (-135, -45), (-115.902, 13.7785), (-108.079, 19.4623), (7.24765, -29.9633), (1.29944, -47.032), (-62.6891, -99.2332), (-135, -45)))
(((-131.073, 203.854), (-117.694, 245.029), (-54.0138, 250.073), (18.9297, 193.542), (13.4884, 169.884), (5.4386, 164.039), (-131.073, 203.854)))
(((-108.699, -278.325), (-111.18, -270.689), (-22.9984, -185.101), (10.8501, -186.474), (4.1866, -263.104), (-108.699, -278.325)))
(((10.8501, -186.474), (-22.9984, -185.101), (-65.6842, -146.684), (-61.8135, -100.788), (5.25472, -121.425), (11.4062, -186.015), (10.8501, -186.474)))
(((-51.7831, -401.833), (-95.9017, -369.779), (-115, -311), (-104.185, -277.716), (4.1866, -263.104), (43.3779, -290.019), (-51.7831, -401.833)))
(((-108.229, 19.5269), (-100.189, 44.2731), (33.7948, 37.2213), (11.4722, -27.7173), (7.24765, -29.9633), (-108.229, 19.5269)))
(((-100.292, 44.2785), (-108, 68), (-105.61, 75.3569), (-18.4185, 114.336), (48.7009, 63.6544), (51.5352, 51.136), (51.4846, 50.8805), (33.7948, 37.2213), (-100.292, 44.2785)))
(((5.25472, -121.425), (-61.8135, -100.788), (-62.6891, -99.2332), (1.29944, -47.032), (26.5351, -105.915), (5.25472, -121.425)))
(((18.9297, 193.542), (-54.0138, 250.073), (14.1842, 293.675), (57.3278, 235.597), (18.9297, 193.542)))
(((20.1545, 414.755), (-18.0544, 414.259), (-55.8815, 458.02), (-18.0831, 509.081), (55.0688, 464.746), (20.1545, 414.755)))
(((16.2893, 319.171), (-44.6326, 352.925), (-18.0544, 414.259), (20.1545, 414.755), (54.4078, 350.4), (16.2893, 319.171)))
(((48.7009, 63.6544), (-18.4185, 114.336), (5.4386, 164.039), (13.4884, 169.884), (73.3283, 131.626), (48.7009, 63.6544)))
(((72.1185, -100.987), (26.5351, -105.915), (1.29944, -47.032), (7.24765, -29.9633), (11.4722, -27.7173), (66.8081, -49.0751), (88.874, -79.5917), (72.1185, -100.987)))
(((-51.5663, -401.578), (43.3779, -290.019), (71.7436, -292.325), (124.701, -328.535), (132, -351), (132, -351), (112.902, -409.779), (62.9017, -446.106), (1.0983, -446.106), (-48.9017, -409.779), (-51.5663, -401.578)))
(((79.0113, -158.428), (51.8843, -184.603), (11.4062, -186.015), (5.25472, -121.425), (26.5351, -105.915), (72.1185, -100.987), (79.0113, -158.428)))
(((92.0355, 494.595), (59.3625, 465.644), (55.0688, 464.746), (-18.0831, 509.081), (-19.7758, 531.086), (10.2347, 590.54), (90.7043, 528.539), (92.0355, 494.595)))
(((71.7436, -292.325), (43.3779, -290.019), (4.1866, -263.104), (10.8501, -186.474), (11.4062, -186.015), (51.8843, -184.603), (77.1012, -229.819), (71.7436, -292.325)))
(((82.2487, 17.3196), (66.8081, -49.0751), (11.4722, -27.7173), (33.7948, 37.2213), (51.4846, 50.8805), (82.2487, 17.3196)))
(((111.5, 365.509), (88.8659, 352.183), (54.4078, 350.4), (20.1545, 414.755), (55.0688, 464.746), (59.3625, 465.644), (111.5, 386.597), (111.5, 365.509)))
(((132.527, 191.748), (92.9498, 138.471), (73.3283, 131.626), (13.4884, 169.884), (18.9297, 193.542), (57.3278, 235.597), (101.796, 235.21), (132.527, 191.748)))
(((101.796, 235.21), (57.3278, 235.597), (14.1842, 293.675), (16.2893, 319.171), (54.4078, 350.4), (88.8659, 352.183), (105.918, 244.188), (101.796, 235.21)))
(((7.63703, 639.896), (56.0983, 675.106), (117.902, 675.106), (167.902, 638.779), (169.299, 634.478), (158.969, 594.408), (90.7043, 528.539), (10.2347, 590.54), (7.63703, 639.896)))
(((130.259, -202.481), (77.1012, -229.819), (51.8843, -184.603), (79.0113, -158.428), (107.354, -167.016), (130.259, -202.481)))
(((123.133, -74.0858), (88.874, -79.5917), (66.8081, -49.0751), (82.2487, 17.3196), (138.872, 2.5104), (123.133, -74.0858)))
(((125.518, 74.2555), (51.5352, 51.136), (48.7009, 63.6544), (73.3283, 131.626), (92.9498, 138.471), (135.343, 88.5959), (125.518, 74.2555)))
(((111.5, 386.597), (59.3625, 465.644), (92.0355, 494.595), (161.786, 467.703), (111.5, 386.597)))
(((199.614, -272.119), (192.902, -292.779), (142.902, -329.106), (125.536, -329.106), (71.7436, -292.325), (77.1012, -229.819), (130.259, -202.481), (182.546, -226.248), (199.614, -272.119)))
(((138.872, 2.5104), (82.2487, 17.3196), (51.4846, 50.8805), (51.5352, 51.136), (125.518, 74.2555), (144.619, 6.53319), (138.872, 2.5104)))
(((155.5, -128.5), (107.354, -167.016), (79.0113, -158.428), (72.1185, -100.987), (88.874, -79.5917), (123.133, -74.0858), (138.706, -82.9156), (155.5, -128.5)))
(((184.647, 303.963), (105.918, 244.188), (88.8659, 352.183), (111.5, 365.509), (148.789, 353.66), (184.647, 303.963)))
(((194.179, 142.556), (156.098, 92.6884), (135.343, 88.5959), (92.9498, 138.471), (132.527, 191.748), (132.759, 191.692), (194.179, 142.556)))
(((182.546, -226.248), (130.259, -202.481), (107.354, -167.016), (155.5, -128.5), (194.865, -158.492), (182.546, -226.248)))
(((172.494, 469.394), (161.786, 467.703), (92.0355, 494.595), (90.7043, 528.539), (158.969, 594.408), (193.719, 488.71), (172.494, 469.394)))
(((145.843, 6.76186), (144.619, 6.53319), (125.518, 74.2555), (135.343, 88.5959), (156.098, 92.6884), (191.964, 41.9817), (145.843, 6.76186)))
(((200.096, 399.837), (148.789, 353.66), (111.5, 365.509), (111.5, 386.597), (161.786, 467.703), (172.494, 469.394), (200.096, 399.837)))
(((193.036, 301.091), (197.556, 234.43), (132.759, 191.692), (132.527, 191.748), (101.796, 235.21), (105.918, 244.188), (184.647, 303.963), (193.036, 301.091)))
(((138.706, -82.9156), (123.133, -74.0858), (138.872, 2.5104), (144.619, 6.53319), (145.843, 6.76186), (233.454, -54.0792), (138.706, -82.9156)))
(((288.272, -99.6808), (194.865, -158.492), (155.5, -128.5), (138.706, -82.9156), (233.454, -54.0792), (273.956, -55.6221), (288.272, -99.6808)))
(((279.687, 43.026), (191.964, 41.9817), (156.098, 92.6884), (194.179, 142.556), (275.097, 139.098), (293, 84), (293, 84), (279.687, 43.026)))
(((275.903, -55.6963), (233.454, -54.0792), (145.843, 6.76186), (191.964, 41.9817), (280.019, 43.03), (294, 0), (294, -7.17959e-07), (275.903, -55.6963)))
(((274.631, 139.118), (194.179, 142.556), (132.759, 191.692), (197.556, 234.43), (290.109, 183.617), (291.759, 181.793), (278.902, 142.221), (274.631, 139.118)))
(((234.069, 309.144), (193.036, 301.091), (184.647, 303.963), (148.789, 353.66), (200.096, 399.837), (222.259, 394.518), (244.491, 318.931), (234.069, 309.144)))
(((168.308, 630.633), (184.098, 642.106), (207.083, 642.106), (252.99, 492.906), (193.719, 488.71), (158.969, 594.408), (168.308, 630.633)))
(((318.61, 447.511), (222.259, 394.518), (200.096, 399.837), (172.494, 469.394), (193.719, 488.71), (252.99, 492.906), (308.318, 479.185), (318.61, 447.511)))
(((290.109, 183.617), (197.556, 234.43), (193.036, 301.091), (234.069, 309.144), (290.109, 183.617)))
(((200.312, -273.996), (182.546, -226.248), (194.865, -158.492), (285.981, -101.123), (321.902, -127.221), (341, -186), (341, -186), (321.902, -244.779), (271.902, -281.106), (210.098, -281.106), (200.312, -273.996)))
(((306.551, 479.623), (252.99, 492.906), (206.991, 642.403), (223.098, 654.106), (284.902, 654.106), (334.902, 617.779), (354, 559), (354, 559), (334.902, 500.221), (306.551, 479.623)))
(((347.038, 346.417), (244.491, 318.931), (222.259, 394.518), (317.48, 446.889), (336.902, 432.779), (356, 374), (356, 374), (347.038, 346.417)))
(((291.667, 181.894), (290.109, 183.617), (234.069, 309.144), (244.491, 318.931), (347.93, 346.656), (362.902, 335.779), (382, 277), (382, 277), (362.902, 218.221), (312.902, 181.894), (291.667, 181.894)))
