(((-245.788, -428.196), (-284.902, -399.779), (-304, -341), (-284.902, -282.221), (-276.119, -275.841), (-174.428, -312.686), (-195.591, -391.566), (-245.788, -428.196)))
(((-278.62, -245.437), (-280.902, -243.779), (-300, -185), (-280.902, -126.221), (-278.136, -124.212), (-249.771, -128.306), (-159.486, -192.796), (-278.62, -245.437)))
(((-274.042, -124.803), (-286, -88), (-266.902, -29.2215), (-216.902, 7.10565), (-176.558, 7.10565), (-153.475, -91.8228), (-162.961, -120.758), (-249.771, -128.306), (-274.042, -124.803)))
(((-272.486, -254.204), (-275.747, -244.167), (-159.486, -192.796), (-157.22, -192.828), (-149.681, -212.431), (-159.945, -249.088), (-272.486, -254.204)))
(((-157.22, -192.828), (-159.486, -192.796), (-249.771, -128.306), (-162.961, -120.758), (-152.853, -132.103), (-150.994, -184.166), (-157.22, -192.828)))
(((-277.97, -275.17), (-279, -272), (-273.229, -254.238), (-159.945, -249.088), (-145.768, -271.772), (-161.21, -310.042), (-174.428, -312.686), (-277.97, -275.17)))
(((-132.224, -378.491), (-195.591, -391.566), (-174.428, -312.686), (-161.21, -310.042), (-140.432, -324.987), (-127.629, -369.798), (-132.224, -378.491)))
(((-245.727, -428.152), (-195.591, -391.566), (-132.224, -378.491), (-110.089, -427.016), (-140.859, -490.267), (-168.074, -510.106), (-180.902, -510.106), (-230.902, -473.779), (-245.727, -428.152)))
(((-150.844, 390.894), (-180.902, 390.894), (-230.902, 427.221), (-250, 486), (-230.902, 544.779), (-187.943, 575.99), (-78.1735, 475.367), (-79.6457, 466.947), (-150.844, 390.894)))
(((-103.5, -264.594), (-145.768, -271.772), (-159.945, -249.088), (-149.681, -212.431), (-103.5, -230.192), (-103.5, -264.594)))
(((-176.502, 6.86527), (-156.902, 21.1057), (-117.424, 21.1057), (-107.225, 15.2973), (-103.374, 9.05349), (-94.4661, -81.5113), (-101.186, -90.2849), (-153.475, -91.8228), (-176.502, 6.86527)))
(((-102.958, -131.042), (-152.853, -132.103), (-162.961, -120.758), (-153.475, -91.8228), (-101.186, -90.2849), (-102.958, -131.042)))
(((-91.6887, -142.311), (-117.421, -178.57), (-150.994, -184.166), (-152.853, -132.103), (-102.958, -131.042), (-91.6887, -142.311)))
(((-85.6036, -304.928), (-140.432, -324.987), (-161.21, -310.042), (-145.768, -271.772), (-103.5, -264.594), (-98.6983, -268.762), (-85.6036, -304.928)))
(((-93.6345, -220.074), (-103.5, -230.192), (-149.681, -212.431), (-157.22, -192.828), (-150.994, -184.166), (-117.421, -178.57), (-90.7154, -202.194), (-93.6345, -220.074)))
(((-76.4738, -311.26), (-81.5314, -357.622), (-127.629, -369.798), (-140.432, -324.987), (-85.6036, -304.928), (-76.4738, -311.26)))
(((-185.873, 574.091), (-175.902, 604.779), (-125.902, 641.106), (-94.5696, 641.106), (-34.2981, 549.659), (-44.5103, 510.219), (-78.1735, 475.367), (-185.873, 574.091)))
(((-71.0173, -366.793), (-76.2421, -417.736), (-110.089, -427.016), (-132.224, -378.491), (-127.629, -369.798), (-81.5314, -357.622), (-71.0173, -366.793)))
(((-64.3607, -182.041), (-90.7154, -202.194), (-117.421, -178.57), (-91.6887, -142.311), (-80.114, -144.73), (-64.3607, -182.041)))
(((-106.472, -713.106), (-117.902, -713.106), (-167.902, -676.779), (-187, -618), (-167.902, -559.221), (-164.465, -556.724), (-45.7286, -575.277), (-32.269, -588.42), (-22.7577, -605.699), (-106.472, -713.106)))
(((-57.3444, -130.024), (-80.114, -144.73), (-91.6887, -142.311), (-102.958, -131.042), (-101.186, -90.2849), (-94.4661, -81.5113), (-64.4681, -91.5106), (-51.2777, -116.572), (-57.3444, -130.024)))
(((-23.3288, -477.362), (-30.9755, -484.076), (-140.859, -490.267), (-110.089, -427.016), (-76.2421, -417.736), (-47.7868, -428.529), (-23.6033, -476.14), (-23.3288, -477.362)))
(((-54.2576, -252.097), (-98.6983, -268.762), (-103.5, -264.594), (-103.5, -230.192), (-93.6345, -220.074), (-60.0495, -229.824), (-53.0318, -249.258), (-54.2576, -252.097)))
(((-160.517, -557.341), (-172, -522), (-168.154, -510.164), (-140.859, -490.267), (-30.9755, -484.076), (-45.7286, -575.277), (-160.517, -557.341)))
(((-38.0723, -196.858), (-60.0495, -229.824), (-93.6345, -220.074), (-90.7154, -202.194), (-64.3607, -182.041), (-39.7423, -190.866), (-38.0723, -196.858)))
(((-37.1111, -61.6667), (-64.4681, -91.5106), (-94.4661, -81.5113), (-103.374, 9.05349), (-46.0299, -34.9104), (-37.1111, -61.6667)))
(((-53.991, -307.293), (-76.4738, -311.26), (-85.6036, -304.928), (-98.6983, -268.762), (-54.2576, -252.097), (-40.8611, -285.073), (-53.991, -307.293)))
(((-119.483, 256.386), (-139.902, 271.221), (-159, 330), (-146.674, 367.934), (-40.008, 363.228), (-7.05957, 345.033), (-54.1593, 279.818), (-119.483, 256.386)))
(((-146.225, 367.914), (-152.958, 388.636), (-79.6457, 466.947), (-37.9121, 434.487), (-40.008, 363.228), (-146.225, 367.914)))
(((-27.9733, -369.339), (-24.4893, -391.791), (-47.7868, -428.529), (-76.2421, -417.736), (-71.0173, -366.793), (-29.1565, -368.435), (-27.9733, -369.339)))
(((-29.1565, -368.435), (-71.0173, -366.793), (-81.5314, -357.622), (-76.4738, -311.26), (-53.991, -307.293), (-33.7268, -322.732), (-29.1565, -368.435)))
(((-24.8764, -173.522), (-39.7423, -190.866), (-64.3607, -182.041), (-80.114, -144.73), (-57.3444, -130.024), (-23.8333, -156.833), (-24.8764, -173.522)))
(((-131.259, 112.476), (-148, 164), (-128.902, 222.779), (-123.487, 226.712), (-15.7173, 194.673), (-11.0972, 148.472), (-39.7616, 120.89), (-131.259, 112.476)))
(((-17.3131, -106.304), (-51.2777, -116.572), (-64.4681, -91.5106), (-37.1111, -61.6667), (-19.4035, -74.9474), (-17.3131, -106.304)))
(((-10.6435, -238.661), (-53.0318, -249.258), (-60.0495, -229.824), (-38.0723, -196.858), (-12.4562, -221.743), (-10.6435, -238.661)))
(((-122.841, 24.1911), (-140, 77), (-128.387, 112.74), (-39.7616, 120.89), (-0.930168, 71.7793), (-2.82143, 64.2143), (-47.104, 30.1508), (-107.225, 15.2973), (-122.841, 24.1911)))
(((-8.5885, -241.257), (-13.9173, -276.782), (-40.8611, -285.073), (-54.2576, -252.097), (-53.0318, -249.258), (-10.6435, -238.661), (-8.5885, -241.257)))
(((1.11905, -131.881), (-23.8333, -156.833), (-57.3444, -130.024), (-51.2777, -116.572), (-17.3131, -106.304), (-0.050638, -118.313), (1.11905, -131.881)))
(((-122.209, 226.332), (-126, 238), (-120.097, 256.166), (-54.1593, 279.818), (6.37253, 255.834), (11.2915, 214.022), (-15.7173, 194.673), (-122.209, 226.332)))
(((23.2758, 363.476), (-0.808136, 346.035), (-7.05957, 345.033), (-40.008, 363.228), (-37.9121, 434.487), (21.9956, 420.446), (23.2758, 363.476)))
(((10.6512, -313.389), (-33.7268, -322.732), (-53.991, -307.293), (-40.8611, -285.073), (-13.9173, -276.782), (-2.43775, -286.523), (10.6512, -313.389)))
(((-105.658, -712.062), (-22.7577, -605.699), (70.8135, -639.649), (81, -671), (81, -671), (61.9017, -729.779), (11.9017, -766.106), (-49.9017, -766.106), (-99.9017, -729.779), (-105.658, -712.062)))
(((16.7627, -22.95), (-46.0299, -34.9104), (-103.374, 9.05349), (-107.225, 15.2973), (-47.104, 30.1508), (14.669, -5.41549), (16.7627, -22.95)))
(((-23.6033, -476.14), (-47.7868, -428.529), (-24.4893, -391.791), (8.03591, -407.589), (-23.6033, -476.14)))
(((24.6063, -351.05), (-27.9733, -369.339), (-29.1565, -368.435), (-33.7268, -322.732), (10.6512, -313.389), (23.3242, -320.282), (24.6063, -351.05)))
(((22.9887, -30.2967), (11.6308, -62.3659), (-19.4035, -74.9474), (-37.1111, -61.6667), (-46.0299, -34.9104), (16.7627, -22.95), (22.9887, -30.2967)))
(((49.6029, 453.397), (21.9956, 420.446), (-37.9121, 434.487), (-79.6457, 466.947), (-78.1735, 475.367), (-44.5103, 510.219), (52.9894, 468.433), (49.6029, 453.397)))
(((-94.8201, 641.486), (-87.9017, 662.779), (-37.9017, 699.106), (15.8318, 699.106), (12.5017, 562.569), (-34.2981, 549.659), (-94.8201, 641.486)))
(((20.1942, -184.401), (19.9489, -197.159), (-12.4562, -221.743), (-38.0723, -196.858), (-39.7423, -190.866), (-24.8764, -173.522), (18.5127, -181.411), (20.1942, -184.401)))
(((-0.808136, 346.035), (27.3846, 277.779), (6.37253, 255.834), (-54.1593, 279.818), (-7.05957, 345.033), (-0.808136, 346.035)))
(((25.4562, -528.386), (-32.269, -588.42), (-45.7286, -575.277), (-30.9755, -484.076), (-23.3288, -477.362), (1.31185, -481.469), (26.8654, -507.951), (25.4562, -528.386)))
(((18.5127, -181.411), (-24.8764, -173.522), (-23.8333, -156.833), (1.11905, -131.881), (22.7759, -151.569), (18.5127, -181.411)))
(((14.669, -5.41549), (-47.104, 30.1508), (-2.82143, 64.2143), (31.4577, 26.8188), (14.669, -5.41549)))
(((45.7876, 100.868), (-0.930168, 71.7793), (-39.7616, 120.89), (-11.0972, 148.472), (46.4708, 130.243), (45.7876, 100.868)))
(((44.6557, -373.964), (25.498, -404.245), (8.03591, -407.589), (-24.4893, -391.791), (-27.9733, -369.339), (24.6063, -351.05), (44.6557, -373.964)))
(((32.8812, -97.429), (-0.050638, -118.313), (-17.3131, -106.304), (-19.4035, -74.9474), (11.6308, -62.3659), (32.8812, -97.429)))
(((26.123, -264.082), (-2.43775, -286.523), (-13.9173, -276.782), (-8.5885, -241.257), (16.7168, -245.858), (26.123, -264.082)))
(((42.4, -446.5), (1.31185, -481.469), (-23.3288, -477.362), (-23.6033, -476.14), (8.03591, -407.589), (25.498, -404.245), (42.4, -446.5)))
(((44.2736, -223.222), (16.7168, -245.858), (-8.5885, -241.257), (-10.6435, -238.661), (-12.4562, -221.743), (19.9489, -197.159), (44.2736, -223.222)))
(((52.9894, 468.433), (-44.5103, 510.219), (-34.2981, 549.659), (12.5017, 562.569), (65.9519, 552.004), (61.1239, 477.17), (52.9894, 468.433)))
(((23.3242, -320.282), (10.6512, -313.389), (-2.43775, -286.523), (26.123, -264.082), (43.3182, -275.545), (24.2899, -319.548), (23.3242, -320.282)))
(((71.22, -639.797), (-22.7577, -605.699), (-32.269, -588.42), (25.4562, -528.386), (82.4583, -615.246), (85.993, -629.063), (71.22, -639.797)))
(((46.4708, 130.243), (-11.0972, 148.472), (-15.7173, 194.673), (11.2915, 214.022), (48.6475, 204.061), (69.7872, 155.439), (46.4708, 130.243)))
(((46.1506, -104.307), (49.4062, -143.375), (22.7759, -151.569), (1.11905, -131.881), (-0.050638, -118.313), (32.8812, -97.429), (40.5962, -98.3143), (46.1506, -104.307)))
(((132.663, 607.113), (65.9519, 552.004), (12.5017, 562.569), (15.8075, 698.106), (64.9017, 698.106), (114.902, 661.779), (132.663, 607.113)))
(((63.2595, 82.7108), (52.2023, 31.1108), (31.4577, 26.8188), (-2.82143, 64.2143), (-0.930168, 71.7793), (45.7876, 100.868), (63.2595, 82.7108)))
(((68.4979, -57.0683), (40.5962, -98.3143), (32.8812, -97.429), (11.6308, -62.3659), (22.9887, -30.2967), (54.2028, -35.4214), (68.4979, -57.0683)))
(((60.9124, -269.043), (43.3182, -275.545), (26.123, -264.082), (16.7168, -245.858), (44.2736, -223.222), (53.6724, -224.397), (60.9124, -269.043)))
(((65.8119, 278.38), (27.3846, 277.779), (-0.808136, 346.035), (23.2758, 363.476), (59.0304, 353.03), (85.5455, 319.757), (65.8119, 278.38)))
(((67.7559, -177.606), (20.1942, -184.401), (18.5127, -181.411), (22.7759, -151.569), (49.4062, -143.375), (52.4713, -145.126), (67.7559, -177.606)))
(((84.1818, 242.754), (48.6475, 204.061), (11.2915, 214.022), (6.37253, 255.834), (27.3846, 277.779), (65.8119, 278.38), (84.1818, 242.754)))
(((70.4368, -179.434), (57.3776, -222.173), (53.6724, -224.397), (44.2736, -223.222), (19.9489, -197.159), (20.1942, -184.401), (67.7559, -177.606), (70.4368, -179.434)))
(((87.8238, 8.70624), (54.2028, -35.4214), (22.9887, -30.2967), (16.7627, -22.95), (14.669, -5.41549), (31.4577, 26.8188), (52.2023, 31.1108), (87.6095, 9.43295), (87.8238, 8.70624)))
(((80.4545, -507.043), (26.8654, -507.951), (1.31185, -481.469), (42.4, -446.5), (44.5, -446.5), (81.7169, -467.9), (85.7637, -502.009), (80.4545, -507.043)))
(((80.3293, -410.671), (44.5, -446.5), (42.4, -446.5), (25.498, -404.245), (44.6557, -373.964), (53.8916, -374.772), (81.3929, -405.246), (80.3293, -410.671)))
(((82.4583, -615.246), (25.4562, -528.386), (26.8654, -507.951), (80.4545, -507.043), (82.4583, -615.246)))
(((66.8125, -271.312), (71.6185, -314.566), (24.2899, -319.548), (43.3182, -275.545), (60.9124, -269.043), (66.8125, -271.312)))
(((93.5319, -343.428), (53.8916, -374.772), (44.6557, -373.964), (24.6063, -351.05), (23.3242, -320.282), (24.2899, -319.548), (71.6185, -314.566), (88.1244, -323.826), (93.5319, -343.428)))
(((103.491, -123.847), (102.135, -126.025), (52.4713, -145.126), (49.4062, -143.375), (46.1506, -104.307), (90.6667, -110.667), (103.486, -123.486), (103.491, -123.847)))
(((59.0304, 353.03), (23.2758, 363.476), (21.9956, 420.446), (49.6029, 453.397), (104.5, 398.5), (59.0304, 353.03)))
(((90.6667, -110.667), (46.1506, -104.307), (40.5962, -98.3143), (68.4979, -57.0683), (84.9968, -62.4731), (90.6667, -110.667)))
(((81.7169, -467.9), (44.5, -446.5), (80.3293, -410.671), (98.4332, -449.664), (81.7169, -467.9)))
(((113.452, -230.914), (114.185, -237.968), (94.366, -267.376), (66.8125, -271.312), (60.9124, -269.043), (53.6724, -224.397), (57.3776, -222.173), (113.34, -230.783), (113.452, -230.914)))
(((93.8569, -176.879), (70.4368, -179.434), (67.7559, -177.606), (52.4713, -145.126), (102.135, -126.025), (93.8569, -176.879)))
(((117.557, 64.7212), (87.6095, 9.43295), (52.2023, 31.1108), (63.2595, 82.7108), (114.437, 73.3282), (117.557, 64.7212)))
(((113.34, -230.783), (57.3776, -222.173), (70.4368, -179.434), (93.8569, -176.879), (104.358, -184.974), (113.34, -230.783)))
(((107.743, -296.36), (88.1244, -323.826), (71.6185, -314.566), (66.8125, -271.312), (94.366, -267.376), (107.743, -296.36)))
(((114.437, 73.3282), (63.2595, 82.7108), (45.7876, 100.868), (46.4708, 130.243), (69.7872, 155.439), (76.1164, 155.302), (127.472, 102.341), (114.437, 73.3282)))
(((122.034, -20.239), (99.2806, -58.5054), (84.9968, -62.4731), (68.4979, -57.0683), (54.2028, -35.4214), (87.8238, 8.70624), (114.156, -8.52953), (122.034, -20.239)))
(((120.667, 230.611), (117.786, 176.831), (76.1164, 155.302), (69.7872, 155.439), (48.6475, 204.061), (84.1818, 242.754), (109.157, 237.951), (120.667, 230.611)))
(((117.132, -397.642), (81.3929, -405.246), (53.8916, -374.772), (93.5319, -343.428), (113.855, -351.695), (118.657, -394.909), (117.132, -397.642)))
(((136.584, -443.029), (98.4332, -449.664), (80.3293, -410.671), (81.3929, -405.246), (117.132, -397.642), (136.584, -443.029)))
(((151.761, 410.6), (137.736, 398.943), (104.5, 398.5), (49.6029, 453.397), (52.9894, 468.433), (61.1239, 477.17), (132.918, 471.427), (153.065, 452.783), (151.761, 410.6)))
(((137.427, -91.3321), (103.486, -123.486), (90.6667, -110.667), (84.9968, -62.4731), (99.2806, -58.5054), (136.363, -83.9994), (137.427, -91.3321)))
(((134.731, 320.356), (85.5455, 319.757), (59.0304, 353.03), (104.5, 398.5), (137.736, 398.943), (135.247, 320.526), (134.731, 320.356)))
(((109.157, 237.951), (84.1818, 242.754), (65.8119, 278.38), (85.5455, 319.757), (134.731, 320.356), (109.157, 237.951)))
(((86.5154, -631.106), (82.4583, -615.246), (80.4545, -507.043), (85.7637, -502.009), (137.05, -505.165), (134.84, -631.106), (86.5154, -631.106)))
(((131.444, 606.106), (140.902, 606.106), (151.1, 598.697), (132.918, 471.427), (61.1239, 477.17), (65.9519, 552.004), (131.444, 606.106)))
(((137.05, -505.165), (85.7637, -502.009), (81.7169, -467.9), (98.4332, -449.664), (136.584, -443.029), (137.639, -443.59), (141.124, -450.671), (137.168, -505.07), (137.05, -505.165)))
(((151.266, -337.147), (113.855, -351.695), (93.5319, -343.428), (88.1244, -323.826), (107.743, -296.36), (133.159, -298.724), (152.146, -317.184), (151.266, -337.147)))
(((142.189, -166.172), (137.668, -172.701), (104.358, -184.974), (93.8569, -176.879), (102.135, -126.025), (103.491, -123.847), (141.807, -148.64), (142.189, -166.172)))
(((141.903, -260), (133.159, -298.724), (107.743, -296.36), (94.366, -267.376), (114.185, -237.968), (141.903, -260)))
(((155.629, 118.431), (127.472, 102.341), (76.1164, 155.302), (117.786, 176.831), (148.795, 163.23), (155.629, 118.431)))
(((160.101, 39.9682), (114.156, -8.52953), (87.8238, 8.70624), (87.6095, 9.43295), (117.557, 64.7212), (160.101, 39.9682)))
(((136.363, -83.9994), (99.2806, -58.5054), (122.034, -20.239), (165.415, -33.474), (136.363, -83.9994)))
(((154.477, -210.902), (113.452, -230.914), (113.34, -230.783), (104.358, -184.974), (137.668, -172.701), (154.477, -210.902)))
(((177.545, 240.091), (120.667, 230.611), (109.157, 237.951), (134.731, 320.356), (135.247, 320.526), (158.792, 311.796), (177.545, 240.091)))
(((166.766, -385.004), (118.657, -394.909), (113.855, -351.695), (151.266, -337.147), (172.186, -356.427), (166.766, -385.004)))
(((184.671, -117.467), (141.807, -148.64), (103.491, -123.847), (103.486, -123.486), (137.427, -91.3321), (184.671, -117.467)))
(((167.561, -32.8983), (165.415, -33.474), (122.034, -20.239), (114.156, -8.52953), (160.101, 39.9682), (161.572, 39.7063), (170.059, -29.8819), (167.561, -32.8983)))
(((177.421, -408.63), (137.639, -443.59), (136.584, -443.029), (117.132, -397.642), (118.657, -394.909), (166.766, -385.004), (177.421, -408.63)))
(((190.087, 232.622), (174.794, 181.646), (148.795, 163.23), (117.786, 176.831), (120.667, 230.611), (177.545, 240.091), (190.087, 232.622)))
(((171.571, -300.747), (152.146, -317.184), (133.159, -298.724), (141.903, -260), (169.243, -260), (171.571, -300.747)))
(((169.243, -260), (141.903, -260), (114.185, -237.968), (113.452, -230.914), (154.477, -210.902), (167.893, -212.192), (173.014, -257), (169.243, -260)))
(((167.893, -212.192), (154.477, -210.902), (137.668, -172.701), (142.189, -166.172), (174.867, -174.342), (179.147, -205.158), (167.893, -212.192)))
(((188.029, 50.6), (161.572, 39.7063), (160.101, 39.9682), (117.557, 64.7212), (114.437, 73.3282), (127.472, 102.341), (155.629, 118.431), (175.669, 112.029), (196.196, 79.1863), (188.029, 50.6)))
(((234.065, -604.378), (195.902, -632.106), (134.823, -632.106), (137.05, -505.165), (137.168, -505.07), (180.108, -506.455), (234.065, -604.378)))
(((189.144, -117.579), (192.305, -152.355), (174.867, -174.342), (142.189, -166.172), (141.807, -148.64), (184.671, -117.467), (189.144, -117.579)))
(((151.015, 598.106), (180.33, 598.106), (238.035, 505.429), (228.471, 490.485), (153.065, 452.783), (132.918, 471.427), (151.015, 598.106)))
(((180.108, -506.455), (137.168, -505.07), (141.124, -450.671), (209.936, -466.4), (180.108, -506.455)))
(((204.352, -106.832), (189.144, -117.579), (184.671, -117.467), (137.427, -91.3321), (136.363, -83.9994), (165.415, -33.474), (167.561, -32.8983), (202.743, -83.8518), (205.547, -102.922), (204.352, -106.832)))
(((243.444, 366.606), (236.659, 346.404), (158.792, 311.796), (135.247, 320.526), (137.736, 398.943), (151.761, 410.6), (239.454, 371.493), (243.444, 366.606)))
(((209.936, -466.4), (141.124, -450.671), (137.639, -443.59), (177.421, -408.63), (209.792, -421.347), (229.788, -455.34), (209.936, -466.4)))
(((175.669, 112.029), (155.629, 118.431), (148.795, 163.23), (174.794, 181.646), (214.825, 146.952), (175.669, 112.029)))
(((207.306, -326.5), (186.04, -353.969), (172.186, -356.427), (151.266, -337.147), (152.146, -317.184), (171.571, -300.747), (195.408, -301.91), (207.306, -326.5)))
(((245.719, 0.121186), (170.059, -29.8819), (161.572, 39.7063), (188.029, 50.6), (245.719, 0.121186)))
(((222.22, -272.004), (195.408, -301.91), (171.571, -300.747), (169.243, -260), (173.014, -257), (207.557, -257), (222.22, -272.004)))
(((207.557, -257), (173.014, -257), (167.893, -212.192), (179.147, -205.158), (183.244, -205.622), (211.774, -219.887), (207.557, -257)))
(((214, -172.5), (183.244, -205.622), (179.147, -205.158), (174.867, -174.342), (192.305, -152.355), (214, -172.5)))
(((209.792, -421.347), (177.421, -408.63), (166.766, -385.004), (172.186, -356.427), (186.04, -353.969), (225.926, -374.961), (209.792, -421.347)))
(((259.408, 265.968), (216.579, 234.356), (190.087, 232.622), (177.545, 240.091), (158.792, 311.796), (236.659, 346.404), (259.408, 265.968)))
(((239.454, 371.493), (151.761, 410.6), (153.065, 452.783), (228.471, 490.485), (239.454, 371.493)))
(((251.526, 150.786), (214.825, 146.952), (174.794, 181.646), (190.087, 232.622), (216.579, 234.356), (251.526, 150.786)))
(((228.937, -210.734), (211.774, -219.887), (183.244, -205.622), (214, -172.5), (227.218, -176.369), (228.937, -210.734)))
(((261.978, -2.79323), (202.743, -83.8518), (167.561, -32.8983), (170.059, -29.8819), (245.719, 0.121186), (261.978, -2.79323)))
(((311.503, -517.686), (294.902, -568.779), (244.902, -605.106), (234.466, -605.106), (180.108, -506.455), (209.936, -466.4), (229.788, -455.34), (240.595, -458.189), (311.503, -517.686)))
(((312.644, 108.828), (196.196, 79.1863), (175.669, 112.029), (214.825, 146.952), (251.526, 150.786), (312.244, 118.403), (314, 113), (314, 113), (312.644, 108.828)))
(((243.5, -366.5), (225.926, -374.961), (186.04, -353.969), (207.306, -326.5), (233.744, -326.5), (249.26, -349.22), (243.5, -366.5)))
(((244.227, -287.427), (233.744, -326.5), (207.306, -326.5), (195.408, -301.91), (222.22, -272.004), (236.688, -275.15), (244.227, -287.427)))
(((227.218, -176.369), (214, -172.5), (192.305, -152.355), (189.144, -117.579), (204.352, -106.832), (238.527, -129.15), (230.518, -174), (227.218, -176.369)))
(((309.105, -0.154144), (261.978, -2.79323), (245.719, 0.121186), (188.029, 50.6), (196.196, 79.1863), (311.574, 108.555), (328, 58), (328, 58), (309.105, -0.154144)))
(((236.688, -275.15), (222.22, -272.004), (207.557, -257), (211.774, -219.887), (228.937, -210.734), (246.148, -216.593), (251.089, -257.36), (236.688, -275.15)))
(((307.956, -2.4483), (266.911, -73.9446), (205.547, -102.922), (202.743, -83.8518), (261.978, -2.79323), (305.106, -0.378055), (307.956, -2.4483)))
(((240.595, -458.189), (229.788, -455.34), (209.792, -421.347), (225.926, -374.961), (243.5, -366.5), (273.067, -396.067), (240.595, -458.189)))
(((246.148, -216.593), (228.937, -210.734), (227.218, -176.369), (230.518, -174), (258.875, -174), (256.959, -212.319), (246.148, -216.593)))
(((274.906, -164.84), (258.875, -174), (230.518, -174), (238.527, -129.15), (267.607, -131.304), (276.904, -157.645), (274.906, -164.84)))
(((267.607, -131.304), (238.527, -129.15), (204.352, -106.832), (205.547, -102.922), (266.911, -73.9446), (273.605, -123.474), (267.607, -131.304)))
(((289.204, -333.409), (249.26, -349.22), (233.744, -326.5), (244.227, -287.427), (271.117, -296.78), (290.372, -328.592), (289.204, -333.409)))
(((309.431, 119.904), (251.526, 150.786), (216.579, 234.356), (259.408, 265.968), (351.417, 235.572), (362, 203), (362, 203), (342.902, 144.221), (309.431, 119.904)))
(((285.924, -249.11), (251.089, -257.36), (246.148, -216.593), (256.959, -212.319), (292.624, -214.866), (285.924, -249.11)))
(((351.852, 395.457), (243.444, 366.606), (239.454, 371.493), (228.471, 490.485), (238.035, 505.429), (343.042, 500.583), (346.902, 497.779), (366, 439), (366, 439), (351.852, 395.457)))
(((292.624, -214.866), (256.959, -212.319), (258.875, -174), (274.906, -164.84), (300.451, -208.267), (292.624, -214.866)))
(((339.839, 500.731), (238.035, 505.429), (181.071, 596.917), (191.098, 627.779), (241.098, 664.106), (302.902, 664.106), (352.902, 627.779), (372, 569), (372, 569), (352.902, 510.221), (339.839, 500.731)))
(((300.933, -268.26), (271.117, -296.78), (244.227, -287.427), (236.688, -275.15), (251.089, -257.36), (285.924, -249.11), (300.933, -268.26)))
(((325.591, -386.852), (273.067, -396.067), (243.5, -366.5), (249.26, -349.22), (289.204, -333.409), (325.591, -386.852)))
(((312.003, -518.106), (240.595, -458.189), (273.067, -396.067), (325.591, -386.852), (383.011, -410.724), (387, -423), (387, -423), (367.902, -481.779), (317.902, -518.106), (312.003, -518.106)))
(((388.196, -95.5254), (273.605, -123.474), (266.911, -73.9446), (307.7, -2.89435), (319.902, -2.89435), (369.902, -39.2215), (388.196, -95.5254)))
(((329.469, -300.522), (290.372, -328.592), (271.117, -296.78), (300.933, -268.26), (313.24, -271.81), (329.469, -300.522)))
(((396.767, -145.873), (395.025, -146.907), (276.904, -157.645), (267.607, -131.304), (273.605, -123.474), (385.118, -96.2761), (399, -139), (399, -139), (396.767, -145.873)))
(((351.46, 235.558), (259.408, 265.968), (236.659, 346.404), (243.444, 366.606), (350.544, 395.108), (379.902, 373.779), (399, 315), (399, 315), (379.902, 256.221), (351.46, 235.558)))
(((393.881, -147.011), (394.103, -147.697), (327.428, -204.847), (300.451, -208.267), (274.906, -164.84), (276.904, -157.645), (393.881, -147.011)))
(((334.769, -246.14), (313.24, -271.81), (300.933, -268.26), (285.924, -249.11), (292.624, -214.866), (300.451, -208.267), (327.428, -204.847), (334.769, -246.14)))
(((381.225, -409.981), (325.591, -386.852), (289.204, -333.409), (290.372, -328.592), (329.469, -300.522), (421.394, -325.978), (424, -334), (424, -334), (404.902, -392.779), (381.225, -409.981)))
(((435.898, -287.781), (423.314, -326.51), (329.469, -300.522), (313.24, -271.81), (334.769, -246.14), (435.898, -287.781)))
(((438.502, -288.854), (334.769, -246.14), (327.428, -204.847), (395.025, -146.907), (395.866, -146.408), (436.902, -176.221), (456, -235), (456, -235), (438.502, -288.854)))
