0.0942552
0.159092
0.196327
0.235601
0.111948
0.139009
1.1279
0.298082
0.105949
0.16775
0.171777
0.230749
0.282854
0.260038
0.246607
0.178368
0.146419
0.177297
0.162867
0.110455
0.193879
1.23357
0.243524
1.07128
0.199539
0.325144
0.310063
0.363819
0.209117
0.238782
0.327724
0.203719
0.168646
0.251057
0.0288963
0.1042
0.191855
0.170656
0.239613
0.295475
0.223539
0.308112
0.380005
0.120274
0.139508
0.252351
0.854021
0.100438
0.201471
1.41438
0.336251
0.189538
0.207001
0.231046
0.748296
0.955069
0.98426
0.106974
0.445512
0.0106385
1.17843
0.31297
0.152176
0.24105
0.17509
1.2391
0.297588
0.341001
0.311178
0.13198
0.826582
0.21166
1.15521
0.119577
0.265338
0.159417
0.926223
0.105047
0.397921
0.161181
0.220589
0.378683
0.195258
1.18665
1.16107
0.081845
0.259777
0.136285
0.390679
0.26515
0.855208
1.31456
0.68346
0.224117
0.197794
0.220563
1.29541
0.324086
0.813177
0.103606
1.07712
0.172027
1.38511
0.277168
0.224762
0.261816
0.0878518
0.121739
0.300132
0.201546
0.0733397
0.356502
0.810758
1.29455
0.322178
1.23731
0.0897567
0.515881
0.355913
0.240269
1.25847
0.779546
0.132112
0.154194
0.489369
0.10788
0.276616
0.170525
0.213233
0.688419
0.17415
1.51545
1.06451
0.19835
0.260503
0.188231
0.469911
1.22989
1.30909
0.212708
1.30326
1.5341
0.802989
0.303321
0.108031
0.319871
0.0830879
1.16131
0.462304
0.14992
0.313411
0.195627
0.359961
0.271053
1.11516
1.1833
0.209988
0.366578
0.831257
1.25143
0.485317
0.23933
1.25058
0.222132
0.422862
0.229985
0.314378
1.2883
0.181298
0.332741
0.431559
1.21812
0.329849
0.311107
0.188316
0.262927
0.145329
0.176449
1.30099
0.995283
0.248175
0.33744
0.303257
0.361896
0.1456
0.252613
0.192829
1.39567
0.249842
0.166296
0.249761
0.24993
0.287168
0.273267
0.184833
0.140673
1.27302
1.41863
0.154774
0.269741
0.167049
0.252016
0.193759
0.147069
0.203582
0.257331
0.173039
0.206124
0.0794403
1.50713
0.21689
0.13976
0.275649
0.183038
0.164103
0.191701
0.073781
0.198004
0.136162
0.125236
0.0973054
