0.323047
0.284099
0.17418
1.16271
0.201211
0.415096
0.20908
1.04109
0.318856
0.43088
0.217834
0.380425
0.417806
0.277253
0.96946
0.767602
0.275102
0.959875
1.21688
0.22544
0.912191
0.392081
0.591907
0.555147
0.436991
0.958882
0.396138
0.328913
0.865549
1.04089
0.360405
0.751235
0.822837
0.921499
0.398883
0.537623
0.773327
0.321821
0.566438
0.39323
0.243545
0.911741
0.979094
0.216461
0.0881308
0.871364
0.760915
0.258215
0.630633
0.876866
0.140099
0.533586
0.461845
0.414942
0.330105
0.931805
0.600748
0.260563
0.779807
0.896721
0.570569
0.960376
0.646659
0.223707
0.347165
0.409007
1.12708
1.0113
0.307971
0.379951
0.546898
0.912481
0.793602
1.02851
0.428177
0.644912
0.427531
0.889633
0.343695
0.293112
1.12231
0.354657
1.10032
0.918424
0.515103
0.851425
1.01449
0.925098
0.193648
0.475676
0.432145
0.896146
0.994293
1.00098
0.974819
1.11083
0.547473
0.950055
0.372662
1.0163
1.16064
0.969672
0.444377
1.05392
1.15154
0.357657
