0.406731
0.164629
0.270805
0.15441
0.217566
0.434946
0.464183
0.389135
0.224271
0.322893
0.0572561
0.283438
0.460884
0.252652
0.393661
0.446314
0.337605
0.394558
0.188903
0.411407
0.338401
0.25484
0.324963
0.223724
0.573393
0.378437
0.322058
0.477623
0.334385
0.156655
0.479716
0.278066
0.376305
0.404381
0.260021
0.39576
0.418089
0.429065
0.581147
0.330955
0.508851
1.11138
1.66091
1.54101
0.670322
0.188518
0.268206
0.332636
0.512544
0.48434
0.351948
0.653563
1.6395
0.312929
0.60691
1.81331
0.389501
0.260727
0.922831
1.49155
0.389987
0.284472
0.373953
1.68596
0.734323
0.536114
0.217637
0.406888
0.145213
0.323655
1.94037
1.38509
0.654695
1.20681
0.405877
0.412566
0.657154
0.850014
0.562565
0.39177
0.35272
1.72468
0.3248
0.47809
1.55238
0.404994
0.994522
0.406616
0.330281
0.366039
0.198617
0.247078
1.91648
0.487224
1.7642
0.390509
1.31069
0.773506
1.0883
0.460691
0.429596
0.422434
0.235711
0.550316
0.335689
0.46544
0.426561
0.339848
1.54961
0.708816
1.90034
0.544336
0.459514
1.81871
0.712859
1.23712
0.19657
0.374262
0.526394
0.418762
0.825681
0.366675
0.455241
0.39335
0.349795
0.427706
1.43649
1.76184
0.40081
0.537795
0.359141
0.343446
0.48796
0.342532
0.355042
0.386211
0.386339
0.299607
0.413822
0.308344
0.412912
0.408256
0.435196
0.285761
0.6122
0.420101
0.24576
0.617459
0.485126
0.343121
0.449607
0.615089
0.423513
0.381919
0.328556
0.266474
0.299474
0.418998
0.248079
0.178534
0.415848
0.590735
0.319832
0.392262
0.361187
0.6544
