1.18029
0.0501824
0.177506
0.145703
1.133
1.43354
0.212021
0.231407
0.206753
0.287284
0.368606
0.84695
0.18538
0.923471
0.352676
0.827575
0.282994
1.20883
1.07164
0.625644
0.969043
0.530816
0.284812
0.297791
0.905036
1.03324
0.24619
0.394113
0.886773
0.393313
0.57036
0.417984
0.902174
0.869706
0.582358
1.02058
0.74914
1.02835
0.545172
1.05153
0.536616
0.320496
0.939969
0.731373
0.299134
1.05709
1.10869
0.45908
0.447322
0.592984
0.778017
0.587336
0.318888
0.977253
0.930124
0.997264
0.421618
0.804003
0.738877
0.962695
1.00515
0.348275
0.934398
0.479629
0.50981
0.95434
0.983573
1.03859
0.755769
0.480626
0.904636
1.11495
0.908048
0.326405
0.305977
0.416964
0.408587
0.958515
0.953472
0.653037
0.636204
0.889637
1.13334
1.21495
1.07714
0.467417
1.2492
0.883452
1.11383
