0.114123
0.134697
0.189575
0.180783
0.183849
1.31048
0.159874
0.288295
0.129607
0.113094
0.182548
0.218099
0.202105
0.175771
0.195537
0.193064
1.14616
0.126477
0.170663
1.25902
0.219091
0.12104
0.20088
0.192489
0.0842995
0.158713
0.186634
0.237421
0.29354
0.608112
0.11594
0.847706
0.00931442
0.152878
0.137627
0.339086
0.166201
0.279352
0.343011
0.879365
0.492884
0.0806471
0.278374
0.83549
0.772518
0.873728
0.112683
0.357992
0.863791
0.323562
0.127633
0.810296
0.31516
0.136412
0.228459
1.00509
0.100504
0.426952
0.197553
0.243607
0.162773
0.351182
0.896999
0.373084
0.243724
0.250148
0.814548
0.142573
0.972423
0.133446
0.556322
0.198105
0.594735
0.260596
0.705913
0.140526
0.23599
0.161959
1.09929
0.079114
0.0973163
1.02804
0.542978
0.842925
0.257524
0.74602
0.238221
1.0232
0.515867
0.171275
0.29518
0.238614
0.144024
0.595797
0.685471
0.723229
0.0944908
0.178449
1.08144
1.26659
0.314927
0.227726
0.95893
0.0506604
0.923103
0.908898
0.220966
0.868778
0.456447
0.152005
0.247118
0.911197
0.205647
0.639245
0.172167
0.333699
0.308758
1.14966
0.318542
0.233984
0.844598
0.2753
1.00961
0.212813
0.615033
1.18372
0.295096
1.07847
0.254105
0.716729
1.03021
0.383661
0.236839
0.422108
0.237946
0.264551
1.18703
0.198242
0.180627
0.271389
0.626183
0.292593
0.40452
0.988345
1.21328
0.163799
0.409385
0.212242
1.28329
0.163235
0.410686
0.771559
1.26344
0.314495
0.196081
0.343567
1.27662
0.162344
0.199529
0.165377
0.265099
0.18577
0.227792
0.239313
0.127874
0.0184007
0.18312
0.235111
0.160961
1.27501
0.25667
0.133305
0.264522
1.32265
0.252989
0.172274
0.320663
0.221675
0.183201
0.167735
1.42802
0.272415
0.313175
