0.215241
0.0751373
0.155518
0.190989
0.161554
0.160916
0.317729
0.17288
0.09689
0.128721
0.175425
0.171976
0.951197
0.0740897
0.256132
0.295805
1.22101
0.126138
0.112688
1.25116
0.20803
0.18872
0.318751
0.1298
0.302567
0.19997
0.122703
0.266056
0.15719
0.194023
0.0566233
0.0439802
0.0717732
0.143465
0.233005
0.282202
0.167237
0.125504
0.190709
0.196205
0.178253
0.384959
0.171523
0.998438
0.354939
1.21002
0.0705999
0.146913
0.125956
0.138407
0.336754
0.255398
0.208848
0.234253
1.18677
0.881337
0.138773
1.21152
0.666562
0.46444
0.400568
0.22055
0.227476
0.142033
0.946215
0.202835
0.141551
0.243951
0.337759
0.593056
0.628144
0.240144
1.22863
0.274077
0.144115
0.540792
0.849862
1.37667
0.315007
0.0859796
0.102997
1.2544
0.125186
0.246181
0.341094
0.182978
1.46304
0.172537
0.728002
1.22097
0.12162
0.296376
0.260781
1.1342
0.245689
0.311344
0.587208
0.222065
0.549044
0.326876
1.14453
1.18921
0.0703274
0.16227
1.15112
0.219121
0.194535
0.108777
0.0757084
0.269091
1.18116
0.276446
0.339707
0.822909
0.182566
1.1218
0.189928
0.078726
0.225964
0.302284
0.898557
0.248438
0.0699974
0.617471
0.275702
0.234056
0.318173
0.617576
0.205132
0.100513
0.998021
0.954167
0.173545
0.2107
0.267324
1.01028
0.314919
0.263715
0.653588
0.117192
0.935469
0.0829857
1.29921
0.472968
0.167195
1.0132
0.955043
0.147961
0.421599
0.337508
0.187117
0.0899946
0.362291
0.294606
1.21815
1.2132
0.0410312
0.139175
0.116649
1.37244
0.0776837
0.383842
0.716082
0.670598
0.0986313
1.06229
0.24014
0.194062
0.262433
0.174826
0.315112
1.12041
0.413563
0.123699
1.35296
0.0520649
0.234169
0.225328
0.268342
1.07294
0.238199
0.198706
0.193534
0.145386
0.155506
0.235013
0.232383
1.30125
0.199037
0.202503
0.136454
0.214934
0.157724
0.2178
0.218321
0.2608
0.21941
0.16655
0.261484
1.43857
0.368853
0.151692
0.28851
0.385217
0.15595
0.207784
0.197082
0.233896
0.166541
0.238737
0.299966
0.145286
0.26461
0.10001
