0.10499
0.159228
0.275506
0.264113
0.135372
0.142962
0.249483
0.14593
0.10853
0.272881
0.219042
0.168578
0.180972
0.279698
0.107524
0.132833
0.161296
0.0706832
1.08725
0.288356
0.185269
0.291313
0.962358
0.0871683
0.341773
0.351629
0.142902
0.247923
0.204337
0.127763
0.293344
0.0569261
0.1732
0.282588
0.167062
0.248801
1.061
0.193279
0.201068
0.290552
1.31312
0.212559
1.03289
0.211944
0.192173
0.223006
0.329343
0.153299
0.141823
0.669088
0.123227
0.175033
0.285534
0.192919
0.117813
0.395635
0.14048
1.20431
0.33244
0.52768
0.074543
0.429292
0.192815
0.80069
1.20699
0.0193342
0.228805
0.437407
1.34027
0.68448
0.36258
0.143186
0.080183
0.235292
0.196569
0.761552
1.3623
1.20209
0.128073
0.276531
1.11356
0.0930085
0.187477
0.286062
0.581985
1.24681
0.0753741
0.141982
0.99754
0.456164
0.276062
0.267209
0.191001
1.29918
1.07028
0.167299
0.172562
0.17498
0.221371
0.131087
0.756482
1.14064
0.10032
0.0469801
1.28013
0.248017
1.12954
0.081827
0.202398
0.722469
0.414861
0.996076
0.421902
0.187544
0.189686
0.2212
0.077774
0.162689
0.120383
0.156388
0.178901
0.820804
1.15944
0.188362
0.245516
0.163991
0.992128
0.948145
0.260322
0.535034
0.229506
0.248327
0.113185
0.186462
1.09869
0.540905
0.806325
0.264586
1.15559
1.28914
0.262749
0.156731
0.25929
0.0635297
0.793214
0.385081
0.275899
0.20433
0.162836
0.128404
1.12917
0.653289
0.252617
1.24969
0.8445
0.56763
0.241875
0.0302027
0.372628
0.0881867
0.172659
0.941979
1.05462
0.266397
1.13137
0.12696
0.181108
0.121858
1.39379
0.125417
0.184753
0.23536
0.461486
0.361599
1.26045
0.129706
0.0112342
0.245736
0.218374
0.172002
1.49794
0.258963
0.174089
0.305756
1.21701
0.147812
0.242646
0.256377
0.287798
0.252387
0.141172
0.180174
0.221048
0.188498
0.197954
0.187339
0.187954
1.47207
0.213423
1.53532
0.213683
0.156825
0.145252
0.212565
0.264009
0.208208
0.23655
0.407511
0.149225
0.141714
0.230886
0.206102
0.193298
0.451732
0.13663
