0.301842
0.415917
0.405407
0.177438
0.380386
0.309594
0.440324
0.298152
0.334391
1.18845
0.322484
0.261604
0.300084
0.275563
0.293992
0.54689
0.334247
0.314759
0.374112
0.234862
0.348645
1.38063
0.263159
0.3321
0.209228
0.244381
0.107266
0.169393
0.343451
0.279713
0.250948
0.267529
0.130031
0.319856
0.335949
0.2888
0.17373
0.28668
0.287207
0.234083
0.224382
0.173355
1.33824
0.278688
0.220169
1.25638
1.45442
0.153759
0.312976
0.247438
0.177844
0.305457
0.685833
0.849306
0.310991
0.374884
0.277968
0.247151
0.223746
1.18669
0.304491
0.391801
0.248676
0.373729
1.25305
1.39964
0.42512
1.18956
0.0834097
0.466191
0.219842
0.315167
0.263188
0.344287
0.29792
0.375315
0.873448
0.256891
1.20251
0.524136
0.319829
0.13117
1.56721
0.460042
0.567338
0.173484
1.26913
0.293202
0.263088
0.364756
1.002
0.201715
0.700096
0.283552
1.29176
0.387721
1.27621
0.501526
0.186111
0.193907
0.267164
0.323063
1.52849
0.236359
0.33554
0.608985
1.06704
0.751519
0.413948
0.866669
1.0867
0.323019
0.194117
0.559667
0.220893
0.232889
1.27999
1.17457
0.136436
0.357654
0.17736
0.2109
0.630793
0.205164
1.46694
0.835137
0.273087
0.934253
1.03624
0.581113
0.134765
0.295445
0.209499
0.43584
0.194517
0.15109
0.21969
1.04737
0.310772
0.437688
0.746099
0.202419
0.261792
0.240083
0.328451
0.294478
1.39081
1.15337
0.199136
0.370688
0.956747
0.297823
0.419923
0.335131
1.37067
0.629865
1.01186
0.271705
0.228058
0.66832
0.282711
1.16699
0.340979
0.241448
0.20826
0.466352
0.236347
0.467839
1.17457
1.05365
0.250208
0.428134
0.342723
0.0782415
0.22299
0.471532
0.162278
0.191578
1.06184
0.159411
1.23659
0.305931
0.317089
0.33015
0.250658
0.384747
0.167668
0.165025
0.197828
0.423258
0.232915
0.364832
0.247627
0.0683005
1.37574
1.56678
0.408115
0.0481515
0.22904
0.25377
0.243435
0.219371
0.448824
0.38509
0.204095
0.215554
0.225912
0.244478
0.168943
0.200262
0.238841
0.238546
0.291891
0.254757
0.522069
0.338787
0.275524
0.270502
0.385101
0.174452
