0.130662
0.126364
1.14847
0.135392
0.310609
0.165728
0.286
0.0848604
0.289111
0.212895
1.00395
0.223617
0.174505
0.254014
0.363868
0.0905439
0.28999
1.12426
0.251141
0.130157
0.198637
0.667431
0.161175
0.861162
0.981263
0.271281
0.995154
0.0685564
0.110072
0.319337
0.434105
0.265021
0.0957164
0.97136
0.230228
0.7432
0.8295
0.401544
0.190765
0.97941
0.172799
0.265851
0.204515
0.238901
0.828919
0.295667
1.19952
0.584717
1.04017
1.05315
0.295386
0.249728
0.505715
0.988207
0.146471
0.836286
0.257473
0.173445
0.158804
0.656922
1.09277
0.972053
0.29609
0.0878332
0.108545
0.204008
1.05722
0.319345
0.648273
0.178038
1.18969
0.0353774
0.775042
0.336756
0.224297
0.249692
1.12063
0.891945
0.513436
0.204035
0.168987
0.93759
0.105856
0.477099
0.0982564
0.386405
0.15262
0.912492
0.506127
0.671214
0.940801
0.548718
0.19121
1.10169
0.265905
0.182382
0.788643
0.140597
0.292588
0.885507
0.492465
1.07461
0.741791
0.401286
0.273956
0.25243
0.936676
0.517492
0.894507
0.90524
0.336247
0.187158
1.03395
0.105897
0.312753
0.870887
1.31946
0.182433
0.412533
0.581961
0.0956041
0.293985
0.0405435
0.480702
1.06568
0.142553
0.256805
0.997825
0.192228
1.11986
0.138203
0.167477
1.07369
0.290583
0.476003
0.19783
0.182783
1.26066
0.824802
0.126193
0.180044
1.14861
0.265544
