0.305251
0.300218
0.973272
0.252816
0.227193
0.345593
0.370089
0.302246
0.18669
0.199237
0.224661
0.25412
0.202485
0.309473
0.286161
0.139925
0.259876
0.137689
0.453239
0.278785
1.01324
0.152005
0.186076
0.185584
0.0973045
0.250421
0.253586
0.87041
0.803879
0.0566883
0.274933
0.794118
1.15866
0.97572
0.94481
0.231877
0.271333
0.25069
0.327275
0.0683067
0.216043
0.357268
0.382818
0.633017
0.823409
0.0374567
0.446047
0.916893
1.32626
0.917413
0.225879
0.137808
0.222823
0.232204
0.188791
0.263396
0.393451
0.313496
0.26113
0.906456
0.0955205
0.3962
0.913526
0.203038
0.531365
0.162854
0.93442
0.144513
0.0750702
1.0007
0.308837
0.0416934
0.0251383
0.323878
0.924826
0.82286
0.531771
0.437901
0.330857
0.393893
0.170911
1.01141
0.192815
0.375965
1.02546
0.40465
0.942971
0.24207
0.855801
0.22064
1.0472
1.13088
0.764803
0.694352
0.914575
0.128117
0.211412
0.283193
0.107486
0.294456
0.786937
0.132536
0.232748
0.671837
0.932686
1.07176
0.197651
0.264012
0.47291
0.853803
0.837686
1.38453
0.15415
0.228519
1.33789
0.398018
0.172993
0.654682
0.961647
0.0758024
1.07285
0.278771
0.189734
0.300692
0.253549
0.22717
0.975973
0.277818
0.60367
0.263762
1.30881
0.0947407
0.212736
1.21203
0.272509
0.190916
0.27991
0.80136
0.102266
0.885047
0.121381
0.966096
0.267874
0.0859377
0.206673
0.15642
0.206067
0.262728
0.23859
1.37343
0.14318
0.984986
0.154428
0.173209
0.174345
0.0762428
0.0421457
1.15904
0.120793
0.205657
0.254199
0.241687
