0.180696
0.375105
0.158087
0.329859
0.299348
0.323836
0.288392
0.423488
1.49357
0.164255
0.159984
0.20953
0.221871
0.169669
0.138295
0.121495
0.427575
0.282676
1.31959
0.35423
0.384391
0.158644
0.213095
0.261476
0.257402
0.0704852
0.215646
0.218737
0.223552
0.353596
0.258741
0.147387
0.268962
0.248191
0.223144
0.159661
0.329469
1.66281
0.29964
0.261977
0.241184
0.40693
0.208506
0.197982
0.218638
1.27582
0.276365
0.181832
0.252677
0.157059
0.28324
1.18395
1.11481
0.243413
0.205017
1.23897
0.147023
0.96637
0.296222
0.22854
0.338268
0.817286
0.299219
0.259462
0.28737
0.296216
0.37083
0.257975
0.753907
0.196851
1.36005
0.151192
0.219945
1.4736
0.296127
1.25815
0.257533
1.04962
0.492706
0.282556
0.302057
0.798399
1.35639
0.0984124
1.19805
0.331153
0.173673
0.3176
0.807075
0.174807
0.179363
0.280963
0.337057
0.119835
1.1498
0.237295
0.290507
0.605157
1.22679
0.263535
0.181294
0.188428
0.292583
0.267475
0.305858
1.23957
1.51951
0.211447
0.505198
0.861899
1.14401
0.589292
0.337023
0.22462
0.263507
0.930608
0.15853
0.383617
0.236501
0.133164
0.40026
0.22002
1.20121
0.566168
0.256299
0.462048
0.274339
0.953195
1.28004
0.172988
0.603853
0.193268
0.175589
0.238457
1.30424
0.200168
0.658144
1.31848
0.293045
1.06384
0.345428
1.16129
0.424665
0.974388
0.201071
0.246944
0.29082
0.200671
0.786366
0.427693
0.448232
1.13806
0.433933
1.28019
0.205888
0.550255
0.349457
0.324145
0.403686
0.829064
0.962578
0.32769
0.254956
0.212176
0.553909
0.20082
1.02234
0.209201
0.956344
1.13342
1.14632
0.377281
0.235623
0.343018
0.418959
0.274476
0.292013
0.473008
0.319241
0.184348
0.174227
0.171885
0.29653
0.943523
0.399616
0.169013
0.171457
0.389985
0.459111
1.14991
0.283419
0.248336
1.254
0.23693
0.266126
0.262083
0.21318
0.220147
0.173991
0.22113
1.18097
0.282202
0.406097
0.481787
0.426315
0.276347
0.229428
0.161709
0.227398
0.41141
0.196831
0.127994
0.196577
0.522572
0.264339
0.224004
0.163376
0.206826
0.259994
0.200029
0.150907
0.306001
