0.463958
0.161572
0.201927
0.182784
0.885359
0.152226
0.154706
0.127492
0.156739
0.20075
0.189649
0.201599
0.254664
1.00713
0.261109
0.157423
0.269337
0.943482
0.258212
0.928022
0.184964
0.0817038
0.663652
0.0478571
0.27619
0.298518
1.0393
0.266306
0.173977
0.100882
0.150812
0.979822
0.309319
0.318603
0.467733
1.13528
0.824036
0.0747298
1.00613
0.307604
0.18226
0.95918
0.220595
0.216383
0.396062
0.985637
0.413031
0.40648
1.1477
1.11473
0.754477
0.254881
0.253428
0.273413
1.08185
0.29143
0.782807
0.51362
0.999115
0.116512
1.05649
0.191775
0.11033
0.173018
0.373018
0.140328
0.115812
0.647794
0.176544
1.17805
0.948846
0.178098
0.954734
0.15091
0.343012
0.445145
0.244006
0.906381
0.242312
0.222359
0.214142
0.523533
0.749737
0.147506
0.595621
0.900146
0.150508
0.725562
0.289317
0.269242
1.23549
0.0834374
0.912403
1.01695
0.145349
0.595191
0.763572
0.653908
0.470854
0.115549
0.168456
0.947712
0.87519
0.606557
0.187864
0.162053
0.199268
0.967462
0.200936
0.254827
1.08321
0.571841
0.645994
0.877002
0.982652
0.0811211
0.271023
0.897623
0.728983
0.490086
0.244391
0.296504
0.248078
0.273813
0.295711
1.0645
0.426403
0.286217
0.146967
0.235846
0.20361
1.07117
0.216193
1.02747
1.08064
0.269705
1.0182
0.313207
1.24534
1.08795
0.446606
