0.519916
0.369815
0.274079
0.213327
0.40662
0.268013
0.322062
0.379022
0.30037
0.404731
0.296339
0.235223
0.539127
0.515011
1.15533
0.249763
0.338121
0.365668
0.292537
0.233182
0.376682
0.272289
0.261913
0.308479
1.65649
0.204523
0.120055
0.212973
0.369762
0.253214
0.316207
1.2465
0.243604
0.32399
0.300639
0.278305
0.27172
0.190333
0.323061
0.242688
0.291987
0.222819
0.31552
0.356192
0.230714
0.347172
1.28621
0.587135
0.341519
0.301897
0.187265
1.39689
0.219486
0.918289
0.2849
1.46056
0.365245
0.237917
0.209575
0.253875
0.280482
0.292732
1.18242
0.449566
1.49424
1.31007
0.408174
0.993653
1.22967
0.197654
0.337039
0.409384
0.290571
0.236285
0.318414
0.185759
0.27749
0.312187
0.302584
0.440635
0.758798
0.308808
0.458362
1.15664
0.201806
0.180353
1.24738
1.50405
0.325802
1.00425
0.248362
0.312338
0.403149
0.758603
0.252005
0.287486
0.47983
1.31907
0.19222
1.30216
0.261247
0.319456
0.256392
0.57688
0.208527
1.05189
0.983691
0.664574
0.250912
0.814646
0.310816
0.149314
1.46945
0.235013
0.311338
1.33363
0.302685
0.19381
0.288227
0.630751
0.319615
0.542505
0.300628
1.15409
0.732315
1.02588
0.155994
0.194902
0.259571
0.93561
0.327078
0.288347
1.43523
0.273629
0.491378
0.403578
0.295719
0.209197
0.20318
0.419103
0.162967
1.08782
0.615769
0.206439
0.276855
1.05191
0.253729
0.289057
1.43771
0.263407
0.780565
0.236329
0.39792
0.38835
1.29802
0.986634
0.341604
0.520261
0.28569
0.266799
0.356686
1.24898
0.394157
0.57633
0.229027
0.304845
0.937642
1.15246
0.441408
0.277779
0.308067
0.18328
1.03312
0.411544
0.296208
0.238768
0.244592
0.175484
0.256275
0.269645
1.22246
0.188715
0.290724
0.272461
0.20732
0.330553
0.214022
0.165331
0.344404
0.197957
0.327653
1.35764
0.277867
0.127956
0.10521
1.58922
0.359003
0.313322
0.2642
0.375125
0.293169
0.261361
0.253446
0.248431
0.157914
0.274529
0.318184
0.147436
0.253456
0.202624
0.285665
0.183367
0.132646
0.242032
0.152714
0.253276
0.412356
0.255471
0.203704
0.386432
