0.0498843
0.203106
0.190483
0.0869954
0.23103
0.234507
0.14282
0.154537
0.247635
0.207144
0.105735
0.174458
0.225851
0.103217
0.147677
0.278523
0.215012
0.194767
0.236578
0.111896
0.191203
0.178479
1.04638
0.219947
0.233149
0.173263
0.282639
0.180022
0.180609
0.27471
1.16901
0.163757
0.088153
0.230237
0.271418
0.264855
0.207196
0.257486
0.844353
0.127142
0.171137
0.198971
0.182592
0.440873
0.897736
1.05868
0.2786
0.165602
0.42984
0.350683
0.401076
0.154629
0.208844
0.796428
1.28579
0.291187
0.149598
0.583595
0.25023
0.962018
1.0087
1.33506
0.298397
0.915534
0.875863
0.15841
0.178824
0.0136338
0.280715
0.234252
0.255385
0.291047
0.24608
0.272028
0.849922
0.201533
0.132092
0.663508
0.333375
0.190228
0.213735
0.175937
0.607143
0.870484
0.896834
0.430012
1.05587
0.151219
0.288913
0.257027
0.428416
0.305428
0.691141
1.08445
0.109647
0.324195
1.15167
0.3506
0.449731
0.0661381
0.878538
0.839475
0.185045
0.985945
0.326899
0.999573
0.201648
0.357586
0.206984
0.20356
0.481844
0.0978265
0.174327
1.02884
0.641001
0.208573
1.16953
0.475798
0.212413
0.261197
0.162511
0.184682
0.719543
0.0871182
1.12461
0.140701
0.873584
0.111537
0.313055
0.968105
0.185794
0.424985
0.573976
0.24929
0.114042
0.152888
0.200521
1.26208
0.254097
1.1452
0.250247
0.263538
0.679481
1.09293
0.32605
0.280795
0.174002
0.176274
0.668546
0.150466
0.977365
0.537114
0.179797
0.240079
0.16349
1.06061
0.075006
0.24864
0.818574
0.212607
0.418727
0.556151
0.164818
0.23606
0.535897
0.266502
0.149807
0.195656
0.0344182
0.294681
0.156344
0.23809
1.10708
0.383308
1.0469
0.23741
0.183046
0.105603
0.157135
0.249924
1.13969
0.365092
0.174124
0.155149
0.303979
0.243478
0.268726
0.194348
0.380088
0.106663
0.159189
0.263388
0.0843673
0.21811
1.24818
0.146782
0.267544
0.291333
0.111106
0.113309
0.233377
0.272522
