0.225101
0.067623
0.179001
0.113235
0.0329848
0.0284804
0.188031
0.253043
0.0289136
0.251798
0.404285
0.26326
0.238821
0.0087869
0.208121
0.24804
0.141022
0.116712
0.250687
0.195319
0.0444596
0.142337
0.152522
0.055235
0.00609262
0.0991268
0.392789
0.0868275
0.271567
0.163742
0.206183
0.217581
0.0388734
0.0275576
0.498108
0.131968
0.341464
0.650049
0.0784694
0.553928
0.209888
1.18922
0.138089
0.0604675
0.0318862
0.125242
0.206015
0.126802
0.482303
0.389176
0.0889983
0.564466
0.172143
0.0613952
0.032791
1.60902
0.213825
0.423326
0.0435015
0.365689
0.419412
0.410467
0.0911659
1.17845
0.11119
0.0932788
0.142582
0.0417946
1.41707
0.024033
0.0985644
0.099876
0.12576
0.512761
0.276276
0.17662
0.74054
0.279109
0.0696919
0.103186
0.367941
0.159689
0.0464466
0.193797
1.09037
0.317332
0.316253
0.543956
0.283272
0.2575
0.219981
0.0669806
0.0856381
0.0709522
0.422336
0.470728
1.17894
0.276194
0.0502334
0.0561636
0.340797
0.0312967
0.626245
0.161871
0.302558
0.362027
0.0577004
0.110736
1.03462
0.618491
0.0875473
0.233661
0.163433
0.333154
0.530234
0.118052
0.176939
0.284838
0.189383
0.255361
0.064009
0.0575122
0.286686
0.21453
0.127148
0.0134647
0.309272
0.280564
0.208603
0.438944
0.398004
0.0337843
0.186121
0.146246
0.0923416
0.0142139
0.0916813
0.0480205
0.100094
0.30133
0.209833
0.119194
0.283875
0.235367
0.0750773
0.131578
0.148536
0.233122
0.0645516
