0.442182
0.323434
0.451905
0.236035
0.266927
0.220013
0.344153
0.460348
0.264756
0.356152
0.51672
0.311894
0.385984
0.302909
0.382701
0.497618
0.247931
0.202732
0.336107
0.320485
0.257432
1.51488
0.364764
0.706547
0.363917
0.411151
0.341861
1.59938
0.452002
0.466717
1.65215
0.538421
0.468457
0.359152
0.347648
0.30998
0.447197
1.59448
0.514223
1.86779
0.358101
0.344837
0.424321
0.394217
0.626399
0.927375
0.466742
1.24718
0.354279
0.185604
0.381319
0.569835
1.61774
0.426781
0.670513
0.678434
0.347036
0.937829
0.366229
0.554901
0.294837
0.314803
0.290951
1.42272
0.361623
0.347104
1.74715
0.478207
0.904996
1.15923
0.209261
0.534291
1.66566
0.403719
0.508981
0.551846
1.47396
0.404663
0.42189
0.605674
0.68506
0.471212
0.8841
1.0796
0.327236
0.503197
0.29614
1.23324
1.51461
1.98878
0.566864
0.577596
0.617628
0.144352
1.72799
0.366185
1.49939
0.74795
0.250701
0.302462
0.434228
0.590106
0.45669
0.285373
0.679977
0.966967
0.206869
0.556419
0.356495
0.879311
1.66439
0.325245
0.292797
1.934
0.331525
1.82967
1.4717
0.394879
1.1053
0.633986
0.455818
0.325645
0.605344
0.315463
0.49889
0.289143
0.484061
1.16436
0.700714
0.734355
0.395463
0.503403
0.29905
0.420082
0.403315
0.313577
0.890156
1.9239
0.308771
0.505209
0.286892
1.60918
0.47127
1.21148
0.350157
0.48663
0.74989
1.51446
0.204273
0.381069
0.35465
1.43982
0.294576
0.433112
0.48137
0.38865
0.491398
0.349716
0.323203
0.346548
0.271927
0.345505
0.335485
0.377892
0.40299
0.333019
0.231665
0.49667
0.252241
0.272681
0.372723
0.352329
0.392428
0.358831
0.400861
0.411636
0.121916
0.329953
0.463127
0.409014
0.324656
0.431695
0.134437
0.305651
0.172997
0.241487
0.314269
0.287751
0.535762
