0.320117
0.306556
0.247239
0.345786
0.408246
0.441558
0.19296
0.259919
0.322042
0.358079
0.295431
0.52053
0.471267
0.5073
0.251223
0.568511
0.291389
0.223822
0.527117
0.406896
0.229832
0.384815
0.400965
0.291038
0.722818
0.376872
0.427727
0.469359
0.332822
0.533161
1.67882
0.392711
0.418329
1.93637
0.355074
0.317437
0.666497
1.48309
0.41182
0.347971
1.57331
1.53268
0.496612
0.43121
0.275564
0.38818
0.871192
0.349368
1.83436
0.36706
0.403308
0.539864
0.319199
1.14458
0.656318
0.4104
0.325608
0.383441
1.63258
1.14421
0.478064
0.42739
0.219962
0.359429
0.640841
0.311529
0.582323
0.464239
0.474383
0.871949
0.316193
0.422501
0.376392
1.36534
1.73111
0.587995
0.432394
0.314752
1.66508
0.343264
0.392718
1.9271
0.963626
0.646762
0.79968
0.387681
0.270597
1.02359
1.43499
0.543119
0.605356
0.384771
0.631631
1.82072
0.450836
0.65213
0.48109
1.92215
0.296161
0.352682
1.37056
0.500023
1.01667
0.551702
0.159073
0.436248
0.622319
0.423795
0.307033
2.0074
1.64
0.818501
1.34319
0.314743
0.56151
0.344372
1.84711
0.283344
0.596143
0.367433
0.880884
1.09159
1.83254
0.308321
0.536212
0.490626
0.429679
0.425638
0.339058
0.318451
0.685825
0.573144
0.597776
0.51206
0.385169
0.419379
0.680007
1.0018
1.59379
0.347253
0.397704
1.35682
1.83502
0.391242
0.478822
0.377172
0.430202
1.6232
0.362677
0.380238
0.388617
0.660141
0.399004
0.348065
0.443768
0.371674
0.359509
0.343758
0.412099
0.420757
0.36463
0.358183
0.395038
0.436084
0.654722
0.21453
0.451201
0.324679
0.252873
0.448669
0.496679
0.381989
0.235057
0.215186
0.426118
0.40226
0.398652
0.166652
0.449203
0.479901
0.295827
0.406531
0.144361
0.436171
0.352029
0.213959
0.380492
