1.27964
0.321771
1.16587
0.362576
1.05934
0.213822
0.171792
0.309556
0.94116
1.01487
0.887358
0.322564
0.378269
0.374842
0.304331
0.394154
0.907299
0.344096
0.703104
1.17512
1.005
1.04361
0.863147
0.392442
0.594257
1.05731
0.22051
0.485247
0.614366
0.351689
0.997386
0.735455
0.970993
0.989639
1.13726
0.528006
0.608803
0.670437
0.578139
0.412607
0.348184
0.349711
0.941786
0.989071
0.931637
0.913007
0.550411
0.959751
0.556621
0.950369
0.778369
0.420852
0.856846
0.807761
1.04353
0.894681
1.01007
0.450067
0.454507
1.0647
0.880888
0.893846
0.743422
0.334465
0.790109
0.895863
0.920529
0.495694
0.476134
0.710363
1.02257
0.974236
1.00548
1.06855
0.507
1.10149
1.0496
1.03104
