0.151488
0.27014
0.244725
0.24152
0.126103
0.176576
0.136383
0.258335
0.136363
0.133577
0.243873
0.185675
0.165509
1.26179
0.258899
0.159459
0.298619
0.256801
0.289093
1.12366
0.184807
0.153655
0.247952
0.205792
0.210891
0.290657
0.925312
0.204402
0.127065
0.115379
0.876456
0.225004
0.389757
0.0186041
0.661876
0.302647
0.246354
0.115915
0.25898
0.21712
0.193279
0.635332
0.136119
0.222846
0.855807
0.0241986
0.69084
0.841548
1.17643
0.17077
0.793394
0.12868
0.214177
0.253113
0.478994
0.295934
0.363264
0.0817168
0.218459
0.223328
0.72617
0.168198
0.264085
0.908502
0.161183
0.13451
0.0809255
0.121794
0.536688
0.82562
0.710108
0.913234
0.399878
0.271459
0.244854
0.888142
0.51706
0.581754
0.236535
0.111847
1.13924
0.249555
0.227262
0.695033
0.538697
0.639749
1.1022
1.31151
0.976963
0.0856444
0.140305
0.15584
0.198061
0.539902
0.737098
0.732171
0.272697
0.198475
0.146366
1.04634
0.2141
0.290417
0.980877
0.129032
0.908154
0.142178
0.317991
0.420057
0.830321
1.26221
0.156952
0.881619
0.220444
0.180628
0.290779
0.615895
0.879467
0.201699
1.11084
0.343355
0.254544
0.954771
0.948911
0.0557664
0.303882
0.302271
0.480288
1.00439
0.167329
0.614076
0.327478
1.29657
0.0894474
1.09859
0.227693
0.314809
0.210119
0.405985
0.196538
1.1342
0.247242
0.221895
1.08244
0.240849
0.452182
0.392841
1.09095
1.17016
0.150693
0.247909
0.163277
0.267163
0.31386
0.722736
1.26568
0.436016
0.138593
1.21002
0.0991098
0.210593
0.347438
0.280975
0.247623
0.253464
1.2172
0.283142
0.239633
0.272858
0.209763
0.127991
0.259987
0.084094
0.29122
0.324301
1.23404
0.272644
0.295271
1.21725
0.226942
1.40452
0.147583
0.24368
0.11075
0.230816
0.0808158
0.190192
