0.230219
0.287092
0.33378
1.09992
0.548166
0.195088
0.189782
0.191493
0.424459
1.08443
1.10916
0.29065
0.361016
0.113643
0.175736
0.338876
0.964414
0.178923
0.158076
0.300596
0.956357
0.936716
1.11579
0.607872
0.216979
0.830037
0.420228
0.399889
0.940053
0.206915
0.377499
0.268378
0.0480749
0.094528
0.310298
0.863574
0.725705
0.613705
0.712495
0.835806
0.797535
0.373823
0.302789
0.445225
1.07834
0.694964
0.544015
0.322438
1.17007
0.164283
0.791259
0.751732
0.206908
0.355871
0.208633
1.12821
0.455524
0.0483878
0.539001
0.759375
0.992914
0.240312
0.489593
0.0757368
0.833495
0.40302
0.32829
0.475549
0.195375
0.717825
0.859908
0.110238
0.943737
0.954264
0.264992
0.367034
0.803319
0.96768
0.675422
0.44
0.745043
0.382562
0.49623
1.06059
0.253553
0.339978
0.396676
0.369756
1.00675
0.411643
0.336553
1.02993
0.612821
0.695818
0.975954
1.02034
0.550435
0.470498
0.210529
0.450556
1.00102
0.986266
0.67948
0.27338
0.883789
0.894185
0.731931
0.975905
0.333211
1.05235
0.332971
0.415181
0.309593
1.04105
1.03647
0.22648
