0.177722
0.265701
0.246308
0.267777
0.179135
0.241653
1.22868
0.143096
1.0422
0.226604
0.320293
0.323889
0.235215
0.0997257
0.334583
1.07569
0.0798342
0.253351
0.268575
0.407292
1.01618
1.21858
0.333801
0.254928
0.499771
1.03504
0.519204
0.890002
0.0705526
0.818616
0.540926
0.263347
0.668586
0.190776
0.80262
0.174745
0.406216
0.251407
1.00047
0.275874
0.957036
1.07812
1.16861
0.677567
0.288703
0.742127
0.467507
0.21814
0.652348
0.188689
0.212964
0.262377
0.620652
0.992959
0.0995093
0.537617
0.12527
1.05109
0.705162
0.218675
0.264913
0.773175
0.310643
1.10176
0.453838
0.809448
0.0966762
1.07042
0.373745
0.111078
0.518884
0.962123
0.319688
0.226773
0.816713
0.0976839
0.76569
0.28285
0.371069
1.05156
0.411228
0.271043
0.772296
0.663317
1.32744
1.0015
0.303658
0.191804
0.426993
0.192389
0.355433
0.414298
1.03345
0.424614
0.901818
0.838082
0.686169
0.425389
0.989358
0.0972263
1.02844
0.0972782
0.633618
0.249152
0.266117
0.513066
1.00194
0.468896
0.764727
0.873038
0.28664
0.74122
1.1426
0.204343
0.323834
0.297614
0.888843
0.25191
1.12553
1.26763
0.214386
