0.356788
0.281233
1.95932
0.241958
0.413243
0.343663
0.331482
0.311379
0.283697
0.32572
0.256117
0.412944
0.289592
0.402596
0.31349
0.507774
0.302058
0.435615
0.333637
0.303007
0.319615
0.352082
0.282119
0.360882
0.298063
0.254593
0.205684
0.360474
0.488692
0.330791
0.399686
0.245275
0.431047
0.352891
0.272828
0.20052
1.31975
1.34251
0.330984
0.218302
0.358378
0.146067
0.360824
0.304966
0.625462
0.487523
0.362774
0.219185
0.372902
0.242964
1.37339
0.24865
1.31043
0.617063
1.52268
0.376279
0.796069
1.56758
0.36944
0.214153
0.290686
0.482781
0.289154
0.439355
1.1152
0.205267
1.45633
0.502129
0.510769
0.507863
0.364822
1.41351
1.27441
0.318275
0.408821
0.786108
0.33277
0.332591
1.10841
0.583996
0.445856
0.544346
1.43017
0.302692
0.361861
1.40034
1.38607
0.294112
0.440615
1.3192
0.503897
0.260958
0.383353
0.433159
0.212346
0.389713
0.845872
0.360135
0.943448
0.371
0.368138
0.404814
0.219464
0.519238
1.06202
1.53812
0.21425
0.382873
0.435154
1.01599
0.615661
0.365358
0.268493
1.31965
0.659697
0.717325
0.256594
0.291365
0.54276
0.298012
0.339582
0.267598
0.417088
0.43672
0.498461
0.302551
1.6253
0.911669
0.234584
0.29159
1.59942
1.47741
0.493433
0.527371
0.796918
0.33744
0.217382
0.412642
0.563866
1.16621
0.370616
0.393026
0.291777
0.408509
0.824525
0.282807
1.29454
0.996204
0.260972
0.422902
0.382449
0.325453
0.243278
1.1766
0.514401
0.185109
0.341332
0.401831
0.334518
0.570389
0.198521
0.380412
0.251229
1.43763
0.292579
0.276441
1.3437
0.116529
0.37031
0.247161
0.398202
0.279847
0.33706
0.380526
0.227071
0.32723
0.257098
0.268045
1.21122
0.284503
0.266196
0.297727
0.294662
0.218111
0.189655
0.336713
0.41257
0.303309
0.232176
0.376937
0.311484
0.0985039
0.220635
0.183762
0.205697
0.443572
0.408318
0.184525
0.232495
0.388328
0.180096
0.189274
0.288627
0.166684
0.184792
