0.264336
0.237329
1.05959
0.244451
0.242215
0.122504
0.292015
0.170041
0.230064
0.137317
0.174611
0.190993
0.180988
0.192333
0.229516
0.252235
0.171172
0.118823
0.260987
0.112655
1.12406
0.274817
0.203909
0.254249
0.210225
1.11918
0.166486
0.220719
0.0325886
0.313088
0.191905
0.236047
0.152303
0.86354
0.292661
0.226737
0.192966
0.243863
0.274528
0.228108
1.01632
0.690521
0.246646
0.134112
0.870326
0.188148
0.553781
0.659615
0.377713
0.484545
0.235658
0.902067
1.02577
0.257941
0.226406
0.225678
0.204175
0.74222
0.311773
0.23227
0.261881
0.742503
1.00959
0.213316
0.3672
0.300473
0.134969
0.379282
0.237763
0.330687
0.572966
0.320511
1.0375
1.06985
0.863519
0.297149
1.05476
0.844915
0.615503
0.155406
0.314701
0.297627
0.1108
0.804231
0.840615
0.196087
0.257536
0.306061
0.308194
0.231624
0.135272
0.32294
0.84694
1.06193
0.202671
0.238507
0.730955
1.13842
0.0335962
0.112393
0.311247
0.340832
0.937609
0.422986
0.192045
0.229281
0.632655
0.975941
0.185
0.614058
0.158195
0.199203
0.35905
0.219953
1.11866
0.138992
1.08318
1.12938
0.225599
0.21566
0.608998
1.01785
0.369785
0.722946
0.274869
0.194221
0.817874
0.266635
0.880815
0.16239
0.192647
1.2722
0.621032
0.20021
0.521358
0.243508
0.407227
1.05506
0.281453
0.813743
0.125502
0.173969
0.215353
0.29642
0.959168
0.137877
0.139926
0.300225
1.09029
0.347241
0.208669
0.260427
0.359977
1.15533
0.658678
0.219462
1.01965
1.13312
0.152739
0.170328
0.733906
0.292207
0.18494
0.239208
0.239552
0.29104
0.294876
1.03231
0.0322014
0.137828
0.0952509
0.146252
0.257137
0.171131
0.201374
0.218182
0.201249
0.209358
1.19276
0.219447
0.201978
0.149373
0.179903
0.162788
0.0886673
0.118146
0.219874
0.344654
0.208609
0.337026
0.18177
0.0996598
0.291083
