0.179535
0.389114
0.241994
0.203197
0.209148
0.445198
0.215846
0.396842
0.46305
0.0470933
0.332047
0.236924
0.464733
0.265915
0.363749
0.457088
0.308526
0.23642
0.399789
0.400718
0.221058
0.305108
0.332638
0.245085
0.513181
0.367651
0.459954
0.381458
0.157548
0.365305
0.517601
0.304043
0.382971
0.272072
0.409197
0.411721
0.407541
0.433485
0.581782
0.322196
1.15011
1.6423
0.518591
1.57006
0.219995
0.649992
0.286788
0.489583
0.337946
0.359026
0.492865
0.662415
1.64607
0.290943
1.82414
0.613576
0.376498
0.276301
0.940496
1.51389
0.383755
0.280401
1.7014
0.381515
0.744128
0.533255
0.25264
0.430983
0.120278
1.954
0.304369
1.39948
0.663209
0.369542
1.23129
0.433698
0.668281
0.860321
0.345927
0.400936
0.567407
1.70254
0.340413
0.475069
1.56527
0.432966
1.03052
0.423763
0.329231
0.228546
1.9077
0.27531
0.348884
0.513044
1.75874
0.391649
1.32246
0.810554
1.09831
0.44344
0.482377
0.262246
0.415461
0.484858
0.56577
0.341419
0.394295
0.348126
1.60509
0.721214
0.51757
1.91272
0.477853
1.82259
0.720005
1.24618
0.201312
0.386541
0.531674
0.407759
0.875071
0.36319
0.444614
0.39745
0.364904
0.446877
1.44129
1.77116
0.408309
0.535047
0.332177
0.326473
0.500507
0.36724
0.33937
0.38795
0.402987
0.309139
0.447827
0.374651
0.424081
0.38384
0.313845
0.410453
0.628938
0.454543
0.253536
0.489935
0.625885
0.35854
0.386779
0.58991
0.429137
0.308851
0.399313
0.267423
0.293277
0.409796
0.33318
0.215114
0.374865
0.509425
0.358552
0.40783
0.340777
0.592716
