0.0831027
0.127292
0.238625
0.149064
0.0568469
0.149927
0.242726
0.133561
0.330727
0.145797
0.201461
0.253142
0.283248
0.202041
0.129679
1.15062
0.189011
0.48253
0.31867
0.152399
0.245519
0.276669
0.236709
0.188065
0.285255
0.299777
0.0749465
0.52475
1.30844
0.159221
0.175257
0.184112
0.188985
0.250542
0.0441325
0.176269
0.330249
0.879858
0.283776
0.24318
0.196564
0.147843
0.301504
1.41811
0.192101
0.207766
0.159345
1.00383
0.19234
0.486516
0.131434
0.261887
0.172171
1.05717
0.401681
0.385006
0.185391
0.318394
0.0430043
0.300209
0.973552
1.29093
0.0951516
0.246181
1.08312
0.0931904
0.16977
0.210188
0.210445
0.263233
0.53609
0.13435
1.11019
0.206631
1.38349
0.347564
0.175841
0.706448
0.171684
0.200473
0.289936
0.244384
0.232335
0.0857721
0.174855
1.01921
1.48037
1.16173
0.732042
0.42228
1.33949
0.235146
0.253247
0.209393
0.34357
0.695336
0.213665
0.196507
0.191857
0.0597522
0.552873
1.35135
0.217993
0.363868
0.0903127
1.12276
0.102667
0.297781
1.38067
0.127789
0.801523
0.273626
0.317704
0.260672
0.559323
0.141933
0.142166
0.254798
1.23026
0.924456
1.31047
0.150588
0.15047
1.25623
0.294532
0.452731
0.301738
1.07378
0.453188
0.224167
0.275501
0.127132
0.242074
0.279206
0.504144
1.28229
0.106274
1.11338
0.369963
1.48827
0.72444
1.02681
0.226394
1.19291
0.308098
0.444323
0.228572
1.38194
0.0948822
0.312515
0.292107
0.775667
0.240828
0.299132
1.15605
1.14281
0.252316
0.246987
0.634431
0.228442
0.112267
0.220753
0.328344
1.23124
1.11763
1.02272
0.318043
1.24829
0.223041
0.1518
0.250518
0.0824385
0.275787
0.235026
0.197679
0.224194
0.284718
1.13149
0.0757571
0.344497
0.249165
1.45041
0.188151
0.24864
0.171018
0.248791
0.248832
0.194911
0.202702
0.318006
0.213009
1.18264
0.158839
1.32818
0.276772
0.0948626
0.232237
0.174735
0.234078
0.213103
0.199136
0.187778
1.34606
0.131187
0.249055
0.261602
0.33084
0.186092
0.135606
0.248376
0.178303
0.276594
0.15156
0.387998
0.193734
0.200745
0.126816
0.289113
0.247448
0.353441
0.081885
