0.274009
1.10205
0.206557
0.227509
0.0533789
0.326127
1.22816
1.14466
0.178098
0.293489
0.236178
0.134466
0.83535
0.270594
0.171212
0.357282
0.822774
1.20847
0.786576
0.8951
0.263005
0.333781
0.729712
0.346705
0.717242
0.412683
0.240783
0.943476
0.38594
0.645433
0.921971
0.279903
0.873729
0.995026
0.937307
0.576913
0.821725
0.991915
0.958802
0.226319
0.433265
0.398075
0.289477
0.49289
0.98176
0.253735
0.58679
0.673971
1.01153
0.3921
0.642358
0.927037
0.63397
0.490734
0.379264
1.05305
0.38266
0.944893
0.783827
1.08911
0.725701
0.564156
0.927338
0.285151
0.427182
0.394245
0.611043
0.382337
0.946184
0.349421
0.912588
0.714924
1.02511
0.529972
1.00508
1.02338
0.382126
0.868297
0.916411
0.539283
0.415958
1.18728
0.373784
0.130672
0.897518
1.02994
1.10998
0.12907
0.951434
1.23609
0.92467
1.08937
0.459994
0.187244
1.18215
0.977298
1.15246
1.06643
0.363087
1.07371
1.22118
