0.245617
0.25202
0.263801
0.249604
0.302977
0.348962
1.18288
0.185045
0.174277
0.114006
0.17637
0.249648
1.02487
0.242567
0.131715
0.205993
0.206623
0.22041
0.171567
0.261473
0.982126
0.167927
0.310435
0.207145
0.346011
0.279311
0.939679
0.122321
0.273842
0.746382
0.782159
1.09973
0.0584002
0.293393
0.328096
0.115309
0.476574
0.910995
0.728979
0.137036
0.774263
0.380323
0.0652245
0.326576
0.207504
0.871549
0.136297
0.380475
0.967649
0.454602
0.630054
0.961832
0.935294
0.226612
0.153987
0.160843
0.964202
0.230529
0.408427
0.250912
0.898661
0.213651
0.227862
0.503965
0.0179457
0.96683
0.286492
0.192087
0.0424637
0.0521416
0.926081
1.09994
0.499864
0.126905
0.174332
0.954275
1.07856
1.20879
0.237169
0.664283
0.0910422
0.282866
0.570456
0.187036
0.218696
0.498117
1.09609
0.60752
0.133259
0.211452
0.938104
0.209278
0.854162
0.141884
0.654071
0.244081
0.961785
0.387288
0.253914
0.123019
1.15893
0.155733
0.270678
0.995626
1.00474
0.641933
1.39606
0.234824
0.23815
0.795419
0.245883
0.0883572
0.58806
0.237695
0.977075
0.795458
0.362812
0.274529
0.277686
0.335738
0.173101
0.322573
0.947914
0.237351
0.214054
1.1149
0.76573
0.242604
1.26328
0.347176
0.215817
0.496267
0.219356
1.06327
0.916152
0.980617
0.270995
0.16402
0.00329848
0.203659
0.144813
1.00147
0.12279
0.129378
1.03973
0.336382
0.309301
0.355937
0.11717
0.192156
0.118656
1.17053
0.215902
1.16365
0.325316
0.280885
