0.304472
0.259941
0.127443
0.245416
0.132619
0.187016
0.125104
0.247002
0.107217
0.291353
0.163102
0.210962
0.14737
0.0325347
0.186603
0.241341
0.156152
0.202882
0.29499
0.250416
0.266692
0.205599
0.332774
0.172046
0.21715
0.231399
1.39375
0.195988
0.227859
0.222489
0.328039
0.158447
0.289821
0.230622
1.14533
0.200044
0.0812096
0.226378
0.317815
0.265529
0.268862
0.818253
0.0997539
0.347521
0.184448
1.19652
0.219988
0.203579
0.175992
0.19499
1.06334
0.197761
1.48496
0.334505
0.154772
0.115241
0.830919
0.132163
0.180027
0.101049
0.288301
0.161052
1.37351
0.177293
0.921082
1.50359
0.0834447
0.253529
0.246275
0.30398
0.216399
0.372279
0.178814
0.644907
0.259836
1.08864
0.240641
0.175018
1.21138
1.15483
0.25109
0.189724
0.364631
0.217168
0.139361
0.174994
0.247015
1.05616
0.375828
0.474805
1.38973
0.190293
0.142115
0.708094
1.25055
0.266852
1.40247
0.361478
0.175673
0.111307
0.19196
0.273313
0.354627
0.365696
1.3091
0.140125
0.177688
0.823968
1.19923
0.403861
0.5283
1.13484
0.196868
0.982258
0.365553
0.142827
0.214081
0.464383
0.321318
1.37079
0.237281
0.132533
0.733631
1.24687
0.188721
0.252859
0.1537
0.23925
0.54736
0.182339
0.765487
1.36214
0.131536
1.17873
0.318311
0.199693
0.445061
0.211036
0.58911
1.21784
0.487316
0.28186
1.44587
0.320911
0.492838
0.114657
0.737466
1.21734
0.182003
0.123356
1.03258
0.844386
1.23136
1.00741
0.293116
0.241905
0.234022
0.561367
1.22002
0.281208
0.243952
0.21532
0.151601
0.235545
0.230836
0.924746
1.02147
1.26742
0.230366
0.404263
0.300987
0.33828
0.293459
1.08197
0.271872
0.526141
0.268302
0.5249
0.30536
0.243625
0.270107
0.199328
1.16761
1.04325
0.233665
0.27415
0.268513
0.24154
0.0586083
0.237293
0.48857
0.247507
0.189615
0.287759
0.278272
0.248054
1.041
0.298605
0.184087
1.04701
0.15898
0.151688
0.189806
0.269094
1.27602
0.355801
0.240406
0.174906
0.193876
0.178916
0.213477
0.241452
0.125164
0.198882
0.112971
0.0718856
0.179153
0.29358
0.250208
0.198581
0.207964
0.0728434
0.18475
0.254766
