0.162921
0.21778
1.25235
0.347334
0.204417
0.0951817
0.301773
0.19428
1.20126
0.216824
0.381288
0.277661
0.127582
0.216033
0.300306
0.145776
1.06803
0.213737
0.276182
0.290931
0.404149
0.336647
0.00512999
0.240777
0.281862
0.3088
1.10142
0.22469
1.22201
0.200457
0.213667
0.921936
0.0209753
0.356499
0.872755
0.221315
0.266184
0.355133
0.819456
0.22049
0.63007
0.851925
0.46978
0.118321
0.837633
0.171219
0.974233
0.343585
0.22561
0.0433036
0.218448
0.879166
0.217539
0.283842
0.231721
0.769654
0.148564
0.244663
0.953042
1.15658
0.0629093
0.779653
0.315987
0.148444
0.342828
0.181667
0.939031
0.184723
0.312861
0.778693
1.0391
0.584081
0.863743
0.226864
0.163369
0.853511
0.181675
0.181743
0.399972
0.131502
1.30929
0.857323
0.38569
0.26952
0.25296
0.242901
0.0570857
0.760161
1.16893
0.253413
0.0847216
0.281082
0.445508
0.967058
0.874823
0.386761
0.841021
0.100805
1.00526
0.182535
0.294619
1.17067
0.266712
1.31253
0.185529
0.881762
0.179464
0.754697
0.658982
1.06494
0.209512
0.189343
0.222636
0.736436
0.900164
0.237647
0.32357
0.391319
1.34871
0.225448
0.18154
0.851406
0.220113
1.08471
0.248796
0.407858
1.00982
0.63367
0.220331
0.25005
1.13033
0.264767
1.19936
0.263619
0.21878
0.9423
0.29098
1.19378
0.51329
0.869004
0.135233
0.775572
0.233915
0.0856695
0.152725
0.24197
0.150639
0.222137
0.192662
0.110795
1.29284
0.951988
0.0776203
0.274905
0.191623
0.247677
0.225054
0.17494
0.175833
1.34625
0.160199
1.1912
0.179575
0.138296
0.119417
0.153578
0.127598
0.267324
1.35668
0.381861
0.231957
