0.0925627
0.19369
0.191464
0.0705166
1.11604
0.303908
0.0948316
0.242147
0.281033
0.093652
0.182216
0.20085
0.292088
0.105448
1.17389
0.238204
1.13676
0.226705
0.294434
0.251259
0.0988589
0.121399
0.19573
0.00587442
0.381654
0.996206
0.382803
0.130592
0.738217
0.240085
0.351524
1.07296
0.320796
0.224905
0.54514
0.85521
0.0910406
0.154026
1.05802
0.722066
0.45093
0.902354
1.0774
0.304776
0.242789
0.400262
0.213619
0.350554
0.804273
0.126524
0.0429662
0.041931
0.10423
0.732145
0.170308
0.512143
0.202516
0.838498
0.155136
0.300268
0.506997
0.721535
0.808843
0.205186
0.518031
0.1544
0.151704
0.299756
0.850379
1.10958
0.254573
0.853346
0.989863
0.500455
0.347697
0.159021
0.295946
0.823379
0.0426096
0.139829
0.292932
0.856343
0.499995
1.12901
0.21296
0.084437
0.263462
0.0923977
0.105814
0.977758
0.241023
1.16673
0.270211
0.0994374
0.487644
0.66328
0.817752
0.146143
0.935164
0.271313
0.230284
1.07023
0.280203
1.10316
0.17774
1.0011
0.256225
0.531026
0.896844
0.171848
0.148807
1.29157
0.43878
0.571561
0.313823
0.930231
0.164922
1.22622
0.264075
1.12656
0.116389
0.246958
0.254355
0.653276
0.263534
1.01761
0.746271
0.205779
0.160118
0.313292
1.12242
0.532118
0.223835
1.20187
0.77228
0.187924
0.221717
0.692327
1.21344
0.209516
0.183294
0.331225
0.563455
0.145713
0.48298
0.186427
1.29931
0.292929
0.0982771
0.0497803
1.05762
0.249129
1.30681
0.204887
0.21928
0.184863
0.16402
1.08347
1.40062
0.240477
0.170246
0.370009
0.337743
0.196604
0.166068
0.171844
0.331944
0.186852
0.120334
0.179966
1.39577
0.259919
0.193146
0.397769
