0.231366
1.15044
0.215464
0.204931
0.180411
0.154571
0.091214
0.165668
0.297984
0.181507
0.312137
0.18536
0.243031
0.180539
0.112574
0.110021
1.05829
0.219897
0.199952
0.214915
0.227543
0.108677
0.21306
1.09668
0.266172
0.184531
0.344714
0.169005
0.149142
0.0971853
0.21725
0.954038
0.103995
0.200663
0.204889
0.298677
0.171398
0.188129
0.255243
1.07783
0.504257
0.818812
0.273668
0.230245
0.757422
0.199458
0.268707
0.211786
0.719344
0.48317
0.522071
1.0446
0.9408
0.149058
0.273047
0.137372
0.778556
0.301109
0.2443
0.245201
0.407839
0.957498
0.763675
0.263127
0.29766
0.254625
0.334582
0.178722
0.341128
0.639091
1.04918
0.225742
0.837626
1.0131
0.320257
0.838617
1.00955
0.24267
0.318178
0.0845748
0.62821
0.446672
0.879997
0.094673
0.219896
0.817941
0.30405
0.222428
0.162215
0.286698
0.160506
0.257656
0.323779
1.07682
0.810317
0.162971
0.0834044
0.321782
0.730933
1.12614
0.115255
0.324603
0.190019
1.00184
0.720589
0.215403
0.48865
1.06488
0.109864
0.22732
0.561676
0.165731
0.188791
1.02887
0.246166
0.487483
0.134591
1.06674
1.12351
0.217222
0.210111
0.651451
0.338239
0.738688
1.16674
0.381531
0.18253
0.261798
0.840282
0.928776
0.226637
0.219214
0.281945
1.31968
0.656974
0.487513
0.633129
0.276676
0.162313
0.221659
0.262278
0.149614
0.296031
0.859275
0.239285
0.0879042
1.0307
0.988917
0.252862
0.360071
1.12001
0.224911
0.227125
0.420435
1.17715
0.252805
0.688939
1.17576
0.135751
0.328514
0.166979
0.815279
1.0787
0.234492
0.220581
0.169501
0.277071
0.169315
0.199952
0.0301909
0.305291
0.19241
0.137788
1.02682
0.21893
0.293654
0.229816
0.136985
0.230387
0.245725
1.19584
0.129252
0.195516
0.261722
0.277679
0.254202
0.194523
0.203249
0.197469
0.228674
0.250375
0.184308
0.14828
0.2807
0.251914
