0.338883
0.225412
0.468071
0.273442
0.295386
0.311266
0.390612
0.485518
0.509328
0.296454
0.290571
0.370696
0.394284
0.287643
0.243447
0.287874
0.307761
0.265122
0.340599
0.360909
0.373026
0.289443
0.388931
0.324275
0.291256
0.338971
0.292189
0.297248
0.164529
0.300601
0.33789
0.274072
1.39357
0.242253
0.405962
0.200804
0.234468
0.272793
0.393159
1.31471
0.482365
0.299332
0.361711
0.334102
0.405392
0.265064
0.23267
1.5806
1.5415
0.330417
0.353276
0.212664
0.282299
0.323982
0.371582
0.315748
1.45205
0.325301
0.367442
0.351442
0.440877
1.01316
1.28577
0.819312
0.28547
1.19585
0.343564
0.65927
0.310725
0.289821
0.195
1.33322
1.45771
0.3092
0.362417
0.361867
0.318142
0.352711
1.00423
0.337871
1.48921
0.271575
0.366832
0.333502
1.23221
0.319202
0.539084
0.226115
1.54056
0.32864
0.663682
1.35289
0.351857
1.21452
0.306556
0.253445
0.202445
0.334588
0.389567
0.250755
0.502537
0.806588
0.472176
0.964776
0.323471
0.587814
0.269249
1.06545
1.49569
0.446485
0.223381
0.275705
0.22824
1.04415
0.40014
0.168613
1.34757
0.327718
0.25686
0.232685
0.58279
0.874848
0.362905
0.217018
0.28068
0.918834
1.53623
0.327884
0.784063
0.238306
0.132141
0.378034
0.389548
0.196308
1.44676
0.794594
0.266461
0.318349
1.11431
0.198198
0.996639
0.372671
0.449092
0.589958
0.297528
0.448243
0.29924
0.319111
0.30287
1.27755
1.39865
0.546253
0.89301
0.24126
0.381723
0.460398
0.242716
0.311728
0.375327
0.344025
1.17926
0.528529
0.284489
0.456366
1.37791
0.347209
0.280336
0.305819
0.227583
0.37331
1.36864
0.392992
0.337651
0.31779
0.51168
0.159673
0.40195
0.16749
0.244131
0.212006
1.4833
0.325648
0.369731
0.327479
0.344539
0.243635
0.249314
1.41675
0.269084
0.224844
0.301318
0.39206
0.27074
0.29668
0.2565
0.287926
0.176204
0.219728
0.26905
0.229107
0.258234
0.305334
0.354476
0.23208
0.344535
0.143389
0.342861
0.325579
0.17882
0.236141
0.405965
0.402805
