0.1085
0.150425
0.178689
0.201152
1.36281
0.159268
0.312043
0.151685
0.129738
0.136541
0.187952
0.202942
0.225781
0.178467
0.205318
1.14948
0.210682
1.30534
0.128725
0.16155
0.214632
0.111082
0.207793
0.199828
0.0784088
0.180162
0.161896
0.256798
0.284894
0.613732
0.866355
0.134227
0.00915921
0.139231
0.113923
0.32199
0.173668
0.301316
0.338804
0.878816
0.0764132
0.511943
0.25354
0.857564
0.785123
0.0958144
0.900232
0.874803
0.322177
0.352358
0.144241
0.80391
0.305368
0.113158
1.01317
0.233991
0.0674198
0.483741
0.188273
0.265634
0.894084
0.149978
0.384926
0.242688
0.383918
0.247712
0.830538
0.18919
0.97595
0.114193
0.552397
0.167455
0.630422
0.688362
0.222124
0.133437
0.278629
0.16918
0.0683807
1.08212
1.041
0.125612
0.529302
0.863608
0.254431
0.772007
0.220617
1.0343
0.164303
0.526615
0.311667
0.138844
0.260404
0.590647
0.684428
0.705332
0.185647
0.0690016
1.257
1.09147
0.247561
0.307946
0.977217
0.0606459
0.92784
0.922938
0.215839
0.864186
0.482036
0.146048
0.250942
0.908777
0.185043
0.640844
0.173334
0.346784
0.287832
1.14548
0.318784
0.229751
0.857617
0.287628
0.215432
1.15934
1.02254
0.64383
0.295277
1.08789
0.264821
0.732855
1.03946
0.395841
0.258894
0.268871
0.431267
0.25778
0.213939
1.18364
0.187132
0.282031
0.641098
0.279997
0.430537
0.991493
0.413816
1.2349
0.169033
0.213528
1.30919
0.17706
0.434728
0.770145
1.31554
0.331893
0.165491
0.348684
1.27954
0.186624
0.21712
0.203437
0.282934
0.170754
0.220202
0.26195
0.119676
0.0339961
0.126977
0.265837
0.145524
0.29211
0.11366
1.28556
0.273337
1.33917
0.230869
0.169455
0.337922
0.233111
0.186433
0.163993
0.261537
1.41446
0.339857
