0.238031
0.29278
0.31285
1.09307
0.531133
0.194622
0.19302
0.178888
0.414142
1.08387
1.11597
0.292614
0.36366
0.100823
0.142635
0.32228
0.969661
0.164969
0.291946
0.130962
0.955778
0.950923
0.222946
0.59235
1.11217
0.831685
0.412178
0.409092
0.202327
0.942299
0.373697
0.0226557
0.263609
0.289405
0.0742841
0.736006
0.848131
0.593248
0.696994
0.854242
0.788657
0.364948
0.326899
0.433114
1.06361
0.664218
0.533559
0.331653
0.183768
1.16969
0.776119
0.746999
0.361551
0.167141
0.191862
1.10743
0.0450428
0.543047
0.429958
0.747221
0.235879
0.985582
0.488172
0.0773383
0.837147
0.396616
0.447771
0.336993
0.180283
0.726322
0.845833
0.113049
0.943909
0.950019
0.788261
0.355847
0.246819
0.962101
0.648403
0.431673
0.761309
0.371755
0.496008
1.03116
0.248296
0.322293
0.403558
0.385511
0.998539
0.410067
0.372733
0.666012
1.02505
0.569214
0.982568
1.0158
0.567746
0.238618
0.447592
0.418598
1.01591
0.667726
0.947231
0.875116
0.248734
0.890823
0.732926
0.960091
1.06025
0.3273
0.333983
0.380323
0.32762
1.04857
1.02033
0.250176
