0.323061
0.282085
0.268175
0.348508
0.271974
0.155757
0.159152
0.172791
0.127217
0.292115
0.160102
0.169182
1.17303
0.11789
0.112882
0.203258
0.105324
0.177792
0.204307
0.183841
0.117143
0.269806
0.200815
0.165954
0.257101
0.223145
0.0921447
0.195931
0.136224
0.230516
0.13368
0.14654
0.279718
0.223427
0.321113
0.915106
0.981307
1.17764
0.125629
0.154822
0.829812
0.834115
0.13998
0.217213
0.25958
0.488974
0.968716
0.833211
0.279732
0.552295
0.302161
0.322771
0.270389
0.251018
0.866471
0.541012
0.24229
0.746233
1.06218
0.14741
0.145782
0.221298
0.152367
0.713646
0.383307
0.200754
0.752398
0.108651
0.965638
0.38718
0.761854
0.503796
0.756504
0.81679
0.337617
0.464264
0.238867
1.17149
0.0890758
0.124235
0.254113
0.403936
0.529467
0.131932
0.862523
0.707186
0.119412
0.234684
1.18643
0.349071
0.204689
0.519947
0.264691
0.716497
0.599183
0.888194
0.178352
0.139496
0.192059
0.277331
1.01678
0.176989
1.03073
0.386773
1.12701
0.73103
0.35191
0.641858
0.15648
0.228857
0.620569
1.18542
0.353939
0.22867
1.14662
0.217714
0.159677
0.645329
0.268494
0.407534
1.03856
0.176476
0.245386
0.778934
0.0946922
1.29313
1.08577
0.616767
0.21121
1.02078
0.22944
0.378733
0.264702
0.230129
1.03104
0.787999
0.203829
1.04011
0.166007
0.159339
0.518809
0.191697
0.182993
0.45899
0.262732
1.12279
1.00896
0.24076
0.38069
0.30371
0.196087
0.221102
0.219134
0.16598
0.357119
0.301806
1.18212
1.02002
0.25649
1.14117
0.286427
0.280101
0.204996
0.259966
0.178233
0.172328
1.22324
0.156961
0.350519
1.2736
0.170824
0.26991
0.18288
0.222549
0.194606
1.11442
0.338042
0.142344
0.246051
0.0675846
0.285708
0.267378
0.326145
0.226629
0.267553
0.311548
0.158296
0.155986
0.191213
0.221843
0.230582
