0.111859
1.19943
0.166207
0.179374
0.268584
0.417996
1.05422
1.28573
0.325661
0.355995
0.137794
0.315096
0.469882
0.935786
0.305733
0.574412
0.687014
0.770388
0.789929
1.07603
0.770049
0.343194
0.415972
0.2801
1.09954
0.800933
0.198858
1.03619
0.361413
0.362721
0.815218
0.611522
0.919366
0.871543
0.593877
0.493979
1.05283
0.281229
0.418108
0.411308
0.943198
0.622707
1.02781
0.206854
0.398565
1.09427
1.01806
0.562362
0.853161
0.391833
0.755881
0.381144
0.387103
1.08202
0.924977
0.380954
0.59769
0.898879
1.10331
0.687715
0.992432
0.352764
0.782527
0.426391
1.00633
0.458756
0.97145
0.951947
0.576235
0.984968
0.890708
0.19092
1.12217
0.394573
0.362714
0.441894
0.473884
0.888807
0.275888
0.997444
0.499079
1.22859
1.02437
0.45521
0.982968
1.14811
0.957567
1.19428
1.08427
1.11152
0.362604
