0.900807
0.122222
0.252184
0.119361
0.205871
0.0750473
0.219227
0.074225
0.252478
1.10082
0.223305
1.04066
0.269666
0.290803
0.965687
0.170368
0.30744
0.230361
0.177847
0.298734
0.161403
0.26712
0.205676
0.26741
0.995345
1.04408
1.02583
0.729047
0.197449
0.389537
0.303803
0.158421
1.04056
0.939
0.245982
0.20272
0.940267
0.114446
0.987892
0.0471186
0.684387
0.0600382
0.447166
1.27335
0.220878
0.180376
0.528034
0.482484
0.914391
0.707906
0.16228
0.409958
0.188161
0.672387
0.350079
1.12319
0.305051
0.866657
0.143258
0.106699
1.03419
0.204641
0.150175
0.676892
0.501267
0.878985
0.134247
0.433934
0.111281
1.10032
0.618404
0.288369
0.839094
0.298935
0.883417
0.284723
0.438906
0.34229
1.06218
0.167884
0.171316
0.924813
1.06191
0.647732
0.0830414
0.449754
0.75489
0.120125
0.311218
0.901017
0.598377
0.875331
0.0406318
0.263357
0.837675
0.442661
0.70447
0.0416326
0.636104
1.11793
0.851215
0.042429
0.337993
0.214329
0.137823
0.656671
0.401099
0.710294
0.856282
0.273951
1.01356
0.403851
0.768743
0.276301
0.323679
0.20512
0.191182
0.924958
1.05274
0.35295
0.845011
0.335523
0.587041
0.321338
0.364552
0.372204
0.350147
0.299358
1.15208
0.953678
0.376161
1.21578
0.263429
1.15645
0.261798
1.25859
