0.303425
0.141338
0.199057
0.23454
0.271065
0.175227
0.185619
0.174911
0.114017
0.203776
0.146901
0.33972
0.136335
0.149101
0.250806
0.178909
0.225367
0.288246
0.204972
0.139632
0.27191
0.343532
0.275718
0.394856
0.282514
0.267887
1.18112
0.178057
0.162589
0.168133
0.107353
0.217488
0.132586
0.841435
0.343479
0.166793
0.124228
0.172569
0.230818
0.305927
0.0385348
0.291164
0.935877
0.154082
0.267691
0.907044
0.206196
0.249242
0.174025
1.44348
0.215594
0.500458
0.182669
0.231982
0.0975827
1.221
0.121793
0.3746
0.19888
1.10951
0.250919
0.18172
0.147649
1.39858
0.398657
0.275698
0.197765
1.14476
0.628969
0.0882749
0.206905
0.44649
0.181666
0.255572
1.20569
0.258183
0.369318
0.223526
0.612255
0.116783
0.478192
0.191889
1.19242
0.0691291
1.41545
0.183687
0.205465
0.474568
1.27141
0.295293
0.159889
0.813113
0.188777
0.880402
0.0583441
0.223466
1.16581
1.21061
0.226626
0.338741
0.16294
0.765763
0.256268
0.269133
1.23232
0.161773
0.176947
0.201898
0.195116
0.201237
0.203086
0.972572
0.499739
0.613704
1.2524
0.128143
0.903403
0.190441
1.35386
0.192627
0.261988
0.249871
0.150127
0.950997
0.150257
0.7889
0.110688
0.268755
1.15058
0.952037
0.24364
0.195559
1.02038
0.153777
0.390038
0.225169
0.866475
0.198562
0.39451
0.243865
0.250242
0.266437
0.82059
1.10785
0.253952
1.17353
0.198394
0.128912
1.2599
0.389827
0.185189
1.22486
1.23354
0.113802
0.316982
0.208747
0.622556
0.493469
0.903337
0.341455
1.03708
0.220458
0.254813
0.146978
0.190979
0.170476
0.488932
0.38989
1.31871
0.476245
0.168139
0.179508
1.34515
0.218005
0.367789
0.279724
1.23923
0.167068
0.315651
0.00323975
0.173335
0.210618
1.46765
0.15482
0.267401
0.230797
0.153698
0.163616
1.24762
0.173884
0.17903
0.167262
0.229169
0.238161
0.220754
0.178555
0.202554
1.56811
0.228365
0.292858
0.19781
0.129907
1.48665
0.163995
0.178189
0.233684
0.233315
0.277987
0.142138
0.238399
0.293345
0.299826
0.148243
0.219478
0.2598
0.120173
0.273406
0.242947
0.102624
