0.29346
0.389233
0.268912
0.225912
0.280281
0.374433
0.264723
0.448291
0.405844
0.28912
0.296871
0.313891
0.405907
0.310826
0.206471
0.242394
0.304626
0.247574
0.319756
0.32324
1.26559
0.343071
0.327628
0.375851
0.284101
0.334389
0.308588
0.295453
0.215998
0.323258
0.125936
0.389446
0.306845
0.320818
0.35566
0.320814
0.262561
1.22976
0.464646
1.55662
1.5837
0.374014
0.325154
0.300906
0.450586
0.264118
0.361274
0.243301
0.314644
0.313917
0.38019
0.564441
1.44868
0.347464
1.28541
0.354734
0.235291
0.291668
0.325615
1.07415
0.283509
0.441988
0.404045
0.909219
1.22637
1.49842
0.357821
0.303989
1.26385
0.068163
0.358992
0.330121
0.157616
0.34804
0.765881
0.267309
1.48357
0.358776
0.316295
1.07106
0.343132
0.321917
1.21639
0.548884
0.389052
0.182054
1.53224
0.435133
0.279883
0.68988
0.289419
1.2277
0.181282
1.42391
0.267744
0.222356
0.303434
0.349459
0.603409
0.495883
0.26719
0.547361
0.911619
1.60851
0.24496
1.07034
1.19043
0.244231
0.682116
0.284247
0.233862
1.31608
0.342339
0.243649
0.313172
1.04458
0.219315
0.223646
0.226019
0.226135
0.947882
0.108351
0.612894
0.287866
0.333812
0.871037
0.440621
0.33951
1.01032
0.305574
0.23186
0.383189
0.22793
1.51128
0.269006
0.282172
0.910271
0.389059
0.172954
0.557608
1.24102
0.301528
1.05086
0.284402
0.315451
0.361983
0.513449
0.337032
1.35866
0.429156
0.173294
0.477114
0.34472
1.19565
0.241004
0.335889
0.392437
0.894798
0.269506
0.255029
0.539889
1.22536
1.32685
0.343146
0.382299
0.227288
0.340322
0.329868
0.213999
0.23241
0.402712
1.29193
0.433458
0.247089
0.392
0.272117
0.141961
0.202759
0.20707
0.315083
0.266259
0.259527
1.51008
0.225375
0.286786
0.28753
0.377121
0.382875
0.237951
0.338924
1.24376
0.254952
0.238494
0.155187
0.191228
0.260097
0.216359
0.300752
0.428592
0.331992
0.263348
0.1584
0.239955
0.267555
0.190319
0.177599
0.239932
0.376678
0.338578
0.315301
0.348652
0.256787
