1.18036
0.193532
1.08366
0.440625
0.111322
0.801092
1.32573
0.216653
0.392558
0.217766
0.335974
0.959464
0.957424
0.707687
0.523955
0.95732
1.07281
0.438214
0.518707
0.968437
0.0527394
0.661295
0.472582
1.30099
0.943876
0.358285
0.544348
0.370495
1.00282
0.753187
0.983659
0.959019
0.738937
0.590285
0.295696
1.00299
0.240376
1.04289
0.415583
0.899219
0.985228
0.47637
0.641111
0.77336
0.979359
0.944668
0.946358
0.426269
1.06524
0.677975
0.930982
0.95917
1.07341
0.453729
0.946506
0.903925
0.483247
0.987442
0.846553
0.642545
0.626367
0.994649
0.971784
0.654451
1.02348
0.906477
0.99
1.13227
1.12604
1.09642
1.14861
0.961645
