0.249681
0.309357
0.26633
0.46101
1.09942
0.20064
0.403248
0.198941
0.201576
1.09243
0.281094
1.1041
0.396991
0.0843801
0.294122
0.107483
0.258585
0.148537
0.0799976
0.979817
0.901836
0.280131
0.965678
0.427985
0.818345
0.565718
0.205515
0.393379
1.13467
0.33134
1.20883
0.960674
0.0723603
0.733799
0.329923
0.242584
0.0810586
0.815869
0.685786
0.57138
0.901905
0.374249
0.359757
0.340075
0.780765
0.51806
0.617772
1.05287
0.34444
0.199948
0.345366
0.746708
1.16651
0.74534
0.163216
0.107889
1.01804
0.555624
0.420777
0.0584561
0.727561
0.258338
0.494311
0.831296
0.977271
0.0981021
0.389546
0.402286
0.135341
0.338639
0.74004
0.839245
0.104706
0.776033
0.920985
0.943786
0.331589
0.603702
0.946314
0.209796
0.419825
0.801223
0.353477
0.494694
0.95179
0.280792
0.233524
0.433282
0.629046
0.957565
0.40049
0.410155
0.468597
1.03576
0.50544
0.993772
0.971682
0.572496
0.274025
0.439009
1.04408
0.645475
0.856417
0.405559
0.242574
0.920925
0.871394
0.741297
1.08995
0.923294
0.309555
0.31287
0.339735
0.34145
1.06232
1.02527
0.31647
