0.162677
0.14476
1.17375
0.142006
0.386779
0.233161
0.113641
0.112124
0.289886
0.192298
0.211021
1.00972
0.145833
0.26571
0.0778225
0.344594
0.246021
0.223514
1.09357
0.0890888
0.185304
0.67439
0.207868
0.294835
0.856427
0.983325
0.244514
0.135656
0.0383883
0.952677
0.359642
0.0525348
0.273728
0.978431
0.150457
0.746162
0.401683
0.809331
0.155877
0.981024
0.200988
0.795597
0.232153
0.182308
0.225127
0.288259
1.15957
0.555556
0.265211
0.988617
1.08205
1.01755
0.466116
0.17385
0.250977
0.22293
0.12014
0.79026
0.648988
0.16857
0.941004
1.07763
0.0885858
0.287491
0.112577
0.220283
0.335802
1.03813
0.565601
0.141949
0.747006
1.16494
0.101604
0.388663
0.208674
0.227697
0.876015
1.09673
0.177257
0.568956
0.0455548
0.904183
0.132211
0.100966
0.476254
0.922799
0.364912
0.163562
0.523788
0.637428
0.510865
0.935131
0.2471
0.220155
1.11661
0.745288
0.162917
0.139448
0.86327
0.281985
0.452724
1.07627
0.749701
0.434158
0.289104
0.226565
0.932073
0.846572
0.48889
0.336448
1.03375
0.914985
0.166011
0.0801415
0.863311
0.284856
1.41685
0.624172
0.240513
0.348859
0.0786764
0.242359
0.070801
0.468867
0.122162
1.08575
0.939492
0.229756
0.18262
1.10021
0.203368
0.175629
1.0719
0.359825
0.42316
0.16242
0.156247
1.22802
1.16047
0.812655
1.18652
0.144357
0.217637
0.273783
