0.129949
0.0586578
0.112103
0.0721815
0.249545
0.157992
0.110935
0.111539
0.214448
0.1295
0.303471
0.169029
0.0543647
0.151517
0.129893
0.123514
0.130767
0.254968
0.083216
0.146221
0.302212
0.0739764
1.35768
0.159278
0.131537
0.0121947
0.224211
0.175276
1.09335
0.273093
0.162769
0.101449
0.0665662
0.203506
1.09174
0.00432296
0.124592
0.279868
0.141067
0.328184
0.218351
0.169469
0.989365
0.0806425
0.394499
0.239236
0.163355
0.260149
0.203466
0.253875
0.170299
1.00996
0.35353
0.544515
1.09633
0.0969158
0.065927
0.266632
0.824111
0.321749
1.04265
1.16645
1.39661
0.156405
0.070489
0.547981
0.227328
0.40016
0.367248
1.02356
0.0518254
0.184187
0.823494
0.214944
0.242882
0.418119
0.206526
0.503553
0.510835
0.474331
0.176778
1.17582
0.195974
0.889313
0.361667
1.06858
0.453472
0.176869
0.184454
0.122587
0.702949
0.204678
0.278405
0.173351
0.382505
0.216213
0.342757
1.17461
0.980147
1.19134
0.215446
1.09622
0.289653
0.506983
0.591756
0.649851
0.120343
0.165999
0.0751157
0.296777
0.325776
0.236094
0.19456
0.573639
0.236332
1.13575
1.1467
0.13432
0.242449
0.104613
0.15234
0.505288
0.208512
0.816461
0.21392
0.362964
1.01446
1.02539
0.387846
0.114648
0.24248
0.927532
1.12144
0.567817
1.41023
0.0582701
0.188687
0.12609
0.153778
0.209823
0.923579
0.431715
1.10515
0.23949
0.326307
0.176975
0.906536
0.179285
0.201472
0.329262
0.0563002
1.21652
0.141593
1.18864
0.080483
1.33991
0.336449
0.174023
0.708599
1.04279
0.186
0.153401
0.0967295
1.15624
0.0726354
0.105617
0.182154
0.527735
0.0256125
0.252223
0.195549
0.231666
0.122252
0.200753
0.177562
1.29609
0.237503
1.20056
0.19649
0.0764234
0.194464
0.168641
0.238395
0.101003
0.266813
0.196642
0.250801
0.297403
0.263068
0.156773
0.209646
0.100678
0.280952
0.291268
0.284024
1.25041
0.988013
0.0569573
0.162019
0.064267
0.0371875
0.131195
0.154517
0.10183
0.194087
0.331578
0.345283
