0.189291
0.107824
0.214908
1.55912
0.293782
0.15838
0.200968
0.212304
0.243076
0.158223
0.250369
0.204749
0.180971
0.168012
0.200163
0.274609
0.156006
0.438391
0.152833
0.142932
0.314973
0.2254
0.0677705
0.216322
0.222674
0.166141
0.196179
0.221619
0.208605
0.269219
0.293755
0.0736871
0.0957236
0.122802
0.171916
0.19737
1.19168
0.178795
0.345642
0.895666
0.198348
0.158629
0.147416
0.219732
0.874339
0.197331
0.251429
0.873471
0.178826
0.140319
0.296615
0.170317
0.159807
0.0642684
0.327524
0.34652
0.262199
0.0646978
0.171779
0.329068
1.06598
1.35318
1.22684
0.365314
0.601464
0.168527
0.4864
0.270784
0.230214
0.320258
0.269833
1.00528
0.256866
1.11837
1.34937
0.369988
0.217
0.285145
0.200767
0.494529
0.317428
0.375924
0.28148
1.19192
0.110554
0.238831
0.17946
0.146854
0.169853
1.46218
1.33223
0.84475
0.163554
0.165405
0.148877
0.900594
0.35976
1.19484
0.178886
0.366337
0.299608
0.799161
1.26734
0.138268
1.26008
0.0780649
0.157892
0.431049
0.537015
0.211204
0.821152
0.150667
0.899842
0.167633
0.19667
1.33609
0.239338
0.192378
0.151155
0.151782
0.130869
0.156889
0.892609
0.167575
0.680091
0.933076
1.33969
0.0319079
0.223034
1.04272
0.246147
1.14603
0.676268
0.220683
0.174306
0.125994
0.188235
0.199232
0.42247
0.124662
1.20094
0.383099
0.662317
0.282658
1.05592
0.247301
0.221045
0.190343
0.116886
1.24961
1.22982
0.346706
0.183772
1.31674
0.197563
0.226734
0.493983
0.839507
0.945689
0.25306
0.241564
0.42142
0.186796
0.12211
1.27535
0.14313
0.210803
0.253272
0.42353
0.15972
0.172677
1.25866
0.259013
0.35739
0.192418
0.051878
0.234073
0.156579
0.357034
0.17137
1.25451
0.175877
0.219159
1.1821
1.43618
0.22817
0.171793
0.217292
0.146841
0.244475
0.237504
1.38267
0.100727
0.18173
0.185206
0.285064
0.138299
0.116931
1.45286
0.175141
0.252523
0.204548
0.151173
0.154529
0.204
0.211559
0.148423
0.204016
0.33758
0.223314
0.270298
0.197258
0.13487
0.224898
0.269986
0.170149
0.221495
0.264245
0.0981962
