0.0648843
0.0551153
0.160585
0.130783
0.160379
0.163885
0.105398
0.076489
0.227749
0.239372
0.161777
1.06569
0.183448
0.181703
0.15696
0.192456
0.208725
0.150532
0.266384
0.192028
0.271168
0.167142
0.107589
0.222323
0.103815
0.167191
0.185946
0.0645933
0.219928
0.317691
0.0444449
1.32793
0.204553
0.102191
0.238414
0.317658
0.203655
0.118737
0.937745
0.206144
0.832346
0.313295
0.114505
1.1172
0.289467
0.349463
0.141468
0.214352
1.05448
1.04284
1.31171
0.573705
0.141901
0.199269
0.16893
0.294238
0.26733
0.354651
0.325201
0.442791
0.0708092
0.24095
0.784436
0.233578
0.0216136
0.249552
0.162884
0.849496
0.916036
0.298952
1.05238
0.212577
1.08285
0.266563
0.370882
0.727379
0.351121
1.23514
0.276479
0.302675
0.267127
1.25383
0.126892
0.771156
0.765605
0.155154
0.303978
0.652035
0.269841
0.145277
0.220244
0.597444
0.120003
0.20048
1.2356
0.370042
0.342751
0.185297
1.03459
0.952913
0.101331
0.201793
0.536937
0.37303
0.995415
0.25148
0.106506
0.31198
1.1326
1.04695
0.261678
0.652302
0.0985787
0.166705
0.198614
0.498601
1.01064
0.271366
0.16601
0.436602
0.217041
0.184577
0.311031
0.103585
1.03914
0.73199
1.04214
0.262917
0.2626
0.217285
0.292533
0.196672
0.508922
0.144409
1.12158
1.16964
0.434109
1.24565
0.215918
0.166729
0.22915
0.629877
1.05316
0.132655
1.10378
0.170127
0.254206
0.436052
0.200209
0.263556
0.909901
0.611042
0.259701
0.161404
0.140466
0.412246
0.231309
0.180531
0.448672
0.266401
0.19646
0.194044
0.357799
0.0254501
0.15095
0.238754
0.230673
1.19689
1.12599
0.200135
0.201733
1.51185
0.19618
0.390501
0.190716
0.162368
1.17729
0.112595
0.194792
0.0317933
0.323866
0.259835
0.122778
0.147539
1.12086
0.225539
0.165202
0.258717
0.160513
0.206298
0.197498
0.266097
0.357333
0.0988475
0.165968
0.224629
0.128433
0.150215
0.254713
0.129766
