0.196855
0.11874
0.196488
0.171265
0.182137
0.124245
0.090964
0.186136
0.198889
0.122005
0.148634
0.331591
0.326071
0.162177
0.216088
0.143186
0.122548
0.187657
0.0214782
0.991473
0.134075
0.134254
0.223255
0.0776811
1.06402
0.181811
0.343065
0.180747
0.188583
0.287442
0.0462275
0.120009
0.244509
0.284028
0.196374
1.3785
0.188536
0.355418
0.266353
0.164941
0.126779
1.08174
0.133448
0.213264
0.10939
0.291729
0.110288
0.109345
0.403803
0.1093
0.754745
0.273854
0.248945
0.108636
0.350746
0.148438
1.22582
0.244699
0.230381
0.593387
0.15997
0.246409
1.16628
0.915105
1.35113
0.0225094
0.48734
0.683973
0.213342
1.38413
1.20682
0.168084
0.175136
0.155342
0.464319
0.283135
0.141546
1.11236
0.807951
0.224073
0.103979
1.16373
0.243358
0.273453
0.156475
0.172941
0.59715
0.11543
0.433573
0.0811497
1.20766
1.22535
0.162683
0.295354
0.217364
0.127962
0.998889
0.0512824
1.36945
0.166427
0.13786
1.18874
0.212429
0.0974311
0.182039
0.24642
0.0791549
0.772092
1.16188
0.300575
0.155939
1.05575
0.354883
0.198332
1.18902
0.190025
0.243583
0.231813
0.200166
0.0880532
0.229342
0.217215
0.538806
0.182959
0.835047
0.227691
0.992765
0.115675
0.195099
0.166936
0.0978096
0.99181
0.864813
0.139862
0.534214
1.04316
0.309955
0.221466
1.21318
1.23021
0.175419
0.463879
0.146656
0.858247
0.107395
0.260278
0.0852734
0.348708
0.187425
1.09347
1.25686
0.711341
0.179404
0.244166
0.494731
0.965394
0.186318
0.0607516
0.105393
0.136543
0.406828
0.130495
0.12129
0.132332
0.83633
1.06918
1.40705
0.550962
0.137575
0.136571
0.219346
0.325348
1.19654
1.27841
0.108311
0.33175
0.0200454
1.48283
0.230618
0.174209
0.163905
0.163516
0.206177
0.267918
0.251631
0.217387
1.25334
0.16645
0.175704
0.174114
0.250514
0.202356
0.218483
0.230189
0.17397
1.48494
0.194303
0.226052
0.294889
0.222276
0.230571
0.28496
0.172856
0.336926
0.156332
0.276421
0.149485
0.152402
0.263932
0.161352
0.381713
0.189332
0.329885
0.125452
0.214284
