0.102675
1.20316
0.149459
0.142549
0.268193
0.378351
1.08219
1.2915
0.335493
0.356882
0.148384
0.292851
0.480487
0.942479
0.281891
0.786255
0.681103
0.616988
0.793408
1.06956
0.769611
0.328352
0.297159
1.10227
0.41012
0.831499
0.191221
1.02463
0.340414
0.355237
0.807821
0.601101
0.907162
0.879429
0.623356
0.542583
1.05081
0.285077
0.436059
0.950446
0.403442
1.01498
0.618556
0.21833
0.373922
1.08901
1.01651
0.577249
0.900406
0.427543
0.406423
0.755555
0.378094
1.08548
0.384385
0.918815
0.902739
0.6052
1.13284
0.68221
0.991682
0.361756
0.808638
0.436828
1.01369
0.458563
0.966761
0.950489
0.985187
0.585208
0.880083
0.198127
1.1237
0.403775
0.359918
0.437133
0.525223
0.905564
0.298089
0.535756
0.982871
1.20948
1.0042
0.472025
1.00051
1.1669
0.970018
1.20973
1.08001
1.12964
0.370699
