0.124045
0.144615
0.163648
0.151856
0.173054
0.144487
0.203442
0.197044
0.142856
0.120931
0.0992543
0.148508
0.0663338
0.120513
0.174648
0.253244
0.257287
0.219319
0.367043
0.245511
1.16599
0.124973
0.164525
0.113794
0.143249
0.182046
0.194484
0.150866
0.229171
0.227481
1.05114
0.039533
0.253025
0.167087
0.211595
0.221558
0.200201
0.122808
0.283875
0.220363
0.311082
0.240132
0.17629
0.14732
0.189054
1.50968
1.05991
1.31246
0.2495
0.204803
0.410721
0.27331
0.817067
0.971314
0.133072
0.29281
0.444226
0.977795
0.236661
0.281533
0.0916631
1.16453
0.0644242
0.289188
0.144047
0.311284
1.31784
0.178222
0.145674
0.978574
0.352567
0.142828
0.351318
0.456088
0.847079
0.816548
0.285158
1.00483
0.062673
0.210551
0.243219
0.259605
0.561343
0.16942
0.210392
0.119757
0.1255
0.15359
0.395887
1.22649
0.973673
1.33414
0.200902
0.0956785
0.304239
0.269291
0.364007
0.082049
1.20636
0.197405
0.243146
0.796239
1.2045
0.575035
0.252286
0.117382
1.12927
0.398148
0.236861
0.421468
0.0855156
0.184896
0.307067
0.109969
0.318035
0.29607
0.600336
1.18866
0.12794
0.107629
0.333153
0.938425
0.189746
0.359285
0.405574
0.980589
0.471821
0.116952
0.468483
0.166425
0.301635
0.193729
0.326232
1.2341
1.00033
0.998284
0.664207
0.119537
0.806987
0.0738226
0.573461
0.636788
0.111197
0.330246
0.116077
0.219109
1.20996
1.13506
0.0969321
0.355437
0.524174
0.110053
0.210378
0.741673
0.902871
0.172802
0.258815
1.06436
0.208822
0.824383
0.109851
0.178442
0.28286
0.181776
1.22971
0.356464
0.115786
0.964309
0.188199
0.297551
0.111788
1.18139
0.123635
1.04735
0.0851756
0.294358
0.236639
1.19276
0.161423
0.163209
0.210308
0.199031
0.12768
0.170918
0.201246
0.172513
0.170048
0.211491
0.213359
0.0850562
0.127908
0.246868
0.16627
0.106691
0.155449
0.239109
0.192602
0.905845
0.300831
0.177764
0.189358
0.308861
0.25344
0.194932
0.198359
0.143053
0.295525
0.261434
0.199072
0.153043
0.177618
