0.290189
0.218462
0.273181
1.09685
0.17958
0.304617
1.12701
0.242793
0.211982
0.23661
0.400158
0.247883
0.137592
0.990056
0.352542
0.559194
0.202212
0.367809
1.005
0.201798
0.423097
0.312907
0.907442
0.987105
0.130741
0.917987
0.246738
0.711013
0.557441
0.353401
0.207353
0.883836
0.294569
0.887734
0.784839
0.239234
0.514958
0.229925
0.703872
0.310432
0.415344
0.796988
0.428747
1.22318
0.363378
1.13455
0.194503
0.887736
0.755957
0.866052
0.405286
0.623828
0.555387
0.224452
0.146877
0.297702
1.05882
0.198281
0.800971
0.379265
0.930501
0.397538
0.968232
0.612625
0.797961
0.585757
0.345758
0.462829
0.207226
0.756881
0.236702
0.392763
0.993265
0.278204
0.43573
0.968684
1.0348
0.759582
0.933071
0.315136
0.411726
0.859057
0.656761
0.150944
0.463855
1.03278
0.353167
1.04515
0.539848
0.534653
0.217765
0.94843
0.920445
0.727136
0.869442
0.347886
0.400989
0.955398
0.123503
0.58469
0.475723
0.924001
0.646931
0.883581
0.942129
0.560516
1.03766
1.06233
0.330142
0.319319
1.0031
0.4221
1.0644
0.985252
0.324486
