0.332242
0.302884
0.226915
0.108358
0.274885
0.293201
0.176027
0.151866
0.271853
0.132375
0.136716
0.124154
1.15415
0.189982
0.126163
0.169969
0.264669
0.0984349
0.249108
0.197754
0.121458
0.29908
0.172536
0.199237
0.261326
0.315661
0.124455
0.242417
0.139835
0.15745
0.168269
0.247405
0.277424
0.983907
0.25646
0.325393
0.880237
1.20721
0.139674
0.156527
0.754664
0.800437
0.172697
0.136908
1.00051
0.326064
0.460165
0.858101
0.281398
0.29487
0.260202
0.629629
0.867979
0.192759
0.278042
0.21827
0.725854
0.493294
1.04571
0.12848
0.170946
0.246016
0.178974
0.728801
0.734653
0.38925
0.150929
0.979873
0.0966159
0.791734
0.536572
0.839998
0.39147
0.760041
0.32768
0.26845
1.16723
0.469469
0.0743449
0.160657
0.138037
0.536247
0.231989
0.422124
0.901817
0.218027
0.162143
0.810903
0.997528
0.168694
0.353937
0.545256
0.751864
0.707146
0.273216
0.884428
0.176707
0.147295
0.13306
0.213468
0.18654
0.361265
0.994946
1.01852
1.13015
0.288642
0.622413
0.224633
0.749608
0.144499
0.659713
1.20327
0.255742
0.309853
1.1511
0.193908
0.591526
0.172832
0.442593
0.235725
0.134071
1.06416
0.25678
0.793134
0.0906566
0.625332
1.07725
1.31376
0.207208
0.172551
0.204524
1.04155
0.431314
0.257044
1.06134
0.235917
0.824857
0.513616
0.986909
0.17409
0.134934
0.170649
0.504885
0.187857
0.2544
0.254954
0.358565
0.992359
1.10506
0.267736
0.24382
0.225325
0.320611
0.271118
0.208601
0.174925
1.16862
0.263822
1.02077
1.13253
0.265888
0.312321
0.245666
0.278063
0.202022
0.154872
0.385611
0.165588
0.230614
0.272455
1.23879
1.30622
0.259718
0.205821
0.280912
0.327939
1.14301
0.0945064
0.252084
0.270941
0.0561153
0.216878
0.376628
0.194285
0.205258
0.162079
0.164599
0.261527
0.161665
0.189483
0.250293
