1.16258
0.228901
0.161318
0.115302
0.303731
0.355317
1.12483
1.29835
0.391987
0.220683
0.315421
0.260243
0.789187
1.26897
0.198354
0.217859
0.914774
0.822809
0.751394
0.4206
0.295836
0.748459
0.34092
0.213833
0.500861
0.810677
0.248289
0.982223
0.941114
0.287841
0.934496
0.299385
0.637138
1.00911
1.10123
0.960518
0.93017
0.395852
0.797387
0.65361
0.344861
0.595996
0.353598
0.979937
0.420619
0.283657
0.363714
1.02425
0.731268
0.540071
0.966541
0.327431
0.350821
0.509517
0.700466
1.07761
1.03896
0.344467
0.880652
0.938649
0.680669
0.887057
0.4787
0.94597
0.164414
0.701312
0.439288
0.418488
0.969177
1.02161
0.801443
0.377578
0.404041
0.942995
0.983801
1.00313
0.929974
0.432102
1.19352
0.787408
0.406039
0.244012
0.743052
0.381469
0.973873
0.179554
1.14801
1.05144
1.266
0.403014
0.437047
0.993815
1.15362
0.897562
1.16195
1.09159
0.425719
1.24348
