0.262823
1.01722
0.14127
0.154925
0.14874
0.246362
0.149481
1.01696
0.19572
0.0894474
0.157168
0.198284
0.218108
0.197836
0.0995232
1.12911
1.14024
0.19151
0.152417
0.105566
0.230528
0.259386
1.18835
0.209119
0.145946
0.254229
0.21009
0.754271
0.175975
0.610289
0.153467
0.0606622
0.248791
0.908124
0.673441
0.249644
0.43715
0.339117
0.768949
0.295933
0.947757
0.166889
0.129769
0.156889
0.836853
0.196813
1.00731
0.150491
0.142421
0.825113
0.547139
1.0006
0.860668
0.739273
0.233073
0.203267
0.257432
1.05024
0.217357
0.208658
0.440317
0.298412
0.938612
0.134118
0.228323
0.881735
0.604869
0.634102
1.17911
0.240536
0.0323627
0.0638799
0.211573
0.563539
0.19528
1.2377
0.792875
0.897168
0.161888
0.153968
0.653755
0.0429063
0.182932
0.172765
0.809175
1.12451
0.376176
0.235248
0.95502
0.704394
0.0332727
0.173147
0.802085
0.21814
1.08251
0.137379
0.241784
0.181992
0.404721
0.789546
1.20183
0.140263
0.767201
0.218296
0.243049
0.999263
0.261872
1.01706
0.0216946
0.160808
0.205865
0.672612
0.825447
0.212799
0.46042
0.948547
0.16111
0.33965
0.940204
0.19804
0.914576
0.280946
0.267686
0.140489
1.19472
1.2971
0.310193
0.315316
0.140847
0.905273
0.717427
0.242997
0.90953
0.189623
0.27495
0.944486
0.160024
0.129156
1.13603
0.238459
0.231557
0.164873
0.12624
0.910844
1.05971
0.167415
0.094902
0.116423
0.130995
0.132416
1.23699
0.288883
1.11818
0.18172
0.365885
