0.0732139
0.198417
0.176742
0.0925818
0.0217865
0.168041
0.293632
0.11668
0.121638
0.321787
0.226622
1.10508
0.219822
0.335639
0.198474
0.154433
0.258304
0.327788
0.450608
0.156879
0.216738
0.245323
0.224038
0.126235
0.218208
0.391116
0.0763067
1.25287
0.46224
0.147296
0.184097
0.169918
0.250333
0.0405258
0.204392
0.885874
0.188778
0.239786
0.32576
0.271703
0.154164
1.42433
0.142668
0.306935
0.16248
0.961555
0.224616
0.109962
0.182997
0.517795
0.212708
0.127236
0.141491
1.07933
0.407872
0.183534
0.392781
0.0293014
0.261674
0.352153
0.968464
1.33678
0.161372
0.258185
1.0769
0.115249
0.168368
0.192514
0.220714
1.24863
1.10049
0.122851
0.27238
0.564868
0.203323
0.195974
0.341747
0.752063
0.2774
0.15994
0.231693
0.284601
0.282718
0.131518
1.13472
1.46387
0.14816
1.06101
0.77688
0.448906
1.34883
0.302582
0.17255
0.306248
0.212016
0.745952
0.23872
0.246037
0.0842708
0.236963
1.33843
0.531023
0.206723
0.301547
0.0787642
1.11621
0.0910716
0.263695
1.34998
0.262823
0.182171
0.348844
0.782996
0.549426
0.121318
0.311868
0.149058
0.229147
1.2754
0.955601
1.32285
0.250863
1.25681
0.122291
0.171059
0.49902
0.322607
1.14528
0.245175
0.276511
0.131497
0.255064
0.284935
0.417406
0.575605
1.24321
0.303584
1.14633
1.53104
0.10801
0.731833
0.232739
1.23327
0.19692
1.05783
0.501286
1.43323
0.173829
0.10892
0.313137
0.328172
0.829297
0.227229
0.280669
0.357134
1.18099
1.14337
0.677959
0.277316
0.368801
0.119173
0.205043
0.337402
1.13879
1.07224
1.23037
0.31399
0.26502
1.26384
0.170349
0.263647
0.271016
0.102884
0.313016
0.188832
0.269562
0.399394
0.291788
0.272966
0.0903745
1.09842
1.5254
0.193445
0.207329
0.259388
0.173063
0.348177
0.379194
0.203154
0.15622
0.22343
1.15771
0.179963
1.36735
0.263964
0.171514
0.264673
0.0847071
0.233467
0.120371
0.181946
0.124796
0.0820864
1.4006
0.273383
0.156744
0.201452
0.280162
0.280388
0.168899
0.29287
0.202477
0.126651
0.300701
0.173416
0.150791
0.159543
0.215612
0.294971
0.330979
0.16567
