0.30706
0.477316
0.246311
0.308315
0.211001
0.302737
0.463546
0.283712
0.403481
0.550556
0.346592
0.349317
0.337836
0.325666
0.467114
0.297144
0.181551
0.294135
0.654881
0.359356
0.309593
0.42133
1.72012
0.379297
0.400717
0.410433
0.459298
0.493169
0.518205
0.359832
1.51247
1.68549
0.327746
0.390091
0.431604
0.49211
0.350207
1.65706
0.397257
0.33186
0.375489
1.80676
0.631654
0.515143
1.04358
0.364751
1.2211
0.199862
0.407061
0.591631
0.408024
0.625218
0.649065
0.360076
1.64442
0.882356
0.329922
0.304871
0.339453
0.519195
1.35839
0.269085
0.304276
0.388795
0.47655
0.861688
0.495592
1.07751
1.76342
0.41114
1.96671
0.184969
0.49144
0.5393
1.44512
1.64845
0.424477
0.34197
0.588167
0.463128
0.647184
0.847375
0.343584
0.50287
1.03683
0.271925
1.18421
1.50906
0.580231
0.282031
0.63186
1.96793
0.638359
1.72952
0.357826
1.45127
0.266657
0.700428
0.45581
0.353535
0.924122
0.583655
0.297074
0.482663
0.664156
0.533141
0.377673
0.163633
0.846706
1.63275
0.303076
0.355091
1.91865
1.48381
0.375726
0.376594
1.06073
1.87339
0.648378
0.492669
0.329232
0.305734
0.590312
0.478738
0.277551
1.12848
0.505553
0.679903
0.701142
0.475407
0.523143
0.404559
0.306796
0.42247
0.323336
0.316578
0.830301
1.8807
0.304883
1.60387
0.424208
1.19165
0.453487
0.366599
0.526347
0.712836
1.39519
0.224256
1.57407
0.339359
0.325636
0.335556
0.511021
0.429469
0.338929
0.383484
0.292287
0.36
0.398292
0.298515
0.34313
0.307122
0.394052
0.406457
0.316681
0.204161
0.160038
0.492776
0.290965
0.404918
0.414895
0.385575
0.361089
0.390492
0.393326
0.140334
0.361912
0.476803
0.398432
0.147441
0.427946
0.336337
0.270781
0.324601
0.118089
0.351849
0.253196
0.531165
