0.050341
0.198716
0.196582
0.093517
0.127341
0.303817
1.11807
0.232246
0.283551
0.0884459
0.169058
0.183244
0.278702
0.104944
0.236347
1.14721
0.211709
1.13193
0.29183
0.30398
0.0898719
0.127491
0.175994
0.00743785
0.361921
0.36277
0.979815
0.140178
0.71787
0.340567
0.239882
1.10973
0.288734
0.230252
0.547254
0.860994
0.136026
0.153056
0.459685
0.698587
0.944763
1.09195
0.314087
1.05742
0.221855
0.395579
0.359699
0.245302
0.820511
0.148234
0.0397126
0.0329029
0.760558
0.0943929
0.169091
0.507182
0.180772
0.141656
0.847359
0.318822
0.511298
0.69073
0.819656
0.19199
0.519766
0.178448
0.147893
0.287247
0.854187
0.198102
1.10965
0.852579
0.512768
0.321816
1.01272
0.154743
0.292154
0.824763
0.142566
0.0510498
0.306531
0.855433
0.488253
1.11385
0.216664
0.267303
0.0932031
0.104624
0.991382
0.116791
0.249004
0.268543
0.119961
1.14918
0.478803
0.849602
0.650453
0.178994
0.936997
0.279559
0.224641
1.10481
1.05974
0.998736
0.28772
0.161453
0.283218
0.514899
0.164457
0.881237
0.119213
0.38838
1.28948
0.559275
0.295764
0.92247
1.23093
0.145614
0.252892
1.1269
0.128026
0.251272
0.63778
0.235139
0.740701
0.266713
1.00182
0.164987
0.303742
0.217231
1.11735
0.532213
0.238016
1.2057
0.210166
0.812778
0.206232
0.691069
1.21116
0.211016
0.20096
0.320152
0.559383
0.13152
0.206149
0.4779
1.30437
0.274844
1.05488
0.0876853
0.0574919
0.308562
1.31424
0.177383
0.18768
0.166463
1.08976
0.146513
1.38689
0.152565
0.226226
0.392998
0.208994
0.353315
0.166068
0.304644
0.174155
0.191939
0.121204
0.175247
1.41475
0.26197
0.179733
