0.20435
0.135479
0.186134
0.140771
0.16386
0.12346
0.0966477
0.176009
0.179753
0.13789
0.312441
0.149469
0.344757
0.141717
0.194188
0.144409
0.132942
0.214663
0.989221
0.0302722
0.133638
0.0970656
0.215947
1.06504
0.11285
0.198653
0.151663
0.325277
0.0412592
0.238222
0.118817
0.191584
0.261369
0.289581
1.3644
0.184631
0.173165
0.346339
0.224222
0.168063
0.125028
1.08619
0.109807
0.136014
0.227992
0.309995
0.397173
0.103317
0.0982761
0.105408
0.751173
0.265222
0.131407
0.347308
0.257824
1.22641
0.146891
0.253388
0.604062
0.219405
0.189263
0.220712
1.16271
1.29871
0.934659
0.0362918
0.667988
0.497187
0.198889
1.21359
1.40063
0.177482
0.150948
0.178592
0.465169
0.244889
0.142496
1.10982
0.23925
0.807511
0.103539
1.18328
0.230338
0.270983
0.173995
0.161894
0.605459
0.108951
0.434431
0.071087
1.21479
1.20524
0.173676
0.30283
0.219178
0.103782
1.05917
0.0179314
1.35795
0.153896
0.169432
1.18892
0.213479
0.255009
0.10599
0.173934
0.776422
0.0732653
1.16558
0.293647
0.139594
1.07047
0.343101
1.19935
0.160148
0.176575
0.237885
0.207299
0.0875908
0.216626
0.239828
0.231838
0.514185
0.180767
0.846685
0.229737
0.122743
1.00138
0.172917
0.111121
0.18496
0.871592
0.990921
0.137593
0.544551
1.00845
0.298383
0.203797
1.24353
1.30386
0.195936
0.487602
0.135277
0.891112
0.112998
0.26814
0.112911
0.381506
0.21239
1.10212
1.2573
0.724781
0.155106
0.210048
0.425194
0.233663
0.966901
0.0592078
0.142402
0.112655
0.402276
0.14037
0.165961
0.570996
1.44464
0.770584
0.131475
1.07704
0.12832
0.136927
0.31342
0.214654
1.17878
1.28252
0.120519
0.349729
0.0237243
1.52354
0.216606
0.139336
0.158171
0.149086
0.226851
0.260781
0.276738
0.238701
1.27585
0.188037
0.190957
0.14008
0.245357
0.217328
0.203616
0.229047
0.177601
1.48328
0.257012
0.19782
0.215379
0.21996
0.245691
0.296015
0.172836
0.315868
0.1576
0.285347
0.118101
0.158137
0.249121
0.158376
0.362733
0.21249
0.330198
0.12864
0.195904
