0.0267679
0.221953
0.140447
0.163004
0.220739
0.169685
0.171784
0.266174
0.0998714
0.336962
0.243627
0.189244
0.206613
0.275852
1.09157
0.086573
0.322997
0.307688
0.087019
0.26993
0.313508
0.17108
1.24609
0.259259
0.302817
0.15792
0.990924
0.216404
0.185793
0.137415
0.19143
0.0236595
0.164701
0.0695402
0.366576
0.126594
0.194359
0.330577
0.161096
0.192807
0.832672
0.155241
0.256334
0.249983
0.971038
1.32805
0.251848
0.789587
0.458636
0.16964
0.7304
0.201176
0.980195
1.11736
0.271092
0.351696
0.266019
0.194109
0.262453
0.30001
0.811401
0.166614
0.893716
0.167397
0.909626
0.223175
0.0342751
0.177442
0.338257
0.355295
0.115987
0.289138
0.168939
0.302971
0.993571
0.209059
0.263483
0.86627
0.701661
0.136682
0.817932
0.243492
0.953161
0.2162
0.298243
0.38777
0.217195
0.694027
1.21404
0.127554
0.772926
1.1973
0.137743
0.302491
0.358652
0.0945842
0.479527
0.205425
0.0669185
0.286156
0.974808
0.179319
0.304297
1.08386
0.703232
0.153418
0.308397
0.187767
0.655085
1.25039
0.149017
0.312863
0.340858
0.470056
0.129383
0.168441
0.229217
0.279521
1.08987
0.162516
0.194608
0.709655
0.822021
0.522599
0.426811
1.04677
0.110301
0.236677
0.212421
0.138184
0.196438
0.501391
0.131433
0.913683
0.1545
1.24952
0.279992
0.965591
0.352442
0.354396
0.21809
0.719122
0.844723
0.130582
1.24622
0.205806
0.497685
0.169855
0.209318
0.92529
0.319443
0.222235
0.171045
0.251625
0.134573
0.908784
0.0785607
0.414777
0.396079
0.206744
0.903593
0.0587777
0.214344
0.11893
0.297467
1.10475
0.205924
0.0820898
0.223627
0.19694
0.454002
0.205762
0.0746362
0.139785
0.210313
1.22996
1.12423
0.312424
0.357679
0.292254
0.261045
0.219223
0.170534
0.377529
1.12759
0.211011
0.284042
0.150761
0.166188
0.153145
0.119494
0.180247
0.143562
1.39313
0.131799
0.402106
0.311775
0.17368
0.211165
0.174282
0.114046
