0.210375
0.180963
0.357564
0.134576
0.157568
0.258669
0.0888887
1.02234
0.276576
0.223818
0.18714
0.265163
0.295806
0.274912
0.163383
0.33666
1.10492
0.13205
0.233491
0.0339566
0.406261
0.181369
0.21412
0.248006
0.262991
0.271697
0.283498
0.80644
0.687572
0.0273338
0.161432
1.02119
0.282712
0.178658
0.276943
0.829965
0.236514
0.199855
0.951987
1.06787
0.292564
0.0711662
0.571596
0.120831
0.22392
1.10153
0.334054
0.845617
0.192985
0.0157175
0.954234
0.878367
0.19593
0.049089
0.349869
0.0944997
0.271046
1.15058
0.182481
0.190097
0.117263
1.00267
0.294447
1.38135
0.959527
0.208022
0.451599
0.913169
0.856312
0.33096
0.270609
0.300471
0.770713
0.182099
0.108369
0.22955
0.029315
0.387801
0.899025
0.306929
0.228916
0.0462677
0.19198
0.71639
0.274024
0.102696
1.09206
0.598473
1.05755
0.147463
1.002
0.678221
0.944597
0.157284
0.116888
0.835252
1.19213
0.0926207
0.205869
0.368387
0.286903
0.944872
0.781653
0.827124
0.136686
1.05414
0.291949
0.39858
0.821112
0.747367
0.141165
0.211004
0.292515
0.194545
0.908408
1.16512
0.145712
0.32473
0.48558
0.167757
1.29714
0.0865329
1.04154
0.158326
0.221926
0.20424
0.877714
0.195792
0.225253
1.18402
1.26689
0.131503
0.413436
0.993929
0.115073
0.269577
0.909929
0.188529
0.234026
0.85069
0.155574
0.271519
0.000659697
0.309036
0.197885
0.175715
0.187795
0.232998
0.972411
0.229896
1.39539
1.35764
0.193094
0.36873
0.252993
0.114603
0.23872
0.0995609
1.21207
0.0729182
0.275434
0.448617
0.213104
0.339968
