0.903144
0.132271
0.237681
0.156745
0.2098
0.0684923
0.190989
0.0747051
0.265933
1.09813
1.01665
0.195899
0.280172
0.269575
0.98121
0.174682
0.239024
0.313117
0.184394
0.307497
0.127603
0.226667
0.211747
0.291718
1.00977
0.985015
1.00733
0.780356
0.207623
0.322112
0.402669
0.157067
1.0504
0.935727
0.259178
0.215559
0.931538
0.988338
0.151329
0.0482511
0.0460969
0.697621
0.459142
1.2889
0.200093
0.176047
0.551564
0.505274
0.907078
0.693916
0.135484
0.419315
0.184481
0.340944
1.14739
0.873047
0.315223
0.693903
0.155235
0.130988
1.00178
0.24336
0.146941
0.678883
0.506609
0.880652
0.101875
0.0959499
0.466621
1.1048
0.626498
0.320849
0.848427
0.31251
0.862896
0.318525
0.437784
0.334753
1.05208
0.163705
0.120526
0.927341
1.06608
0.648557
0.0941434
0.469367
0.13263
0.338466
0.75037
0.879626
0.884481
0.0415261
0.594779
0.253433
0.426225
0.874939
0.0446884
0.659104
1.11034
0.912118
0.0562131
0.328007
0.237135
0.15425
0.661891
0.399763
0.721815
0.850984
0.275417
0.407484
0.250707
0.806003
0.332598
0.1831
0.91669
0.21291
0.364625
1.06828
0.336536
0.839973
0.610096
0.290859
0.362273
0.357872
0.357385
0.261606
1.09394
0.339904
0.955783
0.257002
1.21407
1.14335
0.295827
1.26656
