0.425648
0.129809
0.181531
0.208518
0.916524
0.144777
0.159234
0.165446
0.20534
0.128937
0.248601
0.211807
0.255016
0.209029
0.109857
1.02779
0.233039
0.284553
0.876993
0.192425
0.669368
0.114628
0.0595692
0.921054
0.296469
0.341622
0.248123
0.231387
1.00887
0.0492893
0.144996
0.972911
0.270279
0.291692
0.471676
0.72807
1.16459
0.0211521
1.03042
0.23751
0.303837
0.301553
0.191075
0.956865
0.36597
0.358702
1.0011
0.388513
0.773784
1.14974
0.253448
1.11347
0.163027
0.262712
1.05717
0.292957
0.752134
0.533819
0.111305
0.98214
0.181412
0.10298
0.122922
0.369991
0.148751
1.05477
0.0936005
0.664882
0.209702
1.0483
0.110104
0.948396
1.17622
0.167509
0.254621
0.424198
0.248258
0.221871
0.885816
0.481754
0.252833
0.154226
0.780565
0.183756
0.144641
0.565769
0.904628
0.734114
0.252005
0.343515
0.891286
0.0707374
1.2014
0.993806
0.160283
0.781279
0.706241
0.575886
0.142918
0.424335
0.153823
0.967217
0.88992
0.634579
0.217337
0.196104
0.196934
0.94717
0.154338
0.225337
1.08063
0.971935
0.519601
0.638709
0.902452
0.881989
0.0761313
0.211417
0.656942
0.519635
0.250607
0.234456
0.282591
0.248875
0.290126
1.05421
0.461133
0.271263
0.101054
0.30909
0.216049
1.07522
1.05188
0.176432
1.08891
0.287687
1.00977
1.26278
0.34136
1.06858
0.376614
