0.194506
0.183268
0.103756
0.286855
0.228717
0.165435
0.225335
0.304733
1.32203
0.111692
0.194852
0.0914243
0.257523
0.154296
0.187262
0.102642
0.127997
0.969703
0.263281
0.155045
0.268892
0.157647
0.079877
0.0142481
0.324918
0.203921
0.213891
0.107538
0.191363
0.0242362
1.03692
0.391859
0.700733
1.03344
0.175339
0.193441
0.14384
0.69817
0.872864
0.237377
0.176097
0.199699
0.291208
0.612838
0.173073
0.0703716
0.344684
0.180862
0.443876
0.126244
0.776112
1.00458
0.0432758
0.869219
0.856471
0.444828
0.460224
0.309088
0.0962973
0.30328
0.154328
0.207758
0.834067
0.89606
0.962886
0.262953
0.437673
0.121992
0.194184
0.391734
0.711779
1.14286
0.914521
0.117164
0.146917
0.103301
0.852804
0.293121
0.17742
0.335734
0.198258
0.162285
0.79451
1.10503
0.993764
0.474891
0.198912
0.160517
0.282606
0.218325
1.11076
0.210156
0.942644
0.656087
0.110084
0.344593
0.337813
0.597476
0.916106
0.266421
1.08535
0.252561
0.0448825
0.982151
0.200689
0.884636
1.04282
0.188257
0.150393
0.632029
0.362133
0.822102
0.259512
1.15517
0.382568
1.16848
1.06004
0.166602
0.229333
0.280839
0.366112
1.10993
0.230438
0.33397
0.496714
1.18292
0.280238
0.645937
0.182501
0.985429
0.244105
1.19864
0.102932
0.317044
0.378296
0.477875
0.680664
0.438498
0.263073
1.18985
0.273113
0.282795
0.277152
1.15834
0.275182
0.434061
0.881718
1.22503
0.0213089
0.0483097
1.16024
0.293617
0.84908
0.264599
0.21037
0.201985
0.170912
1.24816
0.124025
0.0751464
0.219043
0.141069
0.196094
0.223618
0.227614
0.177766
0.351793
0.196653
1.46232
0.279273
1.42549
0.387888
0.186699
0.195791
0.229905
0.270237
0.322614
0.299134
1.53462
