0.272028
0.204656
0.137152
0.158691
0.218094
0.0951241
0.151477
0.177761
0.183668
0.239609
0.163789
0.118974
0.263919
0.157116
0.294251
1.15452
0.301957
1.22439
0.306266
0.243938
0.150809
1.10888
0.163514
0.0929705
0.23168
0.239325
0.199014
0.295676
0.358007
0.901505
0.0648338
0.153578
0.0247747
0.132825
0.925269
0.677899
0.241795
0.173575
0.182986
0.137073
0.143541
0.155672
0.622743
0.195917
0.714323
0.87712
0.0673674
0.912052
0.212195
1.18615
0.513914
0.241935
0.0521865
0.125942
0.821974
0.240762
0.246278
0.429216
0.208197
0.0539399
0.292464
0.161636
0.744006
0.878476
0.182543
0.130731
0.807987
0.0859492
0.06869
0.497253
0.872445
0.689836
0.44324
0.285076
0.428589
0.224805
0.899375
0.278379
0.657585
0.31956
0.131744
1.11786
0.185619
0.720805
0.631614
0.652378
0.264405
1.1161
1.00308
1.31737
0.0872893
0.286904
0.471265
0.697555
0.213369
0.65003
0.146369
0.201684
0.159541
0.990016
0.212613
0.17878
1.00625
0.257003
0.790517
0.844175
0.249218
0.507771
0.860468
0.227344
0.168333
1.23654
0.164337
0.161466
0.587254
0.260801
0.188426
0.764174
1.09132
0.349987
0.160419
0.953615
0.357324
1.03496
0.0169721
0.910987
0.261399
0.44566
1.26009
0.144266
0.600712
1.12091
0.248038
0.121877
0.311497
0.170681
0.192097
1.10012
0.165545
0.442711
0.212185
0.261489
1.08197
1.11743
0.358546
1.04578
0.250183
0.417548
0.151802
0.153101
0.231873
0.195486
0.315684
0.70178
1.23309
1.30458
0.381299
0.146339
0.337464
0.148891
0.263347
0.251837
0.205713
0.185766
1.20452
0.280041
0.256825
0.17863
0.284161
0.204877
0.280618
0.315642
0.143682
1.2061
0.314309
0.240071
1.23166
0.283487
0.178595
1.37461
0.14982
0.150915
0.227527
0.20517
0.149801
0.165617
