0.420638
0.0954035
0.441585
1.68612
0.444815
0.279904
0.286302
0.311635
0.364715
0.303045
0.481136
0.384594
0.458249
0.364501
0.217175
0.305235
0.206175
0.291524
0.403633
0.404177
0.35482
0.560412
0.381351
0.203276
0.244142
0.449408
1.65846
0.349764
0.319751
0.265444
0.420086
0.175445
0.160854
0.220291
1.668
0.29024
0.307824
0.348846
0.445169
0.30384
0.33824
0.215937
1.27899
1.37735
0.445694
0.431567
0.301362
0.490686
0.398632
0.441806
0.343534
0.616511
0.906076
0.394272
1.78035
1.23729
0.368834
0.432809
0.492839
0.384366
0.406794
0.370267
0.281515
1.43808
0.958273
0.365918
0.358395
0.717994
0.320813
1.46722
0.502998
1.44254
0.273953
1.20026
0.345168
0.347606
0.812706
1.89404
0.339841
0.409096
0.51379
0.500337
0.410586
1.56145
0.512545
1.2608
0.899552
0.197635
0.236651
1.28415
0.478845
0.407424
1.34871
0.34556
0.495775
0.361921
0.427314
0.693245
1.80861
0.553423
1.80432
0.332464
0.338724
0.913683
0.391647
0.209412
0.368131
1.49034
0.452022
0.417531
0.873077
0.308933
1.23235
0.349917
0.521163
0.330031
0.602731
1.04928
0.302195
0.254808
0.486407
0.330099
0.752214
1.2689
0.432148
0.25895
0.33327
0.609375
0.409648
1.56892
0.541429
0.373781
0.84659
0.523084
0.266411
0.562575
0.283891
1.3168
1.59817
0.266724
0.240128
0.470341
1.59813
0.453811
0.31324
0.388127
1.22927
0.357196
0.239288
0.610857
0.928256
0.210314
0.340726
0.640645
0.347006
0.415736
0.304769
0.277728
0.299077
0.343945
0.455988
1.29719
1.36901
0.200194
0.217332
0.412915
0.328155
0.491731
0.242383
0.249648
0.166644
0.306585
0.275441
0.204999
0.333305
0.189188
0.299766
0.408271
0.256906
0.149716
0.483636
0.259474
0.207239
0.26151
0.411
0.199126
0.472162
0.285741
0.239144
0.32788
0.268606
0.31602
0.246149
0.348208
0.130474
0.431053
0.309937
0.209058
0.564313
