1.20978
0.335538
0.233089
1.2735
0.162462
0.155521
1.00778
0.298027
0.91086
0.860651
1.04819
0.280848
0.216073
0.307481
0.284324
0.404124
0.875419
0.380613
0.576816
0.966561
0.990648
0.795829
1.11839
0.57747
0.421478
0.334492
0.294888
0.463294
1.07105
0.415136
1.00269
0.583079
0.974116
0.859638
0.558836
1.05881
0.591769
0.305066
0.552334
0.648771
0.878651
0.427378
0.326543
0.965562
1.02028
0.850296
0.521031
0.527643
0.982486
0.887229
0.803006
0.445093
0.882871
0.713759
0.878586
1.0609
0.969357
0.355897
0.990814
0.410516
0.90249
0.926881
0.648539
0.329777
0.749725
0.917023
0.445498
0.946634
0.38751
1.03609
0.96403
1.07232
0.660716
1.07481
1.06086
1.16215
0.439201
1.10048
1.22568
0.882149
