0.410557
0.540311
0.409676
0.331523
0.460485
0.246497
0.201964
0.303512
0.25146
0.257514
0.517799
0.458677
0.327775
0.423484
0.311761
0.277187
0.490478
0.192317
0.238737
0.445217
0.546431
0.338797
1.62594
0.362555
0.287436
1.78562
0.201734
0.484739
0.644358
0.234039
0.407534
0.55
0.562163
1.45162
0.403164
0.361721
0.164769
0.417624
0.457017
0.520626
0.417378
0.331414
0.467431
0.365954
0.841849
0.281744
0.689016
1.30068
0.387041
1.68539
0.310386
0.380526
0.453551
0.308422
0.402725
0.718329
0.533813
0.50315
0.574614
1.08227
0.257639
1.49185
1.73984
0.315048
0.257978
0.318505
1.62955
0.288654
0.201759
0.50779
1.33051
1.57
0.59092
0.955629
0.534577
0.435626
0.498511
0.36274
0.737977
0.413989
0.506067
1.11341
0.488666
0.942909
1.93177
0.341385
1.29924
0.190343
0.494134
1.76486
1.56406
0.576441
0.48281
0.214672
0.562675
0.482055
0.801134
0.204953
0.217716
1.49057
0.504088
0.566808
0.345483
0.356128
0.742281
0.283065
1.00246
0.32817
0.584769
1.72022
1.83786
1.91473
0.310073
0.942535
0.327853
0.335074
0.472983
0.625451
0.330597
0.452669
1.4715
1.19528
0.64577
0.294633
0.560995
0.349404
0.47408
1.23967
0.869687
0.647595
0.49249
0.280047
0.316862
0.428856
0.310628
0.360304
0.967099
0.347701
0.677053
0.367216
1.66517
0.237173
1.52314
0.809303
0.413197
1.29279
0.254759
0.350562
0.415721
0.287972
0.394586
0.448663
0.454892
1.45372
0.321593
0.36464
0.444517
0.523611
0.352467
0.35261
0.275857
0.370503
0.355008
0.424679
0.352614
0.470021
0.294307
0.243985
0.329793
0.373101
0.392359
0.243672
0.368254
0.38639
0.366169
0.136059
0.329813
0.397953
0.418969
0.33926
0.344007
0.153792
0.432763
0.312897
0.198414
0.238343
0.543687
0.353878
0.585206
0.306289
0.47381
0.405953
