0.0296536
0.265534
0.206396
0.25722
0.314966
0.400873
0.173736
0.148923
0.193672
1.03676
0.27046
0.250924
0.162965
0.251765
0.195728
0.24373
0.142354
0.986306
0.366338
0.132502
0.0252501
0.978511
0.214754
0.0716609
0.127253
0.957294
0.144181
0.88636
0.859392
0.867728
0.16989
0.226114
0.253687
0.30841
0.307397
0.865935
0.976294
0.32172
0.426463
0.866238
0.461384
0.142574
0.243167
0.122376
0.108324
0.696885
0.532129
0.867974
0.237649
0.0563339
0.210413
0.903279
0.150722
0.16162
0.923462
0.290571
1.02866
0.773686
0.251944
0.105606
0.153061
0.981343
0.426206
0.0647243
0.158869
0.899349
0.880356
0.0478724
0.0982822
0.0222682
1.15253
0.406414
0.238858
0.209105
0.516374
0.906717
1.08187
1.31532
0.397405
0.131984
0.229524
0.798183
0.567308
0.195543
0.473805
0.153731
0.510038
0.926637
0.118443
0.170123
0.942865
0.882025
0.214869
0.239459
0.750452
0.916132
0.0899948
0.3244
0.386407
0.203572
0.588604
0.802298
1.13792
0.960513
0.163675
0.203634
0.21749
0.860951
0.26447
1.34474
0.10354
0.61376
0.716955
0.872971
0.158265
0.217359
0.23238
0.265463
0.174509
0.425716
0.979253
1.01745
0.130526
0.213948
0.227775
0.282771
0.89626
0.270483
0.19072
0.541884
1.06874
1.28003
0.152346
0.965106
0.286881
0.448493
0.315159
0.205214
0.885075
0.173379
0.142591
1.06822
0.170116
0.286859
0.133581
0.137742
0.230168
0.363536
0.0997139
1.10105
0.199367
0.220679
1.19465
0.232915
0.202265
0.143427
