0.289831
0.410516
0.0620404
1.62028
0.427607
0.401421
0.275474
0.246601
0.283368
0.374724
0.30958
0.476191
0.429921
0.445572
0.326277
0.300877
0.304538
0.219413
0.366479
0.337582
0.378596
0.363832
0.483696
0.325155
0.248417
0.194283
1.7791
0.560288
0.279053
0.337288
0.335128
0.406533
1.69014
0.158322
0.268181
0.253462
0.291796
0.32439
0.325052
0.42315
0.289504
1.3147
0.299969
0.227125
1.39362
0.500966
0.298645
0.433189
0.529764
0.406256
0.411725
0.358097
0.628654
1.71845
0.98124
0.437657
0.319162
1.25925
0.423549
0.347061
1.47111
0.513668
0.312028
0.461911
0.35615
0.972355
0.353415
0.354945
0.667935
1.49593
0.344959
1.45267
0.248002
0.481276
1.26939
1.95203
0.337575
0.41895
0.896331
0.37292
0.38688
0.565276
0.401656
1.56674
0.467121
0.519467
1.32688
0.918317
1.29069
0.203867
0.180688
1.36183
0.430854
0.394549
0.439767
0.468455
0.37967
0.729684
0.449258
1.79751
0.524185
0.316891
0.937587
1.50396
0.407886
0.405016
0.45296
0.258845
0.361919
0.359212
0.933723
0.288119
0.363256
1.27055
0.512026
0.599143
0.293682
0.347302
1.02001
0.23029
0.468946
0.772525
0.329974
0.389098
0.290606
0.46342
0.588298
0.352781
1.30342
1.55549
0.554473
0.303577
0.81883
0.486949
0.546746
0.269742
1.71406
0.30224
1.33258
0.270815
0.284291
0.448476
1.52225
0.462664
0.354095
0.352487
1.2898
0.380838
0.263219
0.728113
0.944615
0.206936
0.305069
0.641039
0.323533
0.422076
0.330369
0.292168
0.29088
0.348711
0.380825
0.226945
0.229575
1.38001
1.24775
0.353633
0.409953
0.247465
0.264678
0.489368
0.106024
0.320135
0.276895
0.174092
0.4024
0.190932
0.277322
0.33204
0.259006
0.147593
0.435235
0.257365
0.386498
0.198496
0.247491
0.193719
0.173611
0.450063
0.256883
0.311364
0.25352
0.296819
0.31813
0.265771
0.129601
0.343022
0.372872
0.0824887
0.542795
