0.287032
0.10952
0.16869
0.183938
0.199053
0.163361
0.114956
0.186233
0.340625
0.148959
0.183942
0.20226
0.923859
0.0681292
1.2412
0.274784
0.216078
0.136746
0.122983
0.19601
0.190738
0.294918
0.13792
0.309604
0.101454
0.209462
0.256861
0.179013
0.241311
0.0810662
0.0441406
0.156585
0.0626589
0.222129
0.303377
0.191288
0.124724
0.217204
0.190521
0.373692
0.185577
0.989673
1.20971
0.175737
0.368889
0.0586544
0.111307
0.134131
0.140117
0.32509
0.274437
0.232344
0.227592
1.2083
0.905164
0.190908
1.23005
0.67898
0.237416
0.489822
0.417346
0.211106
0.136254
0.949373
0.113128
0.220496
0.254907
0.331263
0.592901
0.646648
0.22018
1.23523
0.260398
0.140686
0.855151
0.538902
1.38369
0.330244
1.25026
0.065153
0.122588
0.120915
0.22481
0.35315
0.173229
1.45088
0.189618
1.23879
0.7378
0.114187
0.278439
0.242421
1.1208
0.255251
0.25687
0.594251
0.246588
0.298855
0.546914
1.19467
1.13466
0.0568856
1.11037
0.186847
0.200477
0.213493
0.0714869
0.194252
0.112163
1.17996
0.298333
0.329311
0.818813
0.201683
1.12914
0.207862
0.0890693
0.299813
0.242394
0.639532
0.90759
0.225192
0.272744
0.060981
0.249432
0.331854
0.640661
0.219262
0.102636
0.993357
0.983582
0.168319
0.2807
1.02077
0.203864
0.314393
0.255284
0.654677
0.132888
0.908494
0.0680143
1.31848
0.465646
0.175501
1.03057
0.426098
0.153563
0.973231
0.302601
0.170057
0.0897931
0.378428
0.313105
1.19637
0.00920939
1.21124
0.149883
0.129512
1.37926
0.0590018
0.424331
0.693788
0.724543
0.0925808
0.264692
0.202706
0.256593
1.07604
0.18312
0.435592
0.342402
1.11361
0.11171
1.33874
0.0714887
0.266795
0.220025
0.220168
0.253964
0.208225
0.146276
1.07921
0.149002
0.158082
0.24298
0.227685
1.31676
0.208181
0.218865
0.1468
0.223739
0.16835
0.225229
0.239559
0.220487
0.277625
0.141634
0.249567
1.50217
0.380001
0.145255
0.290367
0.387727
0.175022
0.17566
0.190073
0.247773
0.171779
0.261387
0.272187
0.27157
0.0921939
0.0929439
