0.0446334
0.161552
0.192466
0.167329
0.175877
0.201836
0.113575
0.27982
0.190596
0.100434
0.182771
0.294874
0.277167
1.08731
0.178737
0.214216
0.109478
0.236314
1.27266
0.157111
0.227522
0.281877
0.152187
0.94552
0.356442
0.333221
0.240547
0.237899
0.112924
0.218176
0.157345
0.0639338
0.230615
0.154098
0.122454
0.109514
0.368422
1.25076
0.234511
0.0378331
0.856038
0.22477
0.168665
0.177311
0.944356
0.175336
0.284821
0.297385
0.811075
0.281666
0.479841
0.172433
0.80011
0.981601
1.11233
0.209882
0.130473
0.281167
0.311652
0.348122
0.312159
0.144051
0.865966
0.897663
0.773072
0.137877
0.357894
0.0505904
0.226451
0.178337
0.187915
0.336332
0.324543
0.221141
0.218092
0.992824
0.322909
0.912633
0.312579
0.675456
1.28027
0.874706
0.291402
0.335106
0.175929
0.182437
0.928174
0.750006
0.0746945
0.237354
0.376339
0.791701
1.28672
0.14603
0.30289
0.360205
0.179585
0.314206
0.433045
0.126013
0.178135
0.979259
0.152626
0.310414
0.671628
1.07105
0.333394
0.129657
0.231138
0.205223
0.694629
1.29477
0.252219
0.40062
0.147435
0.469643
0.138351
0.193761
0.192006
0.187325
1.03283
0.0934385
0.729788
0.85773
0.585055
0.224359
1.06116
0.218292
0.480801
0.189069
0.537135
0.110659
1.28432
0.244259
0.159594
0.912811
0.227824
0.127874
0.973762
0.355503
0.341674
0.899834
0.727909
0.226763
0.111381
0.234452
0.511033
0.225517
0.898599
1.29351
0.230668
0.187316
0.173354
0.253668
0.298797
0.157723
0.166634
0.464812
0.967423
0.435567
0.174513
1.2393
0.863436
0.225884
0.106203
0.120899
0.366618
0.133299
0.0842435
0.260942
0.25456
0.159472
0.443518
0.112489
0.221363
0.17285
0.296254
0.374644
1.23242
1.20338
0.308518
0.296937
0.197956
0.141149
1.12152
0.249565
0.229318
0.378871
0.255584
0.19937
0.253657
0.221335
0.171937
0.190577
1.30502
0.170145
0.442946
0.298345
0.183681
0.211137
0.161927
0.204953
