0.173899
0.178084
0.108557
0.20182
0.127268
0.327779
0.200517
0.102595
0.204506
0.139321
1.24677
0.21081
0.194932
0.138655
0.342897
0.133244
0.166668
0.181783
1.19476
0.192089
0.104112
0.0756589
0.0965537
0.137777
0.161713
0.0848217
0.17181
0.213556
0.154282
0.170813
0.163612
0.140257
0.113391
0.179642
1.05247
0.081028
0.18113
0.152396
0.163482
0.187719
0.188327
0.184817
1.20951
0.232497
0.373158
0.165522
1.05796
0.797451
0.173122
0.422367
0.415498
1.13511
0.364971
0.142089
0.763399
0.210956
1.05519
0.216066
0.193078
0.996205
0.107324
0.366968
0.273543
0.496969
0.117224
0.16168
0.0148938
0.0189233
0.189131
0.602933
0.201261
0.253227
0.596847
0.935739
0.385902
1.19905
0.981257
0.249536
0.245366
0.348205
0.381378
0.163628
0.208905
1.06919
0.284555
0.635631
0.687064
0.142466
0.215219
0.556836
0.262753
0.381412
0.299266
1.1662
1.12457
0.0774587
0.910039
0.363716
0.367696
1.10102
0.327758
0.187077
0.177667
0.231935
0.121381
0.722784
0.868585
0.218019
0.260646
0.740574
0.279764
0.311341
1.08171
0.117723
0.278657
0.200702
1.09018
0.0439686
0.39664
0.0157582
0.194571
0.684729
0.853725
1.0148
0.220286
0.17987
0.417879
0.310887
1.10363
0.675148
1.50536
0.283228
0.150371
0.181012
0.231642
0.317243
0.631035
1.33717
0.964222
0.186294
1.11537
0.157102
0.941921
0.435616
0.176218
1.06081
0.161432
0.358355
1.1653
0.0655877
0.0313437
0.199292
0.346932
0.158104
0.164143
0.20285
0.47724
0.195551
0.294287
0.253141
1.00166
0.22493
1.17176
1.2154
0.0301293
0.20513
1.25282
0.144496
0.203536
0.0930556
0.171077
0.126958
0.256738
0.185318
0.307923
0.192404
0.237056
0.0907578
0.163025
1.18115
0.217131
0.185983
0.210448
0.216765
0.165745
0.229732
0.16336
1.08034
0.110453
0.243772
0.360306
0.209145
0.144576
1.38667
0.182905
0.202934
0.107169
0.250405
0.167669
0.103249
0.0641145
0.170436
0.082155
0.0990295
