1.19259
0.205617
0.208458
1.13218
0.349657
1.29558
0.149521
0.367866
0.368103
0.265998
0.341385
0.803259
0.324891
1.28761
0.22763
0.947575
0.217071
0.817724
0.331629
0.763911
0.498374
0.746893
0.372827
0.516407
0.274981
0.184623
0.823814
1.01478
0.94138
0.853381
0.318653
0.174675
1.11836
1.0202
0.618833
0.995106
0.881838
0.351641
0.639905
0.794968
0.629303
0.341531
0.99251
0.344608
0.391866
0.413901
0.246859
1.03743
0.54834
0.778292
0.980348
0.529085
1.12228
0.345772
0.286388
0.687721
1.03156
0.365456
0.960285
0.902342
0.501955
0.900338
0.734871
0.180478
0.998941
0.709058
0.432886
0.398357
0.969925
0.827675
0.392111
0.392738
0.951537
0.955821
0.994276
0.945879
0.436631
1.18497
0.238753
0.396977
0.880233
0.585597
0.38853
0.208762
1.00884
1.15295
0.408636
0.469435
1.25072
1.06952
1.01044
1.13674
0.868193
1.1727
1.07643
0.455055
1.23659
