0.280344
1.00932
0.121713
0.133241
0.15392
0.243767
1.0081
0.21905
0.20002
0.0910777
0.14151
0.195984
0.234776
0.208804
0.120284
1.09326
1.1615
0.183247
0.163899
0.0638633
0.248351
1.21483
0.239459
0.222874
0.200922
0.197056
0.227686
0.7759
0.158518
0.623135
0.151831
0.0760985
0.221344
0.912344
0.68049
0.233968
0.435052
0.304459
0.782378
0.314467
0.9459
0.179899
0.128652
1.01423
0.804515
0.162655
0.199997
0.155845
0.154401
0.840731
0.998474
0.56069
0.871002
0.208305
0.745313
0.189318
0.275256
1.08509
0.227734
0.25027
0.45492
0.920594
0.340708
0.121571
0.867785
0.222012
0.61979
1.17503
0.615224
0.0306253
0.243661
0.184421
0.069029
0.18786
0.569702
1.24149
0.910311
0.769774
0.152339
0.101866
0.679298
0.0406239
0.156091
0.216402
1.14276
0.824833
0.407203
0.241585
0.943724
0.730092
0.0206021
0.181127
1.08095
0.229188
0.816127
0.140033
0.216
0.17995
0.419597
0.817614
1.22149
0.134814
0.810029
0.215714
0.241636
0.997054
0.266076
1.02565
0.0217747
0.15985
0.208323
0.833373
0.681358
0.206064
0.481811
0.178321
0.961269
0.354139
0.931116
0.216272
0.919389
0.303934
0.262171
0.144284
1.17815
1.19267
0.372429
0.272171
0.116961
0.931917
0.748481
0.227172
0.912209
0.195817
0.257656
0.952609
0.169227
0.136328
0.236439
1.13012
0.239842
0.132554
0.16443
0.893629
1.0492
0.146145
0.143697
0.116781
0.145483
0.114902
1.25096
0.314697
0.21008
1.11387
0.393448
