0.217157
0.225235
0.172377
1.03592
0.187152
0.191081
0.183141
0.287992
0.204437
0.231967
0.234732
0.206382
0.154138
0.114028
0.18217
0.888945
0.256148
0.208225
0.234303
0.163796
0.295592
0.221466
0.194077
0.278317
0.126199
0.140998
0.107167
0.212944
0.284702
0.100338
0.235253
0.201828
0.00951697
0.178258
0.134905
0.147746
1.12138
0.152256
0.90537
0.21344
0.292972
0.189238
0.154253
0.770778
0.384319
0.886817
0.346408
0.265621
0.342672
0.900918
0.841319
0.543896
0.0998617
0.192011
0.199914
0.798639
0.278464
0.870689
0.377188
0.899735
0.273942
0.262222
0.137441
0.941183
0.153422
0.386195
0.258284
0.150001
1.03826
1.15901
0.241413
0.228754
0.178027
0.0809975
0.378361
0.206645
0.766791
0.8787
0.330137
0.745929
0.0732194
0.361873
0.436629
1.03836
0.162337
0.195346
1.27472
0.66669
0.211383
0.277601
0.757704
0.299881
0.483172
0.146604
0.33713
0.202494
0.526065
1.36005
1.11207
0.24692
0.26017
0.325635
0.169429
0.84953
0.160238
0.155527
0.405169
1.08816
0.66359
0.565164
0.196691
0.203043
0.191553
0.196782
0.174141
0.0957311
0.215734
1.09428
0.961372
0.380891
0.781386
0.641971
1.08776
0.217043
0.602859
0.0974757
0.24289
0.313357
0.689045
1.02556
0.186576
0.138387
0.112963
0.532835
0.108935
0.520549
0.908107
0.21978
1.10029
0.182394
0.884347
0.517518
0.173558
1.25199
0.232801
0.161148
0.309126
0.176236
0.133787
1.23527
0.150397
0.700872
0.860668
0.40519
0.22123
0.552788
0.160829
0.318794
0.333976
0.85263
1.07685
0.253461
0.175997
0.335102
0.298076
0.258215
0.10986
0.190595
0.225935
0.137632
0.169085
0.0991579
0.240822
0.256717
0.0890727
0.104122
0.239702
0.206032
1.12544
0.155666
0.198577
0.224282
0.262447
1.09278
0.149745
0.240104
0.0738807
0.168518
0.180248
0.129064
0.29022
0.150917
0.22707
0.398133
0.122433
0.134386
