1.07523
0.282793
0.221326
0.201053
0.200289
0.287622
0.320516
0.177871
0.175287
0.221726
0.185602
0.305695
0.182307
0.352359
0.174936
0.273684
0.326461
0.996777
0.150394
0.295237
0.0878113
0.202665
0.378651
0.286146
0.861492
0.132551
0.209507
0.277397
0.843416
0.814888
0.0822962
0.850383
1.10669
0.252069
0.909169
0.186338
0.27659
0.161604
0.0805302
0.409801
0.88622
0.19373
0.303129
0.664137
0.416925
0.0249646
0.885598
0.468682
0.891467
0.181644
0.225465
0.176233
0.245127
0.191886
0.213788
0.893013
0.476899
0.125854
0.27807
0.280234
0.868572
0.425529
0.964794
0.119374
0.566243
0.163823
0.98572
0.167212
0.20269
0.297881
0.942702
0.341971
0.0252131
0.0243647
0.836978
0.509039
0.422939
0.939552
0.149773
0.50722
0.174466
0.992219
0.353923
0.365386
0.35602
0.284483
0.968859
1.23117
0.166665
0.888564
0.807841
1.06532
0.903221
0.147173
0.222224
0.245404
0.697135
0.133925
0.220885
0.124574
0.799378
0.310379
0.63192
0.934734
0.219602
1.11571
0.469021
0.294355
0.889809
0.854088
0.164676
0.243209
0.214581
1.33438
0.45333
0.710897
0.973659
0.0630043
0.228529
0.339565
1.01403
0.306762
0.311244
0.175259
0.29281
0.996713
0.736271
1.37248
0.20864
0.0385683
0.180303
1.22558
0.298548
0.239292
0.122316
0.350964
0.818874
0.211593
0.88265
0.280655
0.16323
1.01296
0.193069
0.190029
0.174952
0.264838
0.193278
1.37648
0.275709
0.166905
1.0063
0.130471
0.200369
0.110407
0.107615
1.14892
0.123003
0.224095
0.0925958
0.113647
