0.113553
0.148696
0.244442
1.04544
0.264877
0.108777
0.174464
0.27251
0.185127
0.190063
0.157624
0.189236
0.253228
0.262751
0.193785
0.153195
0.239
0.134197
1.24403
0.139432
0.166653
0.138312
0.20098
1.15743
0.228869
0.241048
0.362923
0.155693
0.329664
0.338019
0.225588
0.235817
0.141961
0.217034
0.00972847
0.130141
0.172372
0.220025
0.225911
0.259652
0.198344
0.328126
0.125203
0.43069
0.0907431
0.228835
1.38507
0.862505
0.0761514
0.182526
0.240839
0.339335
0.188022
0.168998
0.969618
1.22855
0.777887
0.245123
0.965129
0.0181373
0.145112
0.456269
1.27056
0.0830036
0.176933
0.330672
0.197309
0.322579
0.320361
0.136
0.783003
0.302071
1.17281
0.282212
0.229008
0.0864925
0.945982
0.131682
0.108358
0.473082
1.19899
0.19925
0.223366
0.328958
0.14363
1.14212
0.0940356
0.197586
0.428024
0.368685
0.276133
0.869862
1.28962
0.738754
1.32797
0.239791
0.822273
0.297663
0.22882
0.282797
0.0904057
0.166709
1.10215
1.4097
0.27061
0.303587
0.110446
0.0961005
0.0970716
0.182741
0.274332
1.34146
0.386908
0.377005
0.839431
0.299754
1.23108
0.108558
0.583568
0.176329
0.34746
1.24274
0.0835957
0.774666
0.196952
0.477886
0.170455
0.110348
0.264814
0.173592
1.53275
0.151204
0.685943
0.196652
1.04611
0.251124
0.157762
0.49123
1.24012
1.27046
1.48382
0.836586
1.31231
0.132241
0.316113
0.393164
0.0213449
0.117507
0.486986
1.21348
0.335042
0.161861
0.422982
0.238347
0.253176
0.17028
1.16497
1.16678
0.371703
0.352041
0.827315
0.267971
1.26402
1.28065
0.411698
0.16732
0.224411
0.276002
1.21237
0.165304
0.506034
0.312563
0.316326
0.319501
0.274623
0.1932
1.25511
0.277269
0.185139
1.33255
0.302201
0.223516
0.392029
0.329248
0.967579
0.24584
0.158505
0.202457
1.32719
0.382353
0.155389
0.237505
0.245303
0.235287
0.238802
0.178635
0.148635
1.32734
0.16634
0.244977
1.47429
0.154201
0.210832
0.168698
0.309445
0.208199
0.190058
0.158505
0.191712
0.140606
0.239218
1.52837
0.19385
0.163459
0.206643
0.126683
0.194484
0.247668
0.13464
0.207392
0.171642
0.196099
