0.263538
0.203134
0.298985
0.137747
1.1148
0.150025
0.971818
0.197399
0.0924408
0.258436
0.197083
0.32019
0.986579
0.314019
0.237823
0.110775
0.241065
1.04934
0.21802
0.213526
0.395632
0.162081
0.923908
0.2085
0.321806
0.732882
1.05706
0.228913
0.245024
0.454393
0.938207
0.375777
0.242172
0.94458
0.960194
1.32165
0.0623586
0.242533
0.0675884
0.312342
0.777811
0.43162
0.953802
0.25715
0.585953
0.229889
0.599386
0.715737
0.134172
0.45571
0.226212
0.810231
0.323266
0.893975
0.112301
0.344122
0.304927
0.14342
0.224745
0.738872
0.535391
0.730262
0.91021
1.04071
0.900168
0.0539418
0.313557
0.124418
0.464357
0.339712
0.642982
1.04745
0.12214
0.476103
0.927794
0.274185
1.06173
0.211144
0.210387
0.598425
0.959725
0.127851
0.512879
0.43101
0.134074
0.74094
0.452586
0.858921
0.566572
1.1568
0.0822563
0.282439
0.944215
1.00219
0.063994
0.743143
0.695854
0.223693
0.210288
1.06395
0.251969
0.377285
0.270685
0.893317
0.760055
0.424153
0.219721
0.234082
0.392249
0.118259
0.401407
0.890573
0.867785
0.422512
0.27574
0.846349
0.356456
0.844608
1.0753
0.190518
0.400975
0.368425
0.105134
0.207168
0.226657
0.958827
0.332455
1.1411
1.1427
