(((-225, -223.049), (-164.5, -227.476), (-157.373, -236.863), (-160.865, -254.326), (-221.75, -310.756), (-225, -311.102), (-225, -223.049)))
(((-225, -97.7899), (-186.644, -112.243), (-164.194, -134.171), (-169.453, -177.117), (-225, -178.127), (-225, -97.7899)))
(((-225, -178.127), (-169.453, -177.117), (-164.5, -181.969), (-164.5, -227.476), (-225, -223.049), (-225, -178.127)))
(((-225, -550.863), (-225, -417), (-172.76, -417), (-142.06, -480.958), (-215.012, -558.119), (-225, -550.863)))
(((-225, -311.102), (-221.75, -310.756), (-197.824, -318.141), (-135.55, -372.431), (-143.65, -397.331), (-172.76, -417), (-225, -417), (-225, -311.102)))
(((-225, -97.7899), (-225, -53), (-136.59, -53), (-134.371, -80.0744), (-186.644, -112.243), (-225, -97.7899)))
(((-118.489, -301.14), (-197.824, -318.141), (-221.75, -310.756), (-160.865, -254.326), (-116.155, -297.44), (-118.489, -301.14)))
(((-123.334, -96.0955), (-140.128, -130.733), (-164.194, -134.171), (-186.644, -112.243), (-134.371, -80.0744), (-123.334, -96.0955)))
(((-117.455, -358.997), (-135.55, -372.431), (-197.824, -318.141), (-118.489, -301.14), (-117.455, -358.997)))
(((-125.027, -179.553), (-164.5, -181.969), (-169.453, -177.117), (-164.194, -134.171), (-140.128, -130.733), (-111.375, -153.386), (-125.027, -179.553)))
(((-109.353, -206.513), (-128.702, -231.023), (-157.373, -236.863), (-164.5, -227.476), (-164.5, -181.969), (-125.027, -179.553), (-109.353, -206.513)))
(((-115.082, -479.183), (-142.06, -480.958), (-172.76, -417), (-143.65, -397.331), (-82.1435, -440.516), (-115.082, -479.183)))
(((-110.349, -294.243), (-116.155, -297.44), (-160.865, -254.326), (-157.373, -236.863), (-128.702, -231.023), (-99.219, -264.191), (-110.349, -294.243)))
(((-196.912, -583.31), (-205.902, -576.779), (-212.744, -555.72), (-142.06, -480.958), (-115.082, -479.183), (-76.8534, -541.623), (-196.912, -583.31)))
(((-111.375, -153.386), (-140.128, -130.733), (-123.334, -96.0955), (-96.8171, -102.866), (-102.566, -150.295), (-111.375, -153.386)))
(((-74.1848, -53), (-84.9397, -97.9752), (-96.8171, -102.866), (-123.334, -96.0955), (-134.371, -80.0744), (-136.59, -53), (-74.1848, -53)))
(((-76.6697, -250.354), (-99.219, -264.191), (-128.702, -231.023), (-109.353, -206.513), (-86.6985, -208.573), (-77.3548, -217.472), (-76.6697, -250.354)))
(((-33.6389, -659.343), (-69.0983, -685.106), (-130.902, -685.106), (-180.902, -648.779), (-200, -590), (-197.942, -583.668), (-76.8534, -541.623), (-76.4573, -541.716), (-31.2931, -622.591), (-33.6389, -659.343)))
(((-60.7191, -435.678), (-82.1435, -440.516), (-143.65, -397.331), (-135.55, -372.431), (-117.455, -358.997), (-92.6276, -361.591), (-57.7125, -413.266), (-60.7191, -435.678)))
(((-154.701, 415.365), (-177.902, 432.221), (-197, 491), (-177.902, 549.779), (-127.902, 586.106), (-67.3956, 586.106), (-63.1584, 448.396), (-154.701, 415.365)))
(((-86.6985, -208.573), (-109.353, -206.513), (-125.027, -179.553), (-111.375, -153.386), (-102.566, -150.295), (-68.1848, -158.728), (-86.6985, -208.573)))
(((-69.7746, -345.268), (-92.6276, -361.591), (-117.455, -358.997), (-118.489, -301.14), (-116.155, -297.44), (-110.349, -294.243), (-68.0033, -308.07), (-69.7746, -345.268)))
(((-67.1457, -158.382), (-68.1848, -158.728), (-102.566, -150.295), (-96.8171, -102.866), (-84.9397, -97.9752), (-49.5369, -120.102), (-67.1457, -158.382)))
(((-48.7143, -449.536), (-59.4441, -526.433), (-76.4573, -541.716), (-76.8534, -541.623), (-115.082, -479.183), (-82.1435, -440.516), (-60.7191, -435.678), (-51.8552, -442.272), (-48.7143, -449.536)))
(((-63.6842, -305.868), (-68.0033, -308.07), (-110.349, -294.243), (-99.219, -264.191), (-76.6697, -250.354), (-43.6351, -265.77), (-63.6842, -305.868)))
(((-97.4944, 148.505), (-143.902, 182.221), (-163, 241), (-143.902, 299.779), (-119.002, 317.869), (-51.324, 317.427), (-33.2366, 290.756), (-22.9374, 209.506), (-97.4944, 148.505)))
(((-119.019, 317.869), (-142.902, 335.221), (-162, 394), (-155.105, 415.22), (-63.1584, 448.396), (-7.87945, 431.645), (-24.6596, 341.822), (-51.324, 317.427), (-119.019, 317.869)))
(((-33.0299, -189.299), (-41.3014, -210.437), (-77.3548, -217.472), (-86.6985, -208.573), (-68.1848, -158.728), (-67.1457, -158.382), (-37.6127, -177.613), (-33.0299, -189.299)))
(((-30.1667, -378.833), (-57.7125, -413.266), (-92.6276, -361.591), (-69.7746, -345.268), (-36.027, -355.392), (-30.1667, -378.833)))
(((-74.1848, -53), (-44.07, -53), (-25.6134, -87.1789), (-34.9734, -114.323), (-49.5369, -120.102), (-84.9397, -97.9752), (-74.1848, -53)))
(((-43.6351, -265.77), (-76.6697, -250.354), (-77.3548, -217.472), (-41.3014, -210.437), (-30.6711, -228), (-41.4354, -265.186), (-43.6351, -265.77)))
(((-23.3829, -336.66), (-36.027, -355.392), (-69.7746, -345.268), (-68.0033, -308.07), (-63.6842, -305.868), (-28.4, -319.1), (-23.3829, -336.66)))
(((-28.4, -319.1), (-63.6842, -305.868), (-43.6351, -265.77), (-41.4354, -265.186), (-2.69154, -280.537), (-28.4, -319.1)))
(((-12.9909, -517.668), (-59.4441, -526.433), (-48.7143, -449.536), (0.267338, -489.494), (-12.9909, -517.668)))
(((-5.92857, -145.929), (-37.6127, -177.613), (-67.1457, -158.382), (-49.5369, -120.102), (-34.9734, -114.323), (-7.70889, -135.247), (-5.92857, -145.929)))
(((-67.3575, 584.868), (-62.9017, 588.106), (-27.2832, 588.106), (19.6795, 521.805), (-3.9563, 433.708), (-7.87945, 431.645), (-63.1584, 448.396), (-67.3575, 584.868)))
(((-31.2931, -622.591), (-76.4573, -541.716), (-59.4441, -526.433), (-12.9909, -517.668), (18.1665, -561.718), (-31.2931, -622.591)))
(((9.07082, -393.586), (7.65749, -426.799), (-51.8552, -442.272), (-60.7191, -435.678), (-57.7125, -413.266), (-30.1667, -378.833), (4.46875, -383.781), (9.07082, -393.586)))
(((-2.69154, -280.537), (-41.4354, -265.186), (-30.6711, -228), (6, -228), (0.511322, -280.142), (-2.69154, -280.537)))
(((6, -228), (-30.6711, -228), (-41.3014, -210.437), (-33.0299, -189.299), (1.58142, -193.853), (8.8125, -225.188), (6, -228)))
(((14.8163, -178.336), (1.58142, -193.853), (-33.0299, -189.299), (-37.6127, -177.613), (-5.92857, -145.929), (13.3899, -164.643), (14.8163, -178.336)))
(((4.46875, -383.781), (-30.1667, -378.833), (-36.027, -355.392), (-23.3829, -336.66), (-4.60526, -337.623), (17.8311, -362.196), (4.46875, -383.781)))
(((-44.07, -53), (-30, -53), (-30, -27.1538), (-0.959438, -27.6006), (27.576, -59.3067), (22.8916, -78.9227), (-25.6134, -87.1789), (-44.07, -53)))
(((-30, 42.8133), (-2.71162, 42.4495), (29.6686, 13.5888), (-0.959438, -27.6006), (-30, -27.1538), (-30, 42.8133)))
(((5.60673, -282.284), (13.6649, -316.308), (-4.60526, -337.623), (-23.3829, -336.66), (-28.4, -319.1), (-2.69154, -280.537), (0.511322, -280.142), (5.60673, -282.284)))
(((-30, 42.8133), (-30, 53), (-97.2272, 53), (-106, 80), (-90.3266, 128.238), (18.3645, 120.474), (30.1911, 87.8326), (-2.71162, 42.4495), (-30, 42.8133)))
(((6.48318, -487.489), (0.267338, -489.494), (-48.7143, -449.536), (-51.8552, -442.272), (7.65749, -426.799), (35.4739, -446.502), (6.48318, -487.489)))
(((37.0152, -107.623), (-7.70889, -135.247), (-34.9734, -114.323), (-25.6134, -87.1789), (22.8916, -78.9227), (36.9899, -105.755), (37.0152, -107.623)))
(((-88.3338, 128.095), (-95.4964, 150.139), (-22.9374, 209.506), (-2.70605, 207.624), (52.129, 156.528), (18.3645, 120.474), (-88.3338, 128.095)))
(((49.4512, 248.605), (-2.70605, 207.624), (-22.9374, 209.506), (-33.2366, 290.756), (53.3407, 263.051), (49.4512, 248.605)))
(((46.5011, -350.606), (17.8311, -362.196), (-4.60526, -337.623), (13.6649, -316.308), (43.7601, -335.256), (46.5011, -350.606)))
(((41.3632, -555.131), (18.1665, -561.718), (-12.9909, -517.668), (0.267338, -489.494), (6.48318, -487.489), (50.0166, -515.192), (41.3632, -555.131)))
(((51.1418, -140.874), (13.3899, -164.643), (-5.92857, -145.929), (-7.70889, -135.247), (37.0152, -107.623), (51.8599, -130.102), (51.1418, -140.874)))
(((46.8848, -244.125), (33.472, -278.104), (5.60673, -282.284), (0.511322, -280.142), (6, -228), (8.8125, -225.188), (35.5813, -225.757), (46.8848, -244.125)))
(((54.0177, -195.297), (35.5813, -225.757), (8.8125, -225.188), (1.58142, -193.853), (14.8163, -178.336), (53.75, -194.368), (54.0177, -195.297)))
(((79.4273, 285.831), (53.3407, 263.051), (-33.2366, 290.756), (-51.324, 317.427), (-24.6596, 341.822), (78.0823, 335.151), (79.4273, 285.831)))
(((86.2164, 346.692), (78.0823, 335.151), (-24.6596, 341.822), (-7.87945, 431.645), (-3.9563, 433.708), (90.6824, 412.566), (86.2164, 346.692)))
(((40.4897, -446.046), (35.4739, -446.502), (7.65749, -426.799), (9.07082, -393.586), (51.4471, -396.976), (47.0685, -436.384), (40.4897, -446.046)))
(((43.7601, -335.256), (13.6649, -316.308), (5.60673, -282.284), (33.472, -278.104), (60.9528, -295.814), (43.7601, -335.256)))
(((47.048, -49.1962), (27.576, -59.3067), (-0.959438, -27.6006), (29.6686, 13.5888), (38.3274, 13.3579), (51.7589, -42.2869), (47.048, -49.1962)))
(((48.6716, -352.015), (60.2273, -386.682), (51.4471, -396.976), (9.07082, -393.586), (4.46875, -383.781), (17.8311, -362.196), (46.5011, -350.606), (48.6716, -352.015)))
(((60.4102, 22.1261), (38.3274, 13.3579), (29.6686, 13.5888), (-2.71162, 42.4495), (30.1911, 87.8326), (54.6988, 74.671), (60.4102, 22.1261)))
(((53.75, -194.368), (14.8163, -178.336), (13.3899, -164.643), (51.1418, -140.874), (64.5142, -165.874), (53.75, -194.368)))
(((50.0166, -515.192), (6.48318, -487.489), (35.4739, -446.502), (40.4897, -446.046), (84.9548, -485.571), (50.0166, -515.192)))
(((94.8726, -677.416), (71.9017, -694.106), (10.0983, -694.106), (-33.821, -662.196), (-31.2931, -622.591), (18.1665, -561.718), (41.3632, -555.131), (83.7225, -578.18), (94.8726, -677.416)))
(((85.6921, 163.696), (52.129, 156.528), (-2.70605, 207.624), (49.4512, 248.605), (88.2306, 165.506), (85.6921, 163.696)))
(((90.6824, 412.566), (-3.9563, 433.708), (19.6795, 521.805), (84.1284, 511.78), (94.2181, 415.928), (90.6824, 412.566)))
(((85.6277, -81.4362), (36.9899, -105.755), (22.8916, -78.9227), (27.576, -59.3067), (47.048, -49.1962), (86.0956, -79.3693), (85.6277, -81.4362)))
(((72.8536, -293.895), (60.9528, -295.814), (33.472, -278.104), (46.8848, -244.125), (57.3947, -244.395), (86.3767, -273.377), (72.8536, -293.895)))
(((86.6999, 11.3967), (85.0597, -28.7866), (51.7589, -42.2869), (38.3274, 13.3579), (60.4102, 22.1261), (80.241, 16.9647), (86.6999, 11.3967)))
(((97.597, -218.176), (57.3947, -244.395), (46.8848, -244.125), (35.5813, -225.757), (54.0177, -195.297), (97.597, -218.176)))
(((88.7802, 86.4952), (54.6988, 74.671), (30.1911, 87.8326), (18.3645, 120.474), (52.129, 156.528), (85.6921, 163.696), (88.7802, 86.4952)))
(((-9.71496, 625), (75.1316, 625), (105.728, 528.111), (84.1284, 511.78), (19.6795, 521.805), (-27.2212, 588.018), (-16.9017, 619.779), (-9.71496, 625)))
(((96.7064, -416.883), (47.0685, -436.384), (51.4471, -396.976), (60.2273, -386.682), (95.9602, -395.615), (96.7064, -416.883)))
(((103.328, -330.797), (94.2603, -343.331), (48.6716, -352.015), (46.5011, -350.606), (43.7601, -335.256), (60.9528, -295.814), (72.8536, -293.895), (103.646, -325.621), (103.328, -330.797)))
(((104.228, -120.703), (51.8599, -130.102), (37.0152, -107.623), (36.9899, -105.755), (85.6277, -81.4362), (104.228, -120.703)))
(((106.853, -57.3904), (86.0956, -79.3693), (47.048, -49.1962), (51.7589, -42.2869), (85.0597, -28.7866), (106.333, -49.452), (106.853, -57.3904)))
(((102.637, -219.87), (88.8873, -271.815), (86.3767, -273.377), (57.3947, -244.395), (97.597, -218.176), (100.609, -218.463), (102.637, -219.87)))
(((125.291, -540.911), (83.7225, -578.18), (41.3632, -555.131), (50.0166, -515.192), (84.9548, -485.571), (101.869, -485.757), (125.291, -540.911)))
(((101.869, -485.757), (84.9548, -485.571), (40.4897, -446.046), (47.0685, -436.384), (96.7064, -416.883), (113.213, -442.193), (109.11, -477.068), (101.869, -485.757)))
(((95.9602, -395.615), (60.2273, -386.682), (48.6716, -352.015), (94.2603, -343.331), (103.33, -387.544), (95.9602, -395.615)))
(((107.899, 74.1243), (80.241, 16.9647), (60.4102, 22.1261), (54.6988, 74.671), (88.7802, 86.4952), (107.899, 74.1243)))
(((108.979, -123.287), (93.7031, -164.415), (64.5142, -165.874), (51.1418, -140.874), (51.8599, -130.102), (104.228, -120.703), (108.979, -123.287)))
(((97.597, -218.176), (54.0177, -195.297), (53.75, -194.368), (64.5142, -165.874), (93.7031, -164.415), (101.802, -174.314), (100.609, -218.463), (97.597, -218.176)))
(((88.2306, 165.506), (49.4512, 248.605), (53.3407, 263.051), (79.4273, 285.831), (119.399, 259.904), (106.724, 169.599), (88.2306, 165.506)))
(((132.086, -301.793), (103.646, -325.621), (72.8536, -293.895), (86.3767, -273.377), (88.8873, -271.815), (129.86, -278.643), (132.086, -301.793)))
(((138.021, -21.8529), (106.333, -49.452), (85.0597, -28.7866), (86.6999, 11.3967), (103.833, 11.1111), (133.305, -8.53636), (138.021, -21.8529)))
(((129.86, -278.643), (88.8873, -271.815), (102.637, -219.87), (117.641, -221.771), (141.651, -261.147), (129.86, -278.643)))
(((147.251, 52.7197), (103.833, 11.1111), (86.6999, 11.3967), (80.241, 16.9647), (107.899, 74.1243), (131.922, 73.3963), (147.251, 52.7197)))
(((136.655, -109.034), (117.697, -122.789), (108.979, -123.287), (104.228, -120.703), (85.6277, -81.4362), (86.0956, -79.3693), (106.853, -57.3904), (145.414, -82.759), (136.655, -109.034)))
(((150.628, 118.943), (131.922, 73.3963), (107.899, 74.1243), (88.7802, 86.4952), (85.6921, 163.696), (88.2306, 165.506), (106.724, 169.599), (117.454, 166.775), (150.628, 118.943)))
(((133.302, -149.893), (128.321, -170.526), (101.802, -174.314), (93.7031, -164.415), (108.979, -123.287), (117.697, -122.789), (133.302, -149.893)))
(((144.725, -359.769), (129.497, -383.88), (103.33, -387.544), (94.2603, -343.331), (103.328, -330.797), (143.175, -354.705), (144.725, -359.769)))
(((117.641, -221.771), (102.637, -219.87), (100.609, -218.463), (101.802, -174.314), (128.321, -170.526), (151.552, -198.181), (117.641, -221.771)))
(((170.5, 625), (170.5, 531.35), (105.728, 528.111), (75.1316, 625), (170.5, 625)))
(((157.095, -416.787), (113.213, -442.193), (96.7064, -416.883), (95.9602, -395.615), (103.33, -387.544), (129.497, -383.88), (157.095, -416.787)))
(((197.602, 435.665), (94.2181, 415.928), (84.1284, 511.78), (105.728, 528.111), (170.5, 531.35), (199.931, 503.685), (197.602, 435.665)))
(((95.3154, -681.357), (83.7225, -578.18), (125.291, -540.911), (217.966, -562.779), (225.711, -575.8), (230, -589), (210.902, -647.779), (160.902, -684.106), (99.0983, -684.106), (95.3154, -681.357)))
(((151.804, 50.3411), (158.446, 23.2211), (133.305, -8.53636), (103.833, 11.1111), (147.251, 52.7197), (151.804, 50.3411)))
(((159.471, 264.302), (119.399, 259.904), (79.4273, 285.831), (78.0823, 335.151), (86.2164, 346.692), (163.139, 331.541), (159.471, 264.302)))
(((143.175, -354.705), (103.328, -330.797), (103.646, -325.621), (132.086, -301.793), (161.63, -316.565), (143.175, -354.705)))
(((164.155, -72.2377), (145.414, -82.759), (106.853, -57.3904), (106.333, -49.452), (138.021, -21.8529), (159.004, -31.0331), (164.155, -72.2377)))
(((197.657, 202.923), (117.454, 166.775), (106.724, 169.599), (119.399, 259.904), (159.471, 264.302), (194.935, 243.652), (205.353, 212.687), (197.657, 202.923)))
(((173.191, -195.92), (151.552, -198.181), (128.321, -170.526), (133.302, -149.893), (162.029, -154.312), (175.91, -193.82), (173.191, -195.92)))
(((184.652, -471.258), (109.11, -477.068), (113.213, -442.193), (157.095, -416.787), (176.616, -419.532), (185.96, -437.7), (184.652, -471.258)))
(((207.348, 424.062), (199.451, 353.644), (163.139, 331.541), (86.2164, 346.692), (90.6824, 412.566), (94.2181, 415.928), (197.602, 435.665), (207.348, 424.062)))
(((162.029, -154.312), (133.302, -149.893), (117.697, -122.789), (136.655, -109.034), (171.328, -130.705), (162.029, -154.312)))
(((217.966, -562.779), (125.291, -540.911), (101.869, -485.757), (109.11, -477.068), (184.652, -471.258), (217.317, -519.921), (217.966, -562.779)))
(((174.607, -258.205), (141.651, -261.147), (117.641, -221.771), (151.552, -198.181), (173.191, -195.92), (174.607, -258.205)))
(((176.616, -419.532), (157.095, -416.787), (129.497, -383.88), (144.725, -359.769), (197.249, -374.583), (176.616, -419.532)))
(((175.636, -258.909), (182.227, -296.804), (174.744, -314.264), (161.63, -316.565), (132.086, -301.793), (129.86, -278.643), (141.651, -261.147), (174.607, -258.205), (175.636, -258.909)))
(((159.004, -31.0331), (138.021, -21.8529), (133.305, -8.53636), (158.446, 23.2211), (196.128, -7.16773), (159.004, -31.0331)))
(((197.249, -374.583), (144.725, -359.769), (143.175, -354.705), (161.63, -316.565), (174.744, -314.264), (202.537, -344.373), (203.613, -369.834), (197.249, -374.583)))
(((194.731, -102.581), (185.586, -126.586), (171.328, -130.705), (136.655, -109.034), (145.414, -82.759), (164.155, -72.2377), (180.048, -76.2742), (194.731, -102.581)))
(((250.234, 75.3959), (151.804, 50.3411), (147.251, 52.7197), (131.922, 73.3963), (150.628, 118.943), (204.364, 114.058), (250.234, 75.3959)))
(((204.364, 114.058), (150.628, 118.943), (117.454, 166.775), (197.657, 202.923), (204.364, 114.058)))
(((196.496, -174.115), (177.619, -193.517), (175.91, -193.82), (162.029, -154.312), (171.328, -130.705), (185.586, -126.586), (204.125, -145.125), (196.496, -174.115)))
(((275.202, 53), (210, 53), (210, -6.78767), (196.128, -7.16773), (158.446, 23.2211), (151.804, 50.3411), (250.234, 75.3959), (270.269, 68.1833), (275.202, 53)))
(((210, -6.78767), (210, -53), (213.667, -53), (180.048, -76.2742), (164.155, -72.2377), (159.004, -31.0331), (196.128, -7.16773), (210, -6.78767)))
(((239.93, 307.483), (194.935, 243.652), (159.471, 264.302), (163.139, 331.541), (199.451, 353.644), (239.93, 307.483)))
(((217.355, -226.251), (189.966, -256.862), (175.636, -258.909), (174.607, -258.205), (173.191, -195.92), (175.91, -193.82), (177.619, -193.517), (207.621, -209.565), (217.355, -226.251)))
(((225.739, -292.303), (182.227, -296.804), (175.636, -258.909), (189.966, -256.862), (222.329, -268.998), (225.739, -292.303)))
(((231.601, -316.19), (202.537, -344.373), (174.744, -314.264), (182.227, -296.804), (225.739, -292.303), (232.845, -300.017), (231.601, -316.19)))
(((230.376, -139.067), (204.125, -145.125), (185.586, -126.586), (194.731, -102.581), (226.187, -103.367), (238.63, -129.563), (230.376, -139.067)))
(((213.667, -53), (252.627, -53), (252.484, -54.53), (226.187, -103.367), (194.731, -102.581), (180.048, -76.2742), (213.667, -53)))
(((243.46, -245.429), (222.329, -268.998), (189.966, -256.862), (217.355, -226.251), (242.917, -237.686), (243.46, -245.429)))
(((243.232, -427.42), (185.96, -437.7), (176.616, -419.532), (197.249, -374.583), (203.613, -369.834), (221.762, -375.279), (243.232, -427.42)))
(((248.379, -185.48), (207.621, -209.565), (177.619, -193.517), (196.496, -174.115), (237.957, -175.71), (248.379, -185.48)))
(((237.957, -175.71), (196.496, -174.115), (204.125, -145.125), (230.376, -139.067), (237.957, -175.71)))
(((170.5, 625), (305.054, 625), (320, 579), (313.861, 560.108), (199.931, 503.685), (170.5, 531.35), (170.5, 625)))
(((266.663, -457.976), (217.317, -519.921), (184.652, -471.258), (185.96, -437.7), (243.232, -427.42), (263.408, -437.699), (266.663, -457.976)))
(((271.217, 67.8419), (250.234, 75.3959), (204.364, 114.058), (197.657, 202.923), (205.353, 212.687), (316.656, 188.913), (328, 154), (308.902, 95.2215), (271.217, 67.8419)))
(((264.5, -212.294), (242.917, -237.686), (217.355, -226.251), (207.621, -209.565), (248.379, -185.48), (264.5, -190.556), (264.5, -212.294)))
(((263.536, -365.581), (221.762, -375.279), (203.613, -369.834), (202.537, -344.373), (231.601, -316.19), (268.009, -341.299), (272.016, -351.918), (263.536, -365.581)))
(((265.528, -288.285), (232.845, -300.017), (225.739, -292.303), (222.329, -268.998), (243.46, -245.429), (268.116, -268.442), (265.528, -288.285)))
(((271.757, -184.105), (264.5, -190.556), (248.379, -185.48), (237.957, -175.71), (230.376, -139.067), (238.63, -129.563), (244.496, -129.788), (279.441, -161.821), (271.757, -184.105)))
(((317.764, 188.677), (205.353, 212.687), (194.935, 243.652), (239.93, 307.483), (334.831, 303.687), (350, 257), (330.902, 198.221), (317.764, 188.677)))
(((282.799, -411.521), (263.408, -437.699), (243.232, -427.42), (221.762, -375.279), (263.536, -365.581), (278.269, -398.731), (282.799, -411.521)))
(((273.652, -108.963), (244.496, -129.788), (238.63, -129.563), (226.187, -103.367), (252.484, -54.53), (273.652, -108.963)))
(((336.654, 303.614), (239.93, 307.483), (199.451, 353.644), (207.348, 424.062), (248.063, 417.798), (340.614, 315.803), (336.654, 303.614)))
(((278.925, -301.276), (268.009, -341.299), (231.601, -316.19), (232.845, -300.017), (265.528, -288.285), (278.925, -301.276)))
(((316.732, -131.31), (279.441, -161.821), (244.496, -129.788), (273.652, -108.963), (318.059, -125.879), (316.732, -131.31)))
(((297.083, -253.958), (268.116, -268.442), (243.46, -245.429), (242.917, -237.686), (264.5, -212.294), (299.53, -238.052), (297.083, -253.958)))
(((314.709, 560.527), (352.902, 532.779), (369.391, 482.03), (248.063, 417.798), (207.348, 424.062), (197.602, 435.665), (199.931, 503.685), (314.709, 560.527)))
(((382.235, -500.353), (363.902, -556.779), (313.902, -593.106), (252.098, -593.106), (223.757, -572.514), (217.966, -562.779), (217.317, -519.921), (266.663, -457.976), (382.235, -500.353)))
(((252.627, -53), (374.978, -53), (377.278, -60.0797), (318.059, -125.879), (273.652, -108.963), (252.484, -54.53), (252.627, -53)))
(((306.825, -300.611), (278.925, -301.276), (265.528, -288.285), (268.116, -268.442), (297.083, -253.958), (314.212, -274.758), (306.825, -300.611)))
(((318.964, -347.726), (272.016, -351.918), (268.009, -341.299), (278.925, -301.276), (306.825, -300.611), (330.933, -333.559), (318.964, -347.726)))
(((320.167, -356.833), (278.269, -398.731), (263.536, -365.581), (272.016, -351.918), (318.964, -347.726), (320.167, -356.833)))
(((331.066, -217.779), (299.53, -238.052), (264.5, -212.294), (264.5, -190.556), (271.757, -184.105), (332.665, -202.019), (331.066, -217.779)))
(((330.108, -406.541), (282.799, -411.521), (278.269, -398.731), (320.167, -356.833), (330.108, -406.541)))
(((400, -452.44), (400, -453.388), (385.902, -496.779), (381.402, -500.048), (266.663, -457.976), (263.408, -437.699), (282.799, -411.521), (330.108, -406.541), (400, -452.44)))
(((332.665, -202.019), (271.757, -184.105), (279.441, -161.821), (316.732, -131.31), (342.649, -187.651), (332.665, -202.019)))
(((400, 430.621), (400, 381.379), (388.902, 347.221), (342.618, 313.594), (248.063, 417.798), (366.941, 480.734), (388.902, 464.779), (400, 430.621)))
(((369.357, -263.729), (314.212, -274.758), (297.083, -253.958), (299.53, -238.052), (331.066, -217.779), (369.357, -263.729)))
(((400, -318.696), (330.933, -333.559), (306.825, -300.611), (314.212, -274.758), (369.357, -263.729), (400, -277.62), (400, -318.696)))
(((400, -318.696), (400, -451.503), (399.323, -451.995), (330.108, -406.541), (320.167, -356.833), (318.964, -347.726), (330.933, -333.559), (400, -318.696)))
(((400, -179.586), (342.649, -187.651), (316.732, -131.31), (318.059, -125.879), (379.245, -57.8943), (387.902, -57.8943), (400, -66.6843), (400, -179.586)))
(((400, -277.62), (369.357, -263.729), (331.066, -217.779), (332.665, -202.019), (342.649, -187.651), (400, -179.586), (400, -277.62)))
