(((-225, -268.426), (-176.995, -271.49), (-164.609, -292.927), (-184.726, -327.529), (-187.84, -329.355), (-225, -330.401), (-225, -268.426)))
(((-225, -330.401), (-187.84, -329.355), (-166.302, -382.372), (-167.276, -384.643), (-225, -408.412), (-225, -330.401)))
(((-225, -199.565), (-167.339, -247.198), (-168.667, -254.833), (-176.995, -271.49), (-225, -268.426), (-225, -199.565)))
(((-225, -80), (-157.083, -113.958), (-170.453, -147.383), (-225, -165.194), (-225, -80)))
(((-225, -445.82), (-174.003, -453.98), (-164.901, -517.692), (-168.273, -521.557), (-225, -523.387), (-225, -445.82)))
(((-225, -523.387), (-168.273, -521.557), (-144.234, -573.07), (-225, -597.158), (-225, -523.387)))
(((-225, -782.05), (-225, -651.597), (-131.148, -659.67), (-128.13, -661.56), (-144.09, -798.106), (-202.902, -798.106), (-225, -782.05)))
(((-225, -199.565), (-225, -199.5), (-160.5, -199.5), (-143.18, -221.439), (-143.533, -226.464), (-167.339, -247.198), (-225, -199.565)))
(((-225, -165.194), (-170.453, -147.383), (-145.918, -170.335), (-160.5, -199.5), (-225, -199.5), (-225, -165.194)))
(((-225, -408.412), (-167.276, -384.643), (-143.018, -416.088), (-153.452, -449.348), (-174.003, -453.98), (-225, -445.82), (-225, -408.412)))
(((-225, -80), (-225, -53), (-138.091, -53), (-132.877, -74.5081), (-155.464, -113.357), (-157.083, -113.958), (-225, -80)))
(((-225, -597.158), (-144.234, -573.07), (-140.626, -574.365), (-131.148, -659.67), (-225, -651.597), (-225, -597.158)))
(((-127.088, -356.935), (-166.302, -382.372), (-187.84, -329.355), (-184.726, -327.529), (-134.126, -341.329), (-127.088, -356.935)))
(((-127.923, -502.079), (-164.901, -517.692), (-174.003, -453.98), (-153.452, -449.348), (-148.424, -452.549), (-127.183, -498.778), (-127.923, -502.079)))
(((-134.126, -341.329), (-184.726, -327.529), (-164.609, -292.927), (-153.368, -293.368), (-127.44, -313.246), (-134.126, -341.329)))
(((-153.368, -293.368), (-164.609, -292.927), (-176.995, -271.49), (-168.667, -254.833), (-127.5, -267.5), (-153.368, -293.368)))
(((-124.903, -266.201), (-127.5, -267.5), (-168.667, -254.833), (-167.339, -247.198), (-143.533, -226.464), (-121.67, -250.756), (-124.903, -266.201)))
(((-121.487, -165.938), (-145.918, -170.335), (-170.453, -147.383), (-157.083, -113.958), (-155.464, -113.357), (-120.719, -132.138), (-121.487, -165.938)))
(((-225, 507.679), (-225, 612.321), (-222.902, 618.779), (-214.339, 625), (-110.245, 625), (-74.5598, 537.963), (-108.422, 496.844), (-180.386, 470.332), (-222.902, 501.221), (-225, 507.679)))
(((-91.1965, -556.515), (-140.626, -574.365), (-144.234, -573.07), (-168.273, -521.557), (-164.901, -517.692), (-127.923, -502.079), (-90.7032, -547.44), (-91.1965, -556.515)))
(((-107.433, -402.847), (-143.018, -416.088), (-167.276, -384.643), (-166.302, -382.372), (-127.088, -356.935), (-118.125, -360.969), (-107.433, -402.847)))
(((-107.462, -201.479), (-143.18, -221.439), (-160.5, -199.5), (-145.918, -170.335), (-121.487, -165.938), (-114.635, -170.832), (-107.462, -201.479)))
(((-107.344, -303.701), (-127.44, -313.246), (-153.368, -293.368), (-127.5, -267.5), (-124.903, -266.201), (-102.896, -289.088), (-107.344, -303.701)))
(((-103.059, -120.984), (-120.719, -132.138), (-155.464, -113.357), (-132.877, -74.5081), (-114.724, -84.6913), (-103.059, -120.984)))
(((-91.6593, -449.561), (-148.424, -452.549), (-153.452, -449.348), (-143.018, -416.088), (-107.433, -402.847), (-104.894, -404.278), (-90.1419, -447.55), (-91.6593, -449.561)))
(((-92.6411, -474.599), (-127.183, -498.778), (-148.424, -452.549), (-91.6593, -449.561), (-92.6411, -474.599)))
(((-95.071, -241.151), (-121.67, -250.756), (-143.533, -226.464), (-143.18, -221.439), (-107.462, -201.479), (-90.3466, -212.129), (-95.071, -241.151)))
(((-83.2282, -564.365), (-84.9821, -655.567), (-128.13, -661.56), (-131.148, -659.67), (-140.626, -574.365), (-91.1965, -556.515), (-83.2282, -564.365)))
(((-83.6384, -346.599), (-118.125, -360.969), (-127.088, -356.935), (-134.126, -341.329), (-127.44, -313.246), (-107.344, -303.701), (-82.9623, -329.02), (-83.6384, -346.599)))
(((-82.4591, -278.607), (-102.896, -289.088), (-124.903, -266.201), (-121.67, -250.756), (-95.071, -241.151), (-80.7987, -255.915), (-82.4591, -278.607)))
(((-71.9884, -53), (-80.5689, -79.3545), (-114.724, -84.6913), (-132.877, -74.5081), (-138.091, -53), (-71.9884, -53)))
(((-68.2286, -156.177), (-114.635, -170.832), (-121.487, -165.938), (-120.719, -132.138), (-103.059, -120.984), (-93.7745, -121.775), (-68.3332, -155.311), (-68.2286, -156.177)))
(((-90.7032, -547.44), (-127.923, -502.079), (-127.183, -498.778), (-92.6411, -474.599), (-71.0227, -497.761), (-77.2194, -528.125), (-90.7032, -547.44)))
(((-70.9408, -800), (-135.682, -800), (-143.636, -794.221), (-128.13, -661.56), (-84.9821, -655.567), (-63.5248, -662.987), (-49.9461, -677.262), (-70.9408, -800)))
(((-71.1786, -99.1786), (-93.7745, -121.775), (-103.059, -120.984), (-114.724, -84.6913), (-80.5689, -79.3545), (-71.1786, -99.1786)))
(((-133.165, 338.625), (-173.902, 368.221), (-193, 427), (-178.721, 470.945), (-108.422, 496.844), (-65.8467, 450.793), (-79.8998, 358.444), (-133.165, 338.625)))
(((-63.7545, -390.908), (-104.894, -404.278), (-107.433, -402.847), (-118.125, -360.969), (-83.6384, -346.599), (-67.2557, -357.996), (-63.7545, -390.908)))
(((-57.1944, -167.457), (-80.7683, -209.366), (-90.3466, -212.129), (-107.462, -201.479), (-114.635, -170.832), (-68.2286, -156.177), (-57.1944, -167.457)))
(((-82.9623, -329.02), (-107.344, -303.701), (-102.896, -289.088), (-82.4591, -278.607), (-48.6129, -298.351), (-82.9623, -329.02)))
(((-57.2636, -442.17), (-90.1419, -447.55), (-104.894, -404.278), (-63.7545, -390.908), (-49.998, -401.301), (-57.2636, -442.17)))
(((-53.5553, -246.55), (-80.7987, -255.915), (-95.071, -241.151), (-90.3466, -212.129), (-80.7683, -209.366), (-52.3462, -223.577), (-53.5553, -246.55)))
(((-44.9353, -110.075), (-68.3332, -155.311), (-93.7745, -121.775), (-71.1786, -99.1786), (-46.5606, -106.621), (-44.9353, -110.075)))
(((-42.1907, -483.345), (-71.0227, -497.761), (-92.6411, -474.599), (-91.6593, -449.561), (-90.1419, -447.55), (-57.2636, -442.17), (-47.4232, -449.708), (-42.1907, -483.345)))
(((-36.2121, -297.576), (-48.6129, -298.351), (-82.4591, -278.607), (-80.7987, -255.915), (-53.5553, -246.55), (-33.339, -264.745), (-29.3012, -284.567), (-36.2121, -297.576)))
(((-22.9655, -600.05), (-63.5248, -662.987), (-84.9821, -655.567), (-83.2282, -564.365), (-41.7599, -572.902), (-22.9655, -600.05)))
(((-24.5, -321), (-28.29, -343.74), (-67.2557, -357.996), (-83.6384, -346.599), (-82.9623, -329.02), (-48.6129, -298.351), (-36.2121, -297.576), (-24.5, -321)))
(((-71.9884, -53), (-32.9149, -53), (-25.9149, -58.9818), (-25.6429, -64.7857), (-46.5606, -106.621), (-71.1786, -99.1786), (-80.5689, -79.3545), (-71.9884, -53)))
(((-23.6802, -206.855), (-52.3462, -223.577), (-80.7683, -209.366), (-57.1944, -167.457), (-55.3602, -167.864), (-23.6802, -206.855)))
(((-19.3089, -519.546), (-77.2194, -528.125), (-71.0227, -497.761), (-42.1907, -483.345), (-22.5289, -494.706), (-19.3089, -519.546)))
(((8.9701, 406.674), (-26.1232, 359.326), (-79.8998, 358.444), (-65.8467, 450.793), (-1.55405, 442.757), (8.9701, 406.674)))
(((-113.643, 230.315), (-125.902, 239.221), (-145, 298), (-131.613, 339.202), (-79.8998, 358.444), (-26.1232, 359.326), (7.26984, 312.349), (1.68587, 284.429), (-85.7459, 232.83), (-113.643, 230.315)))
(((-12.302, -537.921), (-41.7599, -572.902), (-83.2282, -564.365), (-91.1965, -556.515), (-90.7032, -547.44), (-77.2194, -528.125), (-19.3089, -519.546), (-11.6278, -530.842), (-12.302, -537.921)))
(((-23.4939, -350.702), (-29.4731, -397.042), (-49.998, -401.301), (-63.7545, -390.908), (-67.2557, -357.996), (-28.29, -343.74), (-23.4939, -350.702)))
(((50.2019, 625), (51.4554, 621.142), (-0.593963, 539.146), (-74.5598, 537.963), (-110.245, 625), (50.2019, 625)))
(((-15.6974, -148.569), (-55.3602, -167.864), (-57.1944, -167.457), (-68.2286, -156.177), (-68.3332, -155.311), (-44.9353, -110.075), (-15.2708, -126.809), (-15.6974, -148.569)))
(((16.847, 501.246), (-1.55405, 442.757), (-65.8467, 450.793), (-108.422, 496.844), (-74.5598, 537.963), (-0.593963, 539.146), (16.847, 501.246)))
(((-19.7899, -207.545), (-14.789, -238.384), (-33.339, -264.745), (-53.5553, -246.55), (-52.3462, -223.577), (-23.6802, -206.855), (-19.7899, -207.545)))
(((-93.5511, 101.709), (-114.902, 117.221), (-134, 176), (-116.434, 230.063), (-85.7459, 232.83), (8.22589, 194.317), (-2.80044, 135.248), (-93.5511, 101.709)))
(((-9.33774, -441.138), (-47.4232, -449.708), (-57.2636, -442.17), (-49.998, -401.301), (-29.4731, -397.042), (-24.5675, -399.044), (1.38567, -428.577), (-9.33774, -441.138)))
(((4.07292, -196.466), (-19.7899, -207.545), (-23.6802, -206.855), (-55.3602, -167.864), (-15.6974, -148.569), (6.36882, -168.796), (9.3743, -184.917), (4.07292, -196.466)))
(((-3.19395, -480.459), (-22.5289, -494.706), (-42.1907, -483.345), (-47.4232, -449.708), (-9.33774, -441.138), (-3.19395, -480.459)))
(((-70.9408, -800), (-49.9461, -677.262), (-9.8477, -679.906), (29.5652, -724.145), (-5.96203, -800), (-70.9408, -800)))
(((0.221141, -115.577), (-15.2708, -126.809), (-44.9353, -110.075), (-46.5606, -106.621), (-25.6429, -64.7857), (1.17597, -96.4807), (0.221141, -115.577)))
(((12.8898, -653.379), (-9.8477, -679.906), (-49.9461, -677.262), (-63.5248, -662.987), (-22.9655, -600.05), (11.9178, -603.807), (12.8898, -653.379)))
(((14.3858, -373.724), (-24.5675, -399.044), (-29.4731, -397.042), (-23.4939, -350.702), (16.5632, -366.725), (14.3858, -373.724)))
(((-32.9149, -53), (-30, -53), (-30, 7.45556), (15.4558, -8.70649), (6.98744, -48.2253), (-25.9149, -58.9818), (-32.9149, -53)))
(((33.1897, 210.96), (8.22589, 194.317), (-85.7459, 232.83), (1.68587, 284.429), (41.8836, 227.961), (33.1897, 210.96)))
(((7.31188, -276.431), (-29.3012, -284.567), (-33.339, -264.745), (-14.789, -238.384), (21.7346, -252.994), (7.31188, -276.431)))
(((26.1224, -594.041), (11.9178, -603.807), (-22.9655, -600.05), (-41.7599, -572.902), (-12.302, -537.921), (26.4131, -575.147), (26.1224, -594.041)))
(((-30, 48.9062), (-30, 53), (-89.9275, 53), (-100, 84), (-94.3407, 101.418), (-2.80044, 135.248), (38.3036, 113.642), (41.509, 62.3559), (35.5415, 55.0508), (-30, 48.9062)))
(((13.5924, -427.051), (1.38567, -428.577), (-24.5675, -399.044), (14.3858, -373.724), (22.4595, -416.784), (13.5924, -427.051)))
(((27.3574, -359.896), (16.5632, -366.725), (-23.4939, -350.702), (-28.29, -343.74), (-24.5, -321), (23.9, -321), (27.3574, -359.896)))
(((23.9, -321), (-24.5, -321), (-36.2121, -297.576), (-29.3012, -284.567), (7.31188, -276.431), (32.1335, -310.708), (23.9, -321)))
(((21.7346, -252.994), (-14.789, -238.384), (-19.7899, -207.545), (4.07292, -196.466), (26.3252, -224.282), (22.4692, -252.559), (21.7346, -252.994)))
(((37.5321, -514.865), (-11.6278, -530.842), (-19.3089, -519.546), (-22.5289, -494.706), (-3.19395, -480.459), (27.1868, -483.285), (37.6362, -514.018), (37.5321, -514.865)))
(((-30, 48.9062), (35.5415, 55.0508), (38.0927, 27.4123), (18.2117, -7.37956), (15.4558, -8.70649), (-30, 7.45556), (-30, 48.9062)))
(((38.4718, -74.7248), (1.17597, -96.4807), (-25.6429, -64.7857), (-25.9149, -58.9818), (6.98744, -48.2253), (36.6491, -65.4704), (38.371, -68.3761), (38.4718, -74.7248)))
(((27.1868, -483.285), (-3.19395, -480.459), (-9.33774, -441.138), (1.38567, -428.577), (13.5924, -427.051), (39.0488, -462.298), (27.1868, -483.285)))
(((37.7689, -136.14), (6.36882, -168.796), (-15.6974, -148.569), (-15.2708, -126.809), (0.221141, -115.577), (31.8113, -124.722), (37.7689, -136.14)))
(((51.6349, -537.782), (26.4131, -575.147), (-12.302, -537.921), (-11.6278, -530.842), (37.5321, -514.865), (51.6349, -537.782)))
(((45.9484, -89.3789), (31.8113, -124.722), (0.221141, -115.577), (1.17597, -96.4807), (38.4718, -74.7248), (45.9484, -89.3789)))
(((32.1335, -310.708), (7.31188, -276.431), (21.7346, -252.994), (22.4692, -252.559), (42.1805, -259.435), (55.5874, -304.125), (32.1335, -310.708)))
(((36.6491, -65.4704), (6.98744, -48.2253), (15.4558, -8.70649), (18.2117, -7.37956), (51.8738, -25.3327), (36.6491, -65.4704)))
(((62.7857, -405.786), (22.4595, -416.784), (14.3858, -373.724), (16.5632, -366.725), (27.3574, -359.896), (52.9396, -366.654), (62.4548, -386.926), (62.7857, -405.786)))
(((77.6313, -710.731), (29.5652, -724.145), (-9.8477, -679.906), (12.8898, -653.379), (71.806, -656.119), (77.6313, -710.731)))
(((62.8537, -177.854), (58.5276, -182.396), (9.3743, -184.917), (6.36882, -168.796), (37.7689, -136.14), (39.5888, -136.883), (64.6788, -174.518), (62.8537, -177.854)))
(((71.806, -656.119), (12.8898, -653.379), (11.9178, -603.807), (26.1224, -594.041), (47.3409, -601.114), (80.5697, -637.84), (71.806, -656.119)))
(((57.688, -215.98), (26.3252, -224.282), (4.07292, -196.466), (9.3743, -184.917), (58.5276, -182.396), (57.688, -215.98)))
(((45.622, 318.25), (7.26984, 312.349), (-26.1232, 359.326), (8.9701, 406.674), (90.9837, 396.76), (45.622, 318.25)))
(((38.3036, 113.642), (-2.80044, 135.248), (8.22589, 194.317), (33.1897, 210.96), (88.7449, 140.59), (38.3036, 113.642)))
(((64.7368, -407.737), (67.1943, -456.886), (39.0488, -462.298), (13.5924, -427.051), (22.4595, -416.784), (62.7857, -405.786), (64.7368, -407.737)))
(((73.2989, -245.706), (42.1805, -259.435), (22.4692, -252.559), (26.3252, -224.282), (57.688, -215.98), (75.4694, -232.683), (73.2989, -245.706)))
(((58.3952, -304.72), (67.8441, -349.265), (52.9396, -366.654), (27.3574, -359.896), (23.9, -321), (32.1335, -310.708), (55.5874, -304.125), (58.3952, -304.72)))
(((74.5574, -18.1403), (51.8738, -25.3327), (18.2117, -7.37956), (38.0927, 27.4123), (73.3824, 0.35683), (75.6864, -16.4297), (74.5574, -18.1403)))
(((92.312, 397.146), (90.9837, 396.76), (8.9701, 406.674), (-1.55405, 442.757), (16.847, 501.246), (98.8794, 476.636), (121.841, 441.647), (92.312, 397.146)))
(((102.466, 248.155), (41.8836, 227.961), (1.68587, 284.429), (7.26984, 312.349), (45.622, 318.25), (105.665, 280.146), (102.466, 248.155)))
(((99.0378, -477.177), (37.6362, -514.018), (27.1868, -483.285), (39.0488, -462.298), (67.1943, -456.886), (99.9199, -475.067), (99.0378, -477.177)))
(((76.9733, -123.992), (39.5888, -136.883), (37.7689, -136.14), (31.8113, -124.722), (45.9484, -89.3789), (73.8184, -99.3835), (76.9733, -123.992)))
(((87, -567.8), (47.3409, -601.114), (26.1224, -594.041), (26.4131, -575.147), (51.6349, -537.782), (80.1454, -543.58), (87, -567.8)))
(((-5.96203, -800), (29.5652, -724.145), (77.6313, -710.731), (157.405, -754.012), (160, -762), (147.653, -800), (-5.96203, -800)))
(((82.6403, -55.5238), (38.371, -68.3761), (36.6491, -65.4704), (51.8738, -25.3327), (74.5574, -18.1403), (82.6403, -55.5238)))
(((91.3546, -273.873), (64.03, -302.906), (58.3952, -304.72), (55.5874, -304.125), (42.1805, -259.435), (73.2989, -245.706), (91.3546, -273.873)))
(((88.3889, -163.389), (64.6788, -174.518), (39.5888, -136.883), (76.9733, -123.992), (96.9787, -141.055), (88.3889, -163.389)))
(((100.861, -79.4994), (73.8184, -99.3835), (45.9484, -89.3789), (38.4718, -74.7248), (38.371, -68.3761), (82.6403, -55.5238), (102.6, -69.8539), (100.861, -79.4994)))
(((96.0626, -528.748), (80.1454, -543.58), (51.6349, -537.782), (37.5321, -514.865), (37.6362, -514.018), (99.0378, -477.177), (96.0626, -528.748)))
(((100.012, 32.7757), (73.3824, 0.35683), (38.0927, 27.4123), (35.5415, 55.0508), (41.509, 62.3559), (90.3873, 55.3732), (100.012, 32.7757)))
(((129.134, 604.773), (98.8794, 476.636), (16.847, 501.246), (-0.593963, 539.146), (52.7018, 623.106), (103.902, 623.106), (129.134, 604.773)))
(((100.584, -218.93), (75.4694, -232.683), (57.688, -215.98), (58.5276, -182.396), (62.8537, -177.854), (101.103, -216.103), (100.584, -218.93)))
(((124.946, 224.195), (90.6158, 140.608), (88.7449, 140.59), (33.1897, 210.96), (41.8836, 227.961), (102.466, 248.155), (124.946, 224.195)))
(((102.662, -628.458), (80.5697, -637.84), (47.3409, -601.114), (87, -567.8), (114.306, -589.645), (102.662, -628.458)))
(((128.048, 97.7419), (90.3873, 55.3732), (41.509, 62.3559), (38.3036, 113.642), (88.7449, 140.59), (90.6158, 140.608), (124.361, 117.408), (128.048, 97.7419)))
(((98.4238, -347.612), (67.8441, -349.265), (58.3952, -304.72), (64.03, -302.906), (103.922, -325.068), (98.4238, -347.612)))
(((105.742, -358.182), (97.0907, -374.331), (62.4548, -386.926), (52.9396, -366.654), (67.8441, -349.265), (98.4238, -347.612), (105.742, -358.182)))
(((105.665, 280.146), (45.622, 318.25), (90.9837, 396.76), (92.312, 397.146), (139.771, 321.831), (105.665, 280.146)))
(((119.752, -458.819), (110.976, -470.078), (99.9199, -475.067), (67.1943, -456.886), (64.7368, -407.737), (89.9693, -410.671), (119.796, -457.276), (119.752, -458.819)))
(((114.169, -191.279), (101.103, -216.103), (62.8537, -177.854), (64.6788, -174.518), (88.3889, -163.389), (113.628, -188.628), (114.169, -191.279)))
(((89.9693, -410.671), (64.7368, -407.737), (62.7857, -405.786), (62.4548, -386.926), (97.0907, -374.331), (105.725, -399), (89.9693, -410.671)))
(((116.746, -132.636), (96.9787, -141.055), (76.9733, -123.992), (73.8184, -99.3835), (100.861, -79.4994), (125.465, -118.01), (116.746, -132.636)))
(((127.899, -308.22), (103.922, -325.068), (64.03, -302.906), (91.3546, -273.873), (96.3077, -274.308), (128.185, -306.185), (127.899, -308.22)))
(((129.593, -52.0384), (102.6, -69.8539), (82.6403, -55.5238), (74.5574, -18.1403), (75.6864, -16.4297), (118.796, -17.5074), (134.16, -43.8455), (129.593, -52.0384)))
(((118.796, -17.5074), (75.6864, -16.4297), (73.3824, 0.35683), (100.012, 32.7757), (127.646, 17.1564), (118.796, -17.5074)))
(((125.999, -248.858), (96.3077, -274.308), (91.3546, -273.873), (73.2989, -245.706), (75.4694, -232.683), (100.584, -218.93), (123.08, -236.654), (125.999, -248.858)))
(((155.695, -753.084), (77.6313, -710.731), (71.806, -656.119), (80.5697, -637.84), (102.662, -628.458), (206.123, -683.01), (191.902, -726.779), (155.695, -753.084)))
(((119.796, -457.276), (89.9693, -410.671), (105.725, -399), (123.985, -399), (135.807, -418.139), (119.796, -457.276)))
(((123.985, -399), (105.725, -399), (97.0907, -374.331), (105.742, -358.182), (136.511, -366.241), (123.985, -399)))
(((123.33, -585.289), (114.306, -589.645), (87, -567.8), (80.1454, -543.58), (96.0626, -528.748), (137.66, -539.909), (123.33, -585.289)))
(((139.53, -161.364), (113.628, -188.628), (88.3889, -163.389), (96.9787, -141.055), (116.746, -132.636), (139.53, -161.364)))
(((150.582, -345), (145.131, -362.636), (136.511, -366.241), (105.742, -358.182), (98.4238, -347.612), (103.922, -325.068), (127.899, -308.22), (149.659, -337.752), (150.582, -345)))
(((157, -530.057), (137.66, -539.909), (96.0626, -528.748), (99.0378, -477.177), (99.9199, -475.067), (110.976, -470.078), (157, -519.276), (157, -530.057)))
(((157.013, -279.633), (128.185, -306.185), (96.3077, -274.308), (125.999, -248.858), (150.49, -262.674), (157.013, -279.633)))
(((165.763, 30.9574), (127.646, 17.1564), (100.012, 32.7757), (90.3873, 55.3732), (128.048, 97.7419), (151.276, 77.318), (165.763, 30.9574)))
(((152.934, -209.514), (123.08, -236.654), (100.584, -218.93), (101.103, -216.103), (114.169, -191.279), (151.993, -205.147), (152.934, -209.514)))
(((137.748, -114.371), (125.465, -118.01), (100.861, -79.4994), (102.6, -69.8539), (129.593, -52.0384), (149.372, -86.6512), (137.748, -114.371)))
(((169.33, 147.146), (124.361, 117.408), (90.6158, 140.608), (124.946, 224.195), (163.008, 214.584), (169.33, 147.146)))
(((165.948, -175.768), (151.993, -205.147), (114.169, -191.279), (113.628, -188.628), (139.53, -161.364), (160.119, -165.776), (165.948, -175.768)))
(((205.729, -682.802), (102.662, -628.458), (114.306, -589.645), (123.33, -585.289), (172.381, -595.952), (224.475, -660.78), (220.902, -671.779), (205.729, -682.802)))
(((161.863, -411.458), (135.807, -418.139), (123.985, -399), (136.511, -366.241), (145.131, -362.636), (170.181, -383.731), (161.863, -411.458)))
(((161.227, 606.106), (189.868, 472.447), (136.739, 442.87), (121.841, 441.647), (98.8794, 476.636), (129.449, 606.106), (161.227, 606.106)))
(((179.298, 23.4958), (154.028, -39.6796), (134.16, -43.8455), (118.796, -17.5074), (127.646, 17.1564), (165.763, 30.9574), (179.298, 23.4958)))
(((172.511, -227.904), (150.49, -262.674), (125.999, -248.858), (123.08, -236.654), (152.934, -209.514), (172.511, -227.904)))
(((160.119, -165.776), (139.53, -161.364), (116.746, -132.636), (125.465, -118.01), (137.748, -114.371), (173.833, -127.573), (160.119, -165.776)))
(((172.381, -595.952), (123.33, -585.289), (137.66, -539.909), (157, -530.057), (173.536, -542.849), (172.381, -595.952)))
(((157, -519.276), (110.976, -470.078), (119.752, -458.819), (150.354, -459.419), (187.667, -480.149), (157, -519.276)))
(((175.902, -427.058), (150.354, -459.419), (119.752, -458.819), (119.796, -457.276), (135.807, -418.139), (161.863, -411.458), (175.902, -427.058)))
(((200.981, 324.077), (139.771, 321.831), (92.312, 397.146), (121.841, 441.647), (136.739, 442.87), (227.14, 337.811), (200.981, 324.077)))
(((179.45, -83.5396), (149.372, -86.6512), (129.593, -52.0384), (134.16, -43.8455), (154.028, -39.6796), (180.951, -52.0194), (179.45, -83.5396)))
(((187.829, -306.852), (149.659, -337.752), (127.899, -308.22), (128.185, -306.185), (157.013, -279.633), (176.65, -285.389), (187.829, -306.852)))
(((182.056, 222.572), (163.008, 214.584), (124.946, 224.195), (102.466, 248.155), (105.665, 280.146), (139.771, 321.831), (200.981, 324.077), (182.056, 222.572)))
(((197.035, -117.448), (173.833, -127.573), (137.748, -114.371), (149.372, -86.6512), (179.45, -83.5396), (196.777, -108.567), (197.035, -117.448)))
(((207.264, -475.023), (187.667, -480.149), (150.354, -459.419), (175.902, -427.058), (208.424, -435.575), (207.264, -475.023)))
(((262.888, 115.501), (151.276, 77.318), (128.048, 97.7419), (124.361, 117.408), (169.33, 147.146), (262.888, 115.501)))
(((198.974, -379.124), (170.181, -383.731), (145.131, -362.636), (150.582, -345), (195.474, -345), (198.974, -379.124)))
(((202.216, -331.854), (195.474, -345), (150.582, -345), (149.659, -337.752), (187.829, -306.852), (191.483, -309.315), (202.216, -331.854)))
(((176.65, -285.389), (157.013, -279.633), (150.49, -262.674), (172.511, -227.904), (185.685, -228.157), (192.465, -270.533), (176.65, -285.389)))
(((201.665, -182.116), (196.848, -222.576), (185.685, -228.157), (172.511, -227.904), (152.934, -209.514), (151.993, -205.147), (165.948, -175.768), (201.332, -181.791), (201.665, -182.116)))
(((210, -40.4), (180.951, -52.0194), (154.028, -39.6796), (179.298, 23.4958), (210, 20.8261), (210, -40.4)))
(((208.424, -435.575), (175.902, -427.058), (161.863, -411.458), (170.181, -383.731), (198.974, -379.124), (207.979, -384.294), (212.57, -430.204), (208.424, -435.575)))
(((206.225, -124.704), (201.332, -181.791), (165.948, -175.768), (160.119, -165.776), (173.833, -127.573), (197.035, -117.448), (206.225, -124.704)))
(((283.801, 53), (210, 53), (210, 20.8261), (179.298, 23.4958), (165.763, 30.9574), (151.276, 77.318), (262.888, 115.501), (274.239, 114.43), (289, 69), (283.801, 53)))
(((221.671, -496.411), (202.079, -540.206), (173.536, -542.849), (157, -530.057), (157, -519.276), (187.667, -480.149), (207.264, -475.023), (218.021, -483.731), (221.671, -496.411)))
(((228, -662.308), (226.902, -663.106), (226.344, -663.106), (172.381, -595.952), (173.536, -542.849), (202.079, -540.206), (228, -563.324), (228, -662.308)))
(((277.069, 114.163), (262.888, 115.501), (169.33, 147.146), (163.008, 214.584), (182.056, 222.572), (292.278, 195.688), (299, 175), (279.902, 116.221), (277.069, 114.163)))
(((262.061, 342.259), (227.14, 337.811), (136.739, 442.87), (189.868, 472.447), (284.397, 458.943), (299, 414), (279.902, 355.221), (262.061, 342.259)))
(((210, -40.4), (210, -53), (243.083, -53), (196.777, -108.567), (179.45, -83.5396), (180.951, -52.0194), (210, -40.4)))
(((225.74, -265.137), (192.465, -270.533), (185.685, -228.157), (196.848, -222.576), (218.402, -231.598), (230.926, -257.273), (225.74, -265.137)))
(((229.83, -293.091), (191.483, -309.315), (187.829, -306.852), (176.65, -285.389), (192.465, -270.533), (225.74, -265.137), (229.83, -293.091)))
(((284.49, 458.93), (189.868, 472.447), (161.527, 604.707), (184.098, 621.106), (188.203, 621.106), (310.944, 513.518), (295.902, 467.221), (284.49, 458.93)))
(((207.979, -384.294), (198.974, -379.124), (195.474, -345), (202.216, -331.854), (222.054, -333.342), (235.997, -373.43), (207.979, -384.294)))
(((238.017, -323.364), (222.054, -333.342), (202.216, -331.854), (191.483, -309.315), (229.83, -293.091), (240.545, -303.136), (238.017, -323.364)))
(((295.375, 194.933), (182.056, 222.572), (200.981, 324.077), (227.14, 337.811), (263.246, 342.41), (299.902, 315.779), (319, 257), (299.902, 198.221), (295.375, 194.933)))
(((245.929, -204.071), (218.402, -231.598), (196.848, -222.576), (201.665, -182.116), (229.894, -182.692), (245.929, -204.071)))
(((248.345, -153.337), (229.894, -182.692), (201.665, -182.116), (201.332, -181.791), (206.225, -124.704), (237.857, -129.976), (248.345, -153.337)))
(((228, -563.324), (202.079, -540.206), (221.671, -496.411), (266.37, -531.177), (228, -563.324)))
(((243.083, -53), (246.64, -53), (259.727, -107.53), (237.857, -129.976), (206.225, -124.704), (197.035, -117.448), (196.777, -108.567), (243.083, -53)))
(((260.607, -399.339), (242.921, -425.868), (212.57, -430.204), (207.979, -384.294), (235.997, -373.43), (240.27, -373.73), (260.607, -399.339)))
(((266.5, -347.5), (240.27, -373.73), (235.997, -373.43), (222.054, -333.342), (238.017, -323.364), (265.635, -343.822), (266.5, -347.5)))
(((262.439, -468.589), (218.021, -483.731), (207.264, -475.023), (208.424, -435.575), (212.57, -430.204), (242.921, -425.868), (266.378, -448.457), (262.439, -468.589)))
(((254.614, -254.487), (230.926, -257.273), (218.402, -231.598), (245.929, -204.071), (252.038, -205.66), (266.097, -226.162), (254.614, -254.487)))
(((269.832, -295.221), (240.545, -303.136), (229.83, -293.091), (225.74, -265.137), (230.926, -257.273), (254.614, -254.487), (273.622, -270.855), (269.832, -295.221)))
(((282.64, -179.766), (252.038, -205.66), (245.929, -204.071), (229.894, -182.692), (248.345, -153.337), (272.886, -161.145), (282.64, -179.766)))
(((281.014, -522.324), (267.825, -531.117), (266.37, -531.177), (221.671, -496.411), (218.021, -483.731), (262.439, -468.589), (286.762, -490.132), (281.014, -522.324)))
(((282.18, -309.627), (265.635, -343.822), (238.017, -323.364), (240.545, -303.136), (269.832, -295.221), (282.18, -309.627)))
(((309.461, -649.621), (290.902, -663.106), (229.098, -663.106), (228, -662.308), (228, -563.324), (266.37, -531.177), (267.825, -531.117), (309.461, -649.621)))
(((292.907, -403.45), (290.904, -434.831), (266.378, -448.457), (242.921, -425.868), (260.607, -399.339), (289.462, -399.928), (292.907, -403.45)))
(((289.462, -399.928), (260.607, -399.339), (240.27, -373.73), (266.5, -347.5), (292.947, -360.723), (289.462, -399.928)))
(((291.92, -136.92), (272.886, -161.145), (248.345, -153.337), (237.857, -129.976), (259.727, -107.53), (295.426, -115.384), (291.92, -136.92)))
(((299.574, -224.445), (266.097, -226.162), (252.038, -205.66), (282.64, -179.766), (292.836, -184.015), (299.574, -224.445)))
(((314.695, -249.581), (307.884, -259.7), (273.622, -270.855), (254.614, -254.487), (266.097, -226.162), (299.574, -224.445), (310.386, -232.614), (314.695, -249.581)))
(((310.036, -53), (296.838, -114.591), (295.426, -115.384), (259.727, -107.53), (246.64, -53), (310.036, -53)))
(((191.849, 625), (380.151, 625), (386, 607), (366.902, 548.221), (316.902, 511.894), (312.797, 511.894), (190.056, 619.482), (191.849, 625)))
(((324.957, -468.913), (286.762, -490.132), (262.439, -468.589), (266.378, -448.457), (290.904, -434.831), (319.692, -458.385), (324.957, -468.913)))
(((292.947, -360.723), (266.5, -347.5), (265.635, -343.822), (282.18, -309.627), (305.592, -311.708), (302.445, -355.768), (292.947, -360.723)))
(((317.548, -305.603), (305.592, -311.708), (282.18, -309.627), (269.832, -295.221), (273.622, -270.855), (307.884, -259.7), (317.548, -305.603)))
(((369.106, -620.169), (327.902, -650.106), (309.632, -650.106), (267.825, -531.117), (281.014, -522.324), (331.807, -538.578), (369.106, -620.169)))
(((321.42, -173.126), (292.836, -184.015), (282.64, -179.766), (272.886, -161.145), (291.92, -136.92), (324.032, -169.032), (321.42, -173.126)))
(((331.807, -538.578), (281.014, -522.324), (286.762, -490.132), (324.957, -468.913), (351.646, -479.062), (331.807, -538.578)))
(((345.211, -153.972), (324.032, -169.032), (291.92, -136.92), (295.426, -115.384), (296.838, -114.591), (319.886, -119.393), (347.241, -145.039), (345.211, -153.972)))
(((341.882, -381.325), (326.5, -402.75), (292.907, -403.45), (289.462, -399.928), (292.947, -360.723), (302.445, -355.768), (337.664, -358.969), (341.882, -381.325)))
(((334.942, -208.058), (310.386, -232.614), (299.574, -224.445), (292.836, -184.015), (321.42, -173.126), (334.942, -208.058)))
(((332.225, -413.627), (319.692, -458.385), (290.904, -434.831), (292.907, -403.45), (326.5, -402.75), (332.225, -413.627)))
(((346.978, -345.547), (337.664, -358.969), (302.445, -355.768), (305.592, -311.708), (317.548, -305.603), (343.336, -312.167), (346.978, -345.547)))
(((344.973, -53), (349.662, -82.1729), (319.886, -119.393), (296.838, -114.591), (310.036, -53), (344.973, -53)))
(((343.336, -312.167), (317.548, -305.603), (307.884, -259.7), (314.695, -249.581), (396.935, -267.319), (343.336, -312.167)))
(((351.646, -479.062), (324.957, -468.913), (319.692, -458.385), (332.225, -413.627), (359.807, -426.907), (374.504, -472.128), (351.646, -479.062)))
(((400, -266.4), (396.935, -267.319), (314.695, -249.581), (310.386, -232.614), (334.942, -208.058), (395.542, -211.014), (400, -213.275), (400, -266.4)))
(((347.241, -145.039), (319.886, -119.393), (349.662, -82.1729), (377.319, -122), (347.241, -145.039)))
(((395.542, -211.014), (334.942, -208.058), (321.42, -173.126), (324.032, -169.032), (345.211, -153.972), (395.542, -211.014)))
(((359.807, -426.907), (332.225, -413.627), (326.5, -402.75), (341.882, -381.325), (376.777, -394.181), (359.807, -426.907)))
(((400, -475.377), (400, -616.581), (397.902, -618.106), (368.163, -618.106), (331.807, -538.578), (351.646, -479.062), (374.504, -472.128), (400, -475.377)))
(((400, -388.375), (376.777, -394.181), (341.882, -381.325), (337.664, -358.969), (346.978, -345.547), (400, -353.5), (400, -388.375)))
(((400, -353.5), (346.978, -345.547), (343.336, -312.167), (396.935, -267.319), (400, -266.4), (400, -353.5)))
(((400, -213.275), (395.542, -211.014), (345.211, -153.972), (347.241, -145.039), (377.319, -122), (400, -122), (400, -213.275)))
(((344.973, -53), (400, -53), (400, -122), (377.319, -122), (349.662, -82.1729), (344.973, -53)))
(((400, -475.377), (374.504, -472.128), (359.807, -426.907), (376.777, -394.181), (400, -388.375), (400, -475.377)))
