(((-124.899, 360.705), (-166.902, 391.221), (-186, 450), (-166.902, 508.779), (-131.167, 534.741), (4.24545, 474.558), (-28.9696, 387.829), (-124.899, 360.705)))
(((48.8417, 286.047), (48.6141, 285.594), (-13.078, 234.631), (-93.403, 222.61), (-125.902, 246.221), (-145, 305), (-127.103, 360.081), (-28.9696, 387.829), (52.7386, 298.04), (48.8417, 286.047)))
(((-107.586, 625), (18.2913, 625), (8.22217, 476.841), (4.24545, 474.558), (-130.32, 534.365), (-138, 558), (-118.902, 616.779), (-107.586, 625)))
(((-86.363, 86.4789), (-103.902, 99.2215), (-123, 158), (-103.902, 216.779), (-96.5172, 222.144), (-13.078, 234.631), (15.001, 170.576), (-25.2812, 104.931), (-86.363, 86.4789)))
(((-101.35, -53), (-30, -53), (-30, 3.41176), (57.3046, -78.7572), (57.2243, -88.3067), (48, -95.8367), (-73.4749, -120.628), (-82.9017, -113.779), (-102, -55), (-101.35, -53)))
(((-30, 6.62048), (-30, 53), (-91.0757, 53), (-94, 62), (-86.0119, 86.585), (-25.2812, 104.931), (30.6514, 92.7714), (25.9873, 22.8096), (-30, 6.62048)))
(((48, -248.106), (-12.9017, -248.106), (-62.9017, -211.779), (-82, -153), (-71.34, -120.192), (48, -95.8367), (48, -248.106)))
(((60.507, 105.211), (30.6514, 92.7714), (-25.2812, 104.931), (15.001, 170.576), (39.2091, 158.677), (68.8709, 118.593), (60.507, 105.211)))
(((-30, 3.41176), (-30, 6.62048), (25.9873, 22.8096), (53.9426, 15.4713), (64.6167, -60.5814), (57.3046, -78.7572), (-30, 3.41176)))
(((48.0226, 285.106), (48.8374, 285.106), (86.1501, 203.484), (39.2091, 158.677), (15.001, 170.576), (-13.078, 234.631), (48.0226, 285.106)))
(((91.6885, 34.3443), (53.9426, 15.4713), (25.9873, 22.8096), (30.6514, 92.7714), (60.507, 105.211), (91.6885, 34.3443)))
(((50.1411, 300.894), (-28.9696, 387.829), (4.24545, 474.558), (8.22217, 476.841), (67.939, 472.988), (86.9386, 450.822), (70.0068, 309.724), (57.7226, 300.894), (50.1411, 300.894)))
(((124.951, 625), (145.902, 609.779), (157.723, 573.397), (150.529, 559.868), (67.939, 472.988), (8.22217, 476.841), (18.2913, 625), (124.951, 625)))
(((102.006, 130.019), (68.8709, 118.593), (39.2091, 158.677), (86.1501, 203.484), (116.216, 176.202), (102.006, 130.019)))
(((175.889, -159.498), (158.902, -211.779), (108.902, -248.106), (48, -248.106), (48, -95.8367), (57.2243, -88.3067), (133.503, -118.975), (175.889, -159.498)))
(((141.381, -7.02495), (64.6167, -60.5814), (53.9426, 15.4713), (91.6885, 34.3443), (103.683, 32.5579), (141.381, -7.02495)))
(((147.342, 95.4777), (103.683, 32.5579), (91.6885, 34.3443), (60.507, 105.211), (68.8709, 118.593), (102.006, 130.019), (147.342, 95.4777)))
(((190.081, 378.566), (144.556, 335.388), (70.0068, 309.724), (86.9386, 450.822), (180.698, 405.058), (190.081, 378.566)))
(((147.261, -8.90898), (133.503, -118.975), (57.2243, -88.3067), (57.3046, -78.7572), (64.6167, -60.5814), (141.381, -7.02495), (147.261, -8.90898)))
(((50.2772, 288.9), (54.044, 291.637), (198.555, 206.815), (116.216, 176.202), (86.1501, 203.484), (48.6141, 285.594), (50.2772, 288.9)))
(((180.698, 405.058), (86.9386, 450.822), (67.939, 472.988), (150.529, 559.868), (183.198, 412.86), (180.698, 405.058)))
(((54.5783, 291.324), (57.6775, 300.862), (70.0068, 309.724), (144.556, 335.388), (208.76, 206.98), (198.555, 206.815), (54.5783, 291.324)))
(((222.242, 202.637), (152.294, 95.5288), (147.342, 95.4777), (102.006, 130.019), (116.216, 176.202), (198.555, 206.815), (208.76, 206.98), (222.242, 202.637)))
(((210, -0.275229), (147.261, -8.90898), (141.381, -7.02495), (103.683, 32.5579), (147.342, 95.4777), (152.294, 95.5288), (210, 52.9154), (210, -0.275229)))
(((210, -0.275229), (210, -53), (262.076, -53), (265, -62), (245.902, -120.779), (195.902, -157.106), (173.386, -157.106), (133.503, -118.975), (147.261, -8.90898), (210, -0.275229)))
(((160.759, 579.106), (221.902, 579.106), (271.902, 542.779), (274.222, 535.637), (183.198, 412.86), (150.529, 559.868), (160.759, 579.106)))
(((234.522, 202.705), (222.242, 202.637), (208.76, 206.98), (144.556, 335.388), (190.081, 378.566), (279.394, 347.186), (297, 293), (277.902, 234.221), (234.522, 202.705)))
(((278.597, 53), (210, 53), (210, 52.9154), (152.294, 95.5288), (222.242, 202.637), (234.956, 202.707), (278.902, 170.779), (298, 112), (278.902, 53.2215), (278.597, 53)))
(((280.934, 346.645), (190.081, 378.566), (180.698, 405.058), (183.198, 412.86), (274.57, 536.106), (279.902, 536.106), (329.902, 499.779), (349, 441), (329.902, 382.221), (280.934, 346.645)))
