(((-225, 501.894), (-225, 625), (-111.098, 625), (-108.182, 616.025), (-137.776, 526.105), (-171.098, 501.894), (-225, 501.894)))
(((-225, -537.591), (-200.696, -538.696), (-163.446, -566.106), (-159.625, -578.66), (-198.591, -628.586), (-225, -630.933), (-225, -537.591)))
(((-225, -233.053), (-184.305, -244.768), (-159.595, -275.127), (-219.28, -322.463), (-225, -323.417), (-225, -233.053)))
(((-225, -435.665), (-166.442, -457.802), (-158.98, -496.98), (-200.696, -538.696), (-225, -537.591), (-225, -435.665)))
(((-225, -630.933), (-198.591, -628.586), (-164.932, -647.737), (-149.297, -702.462), (-225, -750.636), (-225, -630.933)))
(((-225, -323.417), (-219.28, -322.463), (-147.685, -337.074), (-140.773, -346.88), (-148.69, -377.23), (-225, -402.667), (-225, -323.417)))
(((-225, -183.564), (-147.125, -184.98), (-140.079, -189.753), (-146.227, -215.289), (-184.305, -244.768), (-225, -233.053), (-225, -183.564)))
(((-225, -102.426), (-155.405, -136.482), (-147.125, -184.98), (-225, -183.564), (-225, -102.426)))
(((-147.685, -337.074), (-219.28, -322.463), (-159.595, -275.127), (-153.322, -277.087), (-143.306, -299.85), (-147.685, -337.074)))
(((-225, -402.667), (-148.69, -377.23), (-130.393, -400.689), (-154.284, -452.244), (-166.442, -457.802), (-225, -435.665), (-225, -402.667)))
(((-122.593, -527.806), (-163.446, -566.106), (-200.696, -538.696), (-158.98, -496.98), (-125.185, -517.113), (-122.593, -527.806)))
(((-120.451, -611.415), (-130.401, -628.827), (-164.932, -647.737), (-198.591, -628.586), (-159.625, -578.66), (-125.516, -596.68), (-120.451, -611.415)))
(((-153.322, -277.087), (-159.595, -275.127), (-184.305, -244.768), (-146.227, -215.289), (-122.4, -255), (-153.322, -277.087)))
(((-225, -102.426), (-225, -53), (-202.316, -53), (-115.65, -113.987), (-117.295, -119.333), (-155.405, -136.482), (-225, -102.426)))
(((-222.754, -800), (-225, -793.088), (-225, -750.636), (-149.297, -702.462), (-141.738, -703.03), (-84.6256, -745.372), (-71.619, -800), (-222.754, -800)))
(((-141.738, -703.03), (-149.297, -702.462), (-164.932, -647.737), (-130.401, -628.827), (-108.728, -669.077), (-141.738, -703.03)))
(((-112.949, -185.412), (-140.079, -189.753), (-147.125, -184.98), (-155.405, -136.482), (-117.295, -119.333), (-98.3431, -163.869), (-112.949, -185.412)))
(((-100.449, -53), (-102.066, -100.692), (-115.65, -113.987), (-202.316, -53), (-100.449, -53)))
(((-125.185, -517.113), (-158.98, -496.98), (-166.442, -457.802), (-154.284, -452.244), (-123.865, -457.612), (-100.872, -487.311), (-125.185, -517.113)))
(((-100.113, -567.18), (-125.516, -596.68), (-159.625, -578.66), (-163.446, -566.106), (-122.593, -527.806), (-96.7778, -547.167), (-100.113, -567.18)))
(((-89.6285, -429.716), (-123.865, -457.612), (-154.284, -452.244), (-130.393, -400.689), (-107.389, -404.259), (-89.6285, -429.716)))
(((-104.921, -255.021), (-103.565, -298.431), (-143.306, -299.85), (-153.322, -277.087), (-122.4, -255), (-104.943, -255), (-104.921, -255.021)))
(((-92.4972, -212.875), (-104.943, -255), (-122.4, -255), (-146.227, -215.289), (-140.079, -189.753), (-112.949, -185.412), (-92.4972, -212.875)))
(((-109.511, -342.78), (-140.773, -346.88), (-147.685, -337.074), (-143.306, -299.85), (-103.565, -298.431), (-91.4541, -311.377), (-109.511, -342.78)))
(((-107.389, -404.259), (-130.393, -400.689), (-148.69, -377.23), (-140.773, -346.88), (-109.511, -342.78), (-78.362, -369.011), (-107.389, -404.259)))
(((-75.9199, -662.382), (-108.728, -669.077), (-130.401, -628.827), (-120.451, -611.415), (-77.8958, -624.181), (-75.9199, -662.382)))
(((-75.2167, -449.623), (-84.5891, -485.239), (-100.872, -487.311), (-123.865, -457.612), (-89.6285, -429.716), (-88.3319, -430.194), (-75.2167, -449.623)))
(((-84.6256, -745.372), (-141.738, -703.03), (-108.728, -669.077), (-75.9199, -662.382), (-52.1377, -684.334), (-84.6256, -745.372)))
(((-77.8958, -624.181), (-120.451, -611.415), (-125.516, -596.68), (-100.113, -567.18), (-55.4944, -603.686), (-77.8958, -624.181)))
(((-60.7619, -535.793), (-96.7778, -547.167), (-122.593, -527.806), (-125.185, -517.113), (-100.872, -487.311), (-84.5891, -485.239), (-57.7554, -503.724), (-60.7619, -535.793)))
(((-56.8235, -270.375), (-70.6452, -307.775), (-91.4541, -311.377), (-103.565, -298.431), (-104.921, -255.021), (-58.4076, -267.155), (-56.8235, -270.375)))
(((-60.9048, -131.026), (-78.557, -159.911), (-98.3431, -163.869), (-117.295, -119.333), (-115.65, -113.987), (-102.066, -100.692), (-65.7556, -111.182), (-60.9048, -131.026)))
(((-70.8682, -368.784), (-78.362, -369.011), (-109.511, -342.78), (-91.4541, -311.377), (-70.6452, -307.775), (-48.161, -331.544), (-70.8682, -368.784)))
(((-48.7522, -405.126), (-88.3319, -430.194), (-89.6285, -429.716), (-107.389, -404.259), (-78.362, -369.011), (-70.8682, -368.784), (-49.6161, -388.999), (-48.7522, -405.126)))
(((-58.4076, -267.155), (-104.921, -255.021), (-104.943, -255), (-92.4972, -212.875), (-57.3949, -215.069), (-45.7884, -228.508), (-58.4076, -267.155)))
(((-55.4944, -603.686), (-100.113, -567.18), (-96.7778, -547.167), (-60.7619, -535.793), (-56.4934, -539.643), (-44.2286, -599.605), (-55.4944, -603.686)))
(((-57.3949, -215.069), (-92.4972, -212.875), (-112.949, -185.412), (-98.3431, -163.869), (-78.557, -159.911), (-48.5623, -178.855), (-57.3949, -215.069)))
(((-50.4915, -53), (-32.0832, -79.4901), (-65.7556, -111.182), (-102.066, -100.692), (-100.449, -53), (-50.4915, -53)))
(((-29.9505, -485.733), (-57.7554, -503.724), (-84.5891, -485.239), (-75.2167, -449.623), (-27.7863, -452.187), (-29.9505, -485.733)))
(((-27.7863, -452.187), (-75.2167, -449.623), (-88.3319, -430.194), (-48.7522, -405.126), (-25.3111, -431.409), (-23.1293, -445.372), (-27.7863, -452.187)))
(((-90.841, 263.756), (-136.902, 297.221), (-156, 356), (-143.816, 393.5), (-29.5652, 393.5), (5.53505, 373.062), (8.04939, 341.633), (-90.841, 263.756)))
(((-143.816, 393.5), (-156, 431), (-136.902, 489.779), (-128.043, 496.215), (-37.6697, 486.702), (-29.5652, 393.5), (-143.816, 393.5)))
(((-24.1481, -141.827), (-33.6748, -173.583), (-48.5623, -178.855), (-78.557, -159.911), (-60.9048, -131.026), (-24.772, -140.88), (-24.1481, -141.827)))
(((-41.6152, -600.241), (-15.4225, -649.21), (-51.2546, -684.189), (-52.1377, -684.334), (-75.9199, -662.382), (-77.8958, -624.181), (-55.4944, -603.686), (-44.2286, -599.605), (-41.6152, -600.241)))
(((-95.6928, 625), (-3.4697, 625), (11.4533, 501.886), (-37.6697, 486.702), (-128.153, 496.227), (-137.818, 525.975), (-108.224, 615.895), (-95.6928, 625)))
(((-21.1628, -321.455), (-34.2076, -330.614), (-48.161, -331.544), (-70.6452, -307.775), (-56.8235, -270.375), (-42.0006, -275.106), (-18.3285, -313.996), (-21.1628, -321.455)))
(((-18.3222, -84.444), (-24.772, -140.88), (-60.9048, -131.026), (-65.7556, -111.182), (-32.0832, -79.4901), (-18.3222, -84.444)))
(((-14.9807, -373.505), (-49.6161, -388.999), (-70.8682, -368.784), (-48.161, -331.544), (-34.2076, -330.614), (-14.9807, -373.505)))
(((-118.314, 115.568), (-136, 170), (-116.902, 228.779), (-85.3157, 251.727), (-3.15991, 218.4), (20.2244, 159.939), (7.09157, 135.946), (-118.314, 115.568)))
(((-71.619, -800), (-84.6256, -745.372), (-52.1377, -684.334), (-51.2546, -684.189), (-5.189, -713.114), (-22.2255, -800), (-71.619, -800)))
(((-7.31477, -206.284), (-22.0722, -226.312), (-45.7884, -228.508), (-57.3949, -215.069), (-48.5623, -178.855), (-33.6748, -173.583), (-9.51931, -189.015), (-7.31477, -206.284)))
(((-0.487298, -582.294), (-41.6152, -600.241), (-44.2286, -599.605), (-56.4934, -539.643), (-12.069, -541.759), (-0.487298, -582.294)))
(((-1.00824, -527.011), (-12.069, -541.759), (-56.4934, -539.643), (-60.7619, -535.793), (-57.7554, -503.724), (-29.9505, -485.733), (-7.57813, -499.537), (-1.00824, -527.011)))
(((2.09884, -264.415), (-42.0006, -275.106), (-56.8235, -270.375), (-58.4076, -267.155), (-45.7884, -228.508), (-22.0722, -226.312), (3.20307, -258.392), (2.09884, -264.415)))
(((-30, 28.75), (-30, 53), (-110.978, 53), (-123, 90), (-114.491, 116.189), (7.09157, 135.946), (17.9885, 104.034), (-29.3742, 28.9065), (-30, 28.75)))
(((6.77962, -393.737), (-25.3111, -431.409), (-48.7522, -405.126), (-49.6161, -388.999), (-14.9807, -373.505), (4.83333, -378.167), (6.77962, -393.737)))
(((11.1497, -289.878), (-18.3285, -313.996), (-42.0006, -275.106), (2.09884, -264.415), (11.5622, -286.783), (11.1497, -289.878)))
(((-50.4915, -53), (-30, -53), (-30, -11.7273), (24.8863, -56.6342), (9.35141, -81.6416), (-18.3222, -84.444), (-32.0832, -79.4901), (-50.4915, -53)))
(((81.6472, 460.205), (5.53505, 373.062), (-29.5652, 393.5), (-37.6697, 486.702), (11.4533, 501.886), (78.4016, 466.216), (81.6472, 460.205)))
(((4.83333, -378.167), (-14.9807, -373.505), (-34.2076, -330.614), (-21.1628, -321.455), (9.74281, -340.219), (15.9375, -367.062), (4.83333, -378.167)))
(((16.8646, -167.908), (-9.51931, -189.015), (-33.6748, -173.583), (-24.1481, -141.827), (1.38944, -144.318), (17.1884, -164.541), (16.8646, -167.908)))
(((30.835, -696.801), (-5.189, -713.114), (-51.2546, -684.189), (-15.4225, -649.21), (13.4677, -650.099), (31.9575, -675.192), (30.835, -696.801)))
(((13.4677, -650.099), (-15.4225, -649.21), (-41.6152, -600.241), (-0.487298, -582.294), (3.40482, -583.34), (25.7127, -620.817), (13.4677, -650.099)))
(((24.2289, -104.349), (1.38944, -144.318), (-24.1481, -141.827), (-24.772, -140.88), (-18.3222, -84.444), (9.35141, -81.6416), (24.2289, -104.349)))
(((30.722, -481.451), (-7.57813, -499.537), (-29.9505, -485.733), (-27.7863, -452.187), (-23.1293, -445.372), (19.3313, -448.702), (30.722, -481.451)))
(((-30, -11.7273), (-30, 28.75), (-29.3742, 28.9065), (11.657, 20.0081), (26, 1.51316), (26, -55.7857), (24.8863, -56.6342), (-30, -11.7273)))
(((39.0588, -425.029), (19.3313, -448.702), (-23.1293, -445.372), (-25.3111, -431.409), (6.77962, -393.737), (39.0443, -424.926), (39.0588, -425.029)))
(((33.3922, -236.362), (3.20307, -258.392), (-22.0722, -226.312), (-7.31477, -206.284), (24.4312, -214.688), (34.0605, -231.016), (33.3922, -236.362)))
(((-85.0825, 251.633), (-89.3925, 264.897), (8.04939, 341.633), (78.0781, 293.391), (73.3548, 269.774), (-3.15991, 218.4), (-85.0825, 251.633)))
(((30.8084, -315.827), (9.74281, -340.219), (-21.1628, -321.455), (-18.3285, -313.996), (11.1497, -289.878), (30.8084, -315.827)))
(((35.3885, -565.064), (3.40482, -583.34), (-0.487298, -582.294), (-12.069, -541.759), (-1.00824, -527.011), (36.8024, -532.544), (35.3885, -565.064)))
(((24.4312, -214.688), (-7.31477, -206.284), (-9.51931, -189.015), (16.8646, -167.908), (34.3875, -187.534), (24.4312, -214.688)))
(((-22.2255, -800), (-5.189, -713.114), (30.835, -696.801), (52.8927, -720.659), (-8.53226, -800), (-22.2255, -800)))
(((59.6388, -498.256), (59.4759, -511.453), (36.8024, -532.544), (-1.00824, -527.011), (-7.57813, -499.537), (30.722, -481.451), (58.8735, -497.151), (59.6388, -498.256)))
(((51.0763, -141.949), (17.1884, -164.541), (1.38944, -144.318), (24.2289, -104.349), (40.0405, -113.134), (51.0763, -141.949)))
(((61.9643, 54.6643), (11.657, 20.0081), (-29.3742, 28.9065), (17.9885, 104.034), (66.8373, 73.1817), (61.9643, 54.6643)))
(((57.2105, -363.169), (15.9375, -367.062), (9.74281, -340.219), (30.8084, -315.827), (50.7655, -320.816), (57.2105, -363.169)))
(((69.5541, -271.319), (11.5622, -286.783), (2.09884, -264.415), (3.20307, -258.392), (33.3922, -236.362), (69.5541, -271.319)))
(((66.7426, -378.762), (39.0443, -424.926), (6.77962, -393.737), (4.83333, -378.167), (15.9375, -367.062), (57.2105, -363.169), (62.7448, -366.951), (66.7426, -378.762)))
(((62.3262, -610.901), (25.7127, -620.817), (3.40482, -583.34), (35.3885, -565.064), (58.7399, -577.907), (62.3262, -610.901)))
(((74, -298.838), (50.7655, -320.816), (30.8084, -315.827), (11.1497, -289.878), (11.5622, -286.783), (69.5541, -271.319), (74, -272.875), (74, -298.838)))
(((71.125, -182.75), (66.6364, -185.742), (34.3875, -187.534), (16.8646, -167.908), (17.1884, -164.541), (51.0763, -141.949), (63.5704, -148.977), (75.6649, -173.67), (71.125, -182.75)))
(((56.0983, -218.528), (34.0605, -231.016), (24.4312, -214.688), (34.3875, -187.534), (66.6364, -185.742), (56.0983, -218.528)))
(((53.1957, -53.1957), (26, -55.7857), (26, 1.51316), (88.4428, -9.98946), (53.1957, -53.1957)))
(((-8.53226, -800), (52.8927, -720.659), (80.3207, -728.925), (58.3214, -800), (-8.53226, -800)))
(((58.8735, -497.151), (30.722, -481.451), (19.3313, -448.702), (39.0588, -425.029), (69.8987, -440.449), (58.8735, -497.151)))
(((89.3714, -650.23), (31.9575, -675.192), (13.4677, -650.099), (25.7127, -620.817), (62.3262, -610.901), (74.4819, -618.47), (91.3228, -646.538), (89.3714, -650.23)))
(((89.6887, -89.6887), (40.0405, -113.134), (24.2289, -104.349), (9.35141, -81.6416), (24.8863, -56.6342), (26, -55.7857), (53.1957, -53.1957), (89.6887, -89.6887)))
(((94.046, -3.3865), (89.002, -9.73824), (88.4428, -9.98946), (26, 1.51316), (11.657, 20.0081), (61.9643, 54.6643), (94.0532, -3.09574), (94.046, -3.3865)))
(((88.1266, 241.909), (63.5162, 162.399), (20.2244, 159.939), (-3.15991, 218.4), (73.3548, 269.774), (88.1266, 241.909)))
(((123.209, 625), (131.42, 619.035), (78.4016, 466.216), (11.4533, 501.886), (-3.4697, 625), (123.209, 625)))
(((96.1887, -552.228), (58.7399, -577.907), (35.3885, -565.064), (36.8024, -532.544), (59.4759, -511.453), (95.4265, -546.547), (96.4672, -551.542), (96.1887, -552.228)))
(((82.041, 81.0797), (66.8373, 73.1817), (17.9885, 104.034), (7.09157, 135.946), (20.2244, 159.939), (63.5162, 162.399), (94.5591, 147.084), (82.041, 81.0797)))
(((74, -272.875), (69.5541, -271.319), (33.3922, -236.362), (34.0605, -231.016), (56.0983, -218.528), (85.6609, -234.013), (88.6281, -261.904), (74, -272.875)))
(((89.5847, 455.958), (108.001, 310.931), (78.0781, 293.391), (8.04939, 341.633), (5.53505, 373.062), (81.6472, 460.205), (89.5847, 455.958)))
(((90.5941, -726.536), (80.3207, -728.925), (52.8927, -720.659), (30.835, -696.801), (31.9575, -675.192), (89.3714, -650.23), (99.3645, -705.747), (90.5941, -726.536)))
(((99.7015, -432.268), (69.8987, -440.449), (39.0588, -425.029), (39.0443, -424.926), (66.7426, -378.762), (108.056, -407.585), (99.7015, -432.268)))
(((99.3142, -95.5127), (95.34, -119.855), (63.5704, -148.977), (51.0763, -141.949), (40.0405, -113.134), (89.6887, -89.6887), (97.5721, -91.4277), (99.3142, -95.5127)))
(((85.6609, -234.013), (56.0983, -218.528), (66.6364, -185.742), (71.125, -182.75), (93.3424, -216.73), (85.6609, -234.013)))
(((101.763, -342.307), (62.7448, -366.951), (57.2105, -363.169), (50.7655, -320.816), (74, -298.838), (103.53, -323.579), (101.763, -342.307)))
(((103.83, -586.187), (74.4819, -618.47), (62.3262, -610.901), (58.7399, -577.907), (96.1887, -552.228), (103.83, -586.187)))
(((115.321, -478.888), (59.6388, -498.256), (58.8735, -497.151), (69.8987, -440.449), (99.7015, -432.268), (120.193, -468.305), (115.321, -478.888)))
(((97.5721, -91.4277), (89.6887, -89.6887), (53.1957, -53.1957), (88.4428, -9.98946), (89.002, -9.73824), (113.399, -69.9187), (97.5721, -91.4277)))
(((58.3214, -800), (80.3207, -728.925), (90.5941, -726.536), (125.778, -752.775), (112.286, -800), (58.3214, -800)))
(((111.628, -168.829), (75.6649, -173.67), (63.5704, -148.977), (95.34, -119.855), (118.741, -159.345), (111.628, -168.829)))
(((109.9, 150.83), (94.5591, 147.084), (63.5162, 162.399), (88.1266, 241.909), (142.879, 202.526), (109.9, 150.83)))
(((126.411, -206.709), (93.3424, -216.73), (71.125, -182.75), (75.6649, -173.67), (111.628, -168.829), (126.411, -206.709)))
(((143.921, 63.3947), (94.0532, -3.09574), (61.9643, 54.6643), (66.8373, 73.1817), (82.041, 81.0797), (142.989, 64.4574), (143.921, 63.3947)))
(((126.775, -510.555), (95.4265, -546.547), (59.4759, -511.453), (59.6388, -498.256), (115.321, -478.888), (126.775, -510.555)))
(((126.061, -397.89), (108.056, -407.585), (66.7426, -378.762), (62.7448, -366.951), (101.763, -342.307), (127.842, -365.225), (126.061, -397.89)))
(((138.458, -636.438), (91.3228, -646.538), (74.4819, -618.47), (103.83, -586.187), (132.643, -604.071), (141.286, -628.56), (138.458, -636.438)))
(((135.509, -306.829), (103.53, -323.579), (74, -298.838), (74, -272.875), (88.6281, -261.904), (104.233, -262.384), (135.509, -306.829)))
(((138.193, -223.476), (116.314, -255.819), (104.233, -262.384), (88.6281, -261.904), (85.6609, -234.013), (93.3424, -216.73), (126.411, -206.709), (130.78, -209.473), (138.193, -223.476)))
(((142.989, 64.4574), (82.041, 81.0797), (94.5591, 147.084), (109.9, 150.83), (145.162, 124.204), (142.989, 64.4574)))
(((147.263, -130.098), (127.943, -155.629), (118.741, -159.345), (95.34, -119.855), (99.3142, -95.5127), (143.159, -118.028), (147.263, -130.098)))
(((163.402, -680.844), (99.3645, -705.747), (89.3714, -650.23), (91.3228, -646.538), (138.458, -636.438), (164.263, -675.145), (163.402, -680.844)))
(((138.94, -62.3511), (113.399, -69.9187), (89.002, -9.73824), (94.046, -3.3865), (146.757, -16.5643), (138.94, -62.3511)))
(((132.643, -604.071), (103.83, -586.187), (96.1887, -552.228), (96.4672, -551.542), (146.874, -561.378), (132.643, -604.071)))
(((165.554, -337.988), (127.842, -365.225), (101.763, -342.307), (103.53, -323.579), (135.509, -306.829), (164.766, -309.227), (165.554, -337.988)))
(((159.372, -527.594), (158.362, -555.855), (146.874, -561.378), (96.4672, -551.542), (95.4265, -546.547), (126.775, -510.555), (157.522, -521.735), (159.372, -527.594)))
(((202.999, 439.973), (207.091, 437), (150.567, 312.648), (108.001, 310.931), (89.5847, 455.958), (202.999, 439.973)))
(((170.59, -703.347), (143.215, -749.986), (125.778, -752.775), (90.5941, -726.536), (99.3645, -705.747), (163.402, -680.844), (170.59, -703.347)))
(((164.766, -309.227), (135.509, -306.829), (104.233, -262.384), (116.314, -255.819), (166.224, -275.348), (174.169, -298.39), (164.766, -309.227)))
(((183.597, -455.187), (120.193, -468.305), (99.7015, -432.268), (108.056, -407.585), (126.061, -397.89), (153.008, -406.583), (184.331, -452.225), (183.597, -455.187)))
(((165.16, 54.7593), (158.853, -10.8238), (146.757, -16.5643), (94.046, -3.3865), (94.0532, -3.09574), (143.921, 63.3947), (165.16, 54.7593)))
(((182.561, 209.703), (142.879, 202.526), (88.1266, 241.909), (73.3548, 269.774), (78.0781, 293.391), (108.001, 310.931), (150.567, 312.648), (227.097, 250.736), (182.561, 209.703)))
(((143.159, -118.028), (99.3142, -95.5127), (97.5721, -91.4277), (113.399, -69.9187), (138.94, -62.3511), (168.824, -78.2471), (143.159, -118.028)))
(((130.78, -209.473), (126.411, -206.709), (111.628, -168.829), (118.741, -159.345), (127.943, -155.629), (163.75, -179.5), (130.78, -209.473)))
(((166.224, -275.348), (116.314, -255.819), (138.193, -223.476), (168.763, -233.869), (166.224, -275.348)))
(((112.286, -800), (125.778, -752.775), (143.215, -749.986), (198.6, -789.216), (203.863, -800), (112.286, -800)))
(((189.547, -471.233), (157.522, -521.735), (126.775, -510.555), (115.321, -478.888), (120.193, -468.305), (183.597, -455.187), (189.547, -471.233)))
(((200.929, 440.265), (89.5847, 455.958), (81.6472, 460.205), (78.4016, 466.216), (131.098, 618.106), (183.902, 618.106), (233.902, 581.779), (253, 523), (233.902, 464.221), (200.929, 440.265)))
(((187.976, 139.315), (145.162, 124.204), (109.9, 150.83), (142.879, 202.526), (182.561, 209.703), (187.976, 139.315)))
(((188.276, -366.091), (153.008, -406.583), (126.061, -397.89), (127.842, -365.225), (165.554, -337.988), (188.276, -366.091)))
(((193.272, -598.047), (141.286, -628.56), (132.643, -604.071), (146.874, -561.378), (158.362, -555.855), (200.758, -582.14), (193.272, -598.047)))
(((172.135, -178.771), (163.75, -179.5), (127.943, -155.629), (147.263, -130.098), (182.465, -140.268), (172.135, -178.771)))
(((168.763, -233.869), (138.193, -223.476), (130.78, -209.473), (163.75, -179.5), (172.135, -178.771), (182.669, -189.908), (170.389, -232.888), (168.763, -233.869)))
(((210, -33.5556), (210, -44.8696), (186.046, -74.0314), (179.408, -77.2993), (168.824, -78.2471), (138.94, -62.3511), (146.757, -16.5643), (158.853, -10.8238), (210, -33.5556)))
(((182.465, -140.268), (147.263, -130.098), (143.159, -118.028), (168.824, -78.2471), (179.408, -77.2993), (184.185, -139.407), (182.465, -140.268)))
(((260.517, 69.6589), (165.16, 54.7593), (143.921, 63.3947), (142.989, 64.4574), (145.162, 124.204), (187.976, 139.315), (262.757, 76.5523), (260.517, 69.6589)))
(((198.6, -789.216), (143.215, -749.986), (170.59, -703.347), (207.905, -722.751), (198.6, -789.216)))
(((207.768, -656.951), (164.263, -675.145), (138.458, -636.438), (141.286, -628.56), (193.272, -598.047), (209.82, -646.508), (207.768, -656.951)))
(((184.331, -452.225), (153.008, -406.583), (188.276, -366.091), (198.878, -368.701), (220.661, -421.949), (184.331, -452.225)))
(((230.1, -568.9), (200.758, -582.14), (158.362, -555.855), (159.372, -527.594), (212.8, -530.265), (235.021, -563.979), (230.1, -568.9)))
(((272.704, 53), (210, 53), (210, -33.5556), (158.853, -10.8238), (165.16, 54.7593), (264.465, 70.2757), (267.902, 67.7785), (272.704, 53)))
(((202.681, -481.918), (212.8, -530.265), (159.372, -527.594), (157.522, -521.735), (189.547, -471.233), (202.681, -481.918)))
(((207.375, -294.187), (174.169, -298.39), (166.224, -275.348), (168.763, -233.869), (170.389, -232.888), (210.717, -235.701), (207.375, -294.187)))
(((222.399, -195.44), (212.407, -234.499), (210.717, -235.701), (170.389, -232.888), (182.669, -189.908), (215.62, -191.372), (222.399, -195.44)))
(((227.348, -126.68), (206.205, -138.648), (184.185, -139.407), (179.408, -77.2993), (186.046, -74.0314), (227.465, -126.35), (227.348, -126.68)))
(((215.62, -191.372), (182.669, -189.908), (172.135, -178.771), (182.465, -140.268), (184.185, -139.407), (206.205, -138.648), (215.62, -191.372)))
(((230.474, -349.877), (198.878, -368.701), (188.276, -366.091), (165.554, -337.988), (164.766, -309.227), (174.169, -298.39), (207.375, -294.187), (223.69, -299.484), (230.474, -349.877)))
(((236.839, -710.568), (207.905, -722.751), (170.59, -703.347), (163.402, -680.844), (164.263, -675.145), (207.768, -656.951), (250.289, -688.841), (236.839, -710.568)))
(((251.18, 252.089), (227.097, 250.736), (150.567, 312.648), (205.775, 434.106), (239.902, 434.106), (289.902, 397.779), (309, 339), (289.902, 280.221), (251.18, 252.089)))
(((210, -44.8696), (210, -53), (230, -53), (230, -123.756), (227.465, -126.35), (186.046, -74.0314), (210, -44.8696)))
(((263.599, 75.8458), (187.976, 139.315), (182.561, 209.703), (227.097, 250.736), (255.125, 252.31), (299.902, 219.779), (319, 161), (299.902, 102.221), (263.599, 75.8458)))
(((244.326, -625.804), (209.82, -646.508), (193.272, -598.047), (200.758, -582.14), (230.1, -568.9), (244.326, -625.804)))
(((237.2, -192.285), (222.399, -195.44), (215.62, -191.372), (206.205, -138.648), (227.348, -126.68), (249.845, -156.158), (237.2, -192.285)))
(((251.732, -265.694), (232.094, -296.242), (223.69, -299.484), (207.375, -294.187), (210.717, -235.701), (212.407, -234.499), (252.462, -247.458), (251.732, -265.694)))
(((203.863, -800), (198.6, -789.216), (207.905, -722.751), (236.839, -710.568), (265.217, -772.054), (260.136, -800), (203.863, -800)))
(((262.927, -392.466), (224.273, -421.671), (220.661, -421.949), (198.878, -368.701), (230.474, -349.877), (257.305, -361.802), (262.927, -392.466)))
(((264.655, -488.169), (239.258, -562.775), (235.021, -563.979), (212.8, -530.265), (202.681, -481.918), (264.575, -488.108), (264.655, -488.169)))
(((264.575, -488.108), (202.681, -481.918), (189.547, -471.233), (183.597, -455.187), (184.331, -452.225), (220.661, -421.949), (224.273, -421.671), (254.659, -447.453), (264.575, -488.108)))
(((252.462, -247.458), (212.407, -234.499), (222.399, -195.44), (237.2, -192.285), (254.779, -202.384), (263.463, -235.54), (252.462, -247.458)))
(((273.14, -680.582), (250.289, -688.841), (207.768, -656.951), (209.82, -646.508), (244.326, -625.804), (287.788, -652.648), (273.14, -680.582)))
(((279.524, -53), (258.033, -109.413), (230, -123.756), (230, -53), (279.524, -53)))
(((299.141, -326.777), (257.305, -361.802), (230.474, -349.877), (223.69, -299.484), (232.094, -296.242), (297.788, -319.159), (299.641, -323.393), (299.141, -326.777)))
(((287.788, -652.648), (244.326, -625.804), (230.1, -568.9), (235.021, -563.979), (239.258, -562.775), (239.324, -562.789), (292.096, -626.116), (291.367, -649.813), (287.788, -652.648)))
(((297.703, -140.583), (291.32, -154.229), (249.845, -156.158), (227.348, -126.68), (227.465, -126.35), (230, -123.756), (258.033, -109.413), (297.077, -138.335), (297.703, -140.583)))
(((291.305, -426.741), (254.659, -447.453), (224.273, -421.671), (262.927, -392.466), (288.833, -404.494), (291.305, -426.741)))
(((296.086, -185.172), (254.779, -202.384), (237.2, -192.285), (249.845, -156.158), (291.32, -154.229), (297.189, -179.382), (296.086, -185.172)))
(((306.131, -723.47), (265.217, -772.054), (236.839, -710.568), (250.289, -688.841), (273.14, -680.582), (306.131, -723.47)))
(((297.788, -319.159), (232.094, -296.242), (251.732, -265.694), (302.374, -281.9), (297.788, -319.159)))
(((296.097, -477.107), (284.062, -487.914), (264.655, -488.169), (264.575, -488.108), (254.659, -447.453), (291.305, -426.741), (307.959, -450.287), (296.097, -477.107)))
(((302.374, -281.9), (251.732, -265.694), (252.462, -247.458), (263.463, -235.54), (293.245, -237.441), (309.001, -270.454), (302.374, -281.9)))
(((307.96, -556.549), (239.324, -562.789), (239.258, -562.775), (264.655, -488.169), (284.062, -487.914), (319.678, -544.636), (307.96, -556.549)))
(((309.446, -211.892), (293.245, -237.441), (263.463, -235.54), (254.779, -202.384), (296.086, -185.172), (309.446, -211.892)))
(((317.89, -53), (297.077, -138.335), (258.033, -109.413), (279.524, -53), (317.89, -53)))
(((311.587, -589.793), (292.096, -626.116), (239.324, -562.789), (307.96, -556.549), (311.587, -589.793)))
(((319.413, -387.369), (288.833, -404.494), (262.927, -392.466), (257.305, -361.802), (299.141, -326.777), (325.919, -373.194), (319.413, -387.369)))
(((260.136, -800), (265.217, -772.054), (306.131, -723.47), (325.391, -727.215), (336.467, -800), (260.136, -800)))
(((332.994, -444.992), (307.959, -450.287), (291.305, -426.741), (288.833, -404.494), (319.413, -387.369), (345.265, -426.147), (332.994, -444.992)))
(((369.715, -705.394), (325.391, -727.215), (306.131, -723.47), (273.14, -680.582), (287.788, -652.648), (291.367, -649.813), (330.717, -651.912), (369.715, -705.394)))
(((333.57, -541.761), (319.678, -544.636), (284.062, -487.914), (296.097, -477.107), (354.685, -495.134), (333.57, -541.761)))
(((347.102, -261.281), (309.001, -270.454), (293.245, -237.441), (309.446, -211.892), (339.923, -216.159), (347.102, -261.281)))
(((317.89, -53), (320.349, -53), (374.866, -137.983), (373.416, -138.937), (297.703, -140.583), (297.077, -138.335), (317.89, -53)))
(((361.174, -618.408), (330.717, -651.912), (291.367, -649.813), (292.096, -626.116), (311.587, -589.793), (359.223, -613.612), (361.174, -618.408)))
(((352.566, -172.992), (297.189, -179.382), (291.32, -154.229), (297.703, -140.583), (373.416, -138.937), (352.566, -172.992)))
(((349.531, -207.892), (339.923, -216.159), (309.446, -211.892), (296.086, -185.172), (297.189, -179.382), (352.566, -172.992), (349.531, -207.892)))
(((360.609, -489.802), (354.685, -495.134), (296.097, -477.107), (307.959, -450.287), (332.994, -444.992), (359.859, -480.812), (360.609, -489.802)))
(((400, -306.667), (299.641, -323.393), (297.788, -319.159), (302.374, -281.9), (309.001, -270.454), (347.102, -261.281), (400, -288.164), (400, -306.667)))
(((359.223, -613.612), (311.587, -589.793), (307.96, -556.549), (319.678, -544.636), (333.57, -541.761), (364.102, -558.724), (359.223, -613.612)))
(((400, -361.698), (325.919, -373.194), (299.141, -326.777), (299.641, -323.393), (400, -306.667), (400, -361.698)))
(((400, -415.2), (345.265, -426.147), (319.413, -387.369), (325.919, -373.194), (400, -361.698), (400, -415.2)))
(((400, -710.24), (400, -800), (336.467, -800), (325.391, -727.215), (369.715, -705.394), (400, -710.24)))
(((400, -415.2), (400, -421.658), (359.859, -480.812), (332.994, -444.992), (345.265, -426.147), (400, -415.2)))
(((400, -288.164), (347.102, -261.281), (339.923, -216.159), (349.531, -207.892), (400, -219.538), (400, -288.164)))
(((400, -710.24), (369.715, -705.394), (330.717, -651.912), (361.174, -618.408), (400, -627.508), (400, -710.24)))
(((400, -553.366), (364.102, -558.724), (333.57, -541.761), (354.685, -495.134), (360.609, -489.802), (400, -500.545), (400, -553.366)))
(((400, -219.538), (349.531, -207.892), (352.566, -172.992), (373.416, -138.937), (374.866, -137.983), (400, -138.668), (400, -219.538)))
(((320.349, -53), (400, -53), (400, -138.668), (374.866, -137.983), (320.349, -53)))
(((400, -627.508), (361.174, -618.408), (359.223, -613.612), (364.102, -558.724), (400, -553.366), (400, -627.508)))
(((400, -500.545), (360.609, -489.802), (359.859, -480.812), (400, -421.658), (400, -500.545)))
