(((-225, -795.106), (-225, -662.31), (-197.223, -673.804), (-180.401, -728.758), (-199.24, -795.106), (-225, -795.106)))
(((-225, -344), (-167.6, -363.133), (-159.374, -375.668), (-171.196, -403.533), (-225, -419.866), (-225, -344)))
(((-225, -608.454), (-190.577, -609.513), (-154.935, -633.533), (-152.815, -647.986), (-197.223, -673.804), (-225, -662.31), (-225, -608.454)))
(((-225, -513.509), (-157.451, -558.951), (-190.577, -609.513), (-225, -608.454), (-225, -513.509)))
(((-225, -419.866), (-171.196, -403.533), (-152.26, -436.67), (-195.459, -489.949), (-225, -500.851), (-225, -419.866)))
(((-225, -292.077), (-181.091, -295.455), (-159.117, -330.613), (-167.6, -363.133), (-225, -344), (-225, -292.077)))
(((-225, -84.875), (-146.784, -104.429), (-144.501, -117.744), (-150.178, -129.88), (-225, -160.128), (-225, -84.875)))
(((-225, -203.787), (-200.309, -207.699), (-148.484, -275.89), (-181.091, -295.455), (-225, -292.077), (-225, -203.787)))
(((-225, -84.875), (-225, -53), (-126.549, -53), (-146.784, -104.429), (-225, -84.875)))
(((-150.492, -650.137), (-140.673, -695.304), (-180.401, -728.758), (-197.223, -673.804), (-152.815, -647.986), (-150.492, -650.137)))
(((-225, -160.128), (-150.178, -129.88), (-131.771, -173.853), (-150.512, -202.233), (-200.309, -207.699), (-225, -203.787), (-225, -160.128)))
(((-123.173, -593.603), (-154.935, -633.533), (-190.577, -609.513), (-157.451, -558.951), (-143.319, -560.479), (-121.495, -584.975), (-123.173, -593.603)))
(((-225, -513.509), (-225, -500.851), (-195.459, -489.949), (-138.519, -496.276), (-123.072, -522.416), (-143.319, -560.479), (-157.451, -558.951), (-225, -513.509)))
(((-139.544, -275.611), (-148.484, -275.89), (-200.309, -207.699), (-150.512, -202.233), (-121.178, -229.695), (-139.544, -275.611)))
(((-128.43, -286), (-129.911, -317.836), (-159.117, -330.613), (-181.091, -295.455), (-148.484, -275.89), (-139.544, -275.611), (-128.43, -286)))
(((-114.999, -464.356), (-138.519, -496.276), (-195.459, -489.949), (-152.26, -436.67), (-129.541, -441.371), (-114.999, -464.356)))
(((-131.223, -374.864), (-159.374, -375.668), (-167.6, -363.133), (-159.117, -330.613), (-129.911, -317.836), (-105.29, -341.637), (-131.223, -374.864)))
(((-129.659, -800), (-190.822, -800), (-198.952, -794.093), (-180.401, -728.758), (-140.673, -695.304), (-105.673, -705.512), (-80.2692, -740.442), (-129.659, -800)))
(((-102.511, -404.33), (-129.541, -441.371), (-152.26, -436.67), (-171.196, -403.533), (-159.374, -375.668), (-131.223, -374.864), (-102.511, -404.33)))
(((-105.673, -705.512), (-140.673, -695.304), (-150.492, -650.137), (-95.8377, -655.106), (-105.673, -705.512)))
(((-107.674, -169.306), (-131.771, -173.853), (-150.178, -129.88), (-144.501, -117.744), (-106.045, -125.247), (-97.4358, -154.518), (-107.674, -169.306)))
(((-95.8377, -655.106), (-150.492, -650.137), (-152.815, -647.986), (-154.935, -633.533), (-123.173, -593.603), (-83.5846, -646.387), (-95.8377, -655.106)))
(((-94.7241, -53), (-79.2714, -102.792), (-106.045, -125.247), (-144.501, -117.744), (-146.784, -104.429), (-126.549, -53), (-94.7241, -53)))
(((-95.9432, -520.82), (-123.072, -522.416), (-138.519, -496.276), (-114.999, -464.356), (-104.865, -466.246), (-85.13, -486.578), (-95.9432, -520.82)))
(((-80.9773, -210.375), (-98.2199, -229.342), (-121.178, -229.695), (-150.512, -202.233), (-131.771, -173.853), (-107.674, -169.306), (-81.4052, -198.606), (-80.9773, -210.375)))
(((-79.791, -312.224), (-95.0281, -339.651), (-105.29, -341.637), (-129.911, -317.836), (-128.43, -286), (-89.625, -286), (-79.791, -312.224)))
(((-89.625, -286), (-128.43, -286), (-139.544, -275.611), (-121.178, -229.695), (-98.2199, -229.342), (-77.012, -265.819), (-89.625, -286)))
(((-83.5283, -574.73), (-121.495, -584.975), (-143.319, -560.479), (-123.072, -522.416), (-95.9432, -520.82), (-76.1628, -538.572), (-83.5283, -574.73)))
(((-165.432, 430.802), (-183.902, 444.221), (-203, 503), (-183.902, 561.779), (-177.438, 566.475), (-54.681, 538.889), (-51.0168, 533.195), (-73.7021, 459.468), (-165.432, 430.802)))
(((-66.4164, -432.234), (-104.865, -466.246), (-114.999, -464.356), (-129.541, -441.371), (-102.511, -404.33), (-87.4396, -404.794), (-66.2554, -422.087), (-66.4164, -432.234)))
(((-87.4396, -404.794), (-102.511, -404.33), (-131.223, -374.864), (-105.29, -341.637), (-95.0281, -339.651), (-69.5708, -362.356), (-87.4396, -404.794)))
(((-56.8659, -643.093), (-83.5846, -646.387), (-123.173, -593.603), (-121.495, -584.975), (-83.5283, -574.73), (-66.8338, -586.609), (-56.8659, -643.093)))
(((-50.1525, -123.542), (-65.6658, -150.225), (-97.4358, -154.518), (-106.045, -125.247), (-79.2714, -102.792), (-50.8913, -121.326), (-50.1525, -123.542)))
(((-172.278, 625), (-29.1667, 625), (-54.681, 538.889), (-174.491, 565.813), (-183, 592), (-172.278, 625)))
(((-63.7103, -736.303), (-80.2692, -740.442), (-105.673, -705.512), (-95.8377, -655.106), (-83.5846, -646.387), (-56.8659, -643.093), (-55.1029, -643.996), (-35.1872, -698.963), (-63.7103, -736.303)))
(((-58.2941, -173.569), (-81.4052, -198.606), (-107.674, -169.306), (-97.4358, -154.518), (-65.6658, -150.225), (-58.2941, -173.569)))
(((-39.0871, -482.486), (-85.13, -486.578), (-104.865, -466.246), (-66.4164, -432.234), (-36.9523, -479.376), (-39.0871, -482.486)))
(((-89.5373, 311.894), (-103.902, 311.894), (-153.902, 348.221), (-173, 407), (-165.247, 430.86), (-73.7021, 459.468), (-22.3158, 425.211), (-89.5373, 311.894)))
(((-39.7577, -524.738), (-76.1628, -538.572), (-95.9432, -520.82), (-85.13, -486.578), (-39.0871, -482.486), (-39.7577, -524.738)))
(((-47.4609, -263.133), (-77.012, -265.819), (-98.2199, -229.342), (-80.9773, -210.375), (-46.7545, -219.338), (-38.8791, -247.558), (-47.4609, -263.133)))
(((-41.42, -359.7), (-69.5708, -362.356), (-95.0281, -339.651), (-79.791, -312.224), (-52.0461, -314.16), (-41.42, -359.7)))
(((-26.9615, -295.346), (-52.0461, -314.16), (-79.791, -312.224), (-89.625, -286), (-77.012, -265.819), (-47.4609, -263.133), (-26.9615, -295.346)))
(((-37.9934, -361.128), (-40.6519, -410.31), (-66.2554, -422.087), (-87.4396, -404.794), (-69.5708, -362.356), (-41.42, -359.7), (-37.9934, -361.128)))
(((-20.4291, -191.258), (-46.7545, -219.338), (-80.9773, -210.375), (-81.4052, -198.606), (-58.2941, -173.569), (-23.6007, -185.133), (-20.4291, -191.258)))
(((-129.659, -800), (-80.2692, -740.442), (-63.7103, -736.303), (-27.4996, -767.047), (-21.25, -800), (-129.659, -800)))
(((-94.7241, -53), (-30.1364, -53), (-14.7853, -60.2369), (-12.3204, -66.4367), (-50.8913, -121.326), (-79.2714, -102.792), (-94.7241, -53)))
(((-23.6662, -572.554), (-66.8338, -586.609), (-83.5283, -574.73), (-76.1628, -538.572), (-39.7577, -524.738), (-15.7805, -546.268), (-23.6662, -572.554)))
(((-23.6007, -185.133), (-58.2941, -173.569), (-65.6658, -150.225), (-50.1525, -123.542), (-16.6861, -141.67), (-23.6007, -185.133)))
(((-8.21429, -621.786), (-55.1029, -643.996), (-56.8659, -643.093), (-66.8338, -586.609), (-23.6662, -572.554), (-4.43705, -607.936), (-8.21429, -621.786)))
(((-36.9523, -479.376), (-66.4164, -432.234), (-66.2554, -422.087), (-40.6519, -410.31), (-4.34123, -420.9), (-28.4156, -476.13), (-36.9523, -479.376)))
(((-3.01807, -323.791), (-32.488, -360.062), (-37.9934, -361.128), (-41.42, -359.7), (-52.0461, -314.16), (-26.9615, -295.346), (-16.0408, -298.247), (-3.01807, -323.791)))
(((33.728, 478.329), (4.89199, 428.008), (-22.3158, 425.211), (-73.7021, 459.468), (-51.0168, 533.195), (17.4135, 515.511), (33.728, 478.329)))
(((6.0146, -240.652), (-38.8791, -247.558), (-46.7545, -219.338), (-20.4291, -191.258), (-15.9356, -193.085), (8.58692, -234.328), (6.0146, -240.652)))
(((-2.88114, -420.339), (-4.34123, -420.9), (-40.6519, -410.31), (-37.9934, -361.128), (-32.488, -360.062), (-3.19455, -376.336), (8.42952, -403.687), (-2.88114, -420.339)))
(((-30.1364, -53), (-30, -53), (-30, 18.3431), (25.6518, -3.4811), (25.3299, -6.02716), (-14.7853, -60.2369), (-30.1364, -53)))
(((14.565, -270.863), (-16.0408, -298.247), (-26.9615, -295.346), (-47.4609, -263.133), (-38.8791, -247.558), (6.0146, -240.652), (14.565, -270.863)))
(((-0.0633803, -75.993), (7.17031, -133.862), (-16.6861, -141.67), (-50.1525, -123.542), (-50.8913, -121.326), (-12.3204, -66.4367), (-0.0633803, -75.993)))
(((-76.9563, 300.183), (-90.6028, 310.098), (-22.3158, 425.211), (4.89199, 428.008), (43.2928, 374.521), (-11.8112, 306.151), (-76.9563, 300.183)))
(((12.709, -697.167), (-35.1872, -698.963), (-55.1029, -643.996), (-8.21429, -621.786), (20.6014, -650.601), (12.709, -697.167)))
(((15.6621, -699.53), (22.9468, -751.433), (-27.4996, -767.047), (-63.7103, -736.303), (-35.1872, -698.963), (12.709, -697.167), (15.6621, -699.53)))
(((20.8208, -504.493), (0.489562, -542.383), (-15.7805, -546.268), (-39.7577, -524.738), (-39.0871, -482.486), (-36.9523, -479.376), (-28.4156, -476.13), (6.43578, -483.875), (20.8208, -504.493)))
(((-86.7179, 193.967), (-102, 241), (-82.9485, 299.634), (-11.8112, 306.151), (46.3522, 264.606), (8.88486, 198.413), (-86.7179, 193.967)))
(((79.4796, 625), (81.2413, 619.578), (17.4135, 515.511), (-51.0168, 533.195), (-54.681, 538.889), (-29.1667, 625), (79.4796, 625)))
(((23.1161, -348.641), (-3.19455, -376.336), (-32.488, -360.062), (-3.01807, -323.791), (5.09223, -326.755), (23.1161, -348.641)))
(((-30, 18.3431), (-30, 53), (-94.4764, 53), (-80.9017, 94.7785), (-78.0794, 96.8291), (-23.5236, 95.9122), (33.728, 42.8497), (38.4996, 10.4028), (25.6518, -3.4811), (-30, 18.3431)))
(((24.9262, -152.421), (20.8676, -180.155), (-15.9356, -193.085), (-20.4291, -191.258), (-23.6007, -185.133), (-16.6861, -141.67), (7.17031, -133.862), (16.9648, -137.454), (24.9262, -152.421)))
(((-79.1047, 96.8463), (-98, 155), (-85.3178, 194.032), (8.88486, 198.413), (49.0657, 163.255), (46, 128), (-23.5236, 95.9122), (-79.1047, 96.8463)))
(((6.43578, -483.875), (-28.4156, -476.13), (-4.34123, -420.9), (-2.88114, -420.339), (30.5987, -452.664), (6.43578, -483.875)))
(((-21.25, -800), (-27.4996, -767.047), (22.9468, -751.433), (63.982, -787.544), (66.5864, -800), (-21.25, -800)))
(((27.7205, -592.979), (-4.43705, -607.936), (-23.6662, -572.554), (-15.7805, -546.268), (0.489562, -542.383), (29.405, -558.447), (27.7205, -592.979)))
(((48.3798, -215.297), (8.58692, -234.328), (-15.9356, -193.085), (20.8676, -180.155), (47.7091, -204.399), (48.3798, -215.297)))
(((42.8146, -303.178), (5.09223, -326.755), (-3.01807, -323.791), (-16.0408, -298.247), (14.565, -270.863), (37.7038, -279.158), (42.8146, -303.178)))
(((43.9586, -394.972), (8.42952, -403.687), (-3.19455, -376.336), (23.1161, -348.641), (43.1348, -354.604), (43.9586, -394.972)))
(((16.9648, -137.454), (7.17031, -133.862), (-0.0633803, -75.993), (20.25, -78.25), (53.4167, -111.417), (16.9648, -137.454)))
(((53.8298, -637.039), (20.6014, -650.601), (-8.21429, -621.786), (-4.43705, -607.936), (27.7205, -592.979), (46.4432, -602.568), (53.8298, -637.039)))
(((59.5228, -54.6863), (20.25, -78.25), (-0.0633803, -75.993), (-12.3204, -66.4367), (-14.7853, -60.2369), (25.3299, -6.02716), (59.5228, -54.6863)))
(((61.1364, -414.121), (43.6893, -451.923), (30.5987, -452.664), (-2.88114, -420.339), (8.42952, -403.687), (43.9586, -394.972), (58.25, -404.5), (61.1364, -414.121)))
(((61.6997, -514.283), (53.2644, -550.325), (29.405, -558.447), (0.489562, -542.383), (20.8208, -504.493), (56.0244, -505.847), (61.6997, -514.283)))
(((69.0221, -334.907), (43.1348, -354.604), (23.1161, -348.641), (5.09223, -326.755), (42.8146, -303.178), (70.0276, -328.791), (69.0221, -334.907)))
(((56.0244, -505.847), (20.8208, -504.493), (6.43578, -483.875), (30.5987, -452.664), (43.6893, -451.923), (65.0637, -473.908), (56.0244, -505.847)))
(((61.9533, -226.97), (51.4335, -270.218), (37.7038, -279.158), (14.565, -270.863), (6.0146, -240.652), (8.58692, -234.328), (48.3798, -215.297), (61.9533, -226.97)))
(((87.4507, 94.8394), (33.728, 42.8497), (-23.5236, 95.9122), (46, 128), (87.4507, 94.8394)))
(((75.9576, -165.688), (47.7091, -204.399), (20.8676, -180.155), (24.9262, -152.421), (72.4428, -161.618), (75.9576, -165.688)))
(((90.435, -698.324), (15.6621, -699.53), (12.709, -697.167), (20.6014, -650.601), (53.8298, -637.039), (59, -639), (94.5501, -692.325), (90.435, -698.324)))
(((77.4655, -100.526), (63.1647, -111.251), (53.4167, -111.417), (20.25, -78.25), (59.5228, -54.6863), (71.013, -58.5848), (77.4655, -100.526)))
(((91.2329, -720.931), (63.982, -787.544), (22.9468, -751.433), (15.6621, -699.53), (90.435, -698.324), (91.2329, -720.931)))
(((84.7449, -577.433), (46.4432, -602.568), (27.7205, -592.979), (29.405, -558.447), (53.2644, -550.325), (84.7449, -577.433)))
(((72.4428, -161.618), (24.9262, -152.421), (16.9648, -137.454), (53.4167, -111.417), (63.1647, -111.251), (72.4428, -161.618)))
(((104.742, 200.663), (49.0657, 163.255), (8.88486, 198.413), (46.3522, 264.606), (71.3244, 264.139), (112.803, 226.86), (104.742, 200.663)))
(((71.3244, 264.139), (46.3522, 264.606), (-11.8112, 306.151), (43.2928, 374.521), (113.277, 367.522), (71.3244, 264.139)))
(((154.364, 398.342), (134.249, 376.337), (113.277, 367.522), (43.2928, 374.521), (4.89199, 428.008), (33.728, 478.329), (151.305, 467.072), (164, 428), (154.364, 398.342)))
(((92.7992, -308.494), (70.0276, -328.791), (42.8146, -303.178), (37.7038, -279.158), (51.4335, -270.218), (88.8262, -280.116), (92.7992, -308.494)))
(((93.9413, -42.8216), (71.013, -58.5848), (59.5228, -54.6863), (25.3299, -6.02716), (25.6518, -3.4811), (38.4996, 10.4028), (69.0374, 9.97865), (96.5882, -5.76471), (93.9413, -42.8216)))
(((97.9073, -378.062), (58.25, -404.5), (43.9586, -394.972), (43.1348, -354.604), (69.0221, -334.907), (98.0852, -367.389), (97.9073, -378.062)))
(((100.44, 70.8205), (69.0374, 9.97865), (38.4996, 10.4028), (33.728, 42.8497), (87.4507, 94.8394), (94.3453, 93.0646), (100.44, 70.8205)))
(((100.129, -584.839), (96.92, -613.72), (59, -639), (53.8298, -637.039), (46.4432, -602.568), (84.7449, -577.433), (96.0953, -579.102), (100.129, -584.839)))
(((100.195, -461.964), (65.0637, -473.908), (43.6893, -451.923), (61.1364, -414.121), (110.629, -442.992), (100.195, -461.964)))
(((155.037, 466.715), (33.728, 478.329), (17.4135, 515.511), (79.7248, 617.106), (103.902, 617.106), (153.902, 580.779), (173, 522), (155.037, 466.715)))
(((88.8262, -280.116), (51.4335, -270.218), (61.9533, -226.97), (83.1382, -229.124), (99.2759, -264.248), (88.8262, -280.116)))
(((113.351, -538.589), (96.0953, -579.102), (84.7449, -577.433), (53.2644, -550.325), (61.6997, -514.283), (106.195, -521.699), (113.351, -538.589)))
(((106.387, -211.964), (83.1382, -229.124), (61.9533, -226.97), (48.3798, -215.297), (47.7091, -204.399), (75.9576, -165.688), (98.9318, -168.162), (106.387, -211.964)))
(((98.9318, -168.162), (75.9576, -165.688), (72.4428, -161.618), (63.1647, -111.251), (77.4655, -100.526), (103.017, -106.062), (116.576, -155.78), (98.9318, -168.162)))
(((106.195, -521.699), (61.6997, -514.283), (56.0244, -505.847), (65.0637, -473.908), (100.195, -461.964), (115.582, -500.884), (106.195, -521.699)))
(((134.625, -672.057), (94.5501, -692.325), (59, -639), (96.92, -613.72), (135.03, -667.71), (135.863, -669.881), (134.625, -672.057)))
(((120.284, -437.535), (110.629, -442.992), (61.1364, -414.121), (58.25, -404.5), (97.9073, -378.062), (123.04, -403.913), (120.284, -437.535)))
(((145.589, 122.799), (94.3453, 93.0646), (87.4507, 94.8394), (46, 128), (49.0657, 163.255), (104.742, 200.663), (145.589, 122.799)))
(((116.221, 2.08854), (96.5882, -5.76471), (69.0374, 9.97865), (100.44, 70.8205), (133.628, 32.1004), (116.221, 2.08854)))
(((120.284, -94.91), (103.017, -106.062), (77.4655, -100.526), (71.013, -58.5848), (93.9413, -42.8216), (130.972, -62.1787), (120.284, -94.91)))
(((138.468, -342.006), (98.0852, -367.389), (69.0221, -334.907), (70.0276, -328.791), (92.7992, -308.494), (130.513, -314.898), (134.55, -322.09), (138.468, -342.006)))
(((135.122, -260.989), (99.2759, -264.248), (83.1382, -229.124), (106.387, -211.964), (124.299, -217.696), (135.122, -260.989)))
(((66.5864, -800), (63.982, -787.544), (91.2329, -720.931), (151.221, -758.923), (136.054, -800), (66.5864, -800)))
(((149.138, -272.327), (130.513, -314.898), (92.7992, -308.494), (88.8262, -280.116), (99.2759, -264.248), (135.122, -260.989), (147.123, -268.235), (149.138, -272.327)))
(((173.664, 244.954), (112.803, 226.86), (71.3244, 264.139), (113.277, 367.522), (134.249, 376.337), (173.664, 244.954)))
(((130.972, -62.1787), (93.9413, -42.8216), (96.5882, -5.76471), (116.221, 2.08854), (148.6, -25.0674), (131.033, -62.1523), (130.972, -62.1787)))
(((135.03, -667.71), (96.92, -613.72), (100.129, -584.839), (137.933, -592.251), (135.03, -667.71)))
(((152.586, -203.897), (124.299, -217.696), (106.387, -211.964), (98.9318, -168.162), (116.576, -155.78), (117.95, -155.859), (158.469, -191.15), (152.586, -203.897)))
(((174.394, -371.816), (123.04, -403.913), (97.9073, -378.062), (98.0852, -367.389), (138.468, -342.006), (174.394, -371.816)))
(((178.328, -488.334), (115.582, -500.884), (100.195, -461.964), (110.629, -442.992), (120.284, -437.535), (149.994, -447.748), (178.328, -488.334)))
(((163.369, -128.369), (117.95, -155.859), (116.576, -155.78), (103.017, -106.062), (120.284, -94.91), (162.925, -118.895), (163.369, -128.369)))
(((175.795, -737.989), (151.221, -758.923), (91.2329, -720.931), (90.435, -698.324), (94.5501, -692.325), (134.625, -672.057), (176.025, -736.038), (175.795, -737.989)))
(((171.852, -553.29), (165.582, -583.744), (137.933, -592.251), (100.129, -584.839), (96.0953, -579.102), (113.351, -538.589), (168.157, -544.298), (171.852, -553.29)))
(((182.348, -490.684), (168.157, -544.298), (113.351, -538.589), (106.195, -521.699), (115.582, -500.884), (178.328, -488.334), (182.348, -490.684)))
(((209.392, 66.759), (160.321, 35.3857), (133.628, 32.1004), (100.44, 70.8205), (94.3453, 93.0646), (145.589, 122.799), (157.86, 121.278), (209.392, 66.759)))
(((147.123, -268.235), (135.122, -260.989), (124.299, -217.696), (152.586, -203.897), (168.729, -234.283), (147.123, -268.235)))
(((179.894, -91.9781), (162.925, -118.895), (120.284, -94.91), (130.972, -62.1787), (131.033, -62.1523), (176.77, -75.2199), (179.894, -91.9781)))
(((167.524, -20.433), (148.6, -25.0674), (116.221, 2.08854), (133.628, 32.1004), (160.321, 35.3857), (167.524, -20.433)))
(((201.979, -639.828), (135.863, -669.881), (135.03, -667.71), (137.933, -592.251), (165.582, -583.744), (204.137, -636.503), (201.979, -639.828)))
(((193.854, -397.39), (149.994, -447.748), (120.284, -437.535), (123.04, -403.913), (174.394, -371.816), (182.486, -373.118), (193.854, -397.39)))
(((176.314, -141.314), (167.414, -187.084), (158.469, -191.15), (117.95, -155.859), (163.369, -128.369), (176.314, -141.314)))
(((236.879, 227.235), (157.86, 121.278), (145.589, 122.799), (104.742, 200.663), (112.803, 226.86), (173.664, 244.954), (236.879, 227.235)))
(((176.77, -75.2199), (131.033, -62.1523), (148.6, -25.0674), (167.524, -20.433), (204.227, -33.5909), (176.77, -75.2199)))
(((193.204, -310.359), (134.55, -322.09), (130.513, -314.898), (149.138, -272.327), (184.476, -283.662), (193.204, -310.359)))
(((182.486, -373.118), (174.394, -371.816), (138.468, -342.006), (134.55, -322.09), (193.204, -310.359), (212.003, -334.747), (182.486, -373.118)))
(((199.894, -233.463), (168.729, -234.283), (152.586, -203.897), (158.469, -191.15), (167.414, -187.084), (191.559, -192.618), (206.061, -221.622), (199.894, -233.463)))
(((136.054, -800), (151.221, -758.923), (175.795, -737.989), (245.756, -800), (136.054, -800)))
(((207.569, -261.211), (184.476, -283.662), (149.138, -272.327), (147.123, -268.235), (168.729, -234.283), (199.894, -233.463), (207.569, -261.211)))
(((262, 53), (210, 53), (210, -31.6667), (204.227, -33.5909), (167.524, -20.433), (160.321, 35.3857), (209.392, 66.759), (262, 53)))
(((200.976, -486.174), (182.348, -490.684), (178.328, -488.334), (149.994, -447.748), (193.854, -397.39), (203.399, -404.549), (219.217, -469.039), (200.976, -486.174)))
(((218.88, -702.153), (176.025, -736.038), (134.625, -672.057), (135.863, -669.881), (201.979, -639.828), (218.88, -702.153)))
(((224.854, -161.618), (191.559, -192.618), (167.414, -187.084), (176.314, -141.314), (214.256, -145.266), (224.854, -161.618)))
(((238.85, 227.481), (236.879, 227.235), (173.664, 244.954), (134.249, 376.337), (161.46, 406.106), (222.902, 406.106), (272.902, 369.779), (292, 311), (272.902, 252.221), (238.85, 227.481)))
(((214.256, -145.266), (176.314, -141.314), (163.369, -128.369), (162.925, -118.895), (179.894, -91.9781), (224.544, -106.489), (214.256, -145.266)))
(((224.702, -627.778), (204.137, -636.503), (165.582, -583.744), (171.852, -553.29), (214.677, -558.157), (248.105, -601.135), (224.702, -627.778)))
(((230.994, -526.543), (214.677, -558.157), (171.852, -553.29), (168.157, -544.298), (182.348, -490.684), (200.976, -486.174), (230.994, -526.543)))
(((210, -31.6667), (210, -53), (246.127, -53), (240.873, -88.1981), (236.421, -98.4213), (224.544, -106.489), (179.894, -91.9781), (176.77, -75.2199), (204.227, -33.5909), (210, -31.6667)))
(((262, 53), (209.392, 66.759), (157.86, 121.278), (236.879, 227.235), (247.095, 228.512), (294.902, 193.779), (314, 135), (294.902, 76.2215), (262.94, 53), (262, 53)))
(((240.552, -272.432), (232.958, -330.652), (212.003, -334.747), (193.204, -310.359), (184.476, -283.662), (207.569, -261.211), (237.736, -268.599), (240.552, -272.432)))
(((225.415, -161.855), (239.634, -213.992), (206.061, -221.622), (191.559, -192.618), (224.854, -161.618), (225.415, -161.855)))
(((245.756, -800), (175.795, -737.989), (176.025, -736.038), (218.88, -702.153), (228.863, -706.383), (272.308, -763.405), (271.292, -800), (245.756, -800)))
(((254.635, -220.502), (237.736, -268.599), (207.569, -261.211), (199.894, -233.463), (206.061, -221.622), (239.634, -213.992), (254.635, -220.502)))
(((260.282, -398.972), (203.399, -404.549), (193.854, -397.39), (182.486, -373.118), (212.003, -334.747), (232.958, -330.652), (251.468, -337.279), (260.282, -398.972)))
(((277.184, -420.403), (234.044, -467.349), (219.217, -469.039), (203.399, -404.549), (260.282, -398.972), (273.67, -409.129), (277.184, -420.403)))
(((266.288, -593.705), (248.105, -601.135), (214.677, -558.157), (230.994, -526.543), (270.986, -533.653), (278.111, -540.499), (266.288, -593.705)))
(((276.411, -676.445), (228.863, -706.383), (218.88, -702.153), (201.979, -639.828), (204.137, -636.503), (224.702, -627.778), (276.411, -676.445)))
(((268.574, -157.146), (225.415, -161.855), (224.854, -161.618), (214.256, -145.266), (224.544, -106.489), (236.421, -98.4213), (274.786, -136.786), (268.574, -157.146)))
(((270.986, -533.653), (230.994, -526.543), (200.976, -486.174), (219.217, -469.039), (234.044, -467.349), (264.012, -485.996), (270.986, -533.653)))
(((269.862, -217.272), (254.635, -220.502), (239.634, -213.992), (225.415, -161.855), (268.574, -157.146), (272, -162.054), (272, -214.256), (269.862, -217.272)))
(((309.676, -692.94), (272.308, -763.405), (228.863, -706.383), (276.411, -676.445), (297.992, -681.752), (305.973, -687.314), (309.676, -692.94)))
(((273.32, -331.373), (251.468, -337.279), (232.958, -330.652), (240.552, -272.432), (276.663, -275.012), (291.942, -294.874), (273.32, -331.373)))
(((287.156, -243.533), (276.663, -275.012), (240.552, -272.432), (237.736, -268.599), (254.635, -220.502), (269.862, -217.272), (287.156, -243.533)))
(((283.237, -130.447), (274.786, -136.786), (236.421, -98.4213), (240.873, -88.1981), (292.909, -103.503), (283.237, -130.447)))
(((308.232, -471.256), (264.012, -485.996), (234.044, -467.349), (277.184, -420.403), (306.399, -440.551), (308.232, -471.256)))
(((334.234, -53), (330.5, -62.2742), (292.909, -103.503), (240.873, -88.1981), (246.127, -53), (334.234, -53)))
(((285.133, -602.026), (297.992, -681.752), (276.411, -676.445), (224.702, -627.778), (248.105, -601.135), (266.288, -593.705), (285.133, -602.026)))
(((319.22, -364.919), (273.67, -409.129), (260.282, -398.972), (251.468, -337.279), (273.32, -331.373), (319.466, -358.684), (319.22, -364.919)))
(((315.098, -512.455), (304.993, -531.271), (278.111, -540.499), (270.986, -533.653), (264.012, -485.996), (308.232, -471.256), (316.193, -481.254), (315.098, -512.455)))
(((325.697, -177.786), (318.66, -201.096), (272, -214.256), (272, -162.054), (324.986, -174.942), (325.697, -177.786)))
(((339.46, -286.235), (291.942, -294.874), (276.663, -275.012), (287.156, -243.533), (326.234, -248.543), (339.46, -286.235)))
(((335.344, -147.812), (324.986, -174.942), (272, -162.054), (268.574, -157.146), (274.786, -136.786), (283.237, -130.447), (330.5, -139.9), (335.344, -147.812)))
(((326.234, -248.543), (287.156, -243.533), (269.862, -217.272), (272, -214.256), (318.66, -201.096), (333.601, -228.381), (326.234, -248.543)))
(((332.331, -625.184), (305.973, -687.314), (297.992, -681.752), (285.133, -602.026), (323.38, -603.62), (332.331, -625.184)))
(((330.5, -139.9), (283.237, -130.447), (292.909, -103.503), (330.5, -62.2742), (330.5, -139.9)))
(((323.38, -603.62), (285.133, -602.026), (266.288, -593.705), (278.111, -540.499), (304.993, -531.271), (354.964, -572.036), (323.38, -603.62)))
(((374.989, -308.5), (319.466, -358.684), (273.32, -331.373), (291.942, -294.874), (339.46, -286.235), (374.989, -308.5)))
(((347.436, -420.032), (306.399, -440.551), (277.184, -420.403), (273.67, -409.129), (319.22, -364.919), (351.677, -409.94), (347.436, -420.032)))
(((400, -706.437), (400, -800), (271.292, -800), (272.308, -763.405), (309.676, -692.94), (400, -706.437)))
(((400, -706.437), (309.676, -692.94), (305.973, -687.314), (332.331, -625.184), (400, -662.778), (400, -706.437)))
(((400, -562.312), (354.964, -572.036), (304.993, -531.271), (315.098, -512.455), (375.581, -519.176), (400, -541.967), (400, -562.312)))
(((356.828, -478.545), (316.193, -481.254), (308.232, -471.256), (306.399, -440.551), (347.436, -420.032), (370.036, -458), (356.828, -478.545)))
(((375.581, -519.176), (315.098, -512.455), (316.193, -481.254), (356.828, -478.545), (375.581, -519.176)))
(((400, -203.328), (400, -212.571), (333.601, -228.381), (318.66, -201.096), (325.697, -177.786), (400, -203.328)))
(((334.234, -53), (400, -53), (400, -140.206), (335.344, -147.812), (330.5, -139.9), (330.5, -62.2742), (334.234, -53)))
(((400, -389), (351.677, -409.94), (319.22, -364.919), (319.466, -358.684), (374.989, -308.5), (400, -308.5), (400, -389)))
(((400, -308.5), (374.989, -308.5), (339.46, -286.235), (326.234, -248.543), (333.601, -228.381), (400, -212.571), (400, -308.5)))
(((400, -203.328), (325.697, -177.786), (324.986, -174.942), (335.344, -147.812), (400, -140.206), (400, -203.328)))
(((400, -662.778), (332.331, -625.184), (323.38, -603.62), (354.964, -572.036), (400, -562.312), (400, -662.778)))
(((400, -541.967), (375.581, -519.176), (356.828, -478.545), (370.036, -458), (400, -458), (400, -541.967)))
(((400, -458), (370.036, -458), (347.436, -420.032), (351.677, -409.94), (400, -389), (400, -458)))
