(((-157.373, -800), (-225, -800), (-225, -718.883), (-193.637, -721.624), (-157.373, -800)))
(((-225, -612.564), (-195.173, -625.566), (-177.082, -654.16), (-186.959, -716.245), (-193.637, -721.624), (-225, -718.883), (-225, -612.564)))
(((-225, -105), (-184.768, -118.411), (-176.83, -180.324), (-202.5, -197.065), (-225, -199.022), (-225, -105)))
(((-225, -375.682), (-188.692, -379.643), (-154.181, -420.544), (-159.739, -437.218), (-160.66, -438.214), (-225, -445.674), (-225, -375.682)))
(((-225, -199.022), (-202.5, -197.065), (-158.963, -242.495), (-206.675, -292.327), (-225, -293.236), (-225, -199.022)))
(((-225, -293.236), (-206.675, -292.327), (-190.304, -301.158), (-152.914, -346.42), (-188.692, -379.643), (-225, -375.682), (-225, -293.236)))
(((-225, -445.674), (-160.66, -438.214), (-154.312, -484.234), (-170.475, -496.356), (-225, -498.952), (-225, -445.674)))
(((-225, -498.952), (-170.475, -496.356), (-166.752, -548.471), (-172.373, -553.857), (-225, -564.671), (-225, -498.952)))
(((-225, -105), (-225, -53), (-132.026, -53), (-130.189, -88.8144), (-149.901, -114.159), (-184.768, -118.411), (-225, -105)))
(((-158.963, -242.495), (-202.5, -197.065), (-176.83, -180.324), (-143.762, -186.16), (-156.942, -241.811), (-158.963, -242.495)))
(((-225, -564.671), (-172.373, -553.857), (-140.334, -593.586), (-144.511, -609.397), (-195.173, -625.566), (-225, -612.564), (-225, -564.671)))
(((-154.181, -420.544), (-188.692, -379.643), (-152.914, -346.42), (-134.594, -351.971), (-147.075, -414.377), (-154.181, -420.544)))
(((-132.983, -180.95), (-143.762, -186.16), (-176.83, -180.324), (-184.768, -118.411), (-149.901, -114.159), (-124.382, -155.145), (-132.983, -180.95)))
(((-130.471, -704.078), (-186.959, -716.245), (-177.082, -654.16), (-129.94, -660.363), (-125.527, -697.557), (-130.471, -704.078)))
(((-122.99, -532.716), (-166.752, -548.471), (-170.475, -496.356), (-154.312, -484.234), (-132.864, -496.746), (-122.99, -532.716)))
(((-129.94, -660.363), (-177.082, -654.16), (-195.173, -625.566), (-144.511, -609.397), (-118.124, -639.781), (-129.94, -660.363)))
(((-115.015, -291.252), (-190.304, -301.158), (-206.675, -292.327), (-158.963, -242.495), (-156.942, -241.811), (-132.031, -248.145), (-111.012, -285.979), (-115.015, -291.252)))
(((-157.373, -800), (-193.637, -721.624), (-186.959, -716.245), (-130.471, -704.078), (-94.5, -800), (-157.373, -800)))
(((-121.362, -348.395), (-134.594, -351.971), (-152.914, -346.42), (-190.304, -301.158), (-115.015, -291.252), (-118.124, -342.027), (-121.362, -348.395)))
(((-94.0985, -567.504), (-140.334, -593.586), (-172.373, -553.857), (-166.752, -548.471), (-122.99, -532.716), (-102.891, -543.079), (-94.0985, -567.504)))
(((-100.873, -220.652), (-132.031, -248.145), (-156.942, -241.811), (-143.762, -186.16), (-132.983, -180.95), (-98.7085, -210.831), (-100.873, -220.652)))
(((-87.6118, -466.134), (-132.864, -496.746), (-154.312, -484.234), (-160.66, -438.214), (-159.739, -437.218), (-89.7032, -461.23), (-87.6118, -466.134)))
(((-102.848, -408.48), (-147.075, -414.377), (-134.594, -351.971), (-121.362, -348.395), (-98.8361, -368.361), (-102.848, -408.48)))
(((-80.2856, -578.596), (-105.59, -636.647), (-118.124, -639.781), (-144.511, -609.397), (-140.334, -593.586), (-94.0985, -567.504), (-80.2856, -578.596)))
(((-89.7032, -461.23), (-159.739, -437.218), (-154.181, -420.544), (-147.075, -414.377), (-102.848, -408.48), (-85.5852, -422.795), (-89.7032, -461.23)))
(((-91.618, -149.077), (-124.382, -155.145), (-149.901, -114.159), (-130.189, -88.8144), (-93.3364, -99.2444), (-91.618, -149.077)))
(((-70.457, -506.262), (-102.891, -543.079), (-122.99, -532.716), (-132.864, -496.746), (-87.6118, -466.134), (-77.9615, -473.027), (-70.457, -506.262)))
(((-75.4757, -281.133), (-111.012, -285.979), (-132.031, -248.145), (-100.873, -220.652), (-70.8679, -262.087), (-75.4757, -281.133)))
(((-69.6912, -679.794), (-93.6818, -695.788), (-125.527, -697.557), (-129.94, -660.363), (-118.124, -639.781), (-105.59, -636.647), (-67.6431, -655.217), (-69.6912, -679.794)))
(((-59.6556, -178.095), (-72.6049, -198.281), (-98.7085, -210.831), (-132.983, -180.95), (-124.382, -155.145), (-91.618, -149.077), (-67.629, -157.365), (-59.6556, -178.095)))
(((-94.5, -800), (-130.471, -704.078), (-125.527, -697.557), (-93.6818, -695.788), (-68.6542, -747.929), (-93.0625, -800), (-94.5, -800)))
(((-73.8873, -282.784), (-72.7703, -325.23), (-118.124, -342.027), (-115.015, -291.252), (-111.012, -285.979), (-75.4757, -281.133), (-73.8873, -282.784)))
(((-63.049, -53), (-69.2874, -92.7697), (-93.3364, -99.2444), (-130.189, -88.8144), (-132.026, -53), (-63.049, -53)))
(((-59.3161, -367.538), (-98.8361, -368.361), (-121.362, -348.395), (-118.124, -342.027), (-72.7703, -325.23), (-47.1333, -350.867), (-59.3161, -367.538)))
(((-51.6005, -406.887), (-85.5852, -422.795), (-102.848, -408.48), (-98.8361, -368.361), (-59.3161, -367.538), (-51.6005, -406.887)))
(((-67.629, -157.365), (-91.618, -149.077), (-93.3364, -99.2444), (-69.2874, -92.7697), (-41.0099, -116.549), (-67.629, -157.365)))
(((-56.0264, -646.951), (-67.6431, -655.217), (-105.59, -636.647), (-80.2856, -578.596), (-38.8442, -585.587), (-56.0264, -646.951)))
(((-70.8679, -262.087), (-100.873, -220.652), (-98.7085, -210.831), (-72.6049, -198.281), (-46.1517, -239.431), (-70.8679, -262.087)))
(((-32.0268, -713.918), (-68.6542, -747.929), (-93.6818, -695.788), (-69.6912, -679.794), (-31.9327, -712.45), (-32.0268, -713.918)))
(((-38.8442, -585.587), (-80.2856, -578.596), (-94.0985, -567.504), (-102.891, -543.079), (-70.457, -506.262), (-39.3311, -518.468), (-36.5119, -584.721), (-38.8442, -585.587)))
(((-21.7914, -453.54), (-77.9615, -473.027), (-87.6118, -466.134), (-89.7032, -461.23), (-85.5852, -422.795), (-51.6005, -406.887), (-43.9078, -410.801), (-21.4782, -451.347), (-21.7914, -453.54)))
(((-19.0395, -311.079), (-37.1111, -347.222), (-47.1333, -350.867), (-72.7703, -325.23), (-73.8873, -282.784), (-24.2788, -297.666), (-19.0395, -311.079)))
(((-16.4913, -236.684), (-46.1517, -239.431), (-72.6049, -198.281), (-59.6556, -178.095), (-38.9997, -182.297), (-8.34928, -222.029), (-16.4913, -236.684)))
(((-6.46911, -500.361), (-39.3311, -518.468), (-70.457, -506.262), (-77.9615, -473.027), (-21.7914, -453.54), (-4.13398, -481.42), (-6.46911, -500.361)))
(((-63.049, -53), (-30, -53), (-30, 16.1057), (-14.3732, 16.1057), (-23.9394, -105.066), (-36.1611, -115.959), (-41.0099, -116.549), (-69.2874, -92.7697), (-63.049, -53)))
(((7.25326, -669.532), (-31.9327, -712.45), (-69.6912, -679.794), (-67.6431, -655.217), (-56.0264, -646.951), (7.06719, -668.536), (7.25326, -669.532)))
(((-7.37064, -264.526), (-24.2788, -297.666), (-73.8873, -282.784), (-75.4757, -281.133), (-70.8679, -262.087), (-46.1517, -239.431), (-16.4913, -236.684), (-7.37064, -264.526)))
(((-93.0625, -800), (-68.6542, -747.929), (-32.0268, -713.918), (-3.29243, -744.205), (-50.16, -800), (-93.0625, -800)))
(((-2.12606, -155.794), (-38.9997, -182.297), (-59.6556, -178.095), (-67.629, -157.365), (-41.0099, -116.549), (-36.1611, -115.959), (-1.9929, -155.008), (-2.12606, -155.794)))
(((9.4534, -379.817), (-43.9078, -410.801), (-51.6005, -406.887), (-59.3161, -367.538), (-47.1333, -350.867), (-37.1111, -347.222), (9.4534, -379.817)))
(((7.06719, -668.536), (-56.0264, -646.951), (-38.8442, -585.587), (-36.5119, -584.721), (-3.03814, -588.44), (23.2035, -608.601), (7.06719, -668.536)))
(((-3.03814, -588.44), (-36.5119, -584.721), (-39.3311, -518.468), (-6.46911, -500.361), (16.9518, -527.295), (-3.03814, -588.44)))
(((23.9436, -414.519), (-21.4782, -451.347), (-43.9078, -410.801), (9.4534, -379.817), (12.7077, -380.276), (23.9436, -414.519)))
(((12.3126, -212.698), (-8.34928, -222.029), (-38.9997, -182.297), (-2.12606, -155.794), (22.9685, -196.858), (12.3126, -212.698)))
(((-50.16, -800), (-3.29243, -744.205), (24.042, -750.803), (46.1449, -800), (-50.16, -800)))
(((-14.6101, 13.1057), (-1.27641, 13.1057), (26.9714, -99.8857), (24.754, -101.668), (-23.9394, -105.066), (-14.6101, 13.1057)))
(((27.8984, -329.071), (18.3574, -374.174), (12.7077, -380.276), (9.4534, -379.817), (-37.1111, -347.222), (-19.0395, -311.079), (23.5651, -321.104), (27.8984, -329.071)))
(((16.2541, -142.043), (-1.9929, -155.008), (-36.1611, -115.959), (-23.9394, -105.066), (24.754, -101.668), (16.2541, -142.043)))
(((24.042, -750.803), (-3.29243, -744.205), (-32.0268, -713.918), (-31.9327, -712.45), (7.25326, -669.532), (8.48801, -670.474), (35.0724, -728.334), (24.042, -750.803)))
(((42.5739, -278.334), (23.5651, -321.104), (-19.0395, -311.079), (-24.2788, -297.666), (-7.37064, -264.526), (40.3894, -274.296), (42.5739, -278.334)))
(((28.3555, -417.105), (43.5547, -468.23), (-4.13398, -481.42), (-21.7914, -453.54), (-21.4782, -451.347), (23.9436, -414.519), (28.3555, -417.105)))
(((40.3894, -274.296), (-7.37064, -264.526), (-16.4913, -236.684), (-8.34928, -222.029), (12.3126, -212.698), (45.7749, -248.837), (40.3894, -274.296)))
(((41.2378, -190.974), (22.9685, -196.858), (-2.12606, -155.794), (-1.9929, -155.008), (16.2541, -142.043), (55.3854, -156.391), (41.2378, -190.974)))
(((54, -480.778), (54, -523.395), (16.9518, -527.295), (-6.46911, -500.361), (-4.13398, -481.42), (43.5547, -468.23), (48.1285, -470.122), (54, -480.778)))
(((25.6236, -608.249), (23.2035, -608.601), (-3.03814, -588.44), (16.9518, -527.295), (54, -523.395), (54, -589.477), (25.6236, -608.249)))
(((64.8395, -149.892), (55.3854, -156.391), (16.2541, -142.043), (24.754, -101.668), (26.9714, -99.8857), (53.1323, -102.792), (70.542, -119.824), (64.8395, -149.892)))
(((74.7928, -712.085), (35.0724, -728.334), (8.48801, -670.474), (78.762, -683.859), (74.7928, -712.085)))
(((-1.45194, 13.8077), (14.0983, 25.1057), (75.9017, 25.1057), (92.951, 12.7186), (90.1121, -20.1319), (53.1323, -102.792), (26.9714, -99.8857), (-1.45194, 13.8077)))
(((75.5, -228.194), (45.7749, -248.837), (12.3126, -212.698), (22.9685, -196.858), (41.2378, -190.974), (75.5, -211.866), (75.5, -228.194)))
(((72.7688, -371.384), (18.3574, -374.174), (27.8984, -329.071), (84.4026, -335.798), (72.7688, -371.384)))
(((92.6495, -668.61), (78.762, -683.859), (8.48801, -670.474), (7.25326, -669.532), (7.06719, -668.536), (23.2035, -608.601), (25.6236, -608.249), (92.5128, -657.536), (92.6495, -668.61)))
(((73.0935, -414.249), (28.3555, -417.105), (23.9436, -414.519), (12.7077, -380.276), (18.3574, -374.174), (72.7688, -371.384), (83.5435, -395.872), (73.0935, -414.249)))
(((83.3839, -441.69), (48.1285, -470.122), (43.5547, -468.23), (28.3555, -417.105), (73.0935, -414.249), (83.3839, -441.69)))
(((84.4197, -335.784), (84.4026, -335.798), (27.8984, -329.071), (23.5651, -321.104), (42.5739, -278.334), (73.8763, -287.783), (86.1701, -332.23), (84.4197, -335.784)))
(((64.9915, -800), (46.1449, -800), (24.042, -750.803), (35.0724, -728.334), (74.7928, -712.085), (97.0608, -741.351), (98.207, -757.398), (64.9915, -800)))
(((104.704, -582.456), (54, -589.477), (54, -523.395), (96.0775, -527.824), (104.704, -582.456)))
(((101.449, -266.414), (73.8763, -287.783), (42.5739, -278.334), (40.3894, -274.296), (45.7749, -248.837), (75.5, -228.194), (103.369, -254.515), (101.449, -266.414)))
(((109.981, -183.272), (75.5, -211.866), (41.2378, -190.974), (55.3854, -156.391), (64.8395, -149.892), (109.304, -179.935), (109.981, -183.272)))
(((116.436, -506.193), (96.0775, -527.824), (54, -523.395), (54, -480.778), (109.52, -486.947), (116.436, -506.193)))
(((106.726, -583.768), (110.762, -631.395), (92.5128, -657.536), (25.6236, -608.249), (54, -589.477), (104.704, -582.456), (106.726, -583.768)))
(((109.52, -486.947), (54, -480.778), (48.1285, -470.122), (83.3839, -441.69), (98.8878, -448.968), (110.517, -471.742), (109.52, -486.947)))
(((107.024, -111.503), (70.542, -119.824), (53.1323, -102.792), (90.1121, -20.1319), (110.145, -106.272), (107.024, -111.503)))
(((109.304, -179.935), (64.8395, -149.892), (70.542, -119.824), (107.024, -111.503), (124.779, -145.469), (109.304, -179.935)))
(((124.717, -395.064), (83.5435, -395.872), (72.7688, -371.384), (84.4026, -335.798), (84.4197, -335.784), (138.807, -377.62), (124.717, -395.064)))
(((141.755, -308.063), (86.1701, -332.23), (73.8763, -287.783), (101.449, -266.414), (141.755, -308.063)))
(((129.11, -419.955), (98.8878, -448.968), (83.3839, -441.69), (73.0935, -414.249), (83.5435, -395.872), (124.717, -395.064), (129.11, -419.955)))
(((127.118, -240.059), (103.369, -254.515), (75.5, -228.194), (75.5, -211.866), (109.981, -183.272), (132.23, -199.164), (127.118, -240.059)))
(((152.2, -697.24), (97.0608, -741.351), (74.7928, -712.085), (78.762, -683.859), (92.6495, -668.61), (152.2, -697.24)))
(((64.9915, -800), (98.207, -757.398), (137.283, -765.826), (159.807, -800), (64.9915, -800)))
(((157.867, -322.319), (139.966, -377.075), (138.807, -377.62), (84.4197, -335.784), (86.1701, -332.23), (141.755, -308.063), (149.208, -309.142), (157.867, -322.319)))
(((93.3039, 16.8019), (95.0983, 18.1057), (156.255, 18.1057), (162.277, -88.7962), (161.627, -89.8914), (110.145, -106.272), (90.1121, -20.1319), (93.3039, 16.8019)))
(((155.525, -449.237), (110.517, -471.742), (98.8878, -448.968), (129.11, -419.955), (153.722, -439.5), (155.525, -449.237)))
(((170.608, -573.584), (106.726, -583.768), (104.704, -582.456), (96.0775, -527.824), (116.436, -506.193), (161.003, -514.353), (170.608, -573.584)))
(((172.407, -713.139), (137.283, -765.826), (98.207, -757.398), (97.0608, -741.351), (152.2, -697.24), (162.351, -697.364), (172.407, -713.139)))
(((179.497, -653.669), (162.351, -697.364), (152.2, -697.24), (92.6495, -668.61), (92.5128, -657.536), (110.762, -631.395), (177.25, -640.893), (179.497, -653.669)))
(((171.548, -265.206), (149.208, -309.142), (141.755, -308.063), (101.449, -266.414), (103.369, -254.515), (127.118, -240.059), (169.824, -261.412), (171.548, -265.206)))
(((177.25, -640.893), (110.762, -631.395), (106.726, -583.768), (170.608, -573.584), (192.606, -590.693), (177.25, -640.893)))
(((167.724, -140.697), (124.779, -145.469), (107.024, -111.503), (110.145, -106.272), (161.627, -89.8914), (167.724, -140.697)))
(((161.003, -514.353), (116.436, -506.193), (109.52, -486.947), (110.517, -471.742), (155.525, -449.237), (189.447, -484.944), (161.003, -514.353)))
(((176.596, -164.713), (139.337, -198.247), (132.23, -199.164), (109.981, -183.272), (109.304, -179.935), (124.779, -145.469), (167.724, -140.697), (175.215, -147.307), (176.596, -164.713)))
(((169.824, -261.412), (127.118, -240.059), (132.23, -199.164), (139.337, -198.247), (178.5, -221.5), (169.824, -261.412)))
(((180.265, -409.64), (153.722, -439.5), (129.11, -419.955), (124.717, -395.064), (138.807, -377.62), (139.966, -377.075), (183.723, -394.234), (180.265, -409.64)))
(((159.807, -800), (137.283, -765.826), (172.407, -713.139), (204.63, -733.885), (216.93, -800), (159.807, -800)))
(((198.853, -208.416), (178.5, -221.5), (139.337, -198.247), (176.596, -164.713), (206.064, -195.023), (198.853, -208.416)))
(((202.004, -336.584), (188.848, -391.837), (183.723, -394.234), (139.966, -377.075), (157.867, -322.319), (201.415, -334.762), (202.004, -336.584)))
(((215.225, -472.29), (205.333, -481.505), (189.447, -484.944), (155.525, -449.237), (153.722, -439.5), (180.265, -409.64), (216.048, -470.196), (215.225, -472.29)))
(((231.408, -125.319), (175.215, -147.307), (167.724, -140.697), (161.627, -89.8914), (162.277, -88.7962), (225.878, -99.3963), (231.408, -125.319)))
(((201.415, -334.762), (157.867, -322.319), (149.208, -309.142), (171.548, -265.206), (203.204, -268.899), (230.329, -302.406), (201.415, -334.762)))
(((210, 22.1057), (210, -53), (243.618, -53), (225.878, -99.3963), (162.277, -88.7962), (156.425, 15.0777), (166.098, 22.1057), (210, 22.1057)))
(((203.204, -268.899), (171.548, -265.206), (169.824, -261.412), (178.5, -221.5), (198.853, -208.416), (220.035, -246.241), (203.204, -268.899)))
(((252.265, -578.427), (192.606, -590.693), (170.608, -573.584), (161.003, -514.353), (189.447, -484.944), (205.333, -481.505), (253.989, -576.791), (252.265, -578.427)))
(((248.95, -425.85), (216.048, -470.196), (180.265, -409.64), (183.723, -394.234), (188.848, -391.837), (242.045, -405.136), (248.95, -425.85)))
(((236.561, -130.057), (235.535, -187.539), (206.064, -195.023), (176.596, -164.713), (175.215, -147.307), (231.408, -125.319), (236.561, -130.057)))
(((204.63, -733.885), (172.407, -713.139), (162.351, -697.364), (179.497, -653.669), (226.146, -665.58), (242.462, -708), (204.63, -733.885)))
(((242.045, -405.136), (188.848, -391.837), (202.004, -336.584), (253.266, -374.617), (242.045, -405.136)))
(((259.722, -637.25), (226.146, -665.58), (179.497, -653.669), (177.25, -640.893), (192.606, -590.693), (252.265, -578.427), (259.722, -637.25)))
(((262.315, -235.671), (220.035, -246.241), (198.853, -208.416), (206.064, -195.023), (235.535, -187.539), (257.608, -201.78), (262.315, -235.671)))
(((276.101, -252.765), (255.537, -300.748), (230.329, -302.406), (203.204, -268.899), (220.035, -246.241), (262.315, -235.671), (276.101, -252.765)))
(((266.283, -313.467), (261.949, -367.639), (253.266, -374.617), (202.004, -336.584), (201.415, -334.762), (230.329, -302.406), (255.537, -300.748), (266.283, -313.467)))
(((315.666, -513.752), (275.118, -568.824), (253.989, -576.791), (205.333, -481.505), (215.225, -472.29), (313.903, -511.761), (315.666, -513.752)))
(((216.93, -800), (204.63, -733.885), (242.462, -708), (279.923, -708), (272.846, -800), (216.93, -800)))
(((306.144, -690.059), (279.923, -708), (242.462, -708), (226.146, -665.58), (259.722, -637.25), (307.029, -688.019), (306.144, -690.059)))
(((293.752, -179.537), (257.608, -201.78), (235.535, -187.539), (236.561, -130.057), (273.163, -130.638), (293.752, -179.537)))
(((313.903, -511.761), (215.225, -472.29), (216.048, -470.196), (248.95, -425.85), (282.455, -434.57), (313.903, -511.761)))
(((302.372, -53), (280.692, -124.71), (273.163, -130.638), (236.561, -130.057), (231.408, -125.319), (225.878, -99.3963), (243.618, -53), (302.372, -53)))
(((318.096, -410.111), (282.455, -434.57), (248.95, -425.85), (242.045, -405.136), (253.266, -374.617), (261.949, -367.639), (308.934, -372.157), (318.096, -410.111)))
(((328.987, -344.189), (308.934, -372.157), (261.949, -367.639), (266.283, -313.467), (314.148, -320.692), (328.987, -344.189)))
(((307.029, -688.019), (259.722, -637.25), (252.265, -578.427), (253.989, -576.791), (275.118, -568.824), (322.72, -607.771), (325.084, -675.153), (307.029, -688.019)))
(((300.334, -252.45), (276.101, -252.765), (262.315, -235.671), (257.608, -201.78), (293.752, -179.537), (305.256, -180.552), (322.328, -226.889), (300.334, -252.45)))
(((314.148, -320.692), (266.283, -313.467), (255.537, -300.748), (276.101, -252.765), (300.334, -252.45), (327.813, -281.304), (314.148, -320.692)))
(((339.875, -160.037), (305.256, -180.552), (293.752, -179.537), (273.163, -130.638), (280.692, -124.71), (333.079, -133.955), (340.559, -146.874), (339.875, -160.037)))
(((272.846, -800), (279.923, -708), (306.144, -690.059), (334.478, -741.06), (328.68, -800), (272.846, -800)))
(((334.667, -53), (333.079, -133.955), (280.692, -124.71), (302.372, -53), (334.667, -53)))
(((315.666, -513.752), (313.903, -511.761), (282.455, -434.57), (318.096, -410.111), (361.181, -425.356), (323.139, -512.536), (315.666, -513.752)))
(((400, -219.275), (322.328, -226.889), (305.256, -180.552), (339.875, -160.037), (400, -214.15), (400, -219.275)))
(((400, -266.435), (388.007, -273.911), (327.813, -281.304), (300.334, -252.45), (322.328, -226.889), (400, -219.275), (400, -266.435)))
(((400, -590.274), (322.72, -607.771), (275.118, -568.824), (315.666, -513.752), (323.139, -512.536), (400, -537.424), (400, -590.274)))
(((400, -384.583), (400, -411.399), (361.181, -425.356), (318.096, -410.111), (308.934, -372.157), (328.987, -344.189), (353.09, -345.491), (400, -384.583)))
(((353.09, -345.491), (328.987, -344.189), (314.148, -320.692), (327.813, -281.304), (388.007, -273.911), (353.09, -345.491)))
(((400, -670.944), (325.084, -675.153), (322.72, -607.771), (400, -590.274), (400, -670.944)))
(((400, -728.319), (334.478, -741.06), (306.144, -690.059), (307.029, -688.019), (325.084, -675.153), (400, -670.944), (400, -728.319)))
(((334.667, -53), (400, -53), (400, -114.743), (340.559, -146.874), (333.079, -133.955), (334.667, -53)))
(((400, -728.319), (400, -800), (328.68, -800), (334.478, -741.06), (400, -728.319)))
(((400, -537.424), (323.139, -512.536), (361.181, -425.356), (400, -411.399), (400, -537.424)))
(((400, -214.15), (339.875, -160.037), (340.559, -146.874), (400, -114.743), (400, -214.15)))
(((400, -384.583), (353.09, -345.491), (388.007, -273.911), (400, -266.435), (400, -384.583)))
