(((-225, -175.581), (-193.293, -186.754), (-163.555, -247.222), (-225, -300.652), (-225, -175.581)))
(((-225, 436.958), (-225, 611.042), (-213.902, 619.106), (-152.098, 619.106), (-107.032, 586.363), (-132.102, 465.029), (-165.997, 428.894), (-213.902, 428.894), (-225, 436.958)))
(((-225, -61.5824), (-213.187, -53), (-194.491, -53), (-133.98, -114.612), (-140.422, -169.835), (-193.293, -186.754), (-225, -175.581), (-225, -61.5824)))
(((-225, -470.238), (-225, -342.5), (-159.773, -342.5), (-154.341, -345.098), (-123.345, -396.759), (-125.021, -410.165), (-211.122, -480.321), (-225, -470.238)))
(((-225, -300.652), (-163.555, -247.222), (-129.934, -256.512), (-128.421, -261.354), (-159.773, -342.5), (-225, -342.5), (-225, -300.652)))
(((-129.934, -256.512), (-163.555, -247.222), (-193.293, -186.754), (-140.422, -169.835), (-118.662, -181.355), (-114.35, -238.484), (-129.934, -256.512)))
(((-170.229, -532.063), (-200.902, -509.779), (-210.609, -479.903), (-125.021, -410.165), (-69.6574, -455.462), (-66.2929, -470.522), (-170.229, -532.063)))
(((-89.1208, -326.463), (-154.341, -345.098), (-159.773, -342.5), (-128.421, -261.354), (-84.5981, -298.916), (-89.1208, -326.463)))
(((-88.5182, -53), (-79.4737, -94.4538), (-99.1304, -112.363), (-133.98, -114.612), (-194.491, -53), (-88.5182, -53)))
(((-86.2895, -172.757), (-118.662, -181.355), (-140.422, -169.835), (-133.98, -114.612), (-99.1304, -112.363), (-78.0262, -158.296), (-86.2895, -172.757)))
(((-53.7819, -366.514), (-123.345, -396.759), (-154.341, -345.098), (-89.1208, -326.463), (-53.7819, -366.514)))
(((-73.4765, -234.025), (-114.35, -238.484), (-118.662, -181.355), (-86.2895, -172.757), (-61.8443, -202.549), (-73.4765, -234.025)))
(((-40.1477, -381.046), (-69.6574, -455.462), (-125.021, -410.165), (-123.345, -396.759), (-53.7819, -366.514), (-44.3641, -369.722), (-40.1477, -381.046)))
(((-64.1276, -286.943), (-84.5981, -298.916), (-128.421, -261.354), (-129.934, -256.512), (-114.35, -238.484), (-73.4765, -234.025), (-55.194, -253.27), (-64.1276, -286.943)))
(((-62.029, -622.106), (-105.902, -622.106), (-155.902, -585.779), (-172.851, -533.615), (-66.2929, -470.522), (-35.2902, -486.183), (-62.029, -622.106)))
(((-40.1271, -143.6), (-78.0262, -158.296), (-99.1304, -112.363), (-79.4737, -94.4538), (-55.3442, -100.38), (-36.463, -134.367), (-40.1271, -143.6)))
(((-143.038, 353.508), (-150.902, 359.221), (-170, 418), (-166.706, 428.139), (-132.102, 465.029), (-43.7022, 456.298), (-25.4594, 393.36), (-37.8175, 378.059), (-143.038, 353.508)))
(((-107.646, 583.393), (-92.9017, 594.106), (-31.0983, 594.106), (14.9144, 560.675), (2.52083, 502.521), (-43.7022, 456.298), (-132.102, 465.029), (-107.646, 583.393)))
(((-31.6226, -53), (-28.0646, -73.9532), (-55.3442, -100.38), (-79.4737, -94.4538), (-88.5182, -53), (-31.6226, -53)))
(((-44.3641, -369.722), (-53.7819, -366.514), (-89.1208, -326.463), (-84.5981, -298.916), (-64.1276, -286.943), (-39.9354, -297.829), (-27.1905, -350.402), (-44.3641, -369.722)))
(((-27.0359, -167.601), (-43.7388, -199.963), (-61.8443, -202.549), (-86.2895, -172.757), (-78.0262, -158.296), (-40.1271, -143.6), (-27.0359, -167.601)))
(((-122.291, 263.692), (-129.902, 269.221), (-149, 328), (-140.521, 354.095), (-37.8175, 378.059), (-10.3891, 320.155), (-66.833, 268.515), (-122.291, 263.692)))
(((-10.7203, -231.212), (-17.6661, -246.647), (-55.194, -253.27), (-73.4765, -234.025), (-61.8443, -202.549), (-43.7388, -199.963), (-12.0188, -223.032), (-10.7203, -231.212)))
(((-79.6655, 124.988), (-119.902, 154.221), (-139, 213), (-122.536, 263.671), (-66.833, 268.515), (-1.78514, 236.947), (-32.3569, 139.837), (-79.6655, 124.988)))
(((-11.7524, -259.214), (-14.2234, -285.777), (-39.9354, -297.829), (-64.1276, -286.943), (-55.194, -253.27), (-17.6661, -246.647), (-11.7524, -259.214)))
(((-9.14414, -483.305), (-35.2902, -486.183), (-66.2929, -470.522), (-69.6574, -455.462), (-40.1477, -381.046), (12.5239, -413.739), (-9.14414, -483.305)))
(((4.33451, -119.68), (-36.463, -134.367), (-55.3442, -100.38), (-28.0646, -73.9532), (1.62587, -89.8846), (4.33451, -119.68)))
(((11.6226, -332.208), (-27.1905, -350.402), (-39.9354, -297.829), (-14.2234, -285.777), (13.7895, -313.789), (11.6226, -332.208)))
(((-12.0188, -223.032), (-43.7388, -199.963), (-27.0359, -167.601), (-14.7274, -171.601), (0.754159, -201.373), (-12.0188, -223.032)))
(((30.8849, -623.946), (16.9017, -634.106), (-44.9017, -634.106), (-61.9526, -621.717), (-35.2902, -486.183), (-9.14414, -483.305), (13.0874, -495.409), (30.8849, -623.946)))
(((25.4811, -153.731), (-14.7274, -171.601), (-27.0359, -167.601), (-40.1271, -143.6), (-36.463, -134.367), (4.33451, -119.68), (25.7829, -134.109), (25.4811, -153.731)))
(((66.3934, 299.129), (42.4787, 247.883), (-1.78514, 236.947), (-66.833, 268.515), (-10.3891, 320.155), (57.2775, 307.353), (66.3934, 299.129)))
(((-31.6226, -53), (-30, -53), (-30, -30.0492), (0.533149, -30.5497), (25.5, -68), (1.62587, -89.8846), (-28.0646, -73.9532), (-31.6226, -53)))
(((-30, 40.4474), (25.8975, 36.0344), (24.1151, -11.2004), (0.533149, -30.5497), (-30, -30.0492), (-30, 40.4474)))
(((33.1821, 399.719), (-25.4594, 393.36), (-43.7022, 456.298), (2.52083, 502.521), (49.9563, 419.848), (33.1821, 399.719)))
(((-30, 40.4474), (-30, 53), (-88.5268, 53), (-96, 76), (-80.1302, 124.842), (-32.3569, 139.837), (-15.1659, 138.261), (42.5884, 72.2561), (39.2985, 44.1093), (25.8975, 36.0344), (-30, 40.4474)))
(((34.1981, -171.5), (30.39, -189.848), (0.754159, -201.373), (-14.7274, -171.601), (25.4811, -153.731), (34.1981, -171.5)))
(((13.7895, -313.789), (-14.2234, -285.777), (-11.7524, -259.214), (28.0682, -270.591), (22.4773, -304.136), (13.7895, -313.789)))
(((57.2775, 307.353), (-10.3891, 320.155), (-37.8175, 378.059), (-25.4594, 393.36), (33.1821, 399.719), (57.2775, 307.353)))
(((50.3575, -361.744), (16.0996, -412.578), (12.5239, -413.739), (-40.1477, -381.046), (-44.3641, -369.722), (-27.1905, -350.402), (11.6226, -332.208), (49.1963, -357.705), (50.3575, -361.744)))
(((57.322, 213.249), (34.9077, 155.345), (-15.1659, 138.261), (-32.3569, 139.837), (-1.78514, 236.947), (42.4787, 247.883), (57.322, 213.249)))
(((28.0682, -270.591), (-11.7524, -259.214), (-17.6661, -246.647), (-10.7203, -231.212), (29.525, -234.475), (35.83, -264.199), (28.0682, -270.591)))
(((47.4844, -216.516), (29.525, -234.475), (-10.7203, -231.212), (-12.0188, -223.032), (0.754159, -201.373), (30.39, -189.848), (47.4844, -216.516)))
(((52.8125, -120.594), (25.7829, -134.109), (4.33451, -119.68), (1.62587, -89.8846), (25.5, -68), (37.1486, -68), (63.663, -100.701), (52.8125, -120.594)))
(((37.1486, -68), (25.5, -68), (0.533149, -30.5497), (24.1151, -11.2004), (63.3012, -33.4412), (37.1486, -68)))
(((52.0439, -487.714), (13.0874, -495.409), (-9.14414, -483.305), (12.5239, -413.739), (16.0996, -412.578), (64.0018, -434.446), (52.0439, -487.714)))
(((68.9088, -283.488), (57.1576, -299.512), (22.4773, -304.136), (28.0682, -270.591), (35.83, -264.199), (63.3677, -267.557), (68.9088, -283.488)))
(((80.4827, 104.122), (42.5884, 72.2561), (-15.1659, 138.261), (34.9077, 155.345), (69.2431, 136.77), (80.4827, 104.122)))
(((49.1963, -357.705), (11.6226, -332.208), (13.7895, -313.789), (22.4773, -304.136), (57.1576, -299.512), (67.7839, -334.048), (49.1963, -357.705)))
(((63.3677, -267.557), (35.83, -264.199), (29.525, -234.475), (47.4844, -216.516), (58.6215, -218.338), (79.5151, -241.075), (63.3677, -267.557)))
(((31.0454, -625.106), (13.0874, -495.409), (52.0439, -487.714), (102.388, -511.447), (73.9736, -625.106), (31.0454, -625.106)))
(((63.3012, -33.4412), (24.1151, -11.2004), (25.8975, 36.0344), (39.2985, 44.1093), (62.8664, 33.8624), (73.9547, -30.8189), (63.3012, -33.4412)))
(((108.191, -412.739), (64.0018, -434.446), (16.0996, -412.578), (50.3575, -361.744), (105.902, -396.716), (111.728, -406.182), (108.191, -412.739)))
(((80.4613, -189.218), (58.6215, -218.338), (47.4844, -216.516), (30.39, -189.848), (34.1981, -171.5), (73.1923, -171.5), (80.4613, -189.218)))
(((73.1923, -171.5), (34.1981, -171.5), (25.4811, -153.731), (25.7829, -134.109), (52.8125, -120.594), (83.4639, -152.424), (73.1923, -171.5)))
(((14.1895, 557.274), (29.0983, 568.106), (90.9017, 568.106), (94.1978, 565.711), (145.089, 491.332), (84.8517, 425.78), (49.9563, 419.848), (2.52083, 502.521), (14.1895, 557.274)))
(((86.8188, -93.7544), (63.663, -100.701), (37.1486, -68), (63.3012, -33.4412), (73.9547, -30.8189), (78.0611, -31.9178), (90.9066, -84.7271), (86.8188, -93.7544)))
(((101.305, -320.966), (67.7839, -334.048), (57.1576, -299.512), (68.9088, -283.488), (97.7589, -295.635), (101.305, -320.966)))
(((119.523, 171.966), (69.2431, 136.77), (34.9077, 155.345), (57.322, 213.249), (116.453, 191.567), (119.523, 171.966)))
(((104.926, 305.141), (66.3934, 299.129), (57.2775, 307.353), (33.1821, 399.719), (49.9563, 419.848), (84.8517, 425.78), (124.703, 354.794), (112.747, 311.398), (104.926, 305.141)))
(((92.937, 36.249), (62.8664, 33.8624), (39.2985, 44.1093), (42.5884, 72.2561), (80.4827, 104.122), (120.661, 89.2866), (92.937, 36.249)))
(((102.388, -511.447), (52.0439, -487.714), (64.0018, -434.446), (108.191, -412.739), (121.104, -500.259), (102.388, -511.447)))
(((107.028, -146.408), (83.4639, -152.424), (52.8125, -120.594), (63.663, -100.701), (86.8188, -93.7544), (119.957, -125.972), (107.028, -146.408)))
(((109.588, -223.519), (94.3435, -240.07), (79.5151, -241.075), (58.6215, -218.338), (80.4613, -189.218), (108.458, -197.542), (109.588, -223.519)))
(((121.799, -1.80114), (93.45, -27.45), (78.0611, -31.9178), (73.9547, -30.8189), (62.8664, 33.8624), (92.937, 36.249), (118.246, 11.5722), (121.799, -1.80114)))
(((105.902, -396.716), (50.3575, -361.744), (49.1963, -357.705), (67.7839, -334.048), (101.305, -320.966), (114.917, -330.608), (105.902, -396.716)))
(((97.7589, -295.635), (68.9088, -283.488), (63.3677, -267.557), (79.5151, -241.075), (94.3435, -240.07), (117.941, -273.5), (97.7589, -295.635)))
(((108.458, -197.542), (80.4613, -189.218), (73.1923, -171.5), (83.4639, -152.424), (107.028, -146.408), (122.896, -183.104), (108.458, -197.542)))
(((142.434, 225.286), (116.453, 191.567), (57.322, 213.249), (42.4787, 247.883), (66.3934, 299.129), (104.926, 305.141), (142.434, 225.286)))
(((123.507, -68.9208), (90.9066, -84.7271), (78.0611, -31.9178), (93.45, -27.45), (122.5, -56.5), (123.507, -68.9208)))
(((137.254, 93.0577), (120.661, 89.2866), (80.4827, 104.122), (69.2431, 136.77), (119.523, 171.966), (143.868, 146.703), (137.254, 93.0577)))
(((151.562, -98.0649), (127.076, -124.484), (119.957, -125.972), (86.8188, -93.7544), (90.9066, -84.7271), (123.507, -68.9208), (154.734, -87.1368), (151.562, -98.0649)))
(((152.652, -323.62), (114.917, -330.608), (101.305, -320.966), (97.7589, -295.635), (117.941, -273.5), (136.378, -273.5), (155.384, -316.791), (152.652, -323.62)))
(((136.378, -273.5), (117.941, -273.5), (94.3435, -240.07), (109.588, -223.519), (141.567, -230.433), (146.472, -262.315), (136.378, -273.5)))
(((154.569, -24.431), (122.5, -56.5), (93.45, -27.45), (121.799, -1.80114), (150.554, -14.4727), (154.569, -24.431)))
(((162.106, 59.2461), (118.246, 11.5722), (92.937, 36.249), (120.661, 89.2866), (137.254, 93.0577), (152.12, 83.0839), (162.106, 59.2461)))
(((166.019, -205.981), (141.567, -230.433), (109.588, -223.519), (108.458, -197.542), (122.896, -183.104), (149.402, -184.143), (166.019, -205.981)))
(((146.937, -402.148), (111.728, -406.182), (105.902, -396.716), (114.917, -330.608), (152.652, -323.62), (167.821, -353.417), (146.937, -402.148)))
(((149.402, -184.143), (122.896, -183.104), (107.028, -146.408), (119.957, -125.972), (127.076, -124.484), (159.963, -155.103), (149.402, -184.143)))
(((204.914, 410.533), (124.703, 354.794), (84.8517, 425.78), (145.089, 491.332), (201.542, 470.384), (204.914, 410.533)))
(((74.5645, -622.742), (102.388, -511.447), (121.104, -500.259), (221.624, -506.23), (224.93, -508.698), (239, -552), (219.902, -610.779), (169.902, -647.106), (108.098, -647.106), (74.5645, -622.742)))
(((163.23, -80.6861), (154.734, -87.1368), (123.507, -68.9208), (122.5, -56.5), (154.569, -24.431), (176.218, -47.6266), (163.23, -80.6861)))
(((221.624, -506.23), (121.104, -500.259), (108.191, -412.739), (111.728, -406.182), (146.937, -402.148), (192.874, -430.859), (221.624, -506.23)))
(((193.378, 30.8704), (150.554, -14.4727), (121.799, -1.80114), (118.246, 11.5722), (162.106, 59.2461), (193.378, 30.8704)))
(((193.661, 212.879), (187.415, 159.346), (143.868, 146.703), (119.523, 171.966), (116.453, 191.567), (142.434, 225.286), (180.36, 222.855), (193.661, 212.879)))
(((159.963, -155.103), (127.076, -124.484), (151.562, -98.0649), (193.733, -142.345), (159.963, -155.103)))
(((200.55, -259.8), (146.472, -262.315), (141.567, -230.433), (166.019, -205.981), (169.407, -206.752), (198.836, -247.342), (201.666, -258.664), (200.55, -259.8)))
(((191.184, -297.263), (155.384, -316.791), (136.378, -273.5), (146.472, -262.315), (200.55, -259.8), (191.184, -297.263)))
(((180.36, 222.855), (142.434, 225.286), (104.926, 305.141), (112.747, 311.398), (197.391, 301.2), (180.36, 222.855)))
(((229.769, 373.065), (220.987, 310.334), (197.391, 301.2), (112.747, 311.398), (124.703, 354.794), (204.914, 410.533), (229.769, 373.065)))
(((195.935, -142.481), (198.232, -187.276), (169.407, -206.752), (166.019, -205.981), (149.402, -184.143), (159.963, -155.103), (193.733, -142.345), (195.935, -142.481)))
(((238.052, 120.679), (152.12, 83.0839), (137.254, 93.0577), (143.868, 146.703), (187.415, 159.346), (238.052, 120.679)))
(((195.935, -142.481), (193.733, -142.345), (151.562, -98.0649), (154.734, -87.1368), (163.23, -80.6861), (202.843, -99.2547), (199.761, -140.355), (195.935, -142.481)))
(((210, -41.8203), (176.218, -47.6266), (154.569, -24.431), (150.554, -14.4727), (193.378, 30.8704), (210, 28.4148), (210, -41.8203)))
(((212.572, -352.556), (167.821, -353.417), (152.652, -323.62), (155.384, -316.791), (191.184, -297.263), (219.588, -327.561), (212.572, -352.556)))
(((228.696, -377.638), (192.874, -430.859), (146.937, -402.148), (167.821, -353.417), (212.572, -352.556), (228.696, -377.638)))
(((115.156, 625), (270.844, 625), (273.902, 622.779), (293, 564), (275.854, 511.231), (201.542, 470.384), (145.089, 491.332), (93.7626, 566.347), (112.098, 622.779), (115.156, 625)))
(((210, -41.8203), (210, -53), (243.333, -53), (235.75, -75.75), (202.843, -99.2547), (163.23, -80.6861), (176.218, -47.6266), (210, -41.8203)))
(((291.852, 53), (210, 53), (210, 28.4148), (193.378, 30.8704), (162.106, 59.2461), (152.12, 83.0839), (238.052, 120.679), (287.429, 110.612), (299, 75), (291.852, 53)))
(((224.136, -200.634), (198.836, -247.342), (169.407, -206.752), (198.232, -187.276), (221.285, -195.551), (224.136, -200.634)))
(((302.196, 225.903), (193.661, 212.879), (180.36, 222.855), (197.391, 301.2), (220.987, 310.334), (306.99, 240.66), (302.196, 225.903)))
(((240.416, -163.267), (221.285, -195.551), (198.232, -187.276), (195.935, -142.481), (199.761, -140.355), (233.134, -143.136), (240.416, -163.267)))
(((288.696, 110.353), (238.052, 120.679), (187.415, 159.346), (193.661, 212.879), (304.351, 226.162), (320, 178), (300.902, 119.221), (288.696, 110.353)))
(((250.883, -310.553), (219.588, -327.561), (191.184, -297.263), (200.55, -259.8), (201.666, -258.664), (217.559, -259.971), (238.049, -287.588), (250.883, -310.553)))
(((233.134, -143.136), (199.761, -140.355), (202.843, -99.2547), (235.75, -75.75), (249.712, -126.944), (233.134, -143.136)))
(((265.625, -235.938), (217.559, -259.971), (201.666, -258.664), (198.836, -247.342), (224.136, -200.634), (268.194, -221.439), (265.625, -235.938)))
(((225.477, -509.106), (221.624, -506.23), (192.874, -430.859), (228.696, -377.638), (332.078, -383.462), (342, -414), (322.902, -472.779), (272.902, -509.106), (225.477, -509.106)))
(((285.297, -200.231), (268.194, -221.439), (224.136, -200.634), (221.285, -195.551), (240.416, -163.267), (287.614, -191.872), (285.297, -200.231)))
(((332.839, -383.505), (228.696, -377.638), (212.572, -352.556), (219.588, -327.561), (250.883, -310.553), (276.652, -314.121), (334.824, -377.396), (332.839, -383.505)))
(((279.389, -256.583), (238.049, -287.588), (217.559, -259.971), (265.625, -235.938), (279.389, -256.583)))
(((284.377, -262.943), (276.652, -314.121), (250.883, -310.553), (238.049, -287.588), (279.389, -256.583), (284.377, -262.943)))
(((287.614, -191.872), (240.416, -163.267), (233.134, -143.136), (249.712, -126.944), (276.713, -127.926), (301.1, -176.7), (287.614, -191.872)))
(((340.4, -53), (276.713, -127.926), (249.712, -126.944), (235.75, -75.75), (243.333, -53), (340.4, -53)))
(((308.926, 239.092), (220.987, 310.334), (229.769, 373.065), (362.188, 371.43), (375, 332), (355.902, 273.221), (308.926, 239.092)))
(((362.492, 371.426), (229.769, 373.065), (204.914, 410.533), (201.542, 470.384), (270.168, 508.106), (306.902, 508.106), (356.902, 471.779), (376, 413), (362.492, 371.426)))
(((361.78, -259.718), (284.377, -262.943), (279.389, -256.583), (265.625, -235.938), (268.194, -221.439), (285.297, -200.231), (361.78, -259.718)))
(((340.4, -53), (356.316, -53), (386.902, -75.2215), (400, -115.534), (400, -149.727), (301.1, -176.7), (276.713, -127.926), (340.4, -53)))
(((400, -269.4), (400, -310.621), (388.902, -344.779), (338.902, -381.106), (338.234, -381.106), (276.652, -314.121), (284.377, -262.943), (361.78, -259.718), (400, -269.4)))
(((400, -269.4), (361.78, -259.718), (285.297, -200.231), (287.614, -191.872), (301.1, -176.7), (400, -149.727), (400, -269.4)))
