(((-225, -451.38), (-222.668, -451.753), (-164.102, -519.566), (-213.948, -600.744), (-225, -605.791), (-225, -451.38)))
(((-225, -224.333), (-162.615, -245.128), (-163.004, -259.128), (-225, -305.625), (-225, -224.333)))
(((-225, -122.05), (-165.684, -154.081), (-184.079, -189.848), (-225, -201.267), (-225, -122.05)))
(((-225, -224.333), (-225, -201.267), (-184.079, -189.848), (-153.114, -218.336), (-150.553, -230.5), (-162.615, -245.128), (-225, -224.333)))
(((-225, -358.692), (-166.54, -365.512), (-153.609, -408), (-183.757, -441.019), (-222.668, -451.753), (-225, -451.38), (-225, -358.692)))
(((-225, -308.9), (-147.609, -316.639), (-141.172, -333), (-146.889, -348.852), (-166.54, -365.512), (-225, -358.692), (-225, -308.9)))
(((-225, -308.9), (-225, -305.625), (-163.004, -259.128), (-140.009, -289.562), (-147.609, -316.639), (-225, -308.9)))
(((-225, -60.3857), (-138.582, -114.705), (-134.985, -124.47), (-148.797, -152.094), (-165.684, -154.081), (-225, -122.05), (-225, -60.3857)))
(((-134.697, -170.17), (-153.114, -218.336), (-184.079, -189.848), (-165.684, -154.081), (-148.797, -152.094), (-134.697, -170.17)))
(((-110.132, -486.926), (-126.136, -512.805), (-164.102, -519.566), (-222.668, -451.753), (-183.757, -441.019), (-115.336, -474.469), (-110.132, -486.926)))
(((-225, -60.3857), (-225, -53), (-114.052, -53), (-113.994, -53.2349), (-138.582, -114.705), (-225, -60.3857)))
(((-102.724, -599.535), (-213.948, -600.744), (-164.102, -519.566), (-126.136, -512.805), (-93.5946, -591.655), (-102.724, -599.535)))
(((-225, -705.434), (-225, -605.791), (-213.948, -600.744), (-102.724, -599.535), (-107.797, -736.528), (-114.098, -741.106), (-175.902, -741.106), (-225, -705.434)))
(((-115.336, -474.469), (-183.757, -441.019), (-153.609, -408), (-138.904, -408), (-108.089, -440.047), (-115.336, -474.469)))
(((-138.904, -408), (-153.609, -408), (-166.54, -365.512), (-146.889, -348.852), (-109.378, -383.237), (-138.904, -408)))
(((-225, 444.767), (-225, 463.233), (-208.902, 512.779), (-197.499, 521.063), (-112.387, 496.606), (-91.2456, 415.291), (-140.592, 358.894), (-158.902, 358.894), (-208.902, 395.221), (-225, 444.767)))
(((-113.654, -283.237), (-140.009, -289.562), (-163.004, -259.128), (-162.615, -245.128), (-150.553, -230.5), (-126.722, -230.5), (-103.425, -267.501), (-113.654, -283.237)))
(((-99.446, -212.965), (-126.722, -230.5), (-150.553, -230.5), (-153.114, -218.336), (-134.697, -170.17), (-101.915, -180.257), (-99.446, -212.965)))
(((-91.7381, -339.5), (-96.4262, -378.88), (-100.205, -382.569), (-109.378, -383.237), (-146.889, -348.852), (-141.172, -333), (-97.619, -333), (-91.7381, -339.5)))
(((-97.619, -333), (-141.172, -333), (-147.609, -316.639), (-140.009, -289.562), (-113.654, -283.237), (-92.7792, -307.591), (-97.619, -333)))
(((-84.2778, -91.0556), (-100.641, -123.783), (-134.985, -124.47), (-138.582, -114.705), (-113.994, -53.2349), (-84.2778, -91.0556)))
(((-86.3962, -421.872), (-108.089, -440.047), (-138.904, -408), (-109.378, -383.237), (-100.205, -382.569), (-86.3962, -421.872)))
(((-86.9744, -168.741), (-101.915, -180.257), (-134.697, -170.17), (-148.797, -152.094), (-134.985, -124.47), (-100.641, -123.783), (-80.5064, -147.815), (-86.9744, -168.741)))
(((-149.187, 625), (-68.4439, 625), (-50.5046, 532.471), (-60.9099, 513.997), (-112.387, 496.606), (-196.421, 520.753), (-203, 541), (-183.902, 599.779), (-149.187, 625)))
(((-79.6298, -260.307), (-103.425, -267.501), (-126.722, -230.5), (-99.446, -212.965), (-69.8582, -229.689), (-79.6298, -260.307)))
(((-64.2994, -295.131), (-92.7792, -307.591), (-113.654, -283.237), (-103.425, -267.501), (-79.6298, -260.307), (-61.1404, -282.758), (-64.2994, -295.131)))
(((-93.5946, -591.655), (-126.136, -512.805), (-110.132, -486.926), (-48.2922, -489.245), (-80.9291, -589.667), (-93.5946, -591.655)))
(((-42.966, -487.126), (-48.2922, -489.245), (-110.132, -486.926), (-115.336, -474.469), (-108.089, -440.047), (-86.3962, -421.872), (-72.4773, -423.543), (-42.6744, -479.642), (-42.966, -487.126)))
(((-30.0309, 437.417), (-91.2456, 415.291), (-112.387, 496.606), (-60.9099, 513.997), (-30.0309, 437.417)))
(((-50.1961, -405.988), (-72.4773, -423.543), (-86.3962, -421.872), (-100.205, -382.569), (-96.4262, -378.88), (-58.2191, -379.913), (-50.1961, -405.988)))
(((-69.8582, -229.689), (-99.446, -212.965), (-101.915, -180.257), (-86.9744, -168.741), (-60.5, -184.113), (-60.5, -226.467), (-69.8582, -229.689)))
(((-44.9773, -123.467), (-69.2835, -143.606), (-80.5064, -147.815), (-100.641, -123.783), (-84.2778, -91.0556), (-69.1702, -92.2177), (-44.9773, -123.467)))
(((-45.9605, -361.28), (-58.2191, -379.913), (-96.4262, -378.88), (-91.7381, -339.5), (-54.9565, -339.5), (-45.9605, -361.28)))
(((-54.9565, -339.5), (-91.7381, -339.5), (-97.619, -333), (-92.7792, -307.591), (-64.2994, -295.131), (-46.8388, -323.941), (-54.9565, -339.5)))
(((-40.2083, -53), (-36.8524, -61.0541), (-69.1702, -92.2177), (-84.2778, -91.0556), (-113.994, -53.2349), (-114.052, -53), (-40.2083, -53)))
(((-107.733, -734.783), (-102.724, -599.535), (-93.5946, -591.655), (-80.9291, -589.667), (-50.4984, -595.584), (-17.9118, -624.599), (-48.1868, -744.106), (-94.9017, -744.106), (-107.733, -734.783)))
(((-32.0107, -175.842), (-60.5, -184.113), (-86.9744, -168.741), (-80.5064, -147.815), (-69.2835, -143.606), (-31.9701, -175.179), (-32.0107, -175.842)))
(((-26.1926, -271.4), (-61.1404, -282.758), (-79.6298, -260.307), (-69.8582, -229.689), (-60.5, -226.467), (-40.3293, -228.451), (-33.5679, -233.945), (-23.6919, -266.206), (-26.1926, -271.4)))
(((-130.935, 235.324), (-150, 294), (-134.759, 340.906), (-30.2211, 338.583), (-13.6071, 323.654), (-28.2335, 260.648), (-130.935, 235.324)))
(((-23.8025, -437.181), (-42.6744, -479.642), (-72.4773, -423.543), (-50.1961, -405.988), (-26.997, -412.69), (-23.8025, -437.181)))
(((-133.992, 340.889), (-140.046, 359.519), (-91.2456, 415.291), (-30.0309, 437.417), (-10.5655, 431.649), (-1.5645, 420.459), (-30.2211, 338.583), (-133.992, 340.889)))
(((-24.072, -187.183), (-40.3293, -228.451), (-60.5, -226.467), (-60.5, -184.113), (-32.0107, -175.842), (-24.072, -187.183)))
(((-14.7751, -134.341), (-31.9701, -175.179), (-69.2835, -143.606), (-44.9773, -123.467), (-22.2191, -124.238), (-14.7751, -134.341)))
(((-9.32888, -543.828), (-50.4984, -595.584), (-80.9291, -589.667), (-48.2922, -489.245), (-42.966, -487.126), (-40.3494, -488.289), (-10.3537, -534.165), (-9.32888, -543.828)))
(((-22.2191, -124.238), (-44.9773, -123.467), (-69.1702, -92.2177), (-36.8524, -61.0541), (-29.1965, -65.8211), (-20.4268, -118.439), (-22.2191, -124.238)))
(((-11.788, -313.585), (-46.8388, -323.941), (-64.2994, -295.131), (-61.1404, -282.758), (-26.1926, -271.4), (-11.788, -313.585)))
(((-6.66949, -395.49), (-26.997, -412.69), (-50.1961, -405.988), (-58.2191, -379.913), (-45.9605, -361.28), (-14.3795, -367.022), (-6.66949, -395.49)))
(((-111.07, 160.891), (-112.902, 162.221), (-132, 221), (-127.033, 236.286), (-28.2335, 260.648), (10.6842, 236), (-46.3518, 163.754), (-111.07, 160.891)))
(((0.984848, -347.197), (-14.3795, -367.022), (-45.9605, -361.28), (-54.9565, -339.5), (-46.8388, -323.941), (-11.788, -313.585), (-8.11143, -315.36), (0.984848, -347.197)))
(((-109.129, 53), (-127, 108), (-109.796, 160.947), (-46.3518, 163.754), (15.2781, 139.251), (-9.89618, 71.2803), (-61.3519, 53), (-109.129, 53)))
(((36.2462, 514.258), (-10.5655, 431.649), (-30.0309, 437.417), (-60.9099, 513.997), (-50.5046, 532.471), (32.1639, 519.098), (36.2462, 514.258)))
(((7.79464, -221.411), (-33.5679, -233.945), (-40.3293, -228.451), (-24.072, -187.183), (-4.10358, -190.592), (8.85593, -219.288), (7.79464, -221.411)))
(((-40.2083, -53), (-30, -53), (-30, -1.07534), (-1.80967, -4.93703), (21.3359, -54.8828), (17.9375, -62.8125), (-29.1965, -65.8211), (-36.8524, -61.0541), (-40.2083, -53)))
(((-7.98628, -136.565), (12.4544, -175.874), (-4.10358, -190.592), (-24.072, -187.183), (-32.0107, -175.842), (-31.9701, -175.179), (-14.7751, -134.341), (-7.98628, -136.565)))
(((24.1932, -81.5795), (-20.4268, -118.439), (-29.1965, -65.8211), (17.9375, -62.8125), (24.1932, -81.5795)))
(((29.2222, 625), (32.1639, 519.098), (-50.5046, 532.471), (-68.4439, 625), (29.2222, 625)))
(((9.88726, -262.111), (-23.6919, -266.206), (-33.5679, -233.945), (7.79464, -221.411), (17.2768, -250.719), (9.88726, -262.111)))
(((16.1939, -476.173), (-40.3494, -488.289), (-42.966, -487.126), (-42.6744, -479.642), (-23.8025, -437.181), (15.1805, -438.68), (16.1939, -476.173)))
(((24.3287, -425.507), (15.1805, -438.68), (-23.8025, -437.181), (-26.997, -412.69), (-6.66949, -395.49), (10.5514, -400.457), (24.3287, -425.507)))
(((-30, -1.07534), (-30, 53), (-61.3519, 53), (-9.89618, 71.2803), (18.1564, 57.7549), (28.9283, 12.7088), (-1.80967, -4.93703), (-30, -1.07534)))
(((10.7426, -621.485), (-17.9118, -624.599), (-50.4984, -595.584), (-9.32888, -543.828), (36.091, -567.619), (10.7426, -621.485)))
(((20.1613, -301.866), (-8.11143, -315.36), (-11.788, -313.585), (-26.1926, -271.4), (-23.6919, -266.206), (9.88726, -262.111), (22.7052, -286.239), (20.1613, -301.866)))
(((30.1506, 142.283), (15.2781, 139.251), (-46.3518, 163.754), (10.6842, 236), (15, 236), (51.1535, 199.847), (30.1506, 142.283)))
(((52.1047, 315.768), (50.25, 288.875), (15, 236), (10.6842, 236), (-28.2335, 260.648), (-13.6071, 323.654), (48.8706, 319.083), (52.1047, 315.768)))
(((42.2146, -506.907), (-10.3537, -534.165), (-40.3494, -488.289), (16.1939, -476.173), (30.4209, -482.413), (42.2146, -506.907)))
(((48.0968, -758.605), (41.9017, -763.106), (-19.9017, -763.106), (-47.8551, -742.796), (-17.9118, -624.599), (10.7426, -621.485), (34.173, -635.612), (48.0968, -758.605)))
(((33.5365, -90.4883), (22.3272, -132.523), (-7.98628, -136.565), (-14.7751, -134.341), (-22.2191, -124.238), (-20.4268, -118.439), (24.1932, -81.5795), (33.5365, -90.4883)))
(((48.8706, 319.083), (-13.6071, 323.654), (-30.2211, 338.583), (-1.5645, 420.459), (51.0718, 402.728), (48.8706, 319.083)))
(((36.7686, -378.61), (10.5514, -400.457), (-6.66949, -395.49), (-14.3795, -367.022), (0.984848, -347.197), (22.8378, -351.568), (36.7686, -378.61)))
(((44.1886, -206.529), (8.85593, -219.288), (-4.10358, -190.592), (12.4544, -175.874), (23.2116, -176.143), (44.3005, -206.111), (44.1886, -206.529)))
(((46.0266, -147.896), (23.2116, -176.143), (12.4544, -175.874), (-7.98628, -136.565), (22.3272, -132.523), (46.0266, -147.896)))
(((22.8378, -351.568), (0.984848, -347.197), (-8.11143, -315.36), (20.1613, -301.866), (55.9774, -323.162), (22.8378, -351.568)))
(((76.2493, -543.355), (72.0662, -551.812), (36.091, -567.619), (-9.32888, -543.828), (-10.3537, -534.165), (42.2146, -506.907), (61.511, -521.471), (76.1573, -542.774), (76.2493, -543.355)))
(((58.733, 74.8873), (18.1564, 57.7549), (-9.89618, 71.2803), (15.2781, 139.251), (30.1506, 142.283), (50.4743, 128.11), (58.733, 74.8873)))
(((50.8978, -220.267), (41.7512, -248.621), (17.2768, -250.719), (7.79464, -221.411), (8.85593, -219.288), (44.1886, -206.529), (50.8978, -220.267)))
(((57.9727, -37.3609), (21.3359, -54.8828), (-1.80967, -4.93703), (28.9283, 12.7088), (55.437, 6.59145), (57.9727, -37.3609)))
(((60.0544, -269.121), (22.7052, -286.239), (9.88726, -262.111), (17.2768, -250.719), (41.7512, -248.621), (60.0544, -269.121)))
(((67.1683, -448.036), (30.4209, -482.413), (16.1939, -476.173), (15.1805, -438.68), (24.3287, -425.507), (55.475, -428.157), (67.1683, -448.036)))
(((69.7672, -388.644), (55.475, -428.157), (24.3287, -425.507), (10.5514, -400.457), (36.7686, -378.61), (64, -383.245), (69.7672, -388.644)))
(((68.6, -126.4), (47.1429, -147.857), (46.0266, -147.896), (22.3272, -132.523), (33.5365, -90.4883), (50.4655, -94.1396), (69.4475, -114.959), (68.6, -126.4)))
(((58.097, -323.097), (55.9774, -323.162), (20.1613, -301.866), (22.7052, -286.239), (60.0544, -269.121), (61.4444, -269.603), (67.0039, -302.166), (58.097, -323.097)))
(((71.291, -183.09), (44.3005, -206.111), (23.2116, -176.143), (46.0266, -147.896), (47.1429, -147.857), (70.793, -179.391), (71.291, -183.09)))
(((124.072, 464.706), (97.7631, 423.908), (51.0718, 402.728), (-1.5645, 420.459), (-10.5655, 431.649), (36.2462, 514.258), (101.322, 499.866), (124.072, 464.706)))
(((64, -329), (64, -383.245), (36.7686, -378.61), (22.8378, -351.568), (55.9774, -323.162), (58.097, -323.097), (64, -329)))
(((74.8689, 63.2336), (63.8907, 11.6364), (55.437, 6.59145), (28.9283, 12.7088), (18.1564, 57.7549), (58.733, 74.8873), (74.8689, 63.2336)))
(((94.5989, -623.916), (34.173, -635.612), (10.7426, -621.485), (36.091, -567.619), (72.0662, -551.812), (94.5989, -623.916)))
(((85.2933, -54.0877), (50.4655, -94.1396), (33.5365, -90.4883), (24.1932, -81.5795), (17.9375, -62.8125), (21.3359, -54.8828), (57.9727, -37.3609), (85.2933, -54.0877)))
(((96.3157, 210.998), (51.1535, 199.847), (15, 236), (50.25, 288.875), (97.6692, 236.714), (96.3157, 210.998)))
(((85.5211, -236.887), (75.0099, -261.851), (61.4444, -269.603), (60.0544, -269.121), (41.7512, -248.621), (50.8978, -220.267), (84.0372, -233.095), (85.5211, -236.887)))
(((86.4422, -454.987), (61.511, -521.471), (42.2146, -506.907), (30.4209, -482.413), (67.1683, -448.036), (86.4422, -454.987)))
(((150.868, -702.415), (144.902, -720.779), (94.9017, -757.106), (47.9271, -757.106), (34.173, -635.612), (94.5989, -623.916), (133.619, -648.661), (150.868, -702.415)))
(((136.516, 625), (101.322, 499.866), (36.2462, 514.258), (32.1639, 519.098), (29.2222, 625), (136.516, 625)))
(((84.0372, -233.095), (50.8978, -220.267), (44.1886, -206.529), (44.3005, -206.111), (71.291, -183.09), (97.5289, -197.809), (84.0372, -233.095)))
(((98.75, -146.5), (70.793, -179.391), (47.1429, -147.857), (68.6, -126.4), (98.75, -146.5)))
(((104.359, -95.0091), (69.4475, -114.959), (50.4655, -94.1396), (85.2933, -54.0877), (89.0435, -54.4682), (104.359, -95.0091)))
(((125.255, 189.951), (94.818, 131.419), (50.4743, 128.11), (30.1506, 142.283), (51.1535, 199.847), (96.3157, 210.998), (125.255, 189.951)))
(((111.091, -347), (109.696, -357.96), (84.0974, -387.972), (69.7672, -388.644), (64, -383.245), (64, -329), (106.8, -337.56), (111.091, -347)))
(((129.338, -25.0224), (89.0435, -54.4682), (85.2933, -54.0877), (57.9727, -37.3609), (55.437, 6.59145), (63.8907, 11.6364), (119.321, 0.976744), (125.626, -6.02936), (129.338, -25.0224)))
(((96.8497, -454.69), (86.4422, -454.987), (67.1683, -448.036), (55.475, -428.157), (69.7672, -388.644), (84.0974, -387.972), (107.7, -408.877), (96.8497, -454.69)))
(((105.976, -293.505), (67.0039, -302.166), (61.4444, -269.603), (75.0099, -261.851), (108.736, -280.012), (105.976, -293.505)))
(((120.765, 102.941), (83.367, 64.2959), (74.8689, 63.2336), (58.733, 74.8873), (50.4743, 128.11), (94.818, 131.419), (120.765, 102.941)))
(((121.399, -482.99), (76.1573, -542.774), (61.511, -521.471), (86.4422, -454.987), (96.8497, -454.69), (109.569, -462.196), (121.399, -482.99)))
(((139.373, 320.841), (52.1047, 315.768), (48.8706, 319.083), (51.0718, 402.728), (97.7631, 423.908), (140.644, 327.427), (139.373, 320.841)))
(((106.8, -337.56), (64, -329), (58.097, -323.097), (67.0039, -302.166), (105.976, -293.505), (116.393, -315.496), (106.8, -337.56)))
(((119.321, 0.976744), (63.8907, 11.6364), (74.8689, 63.2336), (83.367, 64.2959), (117.718, 41.0586), (119.321, 0.976744)))
(((149.948, 302.831), (97.6692, 236.714), (50.25, 288.875), (52.1047, 315.768), (139.373, 320.841), (149.948, 302.831)))
(((109.758, -195.318), (97.5289, -197.809), (71.291, -183.09), (70.793, -179.391), (98.75, -146.5), (99.2778, -146.5), (115.665, -164.936), (109.758, -195.318)))
(((116.525, -126.253), (99.2778, -146.5), (98.75, -146.5), (68.6, -126.4), (69.4475, -114.959), (104.359, -95.0091), (113.858, -99.5758), (116.525, -126.253)))
(((128.221, -263.31), (108.736, -280.012), (75.0099, -261.851), (85.5211, -236.887), (119.185, -244.808), (128.221, -263.31)))
(((119.185, -244.808), (85.5211, -236.887), (84.0372, -233.095), (97.5289, -197.809), (109.758, -195.318), (132.98, -207.67), (119.185, -244.808)))
(((133.619, -648.661), (94.5989, -623.916), (72.0662, -551.812), (76.2493, -543.355), (177.49, -556.418), (133.619, -648.661)))
(((135.699, -404.423), (107.7, -408.877), (84.0974, -387.972), (109.696, -357.96), (144.031, -390.734), (135.699, -404.423)))
(((148.46, 66.9974), (117.718, 41.0586), (83.367, 64.2959), (120.765, 102.941), (153.605, 96.4652), (148.46, 66.9974)))
(((135.505, -29.4021), (145.276, -81.9232), (140.861, -91.1371), (113.858, -99.5758), (104.359, -95.0091), (89.0435, -54.4682), (129.338, -25.0224), (135.505, -29.4021)))
(((147.253, -432.587), (109.569, -462.196), (96.8497, -454.69), (107.7, -408.877), (135.699, -404.423), (147.253, -432.587)))
(((144.773, -156.485), (115.665, -164.936), (99.2778, -146.5), (116.525, -126.253), (145.147, -140.034), (144.773, -156.485)))
(((177.49, -556.418), (76.2493, -543.355), (76.1573, -542.774), (121.399, -482.99), (152.14, -493.573), (194.542, -543.925), (177.49, -556.418)))
(((157.05, -290.471), (142.726, -309.952), (116.393, -315.496), (105.976, -293.505), (108.736, -280.012), (128.221, -263.31), (154.802, -269.481), (157.05, -290.471)))
(((195.262, 121.358), (153.605, 96.4652), (120.765, 102.941), (94.818, 131.419), (125.255, 189.951), (136.776, 189.28), (169.634, 171.498), (195.262, 121.358)))
(((151.097, -195.488), (138.983, -206.669), (132.98, -207.67), (109.758, -195.318), (115.665, -164.936), (144.773, -156.485), (154.402, -167.72), (151.097, -195.488)))
(((162.962, -120.31), (145.147, -140.034), (116.525, -126.253), (113.858, -99.5758), (140.861, -91.1371), (162.962, -120.31)))
(((179.053, 283.229), (136.776, 189.28), (125.255, 189.951), (96.3157, 210.998), (97.6692, 236.714), (149.948, 302.831), (179.053, 283.229)))
(((165.591, -379.955), (144.031, -390.734), (109.696, -357.96), (111.091, -347), (155.628, -347), (165.591, -379.955)))
(((155.628, -347), (111.091, -347), (106.8, -337.56), (116.393, -315.496), (142.726, -309.952), (158.265, -341.031), (155.628, -347)))
(((154.802, -269.481), (128.221, -263.31), (119.185, -244.808), (132.98, -207.67), (138.983, -206.669), (161.966, -235.124), (162.656, -262.726), (154.802, -269.481)))
(((171.522, 27.4621), (125.626, -6.02936), (119.321, 0.976744), (117.718, 41.0586), (148.46, 66.9974), (171.522, 27.4621)))
(((152.14, -493.573), (121.399, -482.99), (109.569, -462.196), (147.253, -432.587), (170.868, -441.711), (152.14, -493.573)))
(((207.929, 396.057), (140.644, 327.427), (97.7631, 423.908), (124.072, 464.706), (212.859, 457.409), (207.929, 396.057)))
(((186.887, -436.371), (170.868, -441.711), (147.253, -432.587), (135.699, -404.423), (144.031, -390.734), (165.591, -379.955), (178.75, -383.714), (189.682, -399.332), (186.887, -436.371)))
(((187.5, -325.5), (158.265, -341.031), (142.726, -309.952), (157.05, -290.471), (190.875, -314.476), (187.5, -325.5)))
(((136.516, 625), (200.929, 625), (243.902, 593.779), (263, 535), (244.401, 477.759), (212.859, 457.409), (124.072, 464.706), (101.322, 499.866), (136.516, 625)))
(((175.697, -37.6565), (178.578, -76.5519), (145.276, -81.9232), (135.505, -29.4021), (166.828, -32.4831), (175.697, -37.6565)))
(((180.566, -162.487), (154.402, -167.72), (144.773, -156.485), (145.147, -140.034), (162.962, -120.31), (171.312, -120.625), (188.424, -147.643), (180.566, -162.487)))
(((189.519, -215.837), (161.966, -235.124), (138.983, -206.669), (151.097, -195.488), (184.172, -201.325), (189.519, -215.837)))
(((204.138, -93.5921), (171.312, -120.625), (162.962, -120.31), (140.861, -91.1371), (145.276, -81.9232), (178.578, -76.5519), (204.138, -93.5921)))
(((199.669, 23.0944), (166.828, -32.4831), (135.505, -29.4021), (129.338, -25.0224), (125.626, -6.02936), (171.522, 27.4621), (199.669, 23.0944)))
(((184.172, -201.325), (151.097, -195.488), (154.402, -167.72), (180.566, -162.487), (194.557, -184.708), (184.172, -201.325)))
(((226.037, 235.132), (169.634, 171.498), (136.776, 189.28), (179.053, 283.229), (185.463, 281.793), (226.037, 235.132)))
(((278.025, 53), (210, 53), (210, 24.9859), (199.669, 23.0944), (171.522, 27.4621), (148.46, 66.9974), (153.605, 96.4652), (195.262, 121.358), (265.025, 99.0116), (279, 56), (278.025, 53)))
(((203.438, -355.5), (178.75, -383.714), (165.591, -379.955), (155.628, -347), (158.265, -341.031), (187.5, -325.5), (203.438, -355.5)))
(((194.542, -543.925), (152.14, -493.573), (170.868, -441.711), (186.887, -436.371), (215.323, -454.613), (195.672, -543.796), (194.542, -543.925)))
(((193.408, -260.917), (162.656, -262.726), (161.966, -235.124), (189.519, -215.837), (200.243, -223.407), (197.182, -258.109), (193.408, -260.917)))
(((190.875, -314.476), (157.05, -290.471), (154.802, -269.481), (162.656, -262.726), (193.408, -260.917), (205.771, -305.732), (190.875, -314.476)))
(((210, -38.4022), (210, -53), (223.2, -53), (207.068, -93.3297), (204.138, -93.5921), (178.578, -76.5519), (175.697, -37.6565), (210, -38.4022)))
(((210, -38.4022), (175.697, -37.6565), (166.828, -32.4831), (199.669, 23.0944), (210, 24.9859), (210, -38.4022)))
(((226.081, -114.873), (224.015, -143.796), (188.424, -147.643), (171.312, -120.625), (204.138, -93.5921), (207.068, -93.3297), (224.131, -109.304), (226.081, -114.873)))
(((240.603, -705.604), (228.902, -714.106), (167.098, -714.106), (150.826, -702.283), (133.619, -648.661), (177.49, -556.418), (194.542, -543.925), (195.672, -543.796), (230.252, -554.475), (240.603, -705.604)))
(((224.137, -143.989), (217.007, -181.675), (194.557, -184.708), (180.566, -162.487), (188.424, -147.643), (224.015, -143.796), (224.137, -143.989)))
(((250.938, 332.068), (185.463, 281.793), (179.053, 283.229), (149.948, 302.831), (139.373, 320.841), (140.644, 327.427), (207.929, 396.057), (250.938, 332.068)))
(((229.756, -215.431), (200.243, -223.407), (189.519, -215.837), (184.172, -201.325), (194.557, -184.708), (217.007, -181.675), (234.269, -200.087), (229.756, -215.431)))
(((236.969, -380.043), (225.14, -396.605), (189.682, -399.332), (178.75, -383.714), (203.438, -355.5), (225.925, -355.5), (236.969, -380.043)))
(((225.925, -355.5), (203.438, -355.5), (187.5, -325.5), (190.875, -314.476), (205.771, -305.732), (218.684, -306.211), (233.758, -343.895), (225.925, -355.5)))
(((239.63, -292.247), (218.684, -306.211), (205.771, -305.732), (193.408, -260.917), (197.182, -258.109), (233.014, -259.901), (239.63, -292.247)))
(((237.052, -446.382), (215.323, -454.613), (186.887, -436.371), (189.682, -399.332), (225.14, -396.605), (243.955, -439.611), (237.052, -446.382)))
(((233.014, -259.901), (197.182, -258.109), (200.243, -223.407), (229.756, -215.431), (244.944, -243.737), (233.014, -259.901)))
(((264.887, 99.0556), (195.262, 121.358), (169.634, 171.498), (226.037, 235.132), (310.3, 213.854), (320, 184), (300.902, 125.221), (264.887, 99.0556)))
(((265.236, -187.012), (234.269, -200.087), (217.007, -181.675), (224.137, -143.989), (268.032, -160.449), (265.236, -187.012)))
(((264.857, -546.286), (230.252, -554.475), (195.672, -543.796), (215.323, -454.613), (237.052, -446.382), (269.303, -506.276), (264.857, -546.286)))
(((223.2, -53), (263.509, -53), (268.44, -82.0368), (224.131, -109.304), (207.068, -93.3297), (223.2, -53)))
(((270.433, -302.817), (263.304, -336.319), (233.758, -343.895), (218.684, -306.211), (239.63, -292.247), (269.069, -301.482), (270.433, -302.817)))
(((311.288, 213.604), (226.037, 235.132), (185.463, 281.793), (250.938, 332.068), (334.069, 316.642), (345, 283), (325.902, 224.221), (311.288, 213.604)))
(((275.149, -401.933), (254.945, -436.448), (243.955, -439.611), (225.14, -396.605), (236.969, -380.043), (266.511, -383.478), (275.149, -401.933)))
(((266.511, -383.478), (236.969, -380.043), (225.925, -355.5), (233.758, -343.895), (263.304, -336.319), (279.658, -357.184), (266.511, -383.478)))
(((268.032, -160.449), (224.137, -143.989), (224.015, -143.796), (226.081, -114.873), (271.797, -122.188), (278.885, -150.54), (268.032, -160.449)))
(((286.117, -207.358), (266.675, -243.327), (244.944, -243.737), (229.756, -215.431), (234.269, -200.087), (265.236, -187.012), (286.117, -207.358)))
(((282.384, -96.7777), (271.797, -122.188), (226.081, -114.873), (224.131, -109.304), (268.44, -82.0368), (282.384, -96.7777)))
(((275.534, -252.992), (269.069, -301.482), (239.63, -292.247), (233.014, -259.901), (244.944, -243.737), (266.675, -243.327), (275.534, -252.992)))
(((336.88, 316.12), (250.938, 332.068), (207.929, 396.057), (212.859, 457.409), (240.289, 475.106), (293.902, 475.106), (343.902, 438.779), (363, 380), (343.902, 321.221), (336.88, 316.12)))
(((296.16, -458.957), (269.303, -506.276), (237.052, -446.382), (243.955, -439.611), (254.945, -436.448), (295.765, -457.829), (296.16, -458.957)))
(((240.843, -709.106), (230.252, -554.475), (264.857, -546.286), (356.699, -569.987), (371, -614), (351.902, -672.779), (301.902, -709.106), (240.843, -709.106)))
(((318.871, -416.02), (295.765, -457.829), (254.945, -436.448), (275.149, -401.933), (309.977, -406.475), (318.871, -416.02)))
(((311.15, -289.365), (296.716, -302.356), (270.433, -302.817), (269.069, -301.482), (275.534, -252.992), (309.04, -258.425), (311.15, -289.365)))
(((299.843, -355.166), (279.658, -357.184), (263.304, -336.319), (270.433, -302.817), (296.716, -302.356), (311.706, -333.219), (299.843, -355.166)))
(((325.986, -108.123), (304.733, -149.617), (278.885, -150.54), (271.797, -122.188), (282.384, -96.7777), (322.049, -97.571), (325.986, -108.123)))
(((309.977, -406.475), (275.149, -401.933), (266.511, -383.478), (279.658, -357.184), (299.843, -355.166), (314.65, -370.96), (309.977, -406.475)))
(((309.04, -258.425), (275.534, -252.992), (266.675, -243.327), (286.117, -207.358), (287.973, -207.389), (311.782, -224.705), (309.852, -257.519), (309.04, -258.425)))
(((338.932, -53), (322.049, -97.571), (282.384, -96.7777), (268.44, -82.0368), (263.509, -53), (338.932, -53)))
(((322.215, -177.098), (287.973, -207.389), (286.117, -207.358), (265.236, -187.012), (268.032, -160.449), (278.885, -150.54), (304.733, -149.617), (322.762, -169.707), (322.215, -177.098)))
(((395.424, -513.316), (383.902, -548.779), (355.232, -569.608), (264.857, -546.286), (269.303, -506.276), (296.16, -458.957), (395.424, -513.316)))
(((348.546, -214.201), (311.782, -224.705), (287.973, -207.389), (322.215, -177.098), (348.546, -214.201)))
(((346.055, -331.362), (311.706, -333.219), (296.716, -302.356), (311.15, -289.365), (342.616, -295.219), (351.309, -318.229), (346.055, -331.362)))
(((400, -423.871), (400, -511.793), (396.838, -514.09), (296.16, -458.957), (295.765, -457.829), (318.871, -416.02), (400, -423.871)))
(((357.479, -363.618), (314.65, -370.96), (299.843, -355.166), (311.706, -333.219), (346.055, -331.362), (357.479, -363.618)))
(((361.304, -218.901), (348.542, -252.682), (309.852, -257.519), (311.782, -224.705), (348.546, -214.201), (361.304, -218.901)))
(((400, -423.871), (318.871, -416.02), (309.977, -406.475), (314.65, -370.96), (357.479, -363.618), (400, -397.962), (400, -423.871)))
(((356.747, -275.11), (342.616, -295.219), (311.15, -289.365), (309.04, -258.425), (309.852, -257.519), (348.542, -252.682), (356.747, -275.11)))
(((360.719, -155.108), (322.762, -169.707), (304.733, -149.617), (325.986, -108.123), (353.94, -123.922), (360.719, -155.108)))
(((400, -179.959), (400, -206.351), (361.304, -218.901), (348.546, -214.201), (322.215, -177.098), (322.762, -169.707), (360.719, -155.108), (400, -179.959)))
(((338.932, -53), (400, -53), (400, -98.3333), (353.94, -123.922), (325.986, -108.123), (322.049, -97.571), (338.932, -53)))
(((400, -311.649), (351.309, -318.229), (342.616, -295.219), (356.747, -275.11), (400, -279.329), (400, -311.649)))
(((400, -279.329), (356.747, -275.11), (348.542, -252.682), (361.304, -218.901), (400, -206.351), (400, -279.329)))
(((400, -397.962), (357.479, -363.618), (346.055, -331.362), (351.309, -318.229), (400, -311.649), (400, -397.962)))
(((400, -179.959), (360.719, -155.108), (353.94, -123.922), (400, -98.3333), (400, -179.959)))
