(((-225, -112.038), (-199.206, -117.594), (-175.814, -139.755), (-187.6, -186.9), (-225, -211.833), (-225, -112.038)))
(((-225, -112.038), (-225, -53), (-161.085, -53), (-158.427, -84.3661), (-199.206, -117.594), (-225, -112.038)))
(((-225, -332.69), (-179.241, -337.423), (-136.23, -392.059), (-140.89, -404.257), (-180.832, -437.253), (-225, -441.196), (-225, -332.69)))
(((-225, 447.317), (-225, 612.683), (-208.047, 625), (-145.953, 625), (-116.383, 603.516), (-116.906, 540.811), (-170.473, 434.894), (-207.902, 434.894), (-225, 447.317)))
(((-225, -243.85), (-154.696, -256.153), (-153.496, -257.744), (-144.301, -310.869), (-179.241, -337.423), (-225, -332.69), (-225, -243.85)))
(((-225, -572.777), (-225, -441.196), (-180.832, -437.253), (-131.5, -491.174), (-131.5, -496.346), (-168.891, -556.746), (-213.228, -581.33), (-225, -572.777)))
(((-151.156, -135.73), (-175.814, -139.755), (-199.206, -117.594), (-158.427, -84.3661), (-134.129, -112.46), (-151.156, -135.73)))
(((-225, -211.833), (-187.6, -186.9), (-141.395, -188.677), (-127.231, -218.186), (-154.696, -256.153), (-225, -243.85), (-225, -211.833)))
(((-141.395, -188.677), (-187.6, -186.9), (-175.814, -139.755), (-151.156, -135.73), (-130.965, -170.797), (-141.395, -188.677)))
(((-120.586, -382.805), (-136.23, -392.059), (-179.241, -337.423), (-144.301, -310.869), (-142.123, -311.386), (-108.863, -360.167), (-120.586, -382.805)))
(((-91.0357, -53), (-117.447, -111.384), (-134.129, -112.46), (-158.427, -84.3661), (-161.085, -53), (-91.0357, -53)))
(((-131.5, -491.174), (-180.832, -437.253), (-140.89, -404.257), (-86.7773, -453.732), (-131.5, -491.174)))
(((-117.426, -111.403), (-110.529, -164.275), (-130.965, -170.797), (-151.156, -135.73), (-134.129, -112.46), (-117.447, -111.384), (-117.426, -111.403)))
(((-97.6923, -303.308), (-142.123, -311.386), (-144.301, -310.869), (-153.496, -257.744), (-96.4251, -271.626), (-97.6923, -303.308)))
(((-58.5423, -669.085), (-86.0983, -689.106), (-147.902, -689.106), (-197.902, -652.779), (-217, -594), (-212.807, -581.096), (-168.891, -556.746), (-77.5234, -567.062), (-58.5423, -669.085)))
(((-75.0652, -327.887), (-77.4282, -335.876), (-108.863, -360.167), (-142.123, -311.386), (-97.6923, -303.308), (-75.8019, -325.198), (-75.0652, -327.887)))
(((-89, -263.821), (-96.4251, -271.626), (-153.496, -257.744), (-154.696, -256.153), (-127.231, -218.186), (-102.686, -219.456), (-89, -231.233), (-89, -263.821)))
(((-77.5234, -567.062), (-168.891, -556.746), (-131.5, -496.346), (-58.2268, -533.922), (-77.5234, -567.062)))
(((-83.4671, -175.892), (-102.686, -219.456), (-127.231, -218.186), (-141.395, -188.677), (-130.965, -170.797), (-110.529, -164.275), (-86.2273, -168.164), (-83.4671, -175.892)))
(((-67.2231, -137.757), (-86.2273, -168.164), (-110.529, -164.275), (-117.426, -111.403), (-70.6321, -128.95), (-67.2231, -137.757)))
(((-86.7773, -453.732), (-140.89, -404.257), (-136.23, -392.059), (-120.586, -382.805), (-73.2165, -398.594), (-70.6904, -452.907), (-86.7773, -453.732)))
(((-58.2268, -533.922), (-131.5, -496.346), (-131.5, -491.174), (-86.7773, -453.732), (-70.6904, -452.907), (-60.4638, -457.893), (-53.7335, -530.803), (-58.2268, -533.922)))
(((-134.959, 401.108), (-170.902, 427.221), (-172.252, 431.377), (-116.906, 540.811), (-37.0831, 479.552), (-26.1668, 430.925), (-134.959, 401.108)))
(((-91.0357, -53), (-88.7273, -53), (-57.6903, -90.9341), (-70.6321, -128.95), (-117.426, -111.403), (-117.447, -111.384), (-91.0357, -53)))
(((-49.2448, -381.215), (-73.2165, -398.594), (-120.586, -382.805), (-108.863, -360.167), (-77.4282, -335.876), (-49.2448, -381.215)))
(((-55.2219, -222.592), (-89, -231.233), (-102.686, -219.456), (-83.4671, -175.892), (-51.7979, -195.798), (-52.1875, -214.5), (-55.2219, -222.592)))
(((-44.7739, -281.477), (-75.8019, -325.198), (-97.6923, -303.308), (-96.4251, -271.626), (-89, -263.821), (-50.8871, -270.661), (-44.7739, -281.477)))
(((-50.8871, -270.661), (-89, -263.821), (-89, -231.233), (-55.2219, -222.592), (-41.5893, -242.768), (-50.8871, -270.661)))
(((-116.384, 603.412), (-87.9017, 624.106), (-26.0983, 624.106), (2.82873, 603.089), (-37.0831, 479.552), (-116.906, 540.811), (-116.384, 603.412)))
(((-24.8384, -176.328), (-51.7979, -195.798), (-83.4671, -175.892), (-86.2273, -168.164), (-67.2231, -137.757), (-38.2368, -145.272), (-24.0797, -168.867), (-24.8384, -176.328)))
(((-96.6739, 265.174), (-133.902, 292.221), (-153, 351), (-136.891, 400.578), (-26.1668, 430.925), (-1.30068, 421.263), (0.397253, 416.79), (-33.4032, 292.855), (-96.6739, 265.174)))
(((-13.5345, -422.983), (-40.1855, -450.768), (-60.4638, -457.893), (-70.6904, -452.907), (-73.2165, -398.594), (-49.2448, -381.215), (-43.8543, -381.899), (-13.7581, -417.468), (-13.5345, -422.983)))
(((-14.3633, -351.425), (-43.8543, -381.899), (-49.2448, -381.215), (-77.4282, -335.876), (-75.0652, -327.887), (-29.3362, -330.118), (-14.3633, -351.425)))
(((-88.7273, -53), (-30, -53), (-30, -38.9583), (-16.4787, -53.6064), (-12.0823, -75.5886), (-21.5162, -88.8471), (-57.6903, -90.9341), (-88.7273, -53)))
(((-29.3362, -330.118), (-75.0652, -327.887), (-75.8019, -325.198), (-44.7739, -281.477), (-12.7756, -291.476), (-29.3362, -330.118)))
(((-13.0839, -116.393), (-38.2368, -145.272), (-67.2231, -137.757), (-70.6321, -128.95), (-57.6903, -90.9341), (-21.5162, -88.8471), (-13.0839, -116.393)))
(((-57.7943, -673.106), (-77.5234, -567.062), (-58.2268, -533.922), (-53.7335, -530.803), (-46.6831, -531.268), (18.4068, -586.344), (-42.5607, -673.106), (-57.7943, -673.106)))
(((-12.0124, -241.211), (-41.5893, -242.768), (-55.2219, -222.592), (-52.1875, -214.5), (-10.4412, -214.5), (-12.0124, -241.211)))
(((-10.4412, -214.5), (-52.1875, -214.5), (-51.7979, -195.798), (-24.8384, -176.328), (-2.71129, -200.668), (-10.4412, -214.5)))
(((-12.7756, -291.476), (-44.7739, -281.477), (-50.8871, -270.661), (-41.5893, -242.768), (-12.0124, -241.211), (-3.69118, -248.608), (-9.98875, -290.592), (-12.7756, -291.476)))
(((5.19562, -504.331), (-46.6831, -531.268), (-53.7335, -530.803), (-60.4638, -457.893), (-40.1855, -450.768), (7.06744, -491.02), (5.19562, -504.331)))
(((-102.978, 53), (-115, 90), (-97.7086, 143.217), (19.1977, 101.465), (8.36993, 68.3804), (-36.9167, 53), (-102.978, 53)))
(((12.778, -386.509), (-13.7581, -417.468), (-43.8543, -381.899), (-14.3633, -351.425), (-10.12, -351.88), (14.8934, -376.893), (12.778, -386.509)))
(((12.7789, -153.23), (-24.0797, -168.867), (-38.2368, -145.272), (-13.0839, -116.393), (13.3585, -127.725), (12.7789, -153.23)))
(((5.77119, -296.121), (9.65133, -333.63), (-10.12, -351.88), (-14.3633, -351.425), (-29.3362, -330.118), (-12.7756, -291.476), (-9.98875, -290.592), (5.77119, -296.121)))
(((-30, -38.9583), (-30, 7.67692), (24.2867, 1.83066), (30.3659, -23.6258), (-16.4787, -53.6064), (-30, -38.9583)))
(((-85.6013, 182.375), (-104, 239), (-95.3003, 265.775), (-33.4032, 292.855), (43.584, 278.932), (55.6088, 260.718), (21.0039, 191.508), (11.8187, 186.017), (-85.6013, 182.375)))
(((38.9159, -454.749), (7.06744, -491.02), (-40.1855, -450.768), (-13.5345, -422.983), (34.4362, -446.968), (38.9159, -454.749)))
(((-96.496, 142.784), (-83.6081, 182.449), (11.8187, 186.017), (33.8197, 111.213), (19.1977, 101.465), (-96.496, 142.784)))
(((30.6308, -580.837), (18.4068, -586.344), (-46.6831, -531.268), (5.19562, -504.331), (39.8386, -534.14), (30.6308, -580.837)))
(((-30, 7.67692), (-30, 53), (-36.9167, 53), (8.36993, 68.3804), (46.0796, 28.5158), (24.2867, 1.83066), (-30, 7.67692)))
(((31.0826, -170.39), (8.54663, -200.438), (-2.71129, -200.668), (-24.8384, -176.328), (-24.0797, -168.867), (12.7789, -153.23), (31.0826, -170.39)))
(((28.1185, -242.549), (-3.69118, -248.608), (-12.0124, -241.211), (-10.4412, -214.5), (-2.71129, -200.668), (8.54663, -200.438), (35.2974, -226.233), (28.1185, -242.549)))
(((2.83413, 603.106), (38.9017, 603.106), (69.667, 580.753), (72.0081, 556.262), (24.5855, 440), (-1.30068, 421.263), (-26.1668, 430.925), (-37.0831, 479.552), (2.83413, 603.106)))
(((27.1407, -119.392), (13.3585, -127.725), (-13.0839, -116.393), (-21.5162, -88.8471), (-12.0823, -75.5886), (24.6993, -77.8875), (27.1407, -119.392)))
(((31.6312, -25.1998), (39.6242, -67.8293), (24.6993, -77.8875), (-12.0823, -75.5886), (-16.4787, -53.6064), (30.3659, -23.6258), (31.6312, -25.1998)))
(((43.584, 278.932), (-33.4032, 292.855), (0.397253, 416.79), (65.3459, 350.913), (43.584, 278.932)))
(((39.356, -266.148), (20.7707, -293.622), (5.77119, -296.121), (-9.98875, -290.592), (-3.69118, -248.608), (28.1185, -242.549), (39.356, -266.148)))
(((46.2443, -361.6), (14.8934, -376.893), (-10.12, -351.88), (9.65133, -333.63), (41.386, -339.101), (47.2566, -359.648), (46.2443, -361.6)))
(((34.4362, -446.968), (-13.5345, -422.983), (-13.7581, -417.468), (12.778, -386.509), (44.745, -411.746), (34.4362, -446.968)))
(((41.386, -339.101), (9.65133, -333.63), (5.77119, -296.121), (20.7707, -293.622), (49.1015, -316.469), (41.386, -339.101)))
(((56.254, -216.593), (35.2974, -226.233), (8.54663, -200.438), (31.0826, -170.39), (31.6096, -170.41), (49.4277, -179.536), (56.254, -216.593)))
(((55.0508, -133.294), (31.6096, -170.41), (31.0826, -170.39), (12.7789, -153.23), (13.3585, -127.725), (27.1407, -119.392), (42.2271, -122.074), (55.0508, -133.294)))
(((60.398, -398.618), (44.745, -411.746), (12.778, -386.509), (14.8934, -376.893), (46.2443, -361.6), (60.398, -398.618)))
(((81.8816, -509.062), (39.8386, -534.14), (5.19562, -504.331), (7.06744, -491.02), (38.9159, -454.749), (43.0685, -456.152), (84.4357, -498.481), (81.8816, -509.062)))
(((65.8598, 33.9319), (46.0796, 28.5158), (8.36993, 68.3804), (19.1977, 101.465), (33.8197, 111.213), (50.314, 108.794), (70.1642, 58.5846), (66.3115, 34.3126), (65.8598, 33.9319)))
(((89.4331, -713.821), (73.9017, -725.106), (12.0983, -725.106), (-37.9017, -688.779), (-42.8571, -673.527), (18.4068, -586.344), (30.6308, -580.837), (58.2245, -591.587), (89.4331, -713.821)))
(((71.1518, -77.5742), (42.2271, -122.074), (27.1407, -119.392), (24.6993, -77.8875), (39.6242, -67.8293), (71.1518, -77.5742)))
(((72.6677, -306.735), (49.1015, -316.469), (20.7707, -293.622), (39.356, -266.148), (54.0594, -268.883), (76.0996, -299.739), (72.6677, -306.735)))
(((84.8886, 127.87), (50.314, 108.794), (33.8197, 111.213), (11.8187, 186.017), (21.0039, 191.508), (96.4716, 158.758), (84.8886, 127.87)))
(((75.7529, -166.374), (49.4277, -179.536), (31.6096, -170.41), (55.0508, -133.294), (75.0789, -137.391), (75.7529, -166.374)))
(((83.8577, -242.972), (54.0594, -268.883), (39.356, -266.148), (28.1185, -242.549), (35.2974, -226.233), (56.254, -216.593), (56.7681, -216.728), (83.8577, -242.972)))
(((81.9402, -77.0982), (71.1518, -77.5742), (39.6242, -67.8293), (31.6312, -25.1998), (86.6146, -30.3545), (81.9402, -77.0982)))
(((84.4466, -78.9681), (90.7633, -124.99), (75.0789, -137.391), (55.0508, -133.294), (42.2271, -122.074), (71.1518, -77.5742), (81.9402, -77.0982), (84.4466, -78.9681)))
(((86.6146, -30.3545), (31.6312, -25.1998), (30.3659, -23.6258), (24.2867, 1.83066), (46.0796, 28.5158), (65.8598, 33.9319), (89.4563, -26.7447), (86.6146, -30.3545)))
(((100, -421.258), (43.0685, -456.152), (38.9159, -454.749), (34.4362, -446.968), (44.745, -411.746), (60.398, -398.618), (100, -405.818), (100, -421.258)))
(((98.133, -353.591), (47.2566, -359.648), (41.386, -339.101), (49.1015, -316.469), (72.6677, -306.735), (99.2559, -351.935), (98.133, -353.591)))
(((91.4009, -194.563), (56.7681, -216.728), (56.254, -216.593), (49.4277, -179.536), (75.7529, -166.374), (91.7977, -178.293), (91.4009, -194.563)))
(((100, -405.818), (60.398, -398.618), (46.2443, -361.6), (47.2566, -359.648), (98.133, -353.591), (100.064, -405.725), (100, -405.818)))
(((125.912, -573.885), (58.2245, -591.587), (30.6308, -580.837), (39.8386, -534.14), (81.8816, -509.062), (125.912, -573.885)))
(((96.4716, 158.758), (21.0039, 191.508), (55.6088, 260.718), (105.228, 249.124), (110.054, 167.077), (96.4716, 158.758)))
(((102.893, -250.118), (85.3189, -294.729), (76.0996, -299.739), (54.0594, -268.883), (83.8577, -242.972), (98.3644, -245.873), (102.893, -250.118)))
(((107.473, -483.002), (84.4357, -498.481), (43.0685, -456.152), (100, -421.258), (113.561, -444.444), (107.473, -483.002)))
(((113.631, 90.7824), (70.1642, 58.5846), (50.314, 108.794), (84.8886, 127.87), (113.631, 90.7824)))
(((120.364, 374.02), (90.8962, 354.906), (65.3459, 350.913), (0.397253, 416.79), (-1.30068, 421.263), (24.5855, 440), (114.455, 440), (120.364, 374.02)))
(((114.455, 440), (24.5855, 440), (72.0081, 556.262), (139.309, 464.488), (114.455, 440)))
(((98.3644, -245.873), (83.8577, -242.972), (56.7681, -216.728), (91.4009, -194.563), (105.833, -209.597), (98.3644, -245.873)))
(((89.2504, -713.106), (58.2245, -591.587), (125.912, -573.885), (182.183, -593.941), (190, -618), (170.902, -676.779), (120.902, -713.106), (89.2504, -713.106)))
(((129.289, -148.006), (124.086, -164.839), (91.7977, -178.293), (75.7529, -166.374), (75.0789, -137.391), (90.7633, -124.99), (122.793, -135.879), (129.289, -148.006)))
(((121.299, -19.8767), (89.4563, -26.7447), (65.8598, 33.9319), (66.3115, 34.3126), (109.519, 31.432), (123.469, -17.3898), (121.299, -19.8767)))
(((144.771, 265.632), (105.228, 249.124), (55.6088, 260.718), (43.584, 278.932), (65.3459, 350.913), (90.8962, 354.906), (146.372, 271.693), (144.771, 265.632)))
(((114.579, -345.55), (99.2559, -351.935), (72.6677, -306.735), (76.0996, -299.739), (85.3189, -294.729), (137.048, -307.269), (114.579, -345.55)))
(((156.698, 60.6825), (109.519, 31.432), (66.3115, 34.3126), (70.1642, 58.5846), (113.631, 90.7824), (148.864, 78.633), (154.806, 70.4221), (156.698, 60.6825)))
(((140.245, -305.245), (137.048, -307.269), (85.3189, -294.729), (102.893, -250.118), (128.475, -255.151), (143.3, -297.977), (140.245, -305.245)))
(((131.639, -57.0993), (110.976, -77.0731), (84.4466, -78.9681), (81.9402, -77.0982), (86.6146, -30.3545), (89.4563, -26.7447), (121.299, -19.8767), (131.639, -57.0993)))
(((135.278, -201.048), (105.833, -209.597), (91.4009, -194.563), (91.7977, -178.293), (124.086, -164.839), (138.04, -194.216), (135.278, -201.048)))
(((122.793, -135.879), (90.7633, -124.99), (84.4466, -78.9681), (110.976, -77.0731), (139.088, -104.104), (122.793, -135.879)))
(((128.475, -255.151), (102.893, -250.118), (98.3644, -245.873), (105.833, -209.597), (135.278, -201.048), (146.939, -237.975), (128.475, -255.151)))
(((148.864, 78.633), (113.631, 90.7824), (84.8886, 127.87), (96.4716, 158.758), (110.054, 167.077), (153.081, 157.345), (148.864, 78.633)))
(((181.995, -593.874), (125.912, -573.885), (81.8816, -509.062), (84.4357, -498.481), (107.473, -483.002), (169.963, -498.909), (202.089, -577.441), (202.162, -579.222), (181.995, -593.874)))
(((137.565, -397.573), (100.064, -405.725), (98.133, -353.591), (99.2559, -351.935), (114.579, -345.55), (154.55, -370.987), (137.565, -397.573)))
(((190.528, 336.161), (146.372, 271.693), (90.8962, 354.906), (120.364, 374.02), (175.946, 360.819), (190.528, 336.161)))
(((160, 57.2857), (160, -8.79412), (123.469, -17.3898), (109.519, 31.432), (156.698, 60.6825), (160, 57.2857)))
(((173.707, -438.429), (113.561, -444.444), (100, -421.258), (100, -405.818), (100.064, -405.725), (137.565, -397.573), (173.707, -438.429)))
(((150.399, -100.661), (139.088, -104.104), (110.976, -77.0731), (131.639, -57.0993), (159.149, -61.9135), (150.399, -100.661)))
(((182.137, -451.492), (169.963, -498.909), (107.473, -483.002), (113.561, -444.444), (173.707, -438.429), (176.753, -439.493), (182.137, -451.492)))
(((179.637, 168.639), (153.081, 157.345), (110.054, 167.077), (105.228, 249.124), (144.771, 265.632), (197.423, 221.405), (179.637, 168.639)))
(((69.3275, 584.304), (113.098, 616.106), (174.902, 616.106), (184.449, 609.169), (187.782, 467.518), (139.309, 464.488), (72.0081, 556.262), (69.3275, 584.304)))
(((171.047, -17.4585), (167.555, -57.621), (159.149, -61.9135), (131.639, -57.0993), (121.299, -19.8767), (123.469, -17.3898), (160, -8.79412), (171.047, -17.4585)))
(((167.062, -367.635), (154.55, -370.987), (114.579, -345.55), (137.048, -307.269), (140.245, -305.245), (174.844, -339.844), (167.062, -367.635)))
(((205.052, 446.973), (175.946, 360.819), (120.364, 374.02), (114.455, 440), (139.309, 464.488), (187.782, 467.518), (198.504, 460.181), (205.052, 446.973)))
(((177.5, -168.5), (166.083, -189.05), (138.04, -194.216), (124.086, -164.839), (129.289, -148.006), (163.983, -148.744), (177.5, -168.5)))
(((182.311, -116.453), (163.983, -148.744), (129.289, -148.006), (122.793, -135.879), (139.088, -104.104), (150.399, -100.661), (180.712, -113.875), (182.311, -116.453)))
(((176.968, -236.883), (146.939, -237.975), (135.278, -201.048), (138.04, -194.216), (166.083, -189.05), (188.269, -224.794), (176.968, -236.883)))
(((184.88, -282.937), (143.3, -297.977), (128.475, -255.151), (146.939, -237.975), (176.968, -236.883), (187.966, -277.207), (184.88, -282.937)))
(((176.753, -439.493), (173.707, -438.429), (137.565, -397.573), (154.55, -370.987), (167.062, -367.635), (199.265, -394.471), (176.753, -439.493)))
(((180.712, -113.875), (150.399, -100.661), (159.149, -61.9135), (167.555, -57.621), (191.393, -69.8172), (180.712, -113.875)))
(((193.728, -331.871), (174.844, -339.844), (140.245, -305.245), (143.3, -297.977), (184.88, -282.937), (201.649, -313.827), (193.728, -331.871)))
(((226.593, 125.801), (154.806, 70.4221), (148.864, 78.633), (153.081, 157.345), (179.637, 168.639), (226.593, 125.801)))
(((210, -13.2091), (171.047, -17.4585), (160, -8.79412), (160, 57.2857), (210, 43), (210, -13.2091)))
(((209.596, -218.85), (188.269, -224.794), (166.083, -189.05), (177.5, -168.5), (205.527, -169.719), (211.543, -217.844), (209.596, -218.85)))
(((215.745, -160.249), (205.527, -169.719), (177.5, -168.5), (163.983, -148.744), (182.311, -116.453), (211.955, -123.864), (215.745, -160.249)))
(((210, -13.2091), (210, -53), (230.074, -53), (221.23, -63.3817), (191.393, -69.8172), (167.555, -57.621), (171.047, -17.4585), (210, -13.2091)))
(((199.265, -394.471), (167.062, -367.635), (174.844, -339.844), (193.728, -331.871), (222.495, -355.31), (202.985, -393.355), (199.265, -394.471)))
(((226.964, -112.687), (211.955, -123.864), (182.311, -116.453), (180.712, -113.875), (191.393, -69.8172), (221.23, -63.3817), (226.964, -112.687)))
(((209.596, -218.85), (213.401, -272.12), (187.966, -277.207), (176.968, -236.883), (188.269, -224.794), (209.596, -218.85)))
(((224.129, 228.018), (197.423, 221.405), (144.771, 265.632), (146.372, 271.693), (190.528, 336.161), (248.409, 325.136), (224.129, 228.018)))
(((296.577, 53), (210, 53), (210, 43), (160, 57.2857), (156.698, 60.6825), (154.806, 70.4221), (226.593, 125.801), (298.08, 106.375), (306, 82), (296.577, 53)))
(((232.412, -308.839), (201.649, -313.827), (184.88, -282.937), (187.966, -277.207), (213.401, -272.12), (236.383, -275.483), (232.412, -308.839)))
(((202.768, -576.106), (201.543, -576.106), (169.963, -498.909), (182.137, -451.492), (248.826, -456.432), (249.969, -457.343), (255.028, -473.328), (202.768, -576.106)))
(((248.826, -456.432), (182.137, -451.492), (176.753, -439.493), (199.265, -394.471), (202.985, -393.355), (238.094, -405.994), (248.826, -456.432)))
(((242.405, -348.109), (222.495, -355.31), (193.728, -331.871), (201.649, -313.827), (232.412, -308.839), (241.78, -319.377), (242.405, -348.109)))
(((236.383, -275.483), (213.401, -272.12), (209.596, -218.85), (211.543, -217.844), (212.386, -217.961), (246.755, -267.366), (236.383, -275.483)))
(((312.854, 346.618), (248.409, 325.136), (190.528, 336.161), (175.946, 360.819), (205.052, 446.973), (324.675, 385), (325, 384), (312.854, 346.618)))
(((245.114, -179.243), (219.989, -215.789), (212.386, -217.961), (211.543, -217.844), (205.527, -169.719), (215.745, -160.249), (238.504, -165.197), (245.114, -179.243)))
(((184.472, 608.205), (198.098, 618.106), (259.902, 618.106), (262.223, 616.419), (283.2, 519.166), (198.504, 460.181), (187.782, 467.518), (184.472, 608.205)))
(((299.278, 106.05), (226.593, 125.801), (179.637, 168.639), (197.423, 221.405), (224.129, 228.018), (325.946, 189.554), (331, 174), (311.902, 115.221), (299.278, 106.05)))
(((277.656, -377.312), (238.094, -405.994), (202.985, -393.355), (222.495, -355.31), (242.405, -348.109), (278.893, -370.154), (277.656, -377.312)))
(((265.225, -143.82), (238.504, -165.197), (215.745, -160.249), (211.955, -123.864), (226.964, -112.687), (253.096, -116.707), (268.248, -135.423), (265.225, -143.82)))
(((269.922, -243.454), (255.526, -265.527), (246.755, -267.366), (212.386, -217.961), (219.989, -215.789), (267.592, -218.294), (269.922, -243.454)))
(((273.183, -209.484), (267.592, -218.294), (219.989, -215.789), (245.114, -179.243), (272.555, -197.536), (273.183, -209.484)))
(((279.452, -53), (278.429, -68.8571), (253.096, -116.707), (226.964, -112.687), (221.23, -63.3817), (230.074, -53), (279.452, -53)))
(((276.249, -308.258), (241.78, -319.377), (232.412, -308.839), (236.383, -275.483), (246.755, -267.366), (255.526, -265.527), (278.025, -288.729), (276.249, -308.258)))
(((272.555, -197.536), (245.114, -179.243), (238.504, -165.197), (265.225, -143.82), (282.533, -181.321), (272.555, -197.536)))
(((299.746, -421.605), (249.969, -457.343), (248.826, -456.432), (238.094, -405.994), (277.656, -377.312), (299.357, -420.714), (299.746, -421.605)))
(((278.893, -370.154), (242.405, -348.109), (241.78, -319.377), (276.249, -308.258), (283.612, -317.53), (279.117, -369.966), (278.893, -370.154)))
(((324.887, 189.954), (224.129, 228.018), (248.409, 325.136), (313.015, 346.672), (345.902, 322.779), (365, 264), (345.902, 205.221), (324.887, 189.954)))
(((320.16, 387.339), (205.052, 446.973), (198.504, 460.181), (283.2, 519.166), (363.798, 454.067), (348.902, 408.221), (320.16, 387.339)))
(((371.481, -515.675), (353.902, -569.779), (303.902, -606.106), (242.098, -606.106), (202.239, -577.146), (255.028, -473.328), (371.481, -515.675)))
(((308.607, -129.214), (268.248, -135.423), (253.096, -116.707), (278.429, -68.8571), (308.607, -129.214)))
(((310.784, -278.719), (278.025, -288.729), (255.526, -265.527), (269.922, -243.454), (312.415, -253.166), (310.784, -278.719)))
(((327.152, -165.209), (282.533, -181.321), (265.225, -143.82), (268.248, -135.423), (308.607, -129.214), (333.783, -136.843), (327.152, -165.209)))
(((372.272, -515.963), (255.028, -473.328), (249.969, -457.343), (299.746, -421.605), (361.722, -448.167), (387.918, -471.641), (373.902, -514.779), (372.272, -515.963)))
(((340.673, -224.165), (312.415, -253.166), (269.922, -243.454), (267.592, -218.294), (273.183, -209.484), (341.214, -218.932), (340.673, -224.165)))
(((322.302, -316.24), (283.612, -317.53), (276.249, -308.258), (278.025, -288.729), (310.784, -278.719), (324.593, -293.784), (322.302, -316.24)))
(((331.469, -354.882), (279.117, -369.966), (283.612, -317.53), (322.302, -316.24), (337.965, -346.312), (331.469, -354.882)))
(((341.214, -218.932), (273.183, -209.484), (272.555, -197.536), (282.533, -181.321), (327.152, -165.209), (341.907, -217.669), (341.214, -218.932)))
(((279.452, -53), (395.003, -53), (400, -68.3785), (400, -91.9107), (333.783, -136.843), (308.607, -129.214), (278.429, -68.8571), (279.452, -53)))
(((334.833, -367.5), (299.357, -420.714), (277.656, -377.312), (278.893, -370.154), (279.117, -369.966), (331.469, -354.882), (334.833, -367.5)))
(((361.722, -448.167), (299.746, -421.605), (299.357, -420.714), (334.833, -367.5), (361.722, -448.167)))
(((400, 612.426), (400, 477.574), (365.62, 452.596), (283.2, 519.166), (262.938, 613.107), (279.307, 625), (382.693, 625), (400, 612.426)))
(((372.775, -277.301), (324.593, -293.784), (310.784, -278.719), (312.415, -253.166), (340.673, -224.165), (372.775, -277.301)))
(((400, -334.25), (337.965, -346.312), (322.302, -316.24), (324.593, -293.784), (372.775, -277.301), (400, -291.522), (400, -334.25)))
(((400, -334.25), (400, -468.948), (392.902, -474.106), (390.669, -474.106), (361.722, -448.167), (334.833, -367.5), (331.469, -354.882), (337.965, -346.312), (400, -334.25)))
(((400, -201.071), (341.907, -217.669), (327.152, -165.209), (333.783, -136.843), (400, -91.9107), (400, -201.071)))
(((400, -291.522), (372.775, -277.301), (340.673, -224.165), (341.214, -218.932), (341.907, -217.669), (400, -201.071), (400, -291.522)))
