(((-225, -103.783), (-181.633, -130.18), (-187.005, -149.519), (-225, -161.31), (-225, -103.783)))
(((-225, -557.885), (-222.022, -558.171), (-169.571, -592.856), (-164.654, -602.819), (-218.625, -664.5), (-225, -668.143), (-225, -557.885)))
(((-225, -161.31), (-187.005, -149.519), (-177.728, -179.337), (-180.888, -190.922), (-225, -194), (-225, -161.31)))
(((-225, -194), (-180.888, -190.922), (-169.829, -211.46), (-209.744, -265.138), (-225, -266.045), (-225, -194)))
(((-225, -479), (-198.143, -479), (-175, -497), (-171.971, -521.229), (-222.022, -558.171), (-225, -557.885), (-225, -479)))
(((-225, -432.86), (-168.938, -441.83), (-198.143, -479), (-225, -479), (-225, -432.86)))
(((-225, -338.918), (-170.962, -340.021), (-168.364, -351.153), (-185.081, -393.988), (-225, -395.951), (-225, -338.918)))
(((-225, -266.045), (-209.744, -265.138), (-185.486, -276.256), (-162.397, -325.584), (-170.962, -340.021), (-225, -338.918), (-225, -266.045)))
(((-225, -395.951), (-185.081, -393.988), (-148.042, -425.264), (-150.735, -432.535), (-168.938, -441.83), (-225, -432.86), (-225, -395.951)))
(((-225, -103.783), (-225, -53), (-151.286, -53), (-148.755, -64.8085), (-157.499, -119.893), (-181.633, -130.18), (-225, -103.783)))
(((-138.722, -472.815), (-175, -497), (-198.143, -479), (-168.938, -441.83), (-150.735, -432.535), (-138.722, -472.815)))
(((-225, -758.144), (-225, -668.143), (-218.625, -664.5), (-137.286, -664.5), (-121.027, -677.889), (-208.896, -769.844), (-225, -758.144)))
(((-159.857, -605.251), (-137.286, -664.5), (-218.625, -664.5), (-164.654, -602.819), (-159.857, -605.251)))
(((-169.571, -592.856), (-222.022, -558.171), (-171.971, -521.229), (-131.399, -535.598), (-169.571, -592.856)))
(((-137.369, -262.783), (-185.486, -276.256), (-209.744, -265.138), (-169.829, -211.46), (-149.279, -216.147), (-135.403, -256.783), (-137.369, -262.783)))
(((-225, 449.942), (-225, 553), (-82.963, 553), (-80.8451, 544.423), (-133.978, 425.894), (-191.902, 425.894), (-225, 449.942)))
(((-225, 553), (-225, 625), (-73.9968, 625), (-72.8288, 621.405), (-82.963, 553), (-225, 553)))
(((-126.368, -161.627), (-177.728, -179.337), (-187.005, -149.519), (-181.633, -130.18), (-157.499, -119.893), (-135.381, -135.939), (-126.368, -161.627)))
(((-127.92, -413.727), (-148.042, -425.264), (-185.081, -393.988), (-168.364, -351.153), (-122.738, -380.049), (-127.92, -413.727)))
(((-124.542, -533.789), (-131.399, -535.598), (-171.971, -521.229), (-175, -497), (-138.722, -472.815), (-113.999, -492.277), (-124.542, -533.789)))
(((-113.971, -173.518), (-123.109, -199.106), (-149.279, -216.147), (-169.829, -211.46), (-180.888, -190.922), (-177.728, -179.337), (-126.368, -161.627), (-113.971, -173.518)))
(((-125, -317.711), (-162.397, -325.584), (-185.486, -276.256), (-137.369, -262.783), (-125, -280.339), (-125, -317.711)))
(((-122.738, -380.049), (-168.364, -351.153), (-170.962, -340.021), (-162.397, -325.584), (-125, -317.711), (-117.738, -322.297), (-119.188, -375.967), (-122.738, -380.049)))
(((-111.826, -601.037), (-159.857, -605.251), (-164.654, -602.819), (-169.571, -592.856), (-131.399, -535.598), (-124.542, -533.789), (-114.815, -541.431), (-104.885, -594.805), (-111.826, -601.037)))
(((-121.027, -677.889), (-137.286, -664.5), (-159.857, -605.251), (-111.826, -601.037), (-101.93, -649.279), (-119.858, -677.852), (-121.027, -677.889)))
(((-181.575, -800), (-203.902, -783.779), (-208.548, -769.48), (-121.027, -677.889), (-119.858, -677.852), (-70.5135, -716.054), (-70.4533, -716.194), (-111.282, -800), (-181.575, -800)))
(((-93.0416, -108.624), (-135.381, -135.939), (-157.499, -119.893), (-148.755, -64.8085), (-92.9127, -106.69), (-93.0416, -108.624)))
(((-93.4741, -235.184), (-135.403, -256.783), (-149.279, -216.147), (-123.109, -199.106), (-93.4741, -235.184)))
(((-98.1194, -485.724), (-113.999, -492.277), (-138.722, -472.815), (-150.735, -432.535), (-148.042, -425.264), (-127.92, -413.727), (-120.926, -416.094), (-81.9008, -465.763), (-98.1194, -485.724)))
(((-86.445, -236.564), (-88.7447, -275.661), (-125, -280.339), (-137.369, -262.783), (-135.403, -256.783), (-93.4741, -235.184), (-86.445, -236.564)))
(((-89.8638, -170.374), (-113.971, -173.518), (-126.368, -161.627), (-135.381, -135.939), (-93.0416, -108.624), (-70.6339, -141.82), (-89.8638, -170.374)))
(((-75.5096, -53), (-76.1492, -86.26), (-92.9127, -106.69), (-148.755, -64.8085), (-151.286, -53), (-75.5096, -53)))
(((-88.0354, -321.785), (-117.738, -322.297), (-125, -317.711), (-125, -280.339), (-88.7447, -275.661), (-72.6358, -292.325), (-88.0354, -321.785)))
(((-72.2234, -341.211), (-82.2129, -367.434), (-119.188, -375.967), (-117.738, -322.297), (-88.0354, -321.785), (-72.2234, -341.211)))
(((-79.0168, -233.619), (-86.445, -236.564), (-93.4741, -235.184), (-123.109, -199.106), (-113.971, -173.518), (-89.8638, -170.374), (-69.193, -193.341), (-79.0168, -233.619)))
(((-68.3792, -408.762), (-120.926, -416.094), (-127.92, -413.727), (-122.738, -380.049), (-119.188, -375.967), (-82.2129, -367.434), (-63.4112, -394.41), (-68.3792, -408.762)))
(((-72.5793, -594.238), (-104.885, -594.805), (-114.815, -541.431), (-77.7566, -542.203), (-55.5242, -580.316), (-72.5793, -594.238)))
(((-63.6449, -637.793), (-101.93, -649.279), (-111.826, -601.037), (-104.885, -594.805), (-72.5793, -594.238), (-63.6449, -637.793)))
(((-77.7566, -542.203), (-114.815, -541.431), (-124.542, -533.789), (-113.999, -492.277), (-98.1194, -485.724), (-60.6695, -520.053), (-77.7566, -542.203)))
(((-61.2585, -458.995), (-81.9008, -465.763), (-120.926, -416.094), (-68.3792, -408.762), (-56.936, -429.818), (-61.2585, -458.995)))
(((-42.9342, -654.329), (-70.5135, -716.054), (-119.858, -677.852), (-101.93, -649.279), (-63.6449, -637.793), (-44.0352, -648.824), (-42.9342, -654.329)))
(((-55.329, -287.666), (-72.6358, -292.325), (-88.7447, -275.661), (-86.445, -236.564), (-79.0168, -233.619), (-40.5816, -248.032), (-55.329, -287.666)))
(((-44.4396, -515.916), (-60.6695, -520.053), (-98.1194, -485.724), (-81.9008, -465.763), (-61.2585, -458.995), (-45.6117, -469.032), (-44.4396, -515.916)))
(((-39.0497, -115.765), (-55.3035, -139.521), (-70.6339, -141.82), (-93.0416, -108.624), (-92.9127, -106.69), (-76.1492, -86.26), (-43.1531, -100.097), (-39.0497, -115.765)))
(((-94.1112, 121.226), (-140.902, 155.221), (-160, 214), (-145.151, 259.7), (-13.2038, 253.341), (-41.3645, 146.956), (-94.1112, 121.226)))
(((-31.4292, -379.589), (-63.4112, -394.41), (-82.2129, -367.434), (-72.2234, -341.211), (-51.1529, -341.624), (-30.7557, -361.404), (-31.4292, -379.589)))
(((-51.1529, -341.624), (-72.2234, -341.211), (-88.0354, -321.785), (-72.6358, -292.325), (-55.329, -287.666), (-31.1374, -307.153), (-51.1529, -341.624)))
(((-143.86, 259.638), (-156, 297), (-136.902, 355.779), (-95.4756, 385.876), (-70.335, 384.269), (1.95446, 319.818), (-8.98302, 256.016), (-13.2038, 253.341), (-143.86, 259.638)))
(((-32.1972, -192.537), (-69.193, -193.341), (-89.8638, -170.374), (-70.6339, -141.82), (-55.3035, -139.521), (-34.8661, -156.952), (-32.1972, -192.537)))
(((-29.1937, -194.927), (-34.8839, -242.725), (-39.4213, -247.579), (-40.5816, -248.032), (-79.0168, -233.619), (-69.193, -193.341), (-32.1972, -192.537), (-29.1937, -194.927)))
(((-38.4373, -519.033), (-30.1535, -567.355), (-54.5852, -580.262), (-55.5242, -580.316), (-77.7566, -542.203), (-60.6695, -520.053), (-44.4396, -515.916), (-38.4373, -519.033)))
(((-75.5096, -53), (-30, -53), (-30, -27.2727), (-28.628, -27.9518), (-18.9412, -64.9897), (-43.1531, -100.097), (-76.1492, -86.26), (-75.5096, -53)))
(((-44.0352, -648.824), (-63.6449, -637.793), (-72.5793, -594.238), (-55.5242, -580.316), (-54.5852, -580.262), (-22.5464, -625.493), (-44.0352, -648.824)))
(((-111.282, -800), (-70.4533, -716.194), (-11.7218, -728.832), (-7.74348, -733.822), (-11.4718, -800), (-111.282, -800)))
(((-92.096, 385.66), (-125.902, 410.221), (-132.248, 429.754), (-80.8451, 544.423), (41.1659, 483.417), (42.265, 481.4), (36.0745, 459.592), (-70.335, 384.269), (-92.096, 385.66)))
(((-6.56875, -410.056), (-11.2453, -418.741), (-56.936, -429.818), (-68.3792, -408.762), (-63.4112, -394.41), (-31.4292, -379.589), (-10.0772, -398.751), (-6.56875, -410.056)))
(((-6.04918, -464.467), (-45.6117, -469.032), (-61.2585, -458.995), (-56.936, -429.818), (-11.2453, -418.741), (-6.04918, -464.467)))
(((-11.7218, -728.832), (-70.4533, -716.194), (-70.5135, -716.054), (-42.9342, -654.329), (5.43473, -679.936), (-11.7218, -728.832)))
(((-7.63695, -295.831), (-25.1415, -306.931), (-31.1374, -307.153), (-55.329, -287.666), (-40.5816, -248.032), (-39.4213, -247.579), (-4.00847, -282.992), (-7.63695, -295.831)))
(((-4.55595, -344.935), (-30.7557, -361.404), (-51.1529, -341.624), (-31.1374, -307.153), (-25.1415, -306.931), (-4.55595, -344.935)))
(((4.92661, -497.178), (-9.27451, -513.961), (-38.4373, -519.033), (-44.4396, -515.916), (-45.6117, -469.032), (-6.04918, -464.467), (1.59375, -469.562), (4.92661, -497.178)))
(((-1.38351, -145.072), (-34.8661, -156.952), (-55.3035, -139.521), (-39.0497, -115.765), (-17.361, -118.11), (-1.38351, -145.072)))
(((13.2578, -615.854), (-22.5464, -625.493), (-54.5852, -580.262), (-30.1535, -567.355), (10.1654, -572.138), (16.7675, -590.967), (13.2578, -615.854)))
(((7.57965, -90.7937), (-17.361, -118.11), (-39.0497, -115.765), (-43.1531, -100.097), (-18.9412, -64.9897), (7.57965, -90.7937)))
(((10.1654, -572.138), (-30.1535, -567.355), (-38.4373, -519.033), (-9.27451, -513.961), (12.7508, -566.483), (10.1654, -572.138)))
(((10.2895, -173.342), (-11.7485, -193.958), (-29.1937, -194.927), (-32.1972, -192.537), (-34.8661, -156.952), (-1.38351, -145.072), (0.353325, -145.663), (10.2895, -173.342)))
(((10.3839, -237.96), (-34.8839, -242.725), (-29.1937, -194.927), (-11.7485, -193.958), (16.2838, -225.647), (10.3839, -237.96)))
(((30.6935, -661.694), (5.43473, -679.936), (-42.9342, -654.329), (-44.0352, -648.824), (-22.5464, -625.493), (13.2578, -615.854), (32.5821, -646.018), (30.6935, -661.694)))
(((19.7742, -265.504), (-4.00847, -282.992), (-39.4213, -247.579), (-34.8839, -242.725), (10.3839, -237.96), (19.7742, -265.504)))
(((15.7297, -370.486), (-10.0772, -398.751), (-31.4292, -379.589), (-30.7557, -361.404), (-4.55595, -344.935), (13.8232, -345.701), (15.7297, -370.486)))
(((22.116, -338.882), (13.8232, -345.701), (-4.55595, -344.935), (-25.1415, -306.931), (-7.63695, -295.831), (27.1689, -320.692), (22.116, -338.882)))
(((-30, -27.2727), (-30, 53), (-90.2777, 53), (-89.0601, 56.7473), (22.2943, 55.179), (29.7461, 49.5067), (17.16, -19.0176), (-28.628, -27.9518), (-30, -27.2727)))
(((-88.8698, 56.7446), (-100, 91), (-89.4382, 123.506), (-41.3645, 146.956), (-10.5833, 144.611), (26.8643, 112.303), (22.2943, 55.179), (-88.8698, 56.7446)))
(((59.7576, 625), (41.1659, 483.417), (-80.8451, 544.423), (-82.963, 553), (-72.2963, 625), (59.7576, 625)))
(((29.6667, -103), (28.8214, -125.821), (0.353325, -145.663), (-1.38351, -145.072), (-17.361, -118.11), (7.57965, -90.7937), (23.9797, -94.4696), (29.6667, -103)))
(((48.0247, 183.683), (-10.5833, 144.611), (-41.3645, 146.956), (-13.2038, 253.341), (-8.98302, 256.016), (46.3152, 228.7), (48.0247, 183.683)))
(((34.0784, -456.569), (1.59375, -469.562), (-6.04918, -464.467), (-11.2453, -418.741), (-6.56875, -410.056), (32.0044, -415.088), (34.0784, -456.569)))
(((44.9735, -538.556), (12.7508, -566.483), (-9.27451, -513.961), (4.92661, -497.178), (46.0146, -516.694), (44.9735, -538.556)))
(((43.4789, -212.641), (16.2838, -225.647), (-11.7485, -193.958), (10.2895, -173.342), (22.8636, -176.136), (44.7199, -204.367), (43.4789, -212.641)))
(((45.3687, -54.6084), (23.9797, -94.4696), (7.57965, -90.7937), (-18.9412, -64.9897), (-28.628, -27.9518), (17.16, -19.0176), (34.9128, -27.0428), (45.3687, -54.6084)))
(((49.785, -302.81), (27.1689, -320.692), (-7.63695, -295.831), (-4.00847, -282.992), (19.7742, -265.504), (28.1463, -268.751), (50.5534, -296.566), (49.785, -302.81)))
(((64.1585, 402.176), (17.2336, 324.507), (1.95446, 319.818), (-70.335, 384.269), (36.0745, 459.592), (64.1585, 402.176)))
(((52.8444, -398.984), (32.0044, -415.088), (-6.56875, -410.056), (-10.0772, -398.751), (15.7297, -370.486), (52.4088, -394.939), (52.8444, -398.984)))
(((51, -148), (22.8636, -176.136), (10.2895, -173.342), (0.353325, -145.663), (28.8214, -125.821), (51, -148)))
(((-11.4718, -800), (-7.74348, -733.822), (21.5833, -735.218), (58.7039, -758.198), (70.9231, -800), (-11.4718, -800)))
(((61.0227, -692.023), (21.5833, -735.218), (-7.74348, -733.822), (-11.7218, -728.832), (5.43473, -679.936), (30.6935, -661.694), (61.0227, -692.023)))
(((61.5, -500.849), (46.0146, -516.694), (4.92661, -497.178), (1.59375, -469.562), (34.0784, -456.569), (61.5, -467.115), (61.5, -500.849)))
(((52.4088, -394.939), (15.7297, -370.486), (13.8232, -345.701), (22.116, -338.882), (63.6848, -362.438), (52.4088, -394.939)))
(((66.4287, -236.211), (28.1463, -268.751), (19.7742, -265.504), (10.3839, -237.96), (16.2838, -225.647), (43.4789, -212.641), (66.4287, -236.211)))
(((94.4781, 133.896), (83.0383, 118.431), (26.8643, 112.303), (-10.5833, 144.611), (48.0247, 183.683), (93.2094, 149.596), (94.4781, 133.896)))
(((67.1053, -158.368), (61.9645, -189.213), (44.7199, -204.367), (22.8636, -176.136), (51, -148), (62.8885, -150.286), (67.1053, -158.368)))
(((85.8851, -2.05631), (34.9128, -27.0428), (17.16, -19.0176), (29.7461, 49.5067), (50.567, 48.9588), (85.8851, -2.05631)))
(((81.373, 245.352), (46.3152, 228.7), (-8.98302, 256.016), (1.95446, 319.818), (17.2336, 324.507), (86.7509, 308.094), (81.373, 245.352)))
(((83.7018, 73.9789), (50.567, 48.9588), (29.7461, 49.5067), (22.2943, 55.179), (26.8643, 112.303), (83.0383, 118.431), (83.7018, 73.9789)))
(((91.5118, -702.567), (58.7039, -758.198), (21.5833, -735.218), (61.0227, -692.023), (90.7299, -701.62), (91.5118, -702.567)))
(((70.2946, -357.938), (63.6848, -362.438), (22.116, -338.882), (27.1689, -320.692), (49.785, -302.81), (74.9819, -325.127), (70.2946, -357.938)))
(((78.2868, -589.348), (16.7675, -590.967), (10.1654, -572.138), (12.7508, -566.483), (44.9735, -538.556), (66.5312, -550.875), (78.2868, -589.348)))
(((61.5, -467.115), (34.0784, -456.569), (32.0044, -415.088), (52.8444, -398.984), (74.0206, -411.856), (66.6498, -463.451), (61.5, -467.115)))
(((92.6279, -623.648), (32.5821, -646.018), (13.2578, -615.854), (16.7675, -590.967), (78.2868, -589.348), (88.5922, -596.709), (94.3024, -620.557), (92.6279, -623.648)))
(((78.2625, -274.848), (50.5534, -296.566), (28.1463, -268.751), (66.4287, -236.211), (71.4159, -238.048), (78.2625, -274.848)))
(((84.1986, -122.887), (62.8885, -150.286), (51, -148), (28.8214, -125.821), (29.6667, -103), (75.1196, -103), (84.1986, -122.887)))
(((85.6612, -74.4756), (75.1196, -103), (29.6667, -103), (23.9797, -94.4696), (45.3687, -54.6084), (83.984, -69.5279), (85.6612, -74.4756)))
(((112.768, 325.772), (86.7509, 308.094), (17.2336, 324.507), (64.1585, 402.176), (126.644, 365.022), (112.768, 325.772)))
(((99.02, -651.88), (90.7299, -701.62), (61.0227, -692.023), (30.6935, -661.694), (32.5821, -646.018), (92.6279, -623.648), (99.02, -651.88)))
(((108, -27.5), (83.984, -69.5279), (45.3687, -54.6084), (34.9128, -27.0428), (85.8851, -2.05631), (91.7379, -3.1068), (108, -27.5)))
(((102.922, -210.341), (93.9366, -227.937), (71.4159, -238.048), (66.4287, -236.211), (43.4789, -212.641), (44.7199, -204.367), (61.9645, -189.213), (97.939, -198.54), (102.922, -210.341)))
(((104.468, -514.823), (100.744, -537.631), (66.5312, -550.875), (44.9735, -538.556), (46.0146, -516.694), (61.5, -500.849), (104.11, -513.731), (104.468, -514.823)))
(((97.939, -198.54), (61.9645, -189.213), (67.1053, -158.368), (103.82, -170.607), (97.939, -198.54)))
(((101.308, -318.064), (74.9819, -325.127), (49.785, -302.81), (50.5534, -296.566), (78.2625, -274.848), (108.549, -284.271), (101.308, -318.064)))
(((102.777, -409.802), (74.0206, -411.856), (52.8444, -398.984), (52.4088, -394.939), (63.6848, -362.438), (70.2946, -357.938), (116.573, -369.225), (102.777, -409.802)))
(((91.7379, -3.1068), (85.8851, -2.05631), (50.567, 48.9588), (83.7018, 73.9789), (131.651, 45.2093), (91.7379, -3.1068)))
(((93.2094, 149.596), (48.0247, 183.683), (46.3152, 228.7), (81.373, 245.352), (150.746, 215.353), (93.2094, 149.596)))
(((113.82, -461.444), (66.6498, -463.451), (74.0206, -411.856), (102.777, -409.802), (123.387, -434.11), (113.82, -461.444)))
(((117.354, -564.352), (88.5922, -596.709), (78.2868, -589.348), (66.5312, -550.875), (100.744, -537.631), (117.354, -564.352)))
(((122.121, -479.961), (104.11, -513.731), (61.5, -500.849), (61.5, -467.115), (66.6498, -463.451), (113.82, -461.444), (122.121, -479.961)))
(((70.9231, -800), (58.7039, -758.198), (91.5118, -702.567), (115.639, -711.615), (119.038, -800), (70.9231, -800)))
(((118.706, -159.637), (103.82, -170.607), (67.1053, -158.368), (62.8885, -150.286), (84.1986, -122.887), (107.023, -127.545), (120.032, -153.563), (118.706, -159.637)))
(((127.211, -361.889), (116.573, -369.225), (70.2946, -357.938), (74.9819, -325.127), (101.308, -318.064), (127.486, -343.424), (127.211, -361.889)))
(((108.549, -284.271), (78.2625, -274.848), (71.4159, -238.048), (93.9366, -227.937), (136.024, -270.024), (108.549, -284.271)))
(((151.294, 625), (123.082, 487.97), (42.265, 481.4), (41.1659, 483.417), (59.7576, 625), (151.294, 625)))
(((122.64, -109.697), (107.023, -127.545), (84.1986, -122.887), (75.1196, -103), (85.6612, -74.4756), (127.419, -89.1473), (122.64, -109.697)))
(((203.037, 403.569), (126.644, 365.022), (64.1585, 402.176), (36.0745, 459.592), (42.265, 481.4), (123.082, 487.97), (203.432, 445.215), (210, 425), (203.037, 403.569)))
(((137.51, -82.7062), (127.419, -89.1473), (85.6612, -74.4756), (83.984, -69.5279), (108, -27.5), (124, -32), (143.962, -55.2885), (137.51, -82.7062)))
(((131.651, 45.2093), (83.7018, 73.9789), (83.0383, 118.431), (94.4781, 133.896), (160.292, 106.297), (133.522, 45.5494), (131.651, 45.2093)))
(((150.746, 215.353), (81.373, 245.352), (86.7509, 308.094), (112.768, 325.772), (163.594, 271.399), (159.937, 217.146), (150.746, 215.353)))
(((143.731, -185.624), (117.144, -209.679), (102.922, -210.341), (97.939, -198.54), (103.82, -170.607), (118.706, -159.637), (143.731, -185.624)))
(((162.321, -669.629), (140.542, -704.591), (115.639, -711.615), (91.5118, -702.567), (90.7299, -701.62), (99.02, -651.88), (161.995, -667.624), (162.321, -669.629)))
(((136.024, -270.024), (93.9366, -227.937), (102.922, -210.341), (117.144, -209.679), (149.578, -234.742), (152.786, -269.388), (136.024, -270.024)))
(((147.43, -619.608), (94.3024, -620.557), (88.5922, -596.709), (117.354, -564.352), (135.71, -564.686), (158.662, -596.344), (147.43, -619.608)))
(((153.911, -270.071), (163.205, -304.458), (127.486, -343.424), (101.308, -318.064), (108.549, -284.271), (136.024, -270.024), (152.786, -269.388), (153.911, -270.071)))
(((161.995, -667.624), (99.02, -651.88), (92.6279, -623.648), (94.3024, -620.557), (147.43, -619.608), (163.436, -652.19), (161.995, -667.624)))
(((135.71, -564.686), (117.354, -564.352), (100.744, -537.631), (104.468, -514.823), (157.227, -532.409), (135.71, -564.686)))
(((178.268, 14.5156), (124, -32), (108, -27.5), (91.7379, -3.1068), (131.651, 45.2093), (133.522, 45.5494), (178.268, 14.5156)))
(((173.534, -422.409), (123.387, -434.11), (102.777, -409.802), (116.573, -369.225), (127.211, -361.889), (155.137, -375.118), (178.165, -413.258), (173.534, -422.409)))
(((155.565, -139.565), (120.032, -153.563), (107.023, -127.545), (122.64, -109.697), (155.996, -130.081), (155.565, -139.565)))
(((166.176, -527.344), (157.227, -532.409), (104.468, -514.823), (104.11, -513.731), (122.121, -479.961), (161.504, -490.201), (168.202, -505.4), (166.176, -527.344)))
(((149.578, -234.742), (117.144, -209.679), (143.731, -185.624), (149.409, -186.591), (161.766, -208.215), (149.578, -234.742)))
(((225.454, -800), (119.038, -800), (115.639, -711.615), (140.542, -704.591), (215.311, -777.491), (226.124, -797.94), (225.454, -800)))
(((186.71, 202.272), (172.117, 110.731), (160.292, 106.297), (94.4781, 133.896), (93.2094, 149.596), (150.746, 215.353), (159.937, 217.146), (186.71, 202.272)))
(((155.996, -130.081), (122.64, -109.697), (127.419, -89.1473), (137.51, -82.7062), (172.122, -103.473), (155.996, -130.081)))
(((176, -160), (149.409, -186.591), (143.731, -185.624), (118.706, -159.637), (120.032, -153.563), (155.565, -139.565), (176, -160)))
(((181.753, -451.391), (161.504, -490.201), (122.121, -479.961), (113.82, -461.444), (123.387, -434.11), (173.534, -422.409), (181.753, -451.391)))
(((188.752, 12.3023), (166.252, -51.1091), (143.962, -55.2885), (124, -32), (178.268, 14.5156), (188.752, 12.3023)))
(((194.618, -334.057), (155.137, -375.118), (127.211, -361.889), (127.486, -343.424), (163.205, -304.458), (195.43, -327.563), (194.618, -334.057)))
(((179.553, -589.747), (158.662, -596.344), (135.71, -564.686), (157.227, -532.409), (166.176, -527.344), (196.688, -550.065), (179.553, -589.747)))
(((204.948, 404.533), (222.519, 391.767), (209.99, 312.113), (163.594, 271.399), (112.768, 325.772), (126.644, 365.022), (204.948, 404.533)))
(((172.122, -103.473), (137.51, -82.7062), (143.962, -55.2885), (166.252, -51.1091), (186.028, -62.868), (177.672, -102.263), (172.122, -103.473)))
(((151.294, 625), (204.553, 625), (248.902, 592.779), (268, 534), (248.902, 475.221), (205.839, 443.934), (123.082, 487.97), (151.294, 625)))
(((196.746, -206.325), (161.766, -208.215), (149.409, -186.591), (176, -160), (177.944, -160.134), (199.582, -183.167), (196.746, -206.325)))
(((200.209, -211.575), (183.289, -259.513), (153.911, -270.071), (152.786, -269.388), (149.578, -234.742), (161.766, -208.215), (196.746, -206.325), (200.209, -211.575)))
(((273.076, 53), (210, 53), (210, 14.8267), (188.752, 12.3023), (178.268, 14.5156), (133.522, 45.5494), (160.292, 106.297), (172.117, 110.731), (275.938, 62.1914), (276, 62), (273.076, 53)))
(((205.553, -130.48), (177.944, -160.134), (176, -160), (155.565, -139.565), (155.996, -130.081), (172.122, -103.473), (177.672, -102.263), (200.146, -112.095), (205.553, -130.48)))
(((215.311, -777.491), (140.542, -704.591), (162.321, -669.629), (203.758, -685.067), (215.311, -777.491)))
(((204.653, -630.993), (163.436, -652.19), (147.43, -619.608), (158.662, -596.344), (179.553, -589.747), (200.514, -604.088), (204.653, -630.993)))
(((212.292, -400.169), (178.165, -413.258), (155.137, -375.118), (194.618, -334.057), (218.085, -386.514), (212.292, -400.169)))
(((210, 14.8267), (210, -53), (225.5, -53), (186.028, -62.868), (166.252, -51.1091), (188.752, 12.3023), (210, 14.8267)))
(((207.667, -498), (168.202, -505.4), (161.504, -490.201), (181.753, -451.391), (217.4, -468.8), (207.667, -498)))
(((223.651, -277.033), (209.162, -321.71), (195.43, -327.563), (163.205, -304.458), (153.911, -270.071), (183.289, -259.513), (219.388, -267.149), (223.651, -277.033)))
(((225.5, -53), (227.915, -53), (225.172, -89.3435), (200.146, -112.095), (177.672, -102.263), (186.028, -62.868), (225.5, -53)))
(((237.196, -540.167), (228.631, -545.709), (196.688, -550.065), (166.176, -527.344), (168.202, -505.4), (207.667, -498), (238.465, -537.597), (237.196, -540.167)))
(((232.836, -666.328), (203.758, -685.067), (162.321, -669.629), (161.995, -667.624), (163.436, -652.19), (204.653, -630.993), (241.155, -649.689), (232.836, -666.328)))
(((231.859, -169.209), (199.582, -183.167), (177.944, -160.134), (205.553, -130.48), (225.073, -140.705), (231.859, -169.209)))
(((288.942, 208.347), (288.902, 208.221), (284.938, 205.342), (186.71, 202.272), (159.937, 217.146), (163.594, 271.399), (209.99, 312.113), (288.942, 208.347)))
(((225.884, -593.782), (200.514, -604.088), (179.553, -589.747), (196.688, -550.065), (228.631, -545.709), (225.884, -593.782)))
(((235.224, -246.034), (219.388, -267.149), (183.289, -259.513), (200.209, -211.575), (236.149, -222.441), (235.224, -246.034)))
(((271.16, 64.4252), (172.117, 110.731), (186.71, 202.272), (282.593, 205.269), (292.902, 197.779), (312, 139), (292.902, 80.2215), (271.16, 64.4252)))
(((242.857, -463.143), (217.4, -468.8), (181.753, -451.391), (173.534, -422.409), (178.165, -413.258), (212.292, -400.169), (233.545, -418.116), (251.148, -454.852), (242.857, -463.143)))
(((265.363, -636.392), (241.155, -649.689), (204.653, -630.993), (200.514, -604.088), (225.884, -593.782), (269.276, -625.602), (265.363, -636.392)))
(((236.149, -222.441), (200.209, -211.575), (196.746, -206.325), (199.582, -183.167), (231.859, -169.209), (241.719, -174.664), (239.133, -219.921), (236.149, -222.441)))
(((248.859, -367.366), (218.085, -386.514), (194.618, -334.057), (195.43, -327.563), (209.162, -321.71), (248.073, -330.445), (248.859, -367.366)))
(((238.465, -537.597), (207.667, -498), (217.4, -468.8), (242.857, -463.143), (249.672, -527.884), (238.465, -537.597)))
(((261.347, -118.033), (225.073, -140.705), (205.553, -130.48), (200.146, -112.095), (225.172, -89.3435), (261.347, -118.033)))
(((224.625, -795.106), (215.311, -777.491), (203.758, -685.067), (232.836, -666.328), (261.442, -725.447), (244.763, -795.106), (224.625, -795.106)))
(((270.404, -313.697), (248.073, -330.445), (209.162, -321.71), (223.651, -277.033), (274.655, -298.034), (270.404, -313.697)))
(((269.276, -625.602), (225.884, -593.782), (228.631, -545.709), (237.196, -540.167), (275.608, -586.527), (271.542, -623.12), (269.276, -625.602)))
(((274.82, -129.94), (263.005, -170.754), (241.719, -174.664), (231.859, -169.209), (225.073, -140.705), (261.347, -118.033), (267.372, -118.33), (274.82, -129.94)))
(((274.655, -298.034), (223.651, -277.033), (219.388, -267.149), (235.224, -246.034), (278.039, -262.855), (280.182, -265.855), (278.792, -293.663), (274.655, -298.034)))
(((293.267, -53), (295.125, -66.9356), (267.372, -118.33), (261.347, -118.033), (225.172, -89.3435), (227.915, -53), (293.267, -53)))
(((274.875, -399.329), (233.545, -418.116), (212.292, -400.169), (218.085, -386.514), (248.859, -367.366), (276.282, -378.693), (274.875, -399.329)))
(((288.216, 209.302), (209.99, 312.113), (223.359, 397.106), (284.902, 397.106), (334.902, 360.779), (354, 302), (334.902, 243.221), (288.216, 209.302)))
(((275.107, -217.411), (239.133, -219.921), (241.719, -174.664), (263.005, -170.754), (268.94, -175.283), (283.441, -210.5), (275.107, -217.411)))
(((297.503, -680.372), (261.442, -725.447), (232.836, -666.328), (241.155, -649.689), (265.363, -636.392), (297.503, -680.372)))
(((278.039, -262.855), (235.224, -246.034), (236.149, -222.441), (239.133, -219.921), (275.107, -217.411), (278.039, -262.855)))
(((272.954, -451.968), (270.198, -454.33), (251.148, -454.852), (233.545, -418.116), (274.875, -399.329), (289.737, -425.925), (272.954, -451.968)))
(((306.829, -515.381), (249.672, -527.884), (242.857, -463.143), (251.148, -454.852), (270.198, -454.33), (306.829, -515.381)))
(((297.634, -367.799), (276.282, -378.693), (248.859, -367.366), (248.073, -330.445), (270.404, -313.697), (304.133, -353.242), (297.634, -367.799)))
(((311.225, -517.564), (300.43, -567.221), (275.608, -586.527), (237.196, -540.167), (238.465, -537.597), (249.672, -527.884), (306.829, -515.381), (310.42, -516.442), (311.225, -517.564)))
(((315.13, -165.66), (268.94, -175.283), (263.005, -170.754), (274.82, -129.94), (313.469, -142.823), (315.13, -165.66)))
(((324.377, -241.749), (280.182, -265.855), (278.039, -262.855), (275.107, -217.411), (283.441, -210.5), (310.284, -210.5), (324.377, -241.749)))
(((323.696, -189.126), (310.284, -210.5), (283.441, -210.5), (268.94, -175.283), (315.13, -165.66), (322.926, -179.582), (323.696, -189.126)))
(((312.382, -420.735), (289.737, -425.925), (274.875, -399.329), (276.282, -378.693), (297.634, -367.799), (322.677, -400.146), (312.382, -420.735)))
(((327, -800), (253.436, -800), (245.05, -793.907), (261.442, -725.447), (297.503, -680.372), (318.069, -683.898), (327, -800)))
(((313.469, -142.823), (274.82, -129.94), (267.372, -118.33), (295.125, -66.9356), (341.988, -115), (313.469, -142.823)))
(((338.671, -470.535), (310.42, -516.442), (306.829, -515.381), (270.198, -454.33), (272.954, -451.968), (335.274, -461.316), (338.671, -470.535)))
(((333.377, -299.733), (329.041, -343.095), (304.133, -353.242), (270.404, -313.697), (274.655, -298.034), (278.792, -293.663), (332.726, -297.978), (333.377, -299.733)))
(((321.059, -617.815), (271.542, -623.12), (275.608, -586.527), (300.43, -567.221), (330.5, -588.038), (321.059, -617.815)))
(((335.274, -461.316), (272.954, -451.968), (289.737, -425.925), (312.382, -420.735), (335.004, -446.708), (335.274, -461.316)))
(((344.334, -273.042), (332.726, -297.978), (278.792, -293.663), (280.182, -265.855), (324.377, -241.749), (342.833, -252.625), (344.334, -273.042)))
(((349.837, -671.096), (318.069, -683.898), (297.503, -680.372), (265.363, -636.392), (269.276, -625.602), (271.542, -623.12), (321.059, -617.815), (349.423, -640.903), (349.837, -671.096)))
(((343.442, -580.406), (330.5, -588.038), (300.43, -567.221), (311.225, -517.564), (342.112, -532.539), (343.442, -580.406)))
(((351.409, -393.122), (322.677, -400.146), (297.634, -367.799), (304.133, -353.242), (329.041, -343.095), (362.491, -362.209), (351.409, -393.122)))
(((367.038, -418.37), (335.004, -446.708), (312.382, -420.735), (322.677, -400.146), (351.409, -393.122), (367.038, -418.37)))
(((400, -787.964), (383.435, -800), (327, -800), (318.069, -683.898), (349.837, -671.096), (400, -705.029), (400, -787.964)))
(((400, -139.37), (322.926, -179.582), (315.13, -165.66), (313.469, -142.823), (341.988, -115), (400, -115), (400, -139.37)))
(((293.267, -53), (400, -53), (400, -115), (341.988, -115), (295.125, -66.9356), (293.267, -53)))
(((400, -211.811), (400, -213.392), (342.833, -252.625), (324.377, -241.749), (310.284, -210.5), (323.696, -189.126), (400, -211.811)))
(((349.423, -640.903), (321.059, -617.815), (330.5, -588.038), (343.442, -580.406), (397.036, -597.824), (349.423, -640.903)))
(((400, -211.811), (323.696, -189.126), (322.926, -179.582), (400, -139.37), (400, -211.811)))
(((400, -328.286), (400, -348.419), (362.491, -362.209), (329.041, -343.095), (333.377, -299.733), (400, -328.286)))
(((400, -528.977), (342.112, -532.539), (311.225, -517.564), (310.42, -516.442), (338.671, -470.535), (400, -476.321), (400, -528.977)))
(((400, -596.921), (397.036, -597.824), (343.442, -580.406), (342.112, -532.539), (400, -528.977), (400, -596.921)))
(((400, -476.321), (338.671, -470.535), (335.274, -461.316), (335.004, -446.708), (367.038, -418.37), (400, -430.413), (400, -476.321)))
(((400, -328.286), (333.377, -299.733), (332.726, -297.978), (344.334, -273.042), (400, -290.438), (400, -328.286)))
(((400, -290.438), (344.334, -273.042), (342.833, -252.625), (400, -213.392), (400, -290.438)))
(((400, -430.413), (367.038, -418.37), (351.409, -393.122), (362.491, -362.209), (400, -348.419), (400, -430.413)))
(((400, -705.029), (349.837, -671.096), (349.423, -640.903), (397.036, -597.824), (400, -596.921), (400, -705.029)))
