(((-225, -179.645), (-185.564, -199.722), (-167.263, -235.529), (-183.811, -262.298), (-225, -269.534), (-225, -179.645)))
(((-225, -458.892), (-205.484, -461.39), (-161.287, -520.707), (-216.225, -609.743), (-225, -614.244), (-225, -458.892)))
(((-225, -269.534), (-183.811, -262.298), (-158.338, -289.045), (-161.521, -317.688), (-225, -335), (-225, -269.534)))
(((-225, -79.5714), (-164.646, -105.437), (-148.923, -135.518), (-153.745, -141.179), (-225, -158.28), (-225, -79.5714)))
(((-225, -367.964), (-188.946, -371.827), (-142.018, -413.124), (-143.302, -416.787), (-192.114, -456.012), (-205.484, -461.39), (-225, -458.892), (-225, -367.964)))
(((-225, -335), (-161.521, -317.688), (-138.728, -342.879), (-140.584, -346.866), (-188.946, -371.827), (-225, -367.964), (-225, -335)))
(((-225, -179.645), (-225, -158.28), (-153.745, -141.179), (-149.97, -180.812), (-185.564, -199.722), (-225, -179.645)))
(((-225, -79.5714), (-225, -53), (-128.853, -53), (-128.808, -56.3952), (-164.646, -105.437), (-225, -79.5714)))
(((-142.018, -413.124), (-188.946, -371.827), (-140.584, -346.866), (-134.983, -405.683), (-142.018, -413.124)))
(((-123.07, -212.62), (-138.561, -230.493), (-167.263, -235.529), (-185.564, -199.722), (-149.97, -180.812), (-121.412, -200.644), (-123.07, -212.62)))
(((-98.7393, -592.388), (-216.225, -609.743), (-161.287, -520.707), (-132.423, -522.43), (-98.7393, -592.388)))
(((-106.729, -491.096), (-132.423, -522.43), (-161.287, -520.707), (-205.484, -461.39), (-192.114, -456.012), (-111.5, -482.016), (-106.729, -491.096)))
(((-125.464, -280.469), (-158.338, -289.045), (-183.811, -262.298), (-167.263, -235.529), (-138.561, -230.493), (-119.458, -267.637), (-125.464, -280.469)))
(((-110.153, -102.1), (-129.914, -132.763), (-148.923, -135.518), (-164.646, -105.437), (-128.808, -56.3952), (-110.153, -102.1)))
(((-225, -679.932), (-225, -614.244), (-216.225, -609.743), (-98.7393, -592.388), (-96.2531, -593.282), (-110.532, -738.106), (-167.902, -738.106), (-217.902, -701.779), (-225, -679.932)))
(((-111.5, -482.016), (-192.114, -456.012), (-143.302, -416.787), (-111.5, -451.879), (-111.5, -482.016)))
(((-116.837, -337.491), (-138.728, -342.879), (-161.521, -317.688), (-158.338, -289.045), (-125.464, -280.469), (-107.159, -307.164), (-116.837, -337.491)))
(((-105.574, -186.565), (-121.412, -200.644), (-149.97, -180.812), (-153.745, -141.179), (-148.923, -135.518), (-129.914, -132.763), (-98.0362, -160.656), (-105.574, -186.565)))
(((-92.7046, -385.678), (-103.944, -398.478), (-134.983, -405.683), (-140.584, -346.866), (-138.728, -342.879), (-116.837, -337.491), (-93.4059, -352.018), (-92.7046, -385.678)))
(((-92.4738, -259.542), (-119.458, -267.637), (-138.561, -230.493), (-123.07, -212.62), (-81.991, -240.006), (-92.4738, -259.542)))
(((-79.2882, -432.997), (-111.5, -451.879), (-143.302, -416.787), (-142.018, -413.124), (-134.983, -405.683), (-103.944, -398.478), (-79.2882, -432.997)))
(((-133.791, 318.267), (-181.902, 353.221), (-201, 412), (-181.902, 470.779), (-135.843, 504.242), (-57.1, 410.5), (-128.327, 321.466), (-133.791, 318.267)))
(((-72.1706, -296.399), (-107.159, -307.164), (-125.464, -280.469), (-119.458, -267.637), (-92.4738, -259.542), (-70.8717, -294.346), (-72.1706, -296.399)))
(((-96.2531, -593.282), (-98.7393, -592.388), (-132.423, -522.43), (-106.729, -491.096), (-57.3107, -497.274), (-79.0821, -589.024), (-96.2531, -593.282)))
(((-86.575, -156.562), (-98.0362, -160.656), (-129.914, -132.763), (-110.153, -102.1), (-83.8178, -104.25), (-65.8312, -139.276), (-86.575, -156.562)))
(((-62.9308, -53), (-57.454, -75.2494), (-83.8178, -104.25), (-110.153, -102.1), (-128.808, -56.3952), (-128.853, -53), (-62.9308, -53)))
(((-81.991, -240.006), (-123.07, -212.62), (-121.412, -200.644), (-105.574, -186.565), (-76.7, -201.5), (-69.9698, -235.151), (-81.991, -240.006)))
(((-57.3107, -497.274), (-106.729, -491.096), (-111.5, -482.016), (-111.5, -451.879), (-79.2882, -432.997), (-64.5486, -436.305), (-50.3223, -493.211), (-57.3107, -497.274)))
(((-66.477, -342.676), (-93.4059, -352.018), (-116.837, -337.491), (-107.159, -307.164), (-72.1706, -296.399), (-63.313, -337.365), (-66.477, -342.676)))
(((-48.4457, -417.966), (-64.5486, -436.305), (-79.2882, -432.997), (-103.944, -398.478), (-92.7046, -385.678), (-53.5224, -393.09), (-48.4457, -417.966)))
(((-76.7, -201.5), (-105.574, -186.565), (-98.0362, -160.656), (-86.575, -156.562), (-56.7667, -188.5), (-76.7, -201.5)))
(((-53.5224, -393.09), (-92.7046, -385.678), (-93.4059, -352.018), (-66.477, -342.676), (-42.8298, -376.457), (-53.5224, -393.09)))
(((-45.6613, -284.056), (-70.8717, -294.346), (-92.4738, -259.542), (-81.991, -240.006), (-69.9698, -235.151), (-51.0616, -238.085), (-44.5876, -245.011), (-42.5882, -279), (-45.6613, -284.056)))
(((-44.5656, -745.106), (-96.9017, -745.106), (-110.264, -735.397), (-96.2531, -593.282), (-79.0821, -589.024), (-52.6347, -596.192), (-13.175, -630.853), (-10.4146, -638.099), (-44.5656, -745.106)))
(((-37.4712, -204.562), (-51.0616, -238.085), (-69.9698, -235.151), (-76.7, -201.5), (-56.7667, -188.5), (-44.8846, -188.5), (-37.4712, -204.562)))
(((-29.2727, -156.455), (-44.8846, -188.5), (-56.7667, -188.5), (-86.575, -156.562), (-65.8312, -139.276), (-43.814, -139.998), (-34.4675, -146.065), (-29.2727, -156.455)))
(((-43.814, -139.998), (-65.8312, -139.276), (-83.8178, -104.25), (-57.454, -75.2494), (-37.9638, -88.8078), (-43.814, -139.998)))
(((-145.278, 625), (4.54839, 625), (6.35437, 587.676), (-106.489, 521.08), (-119.54, 520.607), (-136.902, 533.221), (-156, 592), (-145.278, 625)))
(((-135.001, 503.239), (-131.902, 512.779), (-121.21, 520.547), (-106.489, 521.08), (-6.52297, 480.834), (-7.93243, 439.959), (-38.4068, 411.587), (-57.1, 410.5), (-135.001, 503.239)))
(((-25.8399, -326.956), (-63.313, -337.365), (-72.1706, -296.399), (-70.8717, -294.346), (-45.6613, -284.056), (-23.8025, -321.701), (-25.8399, -326.956)))
(((-1.31193, 340.424), (-128.327, 321.466), (-57.1, 410.5), (-38.4068, 411.587), (-0.265027, 344.839), (-1.31193, 340.424)))
(((-17.4366, -370.109), (-42.8298, -376.457), (-66.477, -342.676), (-63.313, -337.365), (-25.8399, -326.956), (-10.5725, -361.981), (-17.4366, -370.109)))
(((-120.919, 154.352), (-139, 210), (-123.297, 258.328), (-26.7665, 255.146), (-2.34906, 223.828), (-25.6598, 173.153), (-120.919, 154.352)))
(((-5.4845, -544.756), (-52.6347, -596.192), (-79.0821, -589.024), (-57.3107, -497.274), (-50.3223, -493.211), (-43.8158, -493.342), (-30.5, -500), (-5.21182, -540.461), (-5.4845, -544.756)))
(((-122.123, 258.29), (-136, 301), (-129.591, 320.726), (-128.327, 321.466), (-1.31193, 340.424), (15.3254, 307.527), (-26.7665, 255.146), (-122.123, 258.29)))
(((-50.3223, -493.211), (-64.5486, -436.305), (-48.4457, -417.966), (-31.088, -420.985), (-14.6759, -452.546), (-43.8158, -493.342), (-50.3223, -493.211)))
(((-5.9448, -408.032), (-31.088, -420.985), (-48.4457, -417.966), (-53.5224, -393.09), (-42.8298, -376.457), (-17.4366, -370.109), (-5.9448, -408.032)))
(((-62.9308, -53), (-30, -53), (-30, -19.6446), (-22.6895, -20.8777), (-1, -66.6667), (-13.4004, -87.334), (-37.9638, -88.8078), (-57.454, -75.2494), (-62.9308, -53)))
(((-96.0426, 68.785), (-104.902, 75.2215), (-124, 134), (-117.145, 155.096), (-25.6598, 173.153), (16.1275, 145.557), (16.7158, 129.673), (-53.8409, 73.2273), (-96.0426, 68.785)))
(((-4.06962, -239.946), (-44.5876, -245.011), (-51.0616, -238.085), (-37.4712, -204.562), (-6.43296, -206.443), (-0.525568, -234.504), (-4.06962, -239.946)))
(((4.52755, -112.847), (-34.4675, -146.065), (-43.814, -139.998), (-37.9638, -88.8078), (-13.4004, -87.334), (4.52755, -112.847)))
(((-6.43296, -206.443), (-37.4712, -204.562), (-44.8846, -188.5), (-29.2727, -156.455), (-9.88235, -164.765), (-0.748042, -198.257), (-6.43296, -206.443)))
(((16.4195, 574.456), (17.4578, 497.62), (-6.52297, 480.834), (-106.489, 521.08), (6.35437, 587.676), (16.4195, 574.456)))
(((10.9736, -304.783), (-23.8025, -321.701), (-45.6613, -284.056), (-42.5882, -279), (4.27, -279), (10.9736, -304.783)))
(((4.27, -279), (-42.5882, -279), (-44.5876, -245.011), (-4.06962, -239.946), (6.54936, -273.573), (4.27, -279)))
(((-30, -19.6446), (-30, 53), (-101.278, 53), (-96.1526, 68.7734), (-53.8409, 73.2273), (13.2658, 49.8858), (6.28131, -10.1807), (-22.6895, -20.8777), (-30, -19.6446)))
(((17.2514, -428.319), (7.88279, -446.61), (-14.6759, -452.546), (-31.088, -420.985), (-5.9448, -408.032), (14.3697, -415.591), (17.2514, -428.319)))
(((-13.175, -630.853), (-52.6347, -596.192), (-5.4845, -544.756), (31.0751, -578.794), (-13.175, -630.853)))
(((24.2273, -486.318), (-30.5, -500), (-43.8158, -493.342), (-14.6759, -452.546), (7.88279, -446.61), (26.2805, -480.159), (24.2273, -486.318)))
(((16.1368, -359.067), (-10.5725, -361.981), (-25.8399, -326.956), (-23.8025, -321.701), (10.9736, -304.783), (15.4276, -307.634), (32.8952, -335.707), (16.1368, -359.067)))
(((24.2561, -131.5), (17.5385, -156.538), (-9.88235, -164.765), (-29.2727, -156.455), (-34.4675, -146.065), (4.52755, -112.847), (13.0559, -115.1), (24.2561, -131.5)))
(((50.5, 392.618), (-0.265027, 344.839), (-38.4068, 411.587), (-7.93243, 439.959), (43.1219, 409.327), (50.5, 392.618)))
(((34.2045, -391.917), (14.3697, -415.591), (-5.9448, -408.032), (-17.4366, -370.109), (-10.5725, -361.981), (16.1368, -359.067), (34.2045, -391.917)))
(((43.8715, -518.807), (-5.21182, -540.461), (-30.5, -500), (24.2273, -486.318), (43.8715, -518.807)))
(((60.1859, 203.43), (52.0011, 178.561), (16.1275, 145.557), (-25.6598, 173.153), (-2.34906, 223.828), (48.0951, 217.248), (60.1859, 203.43)))
(((29.6572, -195.574), (-0.748042, -198.257), (-9.88235, -164.765), (17.5385, -156.538), (39.4841, -178.484), (29.6572, -195.574)))
(((41.0714, -64.6633), (-1, -66.6667), (-22.6895, -20.8777), (6.28131, -10.1807), (23.4672, -15.623), (41.0714, -64.6633)))
(((33.6486, 55.1192), (13.2658, 49.8858), (-53.8409, 73.2273), (16.7158, 129.673), (48.1631, 100.191), (33.6486, 55.1192)))
(((41.3523, -64.8489), (43.8941, -81.7943), (13.0559, -115.1), (4.52755, -112.847), (-13.4004, -87.334), (-1, -66.6667), (41.0714, -64.6633), (41.3523, -64.8489)))
(((39.575, -228.934), (-0.525568, -234.504), (-6.43296, -206.443), (-0.748042, -198.257), (29.6572, -195.574), (39.575, -228.934)))
(((42.073, -230.635), (35.598, -263.01), (6.54936, -273.573), (-4.06962, -239.946), (-0.525568, -234.504), (39.575, -228.934), (42.073, -230.635)))
(((48.0951, 217.248), (-2.34906, 223.828), (-26.7665, 255.146), (15.3254, 307.527), (55.3648, 293.581), (48.0951, 217.248)))
(((67.566, -571.264), (31.0751, -578.794), (-5.4845, -544.756), (-5.21182, -540.461), (43.8715, -518.807), (46.2464, -519.915), (78.6476, -550.332), (67.566, -571.264)))
(((65.3767, -770.401), (58.9017, -775.106), (-2.9017, -775.106), (-44.4955, -744.886), (-10.4146, -638.099), (51.8559, -647.884), (73.1079, -744.336), (65.3767, -770.401)))
(((54.0762, -461.893), (26.2805, -480.159), (7.88279, -446.61), (17.2514, -428.319), (47.3485, -439.263), (54.0762, -461.893)))
(((58.3124, -0.472885), (23.4672, -15.623), (6.28131, -10.1807), (13.2658, 49.8858), (33.6486, 55.1192), (53.2778, 40.8434), (60.9345, 3.95197), (58.3124, -0.472885)))
(((57.763, -282.617), (15.4276, -307.634), (10.9736, -304.783), (4.27, -279), (6.54936, -273.573), (35.598, -263.01), (57.763, -282.617)))
(((77.665, 481.703), (43.1219, 409.327), (-7.93243, 439.959), (-6.52297, 480.834), (17.4578, 497.62), (75.5819, 484.704), (77.665, 481.703)))
(((80.6576, -623.63), (51.8559, -647.884), (-10.4146, -638.099), (-13.175, -630.853), (31.0751, -578.794), (67.566, -571.264), (80.6576, -623.63)))
(((68.2857, -152.714), (43.3293, -177.671), (39.4841, -178.484), (17.5385, -156.538), (24.2561, -131.5), (56.775, -131.5), (68.8372, -150.057), (68.2857, -152.714)))
(((56.775, -131.5), (24.2561, -131.5), (13.0559, -115.1), (43.8941, -81.7943), (65.9667, -103.218), (56.775, -131.5)))
(((72.6936, -410.462), (47.3485, -439.263), (17.2514, -428.319), (14.3697, -415.591), (34.2045, -391.917), (55.8164, -393.141), (72.6936, -410.462)))
(((64.5435, -335.188), (32.8952, -335.707), (15.4276, -307.634), (57.763, -282.617), (61.9462, -283.489), (66.6853, -328.51), (64.5435, -335.188)))
(((74.8756, -347.398), (55.8164, -393.141), (34.2045, -391.917), (16.1368, -359.067), (32.8952, -335.707), (64.5435, -335.188), (74.8756, -347.398)))
(((77.5302, -47.1448), (41.3523, -64.8489), (41.0714, -64.6633), (23.4672, -15.623), (58.3124, -0.472885), (77.5302, -47.1448)))
(((125.128, 358.458), (94.5416, 306.777), (55.3648, 293.581), (15.3254, 307.527), (-1.31193, 340.424), (-0.265027, 344.839), (50.5, 392.618), (119.982, 368.912), (125.128, 358.458)))
(((75.5864, -206.559), (52.9528, -230.03), (42.073, -230.635), (39.575, -228.934), (29.6572, -195.574), (39.4841, -178.484), (43.3293, -177.671), (75.5075, -202.854), (75.5864, -206.559)))
(((77.3717, -468.983), (46.2464, -519.915), (43.8715, -518.807), (24.2273, -486.318), (26.2805, -480.159), (54.0762, -461.893), (77.3717, -468.983)))
(((75.5819, 484.704), (17.4578, 497.62), (16.4195, 574.456), (99.2814, 556.88), (75.5819, 484.704)))
(((79.9085, -272.058), (61.9462, -283.489), (57.763, -282.617), (35.598, -263.01), (42.073, -230.635), (52.9528, -230.03), (77.8456, -253.079), (79.9085, -272.058)))
(((100.783, 111.186), (48.1631, 100.191), (16.7158, 129.673), (16.1275, 145.557), (52.0011, 178.561), (100.915, 111.305), (100.783, 111.186)))
(((93.0672, -467.881), (77.3717, -468.983), (54.0762, -461.893), (47.3485, -439.263), (72.6936, -410.462), (75.8108, -411.189), (89.2929, -425.42), (93.0672, -467.881)))
(((159.227, 625), (164.212, 609.66), (147.275, 585.785), (99.2814, 556.88), (16.4195, 574.456), (6.35437, 587.676), (4.54839, 625), (159.227, 625)))
(((75.5075, -202.854), (43.3293, -177.671), (68.2857, -152.714), (90.7857, -182.714), (75.5075, -202.854)))
(((95.098, 53.1994), (53.2778, 40.8434), (33.6486, 55.1192), (48.1631, 100.191), (100.783, 111.186), (95.098, 53.1994)))
(((111.259, -502.078), (88.0615, -546.427), (78.6476, -550.332), (46.2464, -519.915), (77.3717, -468.983), (93.0672, -467.881), (100.894, -473.142), (111.259, -502.078)))
(((112.463, -91.2861), (106.444, -97.1891), (65.9667, -103.218), (43.8941, -81.7943), (41.3523, -64.8489), (77.5302, -47.1448), (96.727, -50.6065), (116.413, -80.934), (112.463, -91.2861)))
(((77.8456, -253.079), (52.9528, -230.03), (75.5864, -206.559), (105.393, -226.784), (77.8456, -253.079)))
(((119.982, 368.912), (50.5, 392.618), (43.1219, 409.327), (77.665, 481.703), (137.1, 451.243), (119.982, 368.912)))
(((101.751, -138.493), (68.8372, -150.057), (56.775, -131.5), (65.9667, -103.218), (106.444, -97.1891), (101.751, -138.493)))
(((115.17, -371.83), (75.8108, -411.189), (72.6936, -410.462), (55.8164, -393.141), (74.8756, -347.398), (105.561, -355.72), (115.17, -371.83)))
(((105.366, -300.881), (66.6853, -328.51), (61.9462, -283.489), (79.9085, -272.058), (82.7233, -273.092), (105.366, -300.881)))
(((121.641, 208.264), (60.1859, 203.43), (48.0951, 217.248), (55.3648, 293.581), (94.5416, 306.777), (130.757, 242.176), (121.641, 208.264)))
(((117.199, 31.6654), (87.9466, 4.58015), (60.9345, 3.95197), (53.2778, 40.8434), (95.098, 53.1994), (117.199, 31.6654)))
(((96.727, -50.6065), (77.5302, -47.1448), (58.3124, -0.472885), (60.9345, 3.95197), (87.9466, 4.58015), (109.024, -27.0366), (96.727, -50.6065)))
(((73.1079, -744.336), (51.8559, -647.884), (80.6576, -623.63), (152.584, -646.647), (73.1079, -744.336)))
(((123.355, 205.961), (101.918, 111.639), (100.915, 111.305), (52.0011, 178.561), (60.1859, 203.43), (121.641, 208.264), (123.355, 205.961)))
(((118.14, -154.37), (102.939, -181.195), (90.7857, -182.714), (68.2857, -152.714), (68.8372, -150.057), (101.751, -138.493), (118.14, -154.37)))
(((105.561, -355.72), (74.8756, -347.398), (64.5435, -335.188), (66.6853, -328.51), (105.366, -300.881), (108.406, -301.73), (120.432, -331.332), (105.561, -355.72)))
(((105.393, -226.784), (75.5864, -206.559), (75.5075, -202.854), (90.7857, -182.714), (102.939, -181.195), (113, -192.13), (113, -226.48), (105.393, -226.784)))
(((123.955, -259.348), (82.7233, -273.092), (79.9085, -272.058), (77.8456, -253.079), (105.393, -226.784), (113, -226.48), (128.687, -234.637), (123.955, -259.348)))
(((133.61, -415.726), (89.2929, -425.42), (75.8108, -411.189), (115.17, -371.83), (120.333, -374.767), (136.653, -408.117), (133.61, -415.726)))
(((151.058, 22.9512), (139.412, -10.3235), (109.024, -27.0366), (87.9466, 4.58015), (117.199, 31.6654), (149.466, 25.3097), (151.058, 22.9512)))
(((135.48, -283.68), (108.406, -301.73), (105.366, -300.881), (82.7233, -273.092), (123.955, -259.348), (135.48, -283.68)))
(((208.807, -598.75), (206.725, -605.158), (169.794, -641.75), (152.584, -646.647), (80.6576, -623.63), (67.566, -571.264), (78.6476, -550.332), (88.0615, -546.427), (208.807, -598.75)))
(((139.866, -445.756), (100.894, -473.142), (93.0672, -467.881), (89.2929, -425.42), (133.61, -415.726), (139.866, -445.756)))
(((137.1, 451.243), (77.665, 481.703), (75.5819, 484.704), (99.2814, 556.88), (147.275, 585.785), (156.868, 462.986), (137.1, 451.243)))
(((149.466, 25.3097), (117.199, 31.6654), (95.098, 53.1994), (100.783, 111.186), (100.915, 111.305), (101.918, 111.639), (115.898, 109.689), (158.037, 73.1675), (149.466, 25.3097)))
(((148.369, -187.517), (113, -192.13), (102.939, -181.195), (118.14, -154.37), (135.121, -154.717), (144.873, -165.042), (148.369, -187.517)))
(((135.121, -154.717), (118.14, -154.37), (101.751, -138.493), (106.444, -97.1891), (112.463, -91.2861), (146.466, -128.246), (135.121, -154.717)))
(((154.688, -202.583), (131.361, -233.685), (128.687, -234.637), (113, -226.48), (113, -192.13), (148.369, -187.517), (154.184, -195.658), (154.688, -202.583)))
(((156.553, -302.054), (145.497, -325.395), (120.432, -331.332), (108.406, -301.73), (135.48, -283.68), (155.127, -291.047), (156.553, -302.054)))
(((154.351, -40.2027), (133.241, -76.0896), (116.413, -80.934), (96.727, -50.6065), (109.024, -27.0366), (139.412, -10.3235), (154.351, -40.2027)))
(((179.302, 151.443), (115.898, 109.689), (101.918, 111.639), (123.355, 205.961), (171.539, 178.613), (179.302, 151.443)))
(((207.631, -598.24), (88.0615, -546.427), (111.259, -502.078), (151.282, -503.458), (199.639, -546.559), (213.763, -593.786), (207.631, -598.24)))
(((151.282, -503.458), (111.259, -502.078), (100.894, -473.142), (139.866, -445.756), (165.364, -457.692), (151.282, -503.458)))
(((166.743, -356.203), (120.333, -374.767), (115.17, -371.83), (105.561, -355.72), (120.432, -331.332), (145.497, -325.395), (166.743, -356.203)))
(((190.811, -800), (101.189, -800), (65.0983, -773.779), (64.7202, -772.615), (73.1079, -744.336), (152.584, -646.647), (169.794, -641.75), (199.002, -794.049), (190.811, -800)))
(((177.152, -271.708), (155.127, -291.047), (135.48, -283.68), (123.955, -259.348), (128.687, -234.637), (131.361, -233.685), (170.087, -251.838), (177.152, -271.708)))
(((201.669, 273.057), (130.757, 242.176), (94.5416, 306.777), (125.128, 358.458), (212.193, 335.621), (201.669, 273.057)))
(((169.386, -122.214), (146.466, -128.246), (112.463, -91.2861), (116.413, -80.934), (133.241, -76.0896), (160.762, -85.0636), (177.014, -98.2412), (169.386, -122.214)))
(((183.868, -399.723), (136.653, -408.117), (120.333, -374.767), (166.743, -356.203), (167.375, -356.375), (184.644, -395.458), (183.868, -399.723)))
(((189.19, -150.27), (144.873, -165.042), (135.121, -154.717), (146.466, -128.246), (169.386, -122.214), (189.19, -150.27)))
(((184.035, -400.015), (180.221, -453.411), (165.364, -457.692), (139.866, -445.756), (133.61, -415.726), (136.653, -408.117), (183.868, -399.723), (184.035, -400.015)))
(((228.88, 107.967), (158.037, 73.1675), (115.898, 109.689), (179.302, 151.443), (228.88, 107.967)))
(((170.087, -251.838), (131.361, -233.685), (154.688, -202.583), (186.091, -221.83), (170.087, -251.838)))
(((160.762, -85.0636), (133.241, -76.0896), (154.351, -40.2027), (185.746, -43.4227), (160.762, -85.0636)))
(((197.794, -332.716), (167.375, -356.375), (166.743, -356.203), (145.497, -325.395), (156.553, -302.054), (199.085, -329.274), (197.794, -332.716)))
(((196.564, -155.025), (190.083, -177.708), (154.184, -195.658), (148.369, -187.517), (144.873, -165.042), (189.19, -150.27), (195.354, -153.291), (196.564, -155.025)))
(((210, -35.8947), (206.484, -38.6703), (185.746, -43.4227), (154.351, -40.2027), (139.412, -10.3235), (151.058, 22.9512), (210, 7.23333), (210, -35.8947)))
(((227.677, 225.769), (171.539, 178.613), (123.355, 205.961), (121.641, 208.264), (130.757, 242.176), (201.669, 273.057), (227.677, 225.769)))
(((199.639, -546.559), (151.282, -503.458), (165.364, -457.692), (180.221, -453.411), (216.009, -469.388), (199.639, -546.559)))
(((191.789, -94.1853), (177.014, -98.2412), (160.762, -85.0636), (185.746, -43.4227), (206.484, -38.6703), (191.789, -94.1853)))
(((266.634, 364.786), (212.193, 335.621), (125.128, 358.458), (119.982, 368.912), (137.1, 451.243), (156.868, 462.986), (207.34, 461.082), (275.337, 426.429), (281, 409), (266.634, 364.786)))
(((189.157, -221.112), (186.091, -221.83), (154.688, -202.583), (154.184, -195.658), (190.083, -177.708), (201.396, -201.143), (189.157, -221.112)))
(((199.085, -329.274), (156.553, -302.054), (155.127, -291.047), (177.152, -271.708), (183.396, -272.694), (212.668, -317.463), (199.085, -329.274)))
(((164.528, 610.106), (181.375, 610.106), (211.981, 574.791), (207.34, 461.082), (156.868, 462.986), (147.275, 585.785), (164.528, 610.106)))
(((289, 53), (210, 53), (210, 7.23333), (151.058, 22.9512), (149.466, 25.3097), (158.037, 73.1675), (228.88, 107.967), (274.677, 97.0808), (289, 53)))
(((207.045, -262.644), (183.396, -272.694), (177.152, -271.708), (170.087, -251.838), (186.091, -221.83), (189.157, -221.112), (210.344, -236.246), (207.045, -262.644)))
(((195.354, -153.291), (189.19, -150.27), (169.386, -122.214), (177.014, -98.2412), (191.789, -94.1853), (218.538, -106.923), (195.354, -153.291)))
(((218.106, -370.631), (184.644, -395.458), (167.375, -356.375), (197.794, -332.716), (218.106, -370.631)))
(((239.578, -455.583), (216.009, -469.388), (180.221, -453.411), (184.035, -400.015), (234.838, -422.595), (245.119, -448.297), (239.578, -455.583)))
(((240.169, -297.855), (225.565, -314.597), (212.668, -317.463), (183.396, -272.694), (207.045, -262.644), (237.812, -275.463), (240.169, -297.855)))
(((226.085, -199.646), (201.396, -201.143), (190.083, -177.708), (196.564, -155.025), (228.426, -162.177), (226.085, -199.646)))
(((237.17, -226.186), (210.344, -236.246), (189.157, -221.112), (201.396, -201.143), (226.085, -199.646), (239.361, -212.494), (237.17, -226.186)))
(((210, -35.8947), (210, -53), (243.457, -53), (242.811, -90.4647), (232.477, -104.932), (218.538, -106.923), (191.789, -94.1853), (206.484, -38.6703), (210, -35.8947)))
(((273.08, 97.4606), (228.88, 107.967), (179.302, 151.443), (171.539, 178.613), (227.677, 225.769), (312.668, 191.411), (318, 175), (298.902, 116.221), (273.08, 97.4606)))
(((199.397, -796.106), (169.794, -641.75), (205.982, -605.894), (249.902, -605.894), (299.902, -642.221), (319, -701), (299.902, -759.779), (249.902, -796.106), (199.397, -796.106)))
(((234.838, -422.595), (184.035, -400.015), (183.868, -399.723), (184.644, -395.458), (218.106, -370.631), (228.767, -371.79), (242.59, -394.17), (234.838, -422.595)))
(((241.968, -156.602), (228.426, -162.177), (196.564, -155.025), (195.354, -153.291), (218.538, -106.923), (232.477, -104.932), (246.95, -133.187), (241.968, -156.602)))
(((248.462, -348.944), (228.767, -371.79), (218.106, -370.631), (197.794, -332.716), (199.085, -329.274), (212.668, -317.463), (225.565, -314.597), (248.462, -348.944)))
(((237.812, -275.463), (207.045, -262.644), (210.344, -236.246), (237.17, -226.186), (253.989, -252.816), (237.812, -275.463)))
(((276.108, 426.036), (207.34, 461.082), (211.981, 574.791), (333.793, 512.362), (314.902, 454.221), (276.108, 426.036)))
(((279.386, -191.969), (239.361, -212.494), (226.085, -199.646), (228.426, -162.177), (241.968, -156.602), (276.052, -178.216), (279.386, -191.969)))
(((280.812, -590.812), (274.902, -595.106), (214.158, -595.106), (199.639, -546.559), (216.009, -469.388), (239.578, -455.583), (281.555, -534.291), (280.812, -590.812)))
(((274.5, -384.5), (242.59, -394.17), (228.767, -371.79), (248.462, -348.944), (263.653, -350.236), (280.212, -370.221), (274.5, -384.5)))
(((311.603, 191.841), (227.677, 225.769), (201.669, 273.057), (212.193, 335.621), (265.364, 364.106), (286.902, 364.106), (336.902, 327.779), (356, 269), (336.902, 210.221), (311.603, 191.841)))
(((263.653, -350.236), (248.462, -348.944), (225.565, -314.597), (240.169, -297.855), (251.902, -300.351), (278.901, -323.976), (263.653, -350.236)))
(((286.5, -412.5), (251.619, -447.381), (245.119, -448.297), (234.838, -422.595), (242.59, -394.17), (274.5, -384.5), (286.5, -412.5)))
(((287.482, -198.74), (277.846, -251.048), (253.989, -252.816), (237.17, -226.186), (239.361, -212.494), (279.386, -191.969), (287.482, -198.74)))
(((279.361, -126.914), (246.95, -133.187), (232.477, -104.932), (242.811, -90.4647), (286.114, -101.927), (279.361, -126.914)))
(((299.191, -277.735), (251.902, -300.351), (240.169, -297.855), (237.812, -275.463), (253.989, -252.816), (277.846, -251.048), (295.392, -263.741), (300.2, -273.7), (299.191, -277.735)))
(((276.052, -178.216), (241.968, -156.602), (246.95, -133.187), (279.361, -126.914), (294.317, -148.992), (276.052, -178.216)))
(((300.448, -53), (294.049, -96.8779), (286.114, -101.927), (242.811, -90.4647), (243.457, -53), (300.448, -53)))
(((305.173, -470.384), (281.555, -534.291), (239.578, -455.583), (245.119, -448.297), (251.619, -447.381), (304.181, -468.186), (305.173, -470.384)))
(((185.397, 625), (364.603, 625), (375, 593), (355.902, 534.221), (329.115, 514.76), (211.981, 574.791), (180.781, 610.791), (185.397, 625)))
(((303.875, -306.42), (298.377, -319.339), (278.901, -323.976), (251.902, -300.351), (299.191, -277.735), (303.875, -306.42)))
(((307.661, -364.381), (280.212, -370.221), (263.653, -350.236), (278.901, -323.976), (298.377, -319.339), (313.216, -344.295), (307.661, -364.381)))
(((326.987, -419.154), (304.181, -468.186), (251.619, -447.381), (286.5, -412.5), (325.03, -416.781), (326.987, -419.154)))
(((325.03, -416.781), (286.5, -412.5), (274.5, -384.5), (280.212, -370.221), (307.661, -364.381), (323.685, -381.819), (325.03, -416.781)))
(((317.374, -144.481), (294.317, -148.992), (279.361, -126.914), (286.114, -101.927), (294.049, -96.8779), (332.116, -117.454), (317.374, -144.481)))
(((320.917, -231.5), (295.392, -263.741), (277.846, -251.048), (287.482, -198.74), (294.355, -199.627), (320.917, -231.5)))
(((331.621, -185.43), (294.355, -199.627), (287.482, -198.74), (279.386, -191.969), (276.052, -178.216), (294.317, -148.992), (317.374, -144.481), (335.334, -173.054), (331.621, -185.43)))
(((400, -560.434), (350.902, -596.106), (289.098, -596.106), (280.821, -590.092), (281.555, -534.291), (305.173, -470.384), (400, -504.1), (400, -560.434)))
(((359.7, -53), (334.255, -116.613), (332.116, -117.454), (294.049, -96.8779), (300.448, -53), (359.7, -53)))
(((349.08, -334.049), (313.216, -344.295), (298.377, -319.339), (303.875, -306.42), (345.826, -309.416), (353.737, -326.822), (349.08, -334.049)))
(((349.02, -271.429), (300.2, -273.7), (295.392, -263.741), (320.917, -231.5), (355.047, -231.5), (349.02, -271.429)))
(((355.047, -231.5), (320.917, -231.5), (294.355, -199.627), (331.621, -185.43), (361.989, -223.672), (355.047, -231.5)))
(((352.183, -276.038), (345.826, -309.416), (303.875, -306.42), (299.191, -277.735), (300.2, -273.7), (349.02, -271.429), (352.183, -276.038)))
(((354.771, -367.248), (323.685, -381.819), (307.661, -364.381), (313.216, -344.295), (349.08, -334.049), (354.771, -367.248)))
(((400, -504.1), (305.173, -470.384), (304.181, -468.186), (326.987, -419.154), (400, -434.41), (400, -504.1)))
(((397.893, -147.692), (335.334, -173.054), (317.374, -144.481), (332.116, -117.454), (334.255, -116.613), (397.893, -147.692)))
(((400, -434.41), (326.987, -419.154), (325.03, -416.781), (323.685, -381.819), (354.771, -367.248), (400, -391.053), (400, -434.41)))
(((400, -213.912), (361.989, -223.672), (331.621, -185.43), (335.334, -173.054), (397.893, -147.692), (400, -147.85), (400, -213.912)))
(((359.7, -53), (400, -53), (400, -147.85), (397.893, -147.692), (334.255, -116.613), (359.7, -53)))
(((400, -325.878), (353.737, -326.822), (345.826, -309.416), (352.183, -276.038), (400, -286.047), (400, -325.878)))
(((400, -391.053), (354.771, -367.248), (349.08, -334.049), (353.737, -326.822), (400, -325.878), (400, -391.053)))
(((400, -286.047), (352.183, -276.038), (349.02, -271.429), (355.047, -231.5), (361.989, -223.672), (400, -213.912), (400, -286.047)))
