(((-225, -147.843), (-225, -53), (-153.404, -53), (-144.088, -140.574), (-145.542, -143.1), (-225, -147.843)))
(((-225, -147.843), (-145.542, -143.1), (-125.728, -185.461), (-225, -229.326), (-225, -147.843)))
(((-225, 496.668), (-225, 625), (-78.8453, 625), (-76.7361, 618.508), (-70.8635, 584.599), (-78.4763, 560.492), (-158.768, 471.894), (-190.902, 471.894), (-225, 496.668)))
(((-225, -282.613), (-225, -229.326), (-125.728, -185.461), (-105.778, -197.376), (-104.719, -203.33), (-157.192, -286.564), (-204.908, -297.211), (-225, -282.613)))
(((-88.3636, -53), (-84.8606, -60.7067), (-89.6443, -116.517), (-144.088, -140.574), (-153.404, -53), (-88.3636, -53)))
(((-210.614, -373.966), (-221, -342), (-206.567, -297.581), (-157.192, -286.564), (-103.762, -297.598), (-85.2883, -309.677), (-79.9149, -332.867), (-97.6082, -360.513), (-210.614, -373.966)))
(((-162.674, -467.646), (-196.902, -442.779), (-216, -384), (-212.825, -374.229), (-97.6082, -360.513), (-84.5667, -419.2), (-162.674, -467.646)))
(((-79.6932, -130.234), (-81.6057, -177.089), (-105.778, -197.376), (-125.728, -185.461), (-145.542, -143.1), (-144.088, -140.574), (-89.6443, -116.517), (-79.6932, -130.234)))
(((-75.1629, -232.23), (-103.762, -297.598), (-157.192, -286.564), (-104.719, -203.33), (-75.1629, -232.23)))
(((-141.849, 315.566), (-168.902, 335.221), (-188, 394), (-168.902, 452.779), (-158.811, 460.11), (-48.2479, 429.255), (-41.2557, 381.923), (-48.9944, 369.186), (-141.849, 315.566)))
(((-41.8844, -417.281), (-84.5667, -419.2), (-97.6082, -360.513), (-79.9149, -332.867), (-52.8631, -349.841), (-41.8844, -417.281)))
(((-56.5134, -294.558), (-85.2883, -309.677), (-103.762, -297.598), (-75.1629, -232.23), (-43.6108, -238.647), (-56.5134, -294.558)))
(((-165.018, -469.1), (-84.5667, -419.2), (-41.8844, -417.281), (-23.5936, -424.712), (-53.9104, -558.106), (-97.9017, -558.106), (-147.902, -521.779), (-165.018, -469.1)))
(((-157.41, 459.719), (-160.68, 469.784), (-78.4763, 560.492), (-10.2685, 462.552), (-48.2479, 429.255), (-157.41, 459.719)))
(((-31.8821, -181.586), (-36.3986, -235.783), (-43.6108, -238.647), (-75.1629, -232.23), (-104.719, -203.33), (-105.778, -197.376), (-81.6057, -177.089), (-34.698, -178.826), (-31.8821, -181.586)))
(((-34.698, -178.826), (-81.6057, -177.089), (-79.6932, -130.234), (-37.5738, -132.394), (-31.1715, -137.391), (-34.698, -178.826)))
(((-37.5738, -132.394), (-79.6932, -130.234), (-89.6443, -116.517), (-84.8606, -60.7067), (-40.678, -85.8302), (-37.5738, -132.394)))
(((-105.764, 248.137), (-127.902, 264.221), (-144.152, 314.236), (-48.9944, 369.186), (0.196262, 287.915), (-49.5622, 254.382), (-105.764, 248.137)))
(((-6.87705, -338.344), (-52.8631, -349.841), (-79.9149, -332.867), (-85.2883, -309.677), (-56.5134, -294.558), (-11.8451, -301.705), (-6.87705, -338.344)))
(((-90.7009, 113.092), (-112.902, 129.221), (-132, 188), (-112.902, 246.779), (-111.982, 247.446), (-49.5622, 254.382), (15.0567, 183.752), (-0.395837, 130.857), (-90.7009, 113.092)))
(((-11.8451, -301.705), (-56.5134, -294.558), (-43.6108, -238.647), (-36.3986, -235.783), (-29.0744, -238.187), (-0.461783, -287.882), (-11.8451, -301.705)))
(((-23.5936, -424.712), (-41.8844, -417.281), (-52.8631, -349.841), (-6.87705, -338.344), (13.6848, -357.324), (-18.2586, -423.414), (-23.5936, -424.712)))
(((-88.3636, -53), (-30, -53), (-30, -30.5488), (6.67845, -52.0191), (4.13453, -77.8823), (-4.09552, -85.0836), (-40.678, -85.8302), (-84.8606, -60.7067), (-88.3636, -53)))
(((-3.04839, -128.016), (-31.1715, -137.391), (-37.5738, -132.394), (-40.678, -85.8302), (-4.09552, -85.0836), (-3.04839, -128.016)))
(((22.7857, -224.357), (-29.0744, -238.187), (-36.3986, -235.783), (-31.8821, -181.586), (-11.1241, -181.97), (22.7857, -224.357)))
(((10.756, -166.525), (-11.1241, -181.97), (-31.8821, -181.586), (-34.698, -178.826), (-31.1715, -137.391), (-3.04839, -128.016), (22.4975, -142.455), (10.756, -166.525)))
(((52.2739, 317.148), (25.4166, 293.178), (0.196262, 287.915), (-48.9944, 369.186), (-41.2557, 381.923), (38.6333, 370.136), (52.2739, 317.148)))
(((-30, 20.9244), (-30, 53), (-103.776, 53), (-108, 66), (-92.8354, 112.672), (-0.395837, 130.857), (40.4175, 103.223), (40.5714, 98.1429), (3.31818, 23.6364), (-30, 20.9244)))
(((44.4566, 508.4), (-7.73333, 462.733), (-10.2685, 462.552), (-78.4763, 560.492), (-70.8635, 584.599), (52.6281, 542.393), (44.4566, 508.4)))
(((-53.7172, -557.256), (-23.5936, -424.712), (-18.2586, -423.414), (41.6896, -447.54), (8.84929, -573.106), (-31.9017, -573.106), (-53.7172, -557.256)))
(((-30, 20.9244), (3.31818, 23.6364), (31.0021, 2.87344), (21.93, -40.0125), (6.67845, -52.0191), (-30, -30.5488), (-30, 20.9244)))
(((38.6333, 370.136), (-41.2557, 381.923), (-48.2479, 429.255), (-10.2685, 462.552), (-7.73333, 462.733), (51.374, 403.626), (38.6333, 370.136)))
(((33.2714, -277.928), (-0.461783, -287.882), (-29.0744, -238.187), (22.7857, -224.357), (30.6717, -225.934), (33.2714, -277.928)))
(((30.6717, -225.934), (22.7857, -224.357), (-11.1241, -181.97), (10.756, -166.525), (39.6544, -201.616), (32.0443, -224.894), (30.6717, -225.934)))
(((56.7553, 209.134), (15.0567, 183.752), (-49.5622, 254.382), (0.196262, 287.915), (25.4166, 293.178), (56.7553, 209.134)))
(((30.8475, -140.557), (22.4975, -142.455), (-3.04839, -128.016), (-4.09552, -85.0836), (4.13453, -77.8823), (30.2684, -89.7047), (36.3081, -136.513), (30.8475, -140.557)))
(((-72.2272, 625), (48.75, 625), (56.2435, 545.07), (52.6281, 542.393), (-70.8635, 584.599), (-75.9018, 613.691), (-72.2272, 625)))
(((56.5906, -316.363), (24.1907, -355.768), (13.6848, -357.324), (-6.87705, -338.344), (-11.8451, -301.705), (-0.461783, -287.882), (33.2714, -277.928), (44.8413, -285.521), (56.5906, -316.363)))
(((59.2257, -441.871), (41.6896, -447.54), (-18.2586, -423.414), (13.6848, -357.324), (24.1907, -355.768), (69.6304, -389.848), (59.2257, -441.871)))
(((39.6544, -201.616), (10.756, -166.525), (22.4975, -142.455), (30.8475, -140.557), (52.9502, -186.605), (39.6544, -201.616)))
(((55.1052, -81.8615), (30.2684, -89.7047), (4.13453, -77.8823), (6.67845, -52.0191), (21.93, -40.0125), (61.5841, -56.535), (55.1052, -81.8615)))
(((83.3684, 25.3684), (64.1406, 6.14062), (31.0021, 2.87344), (3.31818, 23.6364), (40.5714, 98.1429), (83.5263, 28.5263), (83.3684, 25.3684)))
(((67.6447, -131.65), (36.3081, -136.513), (30.2684, -89.7047), (55.1052, -81.8615), (72.6839, -102.044), (67.6447, -131.65)))
(((51.374, 403.626), (-7.73333, 462.733), (44.4566, 508.4), (106.039, 432.605), (51.374, 403.626)))
(((82.3384, -44.1708), (61.5841, -56.535), (21.93, -40.0125), (31.0021, 2.87344), (64.1406, 6.14062), (82.3384, -44.1708)))
(((91.1166, -158.793), (75.9702, -181.251), (52.9502, -186.605), (30.8475, -140.557), (36.3081, -136.513), (67.6447, -131.65), (89.5762, -148.318), (91.1166, -158.793)))
(((100.954, 125.354), (40.4175, 103.223), (-0.395837, 130.857), (15.0567, 183.752), (56.7553, 209.134), (81.7226, 204.469), (110.412, 169.944), (100.954, 125.354)))
(((91.9972, -260.764), (44.8413, -285.521), (33.2714, -277.928), (30.6717, -225.934), (32.0443, -224.894), (64.3075, -228.479), (95.4367, -254.241), (91.9972, -260.764)))
(((107.033, -581.292), (94.9017, -590.106), (33.0983, -590.106), (8.9851, -572.586), (41.6896, -447.54), (59.2257, -441.871), (105.62, -462.613), (107.033, -581.292)))
(((101.511, -369.511), (69.6304, -389.848), (24.1907, -355.768), (56.5906, -316.363), (110.234, -332.192), (101.511, -369.511)))
(((85.3866, -203.447), (64.3075, -228.479), (32.0443, -224.894), (39.6544, -201.616), (52.9502, -186.605), (75.9702, -181.251), (85.3866, -203.447)))
(((117.773, 265.305), (81.7226, 204.469), (56.7553, 209.134), (25.4166, 293.178), (52.2739, 317.148), (109.525, 308.488), (117.773, 265.305)))
(((92.3228, -47.1349), (100.321, -89.4104), (72.6839, -102.044), (55.1052, -81.8615), (61.5841, -56.535), (82.3384, -44.1708), (92.3228, -47.1349)))
(((112.807, -330.271), (110.234, -332.192), (56.5906, -316.363), (44.8413, -285.521), (91.9972, -260.764), (113.788, -328.118), (112.807, -330.271)))
(((142.989, 625), (73.5722, 547.118), (56.2435, 545.07), (48.75, 625), (142.989, 625)))
(((95.4367, -254.241), (64.3075, -228.479), (85.3866, -203.447), (110.794, -215.304), (97.5636, -253.104), (95.4367, -254.241)))
(((139.163, 84.1632), (83.5263, 28.5263), (40.5714, 98.1429), (40.4175, 103.223), (100.954, 125.354), (139.232, 90.7973), (139.163, 84.1632)))
(((170.752, 351.107), (109.525, 308.488), (52.2739, 317.148), (38.6333, 370.136), (51.374, 403.626), (106.039, 432.605), (117.512, 432.229), (151.171, 407.72), (171.441, 355.185), (170.752, 351.107)))
(((136.565, -113.076), (89.5762, -148.318), (67.6447, -131.65), (72.6839, -102.044), (100.321, -89.4104), (133.154, -105.827), (136.565, -113.076)))
(((106.039, 432.605), (44.4566, 508.4), (52.6281, 542.393), (56.2435, 545.07), (73.5722, 547.118), (139.783, 515.452), (117.512, 432.229), (106.039, 432.605)))
(((121.531, -37.9114), (92.3228, -47.1349), (82.3384, -44.1708), (64.1406, 6.14062), (83.3684, 25.3684), (120.576, 6.02067), (121.531, -37.9114)))
(((136.175, -190.055), (132.321, -202.583), (110.794, -215.304), (85.3866, -203.447), (75.9702, -181.251), (91.1166, -158.793), (133.26, -185.808), (136.175, -190.055)))
(((105.62, -462.613), (59.2257, -441.871), (69.6304, -389.848), (101.511, -369.511), (163.123, -431.123), (105.62, -462.613)))
(((133.154, -105.827), (100.321, -89.4104), (92.3228, -47.1349), (121.531, -37.9114), (145.175, -49.326), (133.154, -105.827)))
(((146.465, -296.832), (113.788, -328.118), (91.9972, -260.764), (95.4367, -254.241), (97.5636, -253.104), (144.67, -262.739), (146.465, -296.832)))
(((168.847, 25.7232), (120.576, 6.02067), (83.3684, 25.3684), (83.5263, 28.5263), (139.163, 84.1632), (168.847, 25.7232)))
(((143.858, -116.925), (133.26, -185.808), (91.1166, -158.793), (89.5762, -148.318), (136.565, -113.076), (143.858, -116.925)))
(((144.67, -262.739), (97.5636, -253.104), (110.794, -215.304), (132.321, -202.583), (159.009, -245.953), (144.67, -262.739)))
(((185.482, 196.219), (110.412, 169.944), (81.7226, 204.469), (117.773, 265.305), (178.56, 221.886), (189.509, 201.03), (185.482, 196.219)))
(((202.31, 625), (183.556, 534.354), (139.783, 515.452), (73.5722, 547.118), (142.989, 625), (202.31, 625)))
(((208.473, -428.929), (163.123, -431.123), (101.511, -369.511), (110.234, -332.192), (112.807, -330.271), (189.342, -365.868), (208.473, -428.929)))
(((174.919, 22.5), (159.121, -45.4294), (145.175, -49.326), (121.531, -37.9114), (120.576, 6.02067), (168.847, 25.7232), (174.919, 22.5)))
(((107.039, -581.797), (105.62, -462.613), (163.123, -431.123), (208.473, -428.929), (230.854, -441.231), (248, -494), (228.902, -552.779), (178.902, -589.106), (117.098, -589.106), (107.039, -581.797)))
(((180.082, -135.502), (161.36, -183.645), (136.175, -190.055), (133.26, -185.808), (143.858, -116.925), (164.45, -120.176), (180.082, -135.502)))
(((189.424, 112.112), (139.232, 90.7973), (100.954, 125.354), (110.412, 169.944), (185.482, 196.219), (189.424, 112.112)))
(((189.342, -365.868), (112.807, -330.271), (113.788, -328.118), (146.465, -296.832), (202.246, -310.219), (189.342, -365.868)))
(((187.435, -85.2391), (164.45, -120.176), (143.858, -116.925), (136.565, -113.076), (133.154, -105.827), (145.175, -49.326), (159.121, -45.4294), (179.601, -53.9038), (187.435, -85.2391)))
(((194.312, 323.15), (178.56, 221.886), (117.773, 265.305), (109.525, 308.488), (170.752, 351.107), (194.312, 323.15)))
(((204.874, -213.229), (175.904, -243.613), (159.009, -245.953), (132.321, -202.583), (136.175, -190.055), (161.36, -183.645), (202.753, -205.855), (204.874, -213.229)))
(((227.305, 481.034), (151.171, 407.72), (117.512, 432.229), (139.783, 515.452), (183.556, 534.354), (227.305, 481.034)))
(((211.444, -302.275), (202.246, -310.219), (146.465, -296.832), (144.67, -262.739), (159.009, -245.953), (175.904, -243.613), (210.271, -292.3), (211.444, -302.275)))
(((202.753, -205.855), (161.36, -183.645), (180.082, -135.502), (190.603, -137.768), (215.432, -173.523), (202.753, -205.855)))
(((210, -40.9681), (179.601, -53.9038), (159.121, -45.4294), (174.919, 22.5), (210, 22.5), (210, -40.9681)))
(((282.126, 53), (210, 53), (210, 22.5), (174.919, 22.5), (168.847, 25.7232), (139.163, 84.1632), (139.232, 90.7973), (189.424, 112.112), (286.34, 70.0298), (287, 68), (282.126, 53)))
(((223.053, -119.921), (190.603, -137.768), (180.082, -135.502), (164.45, -120.176), (187.435, -85.2391), (219.383, -90.5638), (223.053, -119.921)))
(((210, -40.9681), (210, -53), (253.632, -53), (219.383, -90.5638), (187.435, -85.2391), (179.601, -53.9038), (210, -40.9681)))
(((238.176, -233), (210.271, -292.3), (175.904, -243.613), (204.874, -213.229), (208.514, -214.991), (238.176, -233)))
(((291.197, 211.285), (189.509, 201.03), (178.56, 221.886), (194.312, 323.15), (307.764, 262.273), (291.197, 211.285)))
(((252.332, 475.52), (246.38, 387.724), (171.441, 355.185), (151.171, 407.72), (227.305, 481.034), (252.332, 475.52)))
(((282.367, 71.7552), (189.424, 112.112), (185.482, 196.219), (189.509, 201.03), (289.438, 211.107), (300.902, 202.779), (320, 144), (300.902, 85.2215), (282.367, 71.7552)))
(((256.214, -159.929), (215.432, -173.523), (190.603, -137.768), (223.053, -119.921), (262.531, -135.713), (256.214, -159.929)))
(((330.15, -345.617), (311.902, -401.779), (261.902, -438.106), (225.168, -438.106), (208.473, -428.929), (189.342, -365.868), (202.246, -310.219), (211.444, -302.275), (260.857, -309.621), (330.15, -345.617)))
(((263.822, -175.144), (261.9, -179.4), (208.514, -214.991), (204.874, -213.229), (202.753, -205.855), (215.432, -173.523), (256.214, -159.929), (263.822, -175.144)))
(((253.632, -53), (325.404, -53), (333.589, -78.1902), (262.531, -135.713), (223.053, -119.921), (219.383, -90.5638), (253.632, -53)))
(((253.246, -236.049), (260.857, -309.621), (211.444, -302.275), (210.271, -292.3), (238.176, -233), (246.019, -233), (253.246, -236.049)))
(((238.176, -233), (208.514, -214.991), (261.9, -179.4), (246.019, -233), (238.176, -233)))
(((258.385, 625), (280.221, 483.064), (252.332, 475.52), (227.305, 481.034), (183.556, 534.354), (202.31, 625), (258.385, 625)))
(((303.263, 264.688), (194.312, 323.15), (170.752, 351.107), (171.441, 355.185), (246.38, 387.724), (350.313, 350.193), (352, 345), (332.902, 286.221), (303.263, 264.688)))
(((360.049, -232.548), (253.246, -236.049), (246.019, -233), (261.9, -179.4), (263.822, -175.144), (360.99, -229.653), (360.049, -232.548)))
(((326.109, -343.518), (260.857, -309.621), (253.246, -236.049), (360.13, -232.545), (371, -266), (351.902, -324.779), (326.109, -343.518)))
(((348.668, 350.786), (246.38, 387.724), (252.332, 475.52), (280.221, 483.064), (360.339, 471.354), (378, 417), (358.902, 358.221), (348.668, 350.786)))
(((362.372, -230.428), (263.822, -175.144), (256.214, -159.929), (262.531, -135.713), (334.586, -77.3831), (372.902, -105.221), (392, -164), (372.902, -222.779), (362.372, -230.428)))
(((258.385, 625), (351.446, 625), (377.902, 605.779), (397, 547), (377.902, 488.221), (355.633, 472.042), (280.221, 483.064), (258.385, 625)))
