(((-225, -151.491), (-225, -53), (-190.885, -53), (-171.93, -130.086), (-183.339, -145.027), (-225, -151.491)))
(((-225, -151.491), (-183.339, -145.027), (-168.729, -187.029), (-192.346, -222.812), (-225, -229.706), (-225, -151.491)))
(((-203.667, -800), (-225, -800), (-225, -674.042), (-178.301, -678.466), (-172.271, -682.486), (-162.493, -732.263), (-203.667, -800)))
(((-225, -296.466), (-186.179, -303.379), (-159.744, -324.113), (-160.043, -343.262), (-225, -393.371), (-225, -296.466)))
(((-225, -589.138), (-170.393, -592.731), (-153.055, -614.609), (-178.301, -678.466), (-225, -674.042), (-225, -589.138)))
(((-225, -511.867), (-163.557, -531.93), (-153.424, -568.775), (-170.393, -592.731), (-225, -589.138), (-225, -511.867)))
(((-225, -229.706), (-192.346, -222.812), (-142.584, -249.876), (-186.179, -303.379), (-225, -296.466), (-225, -229.706)))
(((-225, -401.937), (-151.474, -407.772), (-138.382, -449.5), (-154.225, -470.218), (-225, -477.612), (-225, -401.937)))
(((-225, -401.937), (-225, -393.371), (-160.043, -343.262), (-125.209, -381.17), (-125.256, -382.112), (-151.474, -407.772), (-225, -401.937)))
(((-225, -477.612), (-154.225, -470.218), (-131.5, -505.929), (-131.5, -511.684), (-163.557, -531.93), (-225, -511.867), (-225, -477.612)))
(((-139.237, -250.243), (-117.117, -304.439), (-159.744, -324.113), (-186.179, -303.379), (-142.584, -249.876), (-139.455, -250.034), (-139.237, -250.243)))
(((-124.887, -156.597), (-147.659, -185.309), (-168.729, -187.029), (-183.339, -145.027), (-171.93, -130.086), (-134.563, -134.02), (-124.887, -156.597)))
(((-139.455, -250.034), (-142.584, -249.876), (-192.346, -222.812), (-168.729, -187.029), (-147.659, -185.309), (-118.931, -212.932), (-139.455, -250.034)))
(((-146.478, -53), (-111.559, -106.543), (-134.563, -134.02), (-171.93, -130.086), (-190.885, -53), (-146.478, -53)))
(((-203.667, -800), (-162.493, -732.263), (-115.197, -737.893), (-99.4068, -800), (-203.667, -800)))
(((-101.546, -630.069), (-135.008, -680.262), (-172.271, -682.486), (-178.301, -678.466), (-153.055, -614.609), (-107.07, -622.403), (-101.546, -630.069)))
(((-115.877, -562.1), (-153.424, -568.775), (-163.557, -531.93), (-131.5, -511.684), (-109.901, -533.851), (-115.877, -562.1)))
(((-115.197, -737.893), (-162.493, -732.263), (-172.271, -682.486), (-135.008, -680.262), (-100.927, -709.355), (-115.197, -737.893)))
(((-107.07, -622.403), (-153.055, -614.609), (-170.393, -592.731), (-153.424, -568.775), (-115.877, -562.1), (-100.176, -582.42), (-107.07, -622.403)))
(((-110.794, -306.634), (-104.685, -357.946), (-125.209, -381.17), (-160.043, -343.262), (-159.744, -324.113), (-117.117, -304.439), (-110.794, -306.634)))
(((-105.162, -207.107), (-118.931, -212.932), (-147.659, -185.309), (-124.887, -156.597), (-102.074, -166.966), (-105.162, -207.107)))
(((-85.7151, -474.86), (-131.5, -505.929), (-154.225, -470.218), (-138.382, -449.5), (-108.474, -449.5), (-85.7151, -474.86)))
(((-108.474, -449.5), (-138.382, -449.5), (-151.474, -407.772), (-125.256, -382.112), (-88.7278, -410.994), (-108.474, -449.5)))
(((-79.7391, -298.755), (-110.794, -306.634), (-117.117, -304.439), (-139.237, -250.243), (-83.6183, -253.614), (-76.7885, -290.324), (-79.7391, -298.755)))
(((-74.8236, -114.862), (-81.191, -158.524), (-102.074, -166.966), (-124.887, -156.597), (-134.563, -134.02), (-111.559, -106.543), (-85.7186, -107.717), (-74.8236, -114.862)))
(((-75.3547, -702.209), (-100.927, -709.355), (-135.008, -680.262), (-101.546, -630.069), (-88.0217, -635.298), (-64.3257, -680.151), (-75.3547, -702.209)))
(((-70.7027, -232.432), (-83.6183, -253.614), (-139.237, -250.243), (-139.455, -250.034), (-118.931, -212.932), (-105.162, -207.107), (-76.1531, -217.171), (-70.7027, -232.432)))
(((-61.3388, -520.967), (-109.901, -533.851), (-131.5, -511.684), (-131.5, -505.929), (-85.7151, -474.86), (-82.5659, -475.86), (-61.3388, -520.967)))
(((-78.3243, -53), (-85.7186, -107.717), (-111.559, -106.543), (-146.478, -53), (-78.3243, -53)))
(((-55.9589, -523.768), (-57.4609, -568.828), (-100.176, -582.42), (-115.877, -562.1), (-109.901, -533.851), (-61.3388, -520.967), (-55.9589, -523.768)))
(((-55.3577, -321.546), (-74.1946, -357.237), (-104.685, -357.946), (-110.794, -306.634), (-79.7391, -298.755), (-55.3577, -321.546)))
(((-51.7483, -399.012), (-64.4894, -409.071), (-88.7278, -410.994), (-125.256, -382.112), (-125.209, -381.17), (-104.685, -357.946), (-74.1946, -357.237), (-50.6058, -391.637), (-51.7483, -399.012)))
(((-76.1531, -217.171), (-105.162, -207.107), (-102.074, -166.966), (-81.191, -158.524), (-49.5833, -181.44), (-76.1531, -217.171)))
(((-99.4068, -800), (-115.197, -737.893), (-100.927, -709.355), (-75.3547, -702.209), (-20.8072, -775.459), (-25.9737, -800), (-99.4068, -800)))
(((-57.4639, -455.907), (-82.5659, -475.86), (-85.7151, -474.86), (-108.474, -449.5), (-88.7278, -410.994), (-64.4894, -409.071), (-57.4639, -455.907)))
(((-46.1527, -613.918), (-88.0217, -635.298), (-101.546, -630.069), (-107.07, -622.403), (-100.176, -582.42), (-57.4609, -568.828), (-39.9091, -588.052), (-46.1527, -613.918)))
(((-78.3243, -53), (-46, -53), (-37.9569, -69.0862), (-69.9773, -114.291), (-74.8236, -114.862), (-85.7186, -107.717), (-78.3243, -53)))
(((-35.2389, -265.968), (-76.7885, -290.324), (-83.6183, -253.614), (-70.7027, -232.432), (-38.6418, -243.119), (-35.2389, -265.968)))
(((-26.4143, -129.622), (-47.2865, -181.107), (-49.5833, -181.44), (-81.191, -158.524), (-74.8236, -114.862), (-69.9773, -114.291), (-26.9783, -127.781), (-26.4143, -129.622)))
(((-19.9295, -360.085), (-50.6058, -391.637), (-74.1946, -357.237), (-55.3577, -321.546), (-32.9341, -323.961), (-19.9295, -360.085)))
(((-18.533, -670.392), (-64.3257, -680.151), (-88.0217, -635.298), (-46.1527, -613.918), (-13.2891, -647.778), (-18.533, -670.392)))
(((-33.7278, -517.247), (-55.9589, -523.768), (-61.3388, -520.967), (-82.5659, -475.86), (-57.4639, -455.907), (-18.8952, -463.621), (-33.7278, -517.247)))
(((-17.1962, -225.06), (-38.6418, -243.119), (-70.7027, -232.432), (-76.1531, -217.171), (-49.5833, -181.44), (-47.2865, -181.107), (-26.4753, -191.512), (-17.1962, -225.06)))
(((-14.0311, -306.667), (-32.9341, -323.961), (-55.3577, -321.546), (-79.7391, -298.755), (-76.7885, -290.324), (-35.2389, -265.968), (-13.272, -284.273), (-14.0311, -306.667)))
(((-7.31979, -456.037), (-18.8952, -463.621), (-57.4639, -455.907), (-64.4894, -409.071), (-51.7483, -399.012), (-13.9138, -420.397), (-4.5, -445.5), (-7.31979, -456.037)))
(((-2.38941, -92.4348), (-26.9783, -127.781), (-69.9773, -114.291), (-37.9569, -69.0862), (-3.32581, -89.3581), (-2.38941, -92.4348)))
(((-20.8072, -775.459), (-75.3547, -702.209), (-64.3257, -680.151), (-18.533, -670.392), (2.07763, -696.041), (-6.17927, -755.491), (-20.8072, -775.459)))
(((1.86842, -533.395), (-2.53232, -580.043), (-39.9091, -588.052), (-57.4609, -568.828), (-55.9589, -523.768), (-33.7278, -517.247), (0.535928, -531.063), (1.86842, -533.395)))
(((14.9793, -171.291), (-26.4753, -191.512), (-47.2865, -181.107), (-26.4143, -129.622), (12.0259, -157.887), (14.9793, -171.291)))
(((15.2559, -627.389), (-13.2891, -647.778), (-46.1527, -613.918), (-39.9091, -588.052), (-2.53232, -580.043), (15.7906, -594.773), (15.2559, -627.389)))
(((-46, -53), (-30, -53), (-30, -14.1176), (14.0072, -50.3589), (-3.32581, -89.3581), (-37.9569, -69.0862), (-46, -53)))
(((17.9598, -382.148), (-13.9138, -420.397), (-51.7483, -399.012), (-50.6058, -391.637), (-19.9295, -360.085), (1.001, -365.613), (17.9598, -382.148)))
(((18.7407, -259.843), (-13.272, -284.273), (-35.2389, -265.968), (-38.6418, -243.119), (-17.1962, -225.06), (-2.70641, -229.322), (18.7407, -259.843)))
(((-89.7782, 222.997), (-107, 276), (-87.9017, 334.779), (-77.8691, 342.068), (29.6854, 300.944), (38.5263, 274.421), (-8.48295, 225.411), (-89.7782, 222.997)))
(((-52.8159, 92.9098), (-84.9017, 116.221), (-104, 175), (-88.3915, 223.038), (-8.48295, 225.411), (38.8662, 185.077), (-12.2735, 104.493), (-52.8159, 92.9098)))
(((0.535928, -531.063), (-33.7278, -517.247), (-18.8952, -463.621), (-7.31979, -456.037), (30.1667, -487.756), (0.535928, -531.063)))
(((1.001, -365.613), (-19.9295, -360.085), (-32.9341, -323.961), (-14.0311, -306.667), (24.5248, -320.375), (1.001, -365.613)))
(((41.4847, -190.433), (-2.70641, -229.322), (-17.1962, -225.06), (-26.4753, -191.512), (14.9793, -171.291), (41.4847, -190.433)))
(((37.1027, -117.286), (12.0259, -157.887), (-26.4143, -129.622), (-26.9783, -127.781), (-2.38941, -92.4348), (30.522, -106.717), (37.1027, -117.286)))
(((-30, 28.25), (26.0393, 13.0393), (42.0447, -6.5672), (43.2174, -41.163), (14.0072, -50.3589), (-30, -14.1176), (-30, 28.25)))
(((51.7302, -424.414), (-4.5, -445.5), (-13.9138, -420.397), (17.9598, -382.148), (25.2045, -383.151), (51.7302, -424.414)))
(((47.8, -281.075), (30.7634, -319.407), (24.5248, -320.375), (-14.0311, -306.667), (-13.272, -284.273), (18.7407, -259.843), (37.3704, -262.171), (47.8, -281.075)))
(((-80.7272, 343.16), (-81, 344), (-61.9017, 402.779), (-11.9017, 439.106), (49.9017, 439.106), (75.4988, 420.508), (82.77, 372.155), (29.6854, 300.944), (-80.7272, 343.16)))
(((44.057, -683.829), (2.07763, -696.041), (-18.533, -670.392), (-13.2891, -647.778), (15.2559, -627.389), (40.2986, -640.953), (47.3312, -674.006), (44.057, -683.829)))
(((58.706, -228.834), (37.3704, -262.171), (18.7407, -259.843), (-2.70641, -229.322), (41.4847, -190.433), (53.9794, -193.122), (58.706, -228.834)))
(((50.3938, -361.276), (25.2045, -383.151), (17.9598, -382.148), (1.001, -365.613), (24.5248, -320.375), (30.7634, -319.407), (42.2875, -330.325), (50.3938, -361.276)))
(((57.6311, -555.089), (47.6015, -582.538), (15.7906, -594.773), (-2.53232, -580.043), (1.86842, -533.395), (51.1093, -545.405), (57.6311, -555.089)))
(((63.8889, -56.6667), (30.522, -106.717), (-2.38941, -92.4348), (-3.32581, -89.3581), (14.0072, -50.3589), (43.2174, -41.163), (63.8889, -56.6667)))
(((53.5817, -425.16), (59.6026, -451.096), (35.4324, -487.351), (30.1667, -487.756), (-7.31979, -456.037), (-4.5, -445.5), (51.7302, -424.414), (53.5817, -425.16)))
(((-30, 28.25), (-30, 53), (-66.7003, 53), (-53.8267, 92.6209), (-12.2735, 104.493), (37.2848, 95.9671), (63.9359, 50.9359), (26.0393, 13.0393), (-30, 28.25)))
(((85.6752, -731.227), (-6.17927, -755.491), (2.07763, -696.041), (44.057, -683.829), (85.6752, -731.227)))
(((51.1093, -545.405), (1.86842, -533.395), (0.535928, -531.063), (30.1667, -487.756), (35.4324, -487.351), (59.3138, -505.408), (51.1093, -545.405)))
(((53.9794, -193.122), (41.4847, -190.433), (14.9793, -171.291), (12.0259, -157.887), (37.1027, -117.286), (71.4439, -129.369), (64.2856, -185.613), (53.9794, -193.122)))
(((93.3733, 218.537), (60.9103, 186.597), (38.8662, 185.077), (-8.48295, 225.411), (38.5263, 274.421), (81.347, 255.904), (93.3733, 218.537)))
(((83.3229, -617.177), (40.2986, -640.953), (15.2559, -627.389), (15.7906, -594.773), (47.6015, -582.538), (83.3229, -617.177)))
(((89.798, 123.044), (37.2848, 95.9671), (-12.2735, 104.493), (38.8662, 185.077), (60.9103, 186.597), (89.798, 123.044)))
(((-25.9737, -800), (-20.8072, -775.459), (-6.17927, -755.491), (85.6752, -731.227), (87.5597, -731.799), (89.3312, -800), (-25.9737, -800)))
(((90.5576, -405.302), (53.5817, -425.16), (51.7302, -424.414), (25.2045, -383.151), (50.3938, -361.276), (70.9483, -365.052), (90.5576, -405.302)))
(((71.4439, -129.369), (37.1027, -117.286), (30.522, -106.717), (63.8889, -56.6667), (79.881, -59.1917), (82.8325, -122.648), (71.4439, -129.369)))
(((86.5, -320.5), (42.2875, -330.325), (30.7634, -319.407), (47.8, -281.075), (79.5, -289), (86.5, -320.5)))
(((105.616, 10.1621), (42.0447, -6.5672), (26.0393, 13.0393), (63.9359, 50.9359), (93.5699, 41.3927), (105.616, 10.1621)))
(((98.3599, -631.044), (88.5604, -659.79), (47.3312, -674.006), (40.2986, -640.953), (83.3229, -617.177), (89.8591, -618.189), (98.3599, -631.044)))
(((99.1638, -498.902), (59.3138, -505.408), (35.4324, -487.351), (59.6026, -451.096), (109.076, -477.838), (99.1638, -498.902)))
(((97.0532, -338.947), (70.9483, -365.052), (50.3938, -361.276), (42.2875, -330.325), (86.5, -320.5), (98.2107, -332.844), (97.0532, -338.947)))
(((120.521, -23.9682), (92.8021, -53.7788), (79.881, -59.1917), (63.8889, -56.6667), (43.2174, -41.163), (42.0447, -6.5672), (105.616, 10.1621), (115.252, 1.26754), (120.521, -23.9682)))
(((104.203, -270.179), (79.5, -289), (47.8, -281.075), (37.3704, -262.171), (58.706, -228.834), (106.812, -249.954), (104.203, -270.179)))
(((129.065, 312.958), (81.347, 255.904), (38.5263, 274.421), (29.6854, 300.944), (82.77, 372.155), (129.065, 312.958)))
(((102.865, -552.479), (57.6311, -555.089), (51.1093, -545.405), (59.3138, -505.408), (99.1638, -498.902), (111.092, -541), (102.865, -552.479)))
(((87.5597, -731.799), (85.6752, -731.227), (44.057, -683.829), (47.3312, -674.006), (88.5604, -659.79), (112.346, -717.554), (87.5597, -731.799)))
(((108.293, -586.853), (89.8591, -618.189), (83.3229, -617.177), (47.6015, -582.538), (57.6311, -555.089), (102.865, -552.479), (108.293, -586.853)))
(((129.424, 98.5352), (93.5699, 41.3927), (63.9359, 50.9359), (37.2848, 95.9671), (89.798, 123.044), (126.521, 113.967), (129.424, 98.5352)))
(((109.076, -477.838), (59.6026, -451.096), (53.5817, -425.16), (90.5576, -405.302), (92.7126, -405.598), (118.537, -441.751), (112.453, -475.489), (109.076, -477.838)))
(((106.812, -249.954), (58.706, -228.834), (53.9794, -193.122), (64.2856, -185.613), (100.949, -187.941), (120.945, -237.264), (106.812, -249.954)))
(((100.949, -187.941), (64.2856, -185.613), (71.4439, -129.369), (82.8325, -122.648), (103.766, -124.974), (124.543, -171.721), (100.949, -187.941)))
(((92.7126, -405.598), (90.5576, -405.302), (70.9483, -365.052), (97.0532, -338.947), (125.648, -381.087), (92.7126, -405.598)))
(((103.766, -124.974), (82.8325, -122.648), (79.881, -59.1917), (92.8021, -53.7788), (134.827, -105.809), (103.766, -124.974)))
(((126.521, 113.967), (89.798, 123.044), (60.9103, 186.597), (93.3733, 218.537), (193.538, 189.6), (126.521, 113.967)))
(((136.785, -317.575), (98.2107, -332.844), (86.5, -320.5), (79.5, -289), (104.203, -270.179), (133.219, -295.781), (136.785, -317.575)))
(((112.346, -717.554), (88.5604, -659.79), (98.3599, -631.044), (133.445, -642.321), (123.784, -715.742), (112.346, -717.554)))
(((161.561, -346.436), (140.234, -380.146), (125.648, -381.087), (97.0532, -338.947), (98.2107, -332.844), (136.785, -317.575), (164.451, -335.048), (161.561, -346.436)))
(((89.3312, -800), (87.5597, -731.799), (112.346, -717.554), (123.784, -715.742), (143.061, -720.16), (158.031, -800), (89.3312, -800)))
(((164.902, -632.008), (133.445, -642.321), (98.3599, -631.044), (89.8591, -618.189), (108.293, -586.853), (174.324, -597.011), (164.902, -632.008)))
(((167.153, -419.222), (118.537, -441.751), (92.7126, -405.598), (125.648, -381.087), (140.234, -380.146), (167.153, -419.222)))
(((161.383, -191.652), (135.188, -235.706), (120.945, -237.264), (100.949, -187.941), (124.543, -171.721), (141.827, -172.531), (161.383, -191.652)))
(((164.176, -78.5869), (139.564, -105.6), (134.827, -105.809), (92.8021, -53.7788), (120.521, -23.9682), (143.027, -34.5961), (164.176, -78.5869)))
(((201.804, 192.338), (193.538, 189.6), (93.3733, 218.537), (81.347, 255.904), (129.065, 312.958), (216.957, 294.065), (229, 257), (209.902, 198.221), (201.804, 192.338)))
(((158.903, -135.683), (141.827, -172.531), (124.543, -171.721), (103.766, -124.974), (134.827, -105.809), (139.564, -105.6), (158.903, -135.683)))
(((182.447, 46.5515), (115.252, 1.26754), (105.616, 10.1621), (93.5699, 41.3927), (129.424, 98.5352), (182.447, 46.5515)))
(((174.324, -597.011), (108.293, -586.853), (102.865, -552.479), (111.092, -541), (175.775, -541), (174.376, -596.948), (174.324, -597.011)))
(((175.775, -541), (111.092, -541), (99.1638, -498.902), (109.076, -477.838), (112.453, -475.489), (150.792, -484.083), (180.205, -535.283), (175.775, -541)))
(((169.083, -259.917), (133.219, -295.781), (104.203, -270.179), (106.812, -249.954), (120.945, -237.264), (135.188, -235.706), (169.083, -259.917)))
(((196.347, -434.119), (150.792, -484.083), (112.453, -475.489), (118.537, -441.751), (167.153, -419.222), (194.62, -429.141), (196.347, -434.119)))
(((184.786, -707.69), (143.061, -720.16), (123.784, -715.742), (133.445, -642.321), (164.902, -632.008), (199.818, -682.636), (184.786, -707.69)))
(((217.412, 293.968), (129.065, 312.958), (82.77, 372.155), (74.7576, 425.437), (121.098, 459.106), (182.902, 459.106), (232.902, 422.779), (252, 364), (232.902, 305.221), (217.412, 293.968)))
(((184.18, -277.143), (172.719, -331.584), (164.451, -335.048), (136.785, -317.575), (133.219, -295.781), (169.083, -259.917), (173.994, -260.283), (184.18, -277.143)))
(((210, -8.94681), (143.027, -34.5961), (120.521, -23.9682), (115.252, 1.26754), (182.447, 46.5515), (210, 41.1546), (210, -8.94681)))
(((191.809, -240.124), (173.994, -260.283), (169.083, -259.917), (135.188, -235.706), (161.383, -191.652), (182.343, -193.842), (191.809, -240.124)))
(((203.826, -180.137), (182.343, -193.842), (161.383, -191.652), (141.827, -172.531), (158.903, -135.683), (190.75, -136.375), (206.514, -151.013), (203.826, -180.137)))
(((194.62, -429.141), (167.153, -419.222), (140.234, -380.146), (161.561, -346.436), (207.26, -405.191), (194.62, -429.141)))
(((194.637, -99.453), (190.75, -136.375), (158.903, -135.683), (139.564, -105.6), (164.176, -78.5869), (184.174, -80.7079), (194.637, -99.453)))
(((158.031, -800), (143.061, -720.16), (184.786, -707.69), (205.472, -741.593), (188.074, -800), (158.031, -800)))
(((210, -8.94681), (210, -53), (216.5, -53), (184.174, -80.7079), (164.176, -78.5869), (143.027, -34.5961), (210, -8.94681)))
(((211.927, -449.458), (215.392, -522.237), (180.205, -535.283), (150.792, -484.083), (196.347, -434.119), (211.927, -449.458)))
(((267.704, 53), (210, 53), (210, 41.1546), (182.447, 46.5515), (129.424, 98.5352), (126.521, 113.967), (193.538, 189.6), (201.102, 192.106), (212.902, 192.106), (262.902, 155.779), (282, 97), (267.704, 53)))
(((207.26, -405.191), (161.561, -346.436), (164.451, -335.048), (172.719, -331.584), (207.871, -335.312), (231.526, -379.993), (207.26, -405.191)))
(((231.606, -308.534), (207.871, -335.312), (172.719, -331.584), (184.18, -277.143), (224.234, -287.969), (231.606, -308.534)))
(((238.28, -671.225), (199.818, -682.636), (164.902, -632.008), (174.324, -597.011), (174.376, -596.948), (203.938, -601.026), (259.617, -648.005), (238.28, -671.225)))
(((224.234, -287.969), (184.18, -277.143), (173.994, -260.283), (191.809, -240.124), (223.871, -240.806), (236.221, -259.332), (224.234, -287.969)))
(((223.871, -240.806), (191.809, -240.124), (182.343, -193.842), (203.826, -180.137), (242.368, -200.89), (223.871, -240.806)))
(((250.635, -127.114), (206.514, -151.013), (190.75, -136.375), (194.637, -99.453), (245.651, -108.563), (250.635, -127.114)))
(((226.716, -525.929), (238.335, -575.89), (203.938, -601.026), (174.376, -596.948), (175.775, -541), (180.205, -535.283), (215.392, -522.237), (226.716, -525.929)))
(((216.5, -53), (254.613, -53), (245.651, -108.563), (194.637, -99.453), (184.174, -80.7079), (216.5, -53)))
(((188.074, -800), (205.472, -741.593), (243.722, -750.773), (249.875, -800), (188.074, -800)))
(((267.634, -731.209), (243.722, -750.773), (205.472, -741.593), (184.786, -707.69), (199.818, -682.636), (238.28, -671.225), (267.634, -731.209)))
(((280.784, -638.057), (259.617, -648.005), (203.938, -601.026), (238.335, -575.89), (298.182, -615.788), (280.784, -638.057)))
(((265.313, -184.306), (243.279, -200.724), (242.368, -200.89), (203.826, -180.137), (206.514, -151.013), (250.635, -127.114), (269.986, -139.135), (265.313, -184.306)))
(((271.536, -378.473), (231.526, -379.993), (207.871, -335.312), (231.606, -308.534), (267.158, -314.05), (272.082, -378.069), (271.536, -378.473)))
(((287.864, -462.204), (247.586, -522.62), (226.716, -525.929), (215.392, -522.237), (211.927, -449.458), (274.202, -450.463), (287.864, -462.204)))
(((274.202, -450.463), (211.927, -449.458), (196.347, -434.119), (194.62, -429.141), (207.26, -405.191), (231.526, -379.993), (271.536, -378.473), (274.202, -450.463)))
(((275.894, -258.47), (236.221, -259.332), (223.871, -240.806), (242.368, -200.89), (243.279, -200.724), (281.851, -248.939), (275.894, -258.47)))
(((284.283, -300.414), (267.158, -314.05), (231.606, -308.534), (224.234, -287.969), (236.221, -259.332), (275.894, -258.47), (284.283, -300.414)))
(((298.182, -615.788), (238.335, -575.89), (226.716, -525.929), (247.586, -522.62), (274.634, -537.146), (298.946, -615.292), (298.182, -615.788)))
(((358.953, -800), (249.875, -800), (243.722, -750.773), (267.634, -731.209), (313.314, -738.708), (360.102, -796.462), (358.953, -800)))
(((304.232, -236.324), (281.851, -248.939), (243.279, -200.724), (265.313, -184.306), (300.885, -200.115), (307.134, -230.792), (304.232, -236.324)))
(((287.07, -53), (306.282, -108.075), (289.379, -134.556), (269.986, -139.135), (250.635, -127.114), (245.651, -108.563), (254.613, -53), (287.07, -53)))
(((313.314, -738.708), (267.634, -731.209), (238.28, -671.225), (259.617, -648.005), (280.784, -638.057), (314.812, -704.752), (313.314, -738.708)))
(((326.705, -516.318), (274.634, -537.146), (247.586, -522.62), (287.864, -462.204), (305.506, -464.697), (319.964, -475.986), (327.467, -514), (326.705, -516.318)))
(((310.557, -375.694), (272.082, -378.069), (267.158, -314.05), (284.283, -300.414), (310.467, -305.248), (326.801, -323.915), (310.557, -375.694)))
(((326.161, -174.839), (300.885, -200.115), (265.313, -184.306), (269.986, -139.135), (289.379, -134.556), (325.683, -160.488), (326.161, -174.839)))
(((336.125, -393.789), (305.506, -464.697), (287.864, -462.204), (274.202, -450.463), (271.536, -378.473), (272.082, -378.069), (310.557, -375.694), (336.125, -393.789)))
(((302.89, -614.44), (298.946, -615.292), (274.634, -537.146), (326.705, -516.318), (332.539, -539.655), (316.64, -602.026), (302.89, -614.44)))
(((310.467, -305.248), (284.283, -300.414), (275.894, -258.47), (281.851, -248.939), (304.232, -236.324), (331.652, -272.089), (310.467, -305.248)))
(((287.07, -53), (400, -53), (400, -70.6667), (341.191, -104.972), (306.282, -108.075), (287.07, -53)))
(((325.683, -160.488), (289.379, -134.556), (306.282, -108.075), (341.191, -104.972), (335.138, -153.397), (325.683, -160.488)))
(((355.955, -676.834), (314.812, -704.752), (280.784, -638.057), (298.182, -615.788), (298.946, -615.292), (302.89, -614.44), (356.417, -652.818), (355.955, -676.834)))
(((385.885, -217.972), (307.134, -230.792), (300.885, -200.115), (326.161, -174.839), (385.885, -217.972)))
(((400, -263.174), (331.652, -272.089), (304.232, -236.324), (307.134, -230.792), (385.885, -217.972), (400, -221.367), (400, -263.174)))
(((400, -320.129), (326.801, -323.915), (310.467, -305.248), (331.652, -272.089), (400, -263.174), (400, -320.129)))
(((400, -449.767), (319.964, -475.986), (305.506, -464.697), (336.125, -393.789), (400, -395.31), (400, -449.767)))
(((400, -395.31), (336.125, -393.789), (310.557, -375.694), (326.801, -323.915), (400, -320.129), (400, -395.31)))
(((400, -782.503), (379.902, -797.106), (360.624, -797.106), (313.314, -738.708), (314.812, -704.752), (355.955, -676.834), (400, -730.667), (400, -782.503)))
(((400, -142.878), (335.138, -153.397), (341.191, -104.972), (400, -70.6667), (400, -142.878)))
(((400, -561.339), (400, -582.246), (316.64, -602.026), (332.539, -539.655), (400, -561.339)))
(((400, -221.367), (385.885, -217.972), (326.161, -174.839), (325.683, -160.488), (335.138, -153.397), (400, -142.878), (400, -221.367)))
(((400, -561.339), (332.539, -539.655), (326.705, -516.318), (327.467, -514), (400, -514), (400, -561.339)))
(((400, -514), (327.467, -514), (319.964, -475.986), (400, -449.767), (400, -514)))
(((400, -641.519), (356.417, -652.818), (302.89, -614.44), (316.64, -602.026), (400, -582.246), (400, -641.519)))
(((400, -730.667), (355.955, -676.834), (356.417, -652.818), (400, -641.519), (400, -730.667)))
