(((-225, -139.931), (-172.623, -146.377), (-168.31, -150.69), (-190.093, -226.09), (-225, -228.163), (-225, -139.931)))
(((-225, -228.163), (-190.093, -226.09), (-178.245, -231.34), (-172.64, -238.814), (-165.159, -302.396), (-169.922, -309.374), (-225, -342.101), (-225, -228.163)))
(((-225, -139.931), (-225, -53), (-221.8, -53), (-165.929, -105.379), (-172.623, -146.377), (-225, -139.931)))
(((-225, -356.169), (-170.152, -374.747), (-140.077, -424.871), (-144.072, -429.273), (-225, -455.286), (-225, -356.169)))
(((-125.48, -53), (-125.124, -61.9064), (-139.238, -92.7004), (-165.929, -105.379), (-221.8, -53), (-125.48, -53)))
(((-225, -455.286), (-144.072, -429.273), (-133.954, -481.309), (-142.036, -497.151), (-225, -510.377), (-225, -455.286)))
(((-136.113, -170.5), (-142.303, -208.877), (-178.245, -231.34), (-190.093, -226.09), (-168.31, -150.69), (-161.332, -151.886), (-136.113, -170.5)))
(((-225, -356.169), (-225, -342.101), (-169.922, -309.374), (-129.313, -343.735), (-131.643, -361.598), (-170.152, -374.747), (-225, -356.169)))
(((-225, -552.1), (-134.164, -562.009), (-92.3487, -621.564), (-100.475, -626.633), (-225, -632.707), (-225, -552.1)))
(((-225, -730.887), (-225, -632.707), (-100.475, -626.633), (-145.068, -765.106), (-177.902, -765.106), (-225, -730.887)))
(((-225, -510.377), (-142.036, -497.151), (-112.875, -522.335), (-134.164, -562.009), (-225, -552.1), (-225, -510.377)))
(((-114.193, -268.593), (-130.914, -294.01), (-165.159, -302.396), (-172.64, -238.814), (-123.047, -254.164), (-114.193, -268.593)))
(((-119.937, -123.796), (-161.332, -151.886), (-168.31, -150.69), (-172.623, -146.377), (-165.929, -105.379), (-139.238, -92.7004), (-119.937, -123.796)))
(((-127.327, -421.41), (-140.077, -424.871), (-170.152, -374.747), (-131.643, -361.598), (-111.816, -379.725), (-127.327, -421.41)))
(((-103.136, -324.102), (-129.313, -343.735), (-169.922, -309.374), (-165.159, -302.396), (-130.914, -294.01), (-103.136, -324.102)))
(((-109.983, -227.166), (-123.047, -254.164), (-172.64, -238.814), (-178.245, -231.34), (-142.303, -208.877), (-111.281, -214.195), (-109.983, -227.166)))
(((-225, 483.767), (-225, 502.233), (-210.654, 546.386), (-64.7469, 540.55), (-101.738, 443.139), (-165.633, 402.785), (-208.902, 434.221), (-225, 483.767)))
(((-95.3687, -196.743), (-111.281, -214.195), (-142.303, -208.877), (-136.113, -170.5), (-115.227, -170.5), (-95.5292, -192.168), (-95.3687, -196.743)))
(((-101.242, -143.353), (-115.227, -170.5), (-136.113, -170.5), (-161.332, -151.886), (-119.937, -123.796), (-110.184, -125.917), (-101.242, -143.353)))
(((-213.603, 625), (-57.4627, 625), (-56.306, 547.5), (-58.714, 544.03), (-64.7469, 540.55), (-208.831, 546.313), (-224, 593), (-213.603, 625)))
(((-90.7127, -463.743), (-133.954, -481.309), (-144.072, -429.273), (-140.077, -424.871), (-127.327, -421.41), (-105.992, -430.893), (-90.7127, -463.743)))
(((-110.184, -125.917), (-119.937, -123.796), (-139.238, -92.7004), (-125.124, -61.9064), (-88.3767, -101.593), (-110.184, -125.917)))
(((-70.4847, -520.408), (-112.875, -522.335), (-142.036, -497.151), (-133.954, -481.309), (-90.7127, -463.743), (-87.1029, -465.825), (-68.1043, -518.599), (-70.4847, -520.408)))
(((-85.0435, -373.951), (-111.816, -379.725), (-131.643, -361.598), (-129.313, -343.735), (-103.136, -324.102), (-90.1085, -324.568), (-85.0435, -373.951)))
(((-90.1085, -324.568), (-103.136, -324.102), (-130.914, -294.01), (-114.193, -268.593), (-94.3467, -270.883), (-79.4352, -316.973), (-90.1085, -324.568)))
(((-92.3487, -621.564), (-134.164, -562.009), (-112.875, -522.335), (-70.4847, -520.408), (-87.2424, -620.954), (-92.3487, -621.564)))
(((-88.9275, -267.182), (-94.3467, -270.883), (-114.193, -268.593), (-123.047, -254.164), (-109.983, -227.166), (-75.9545, -243.285), (-88.9275, -267.182)))
(((-63.3542, -407.066), (-105.992, -430.893), (-127.327, -421.41), (-111.816, -379.725), (-85.0435, -373.951), (-80.8707, -376.075), (-63.3542, -407.066)))
(((-66.331, -167.141), (-95.5292, -192.168), (-115.227, -170.5), (-101.242, -143.353), (-67.0758, -148.893), (-66.331, -167.141)))
(((-70.8828, -239.815), (-75.9545, -243.285), (-109.983, -227.166), (-111.281, -214.195), (-95.3687, -196.743), (-65.2368, -217.744), (-70.8828, -239.815)))
(((-86.0458, -784.106), (-118.902, -784.106), (-145.065, -765.097), (-100.475, -626.633), (-92.3487, -621.564), (-87.2424, -620.954), (-71.2969, -625.802), (-39.8961, -655.689), (-86.0458, -784.106)))
(((-57.8182, -53), (-54.6127, -64.7535), (-79.2927, -101.237), (-88.3767, -101.593), (-125.124, -61.9064), (-125.48, -53), (-57.8182, -53)))
(((-56.9056, -136.398), (-67.0758, -148.893), (-101.242, -143.353), (-110.184, -125.917), (-88.3767, -101.593), (-79.2927, -101.237), (-57.4626, -126.186), (-56.9056, -136.398)))
(((-48.2283, -442.958), (-87.1029, -465.825), (-90.7127, -463.743), (-105.992, -430.893), (-63.3542, -407.066), (-60.3421, -408.421), (-47.8536, -441.724), (-48.2283, -442.958)))
(((-48.7673, -307.325), (-59.7091, -316.034), (-79.4352, -316.973), (-94.3467, -270.883), (-88.9275, -267.182), (-42.8844, -281.832), (-48.7673, -307.325)))
(((-45.0147, -353.819), (-80.8707, -376.075), (-85.0435, -373.951), (-90.1085, -324.568), (-79.4352, -316.973), (-59.7091, -316.034), (-45.0147, -353.819)))
(((-119.286, 317.704), (-148.902, 339.221), (-168, 398), (-166.655, 402.139), (-101.738, 443.139), (-40.3446, 425.193), (-44.5742, 351.881), (-119.286, 317.704)))
(((-46.3972, -209.181), (-65.2368, -217.744), (-95.3687, -196.743), (-95.5292, -192.168), (-66.331, -167.141), (-45.8035, -184.247), (-46.3972, -209.181)))
(((-42.8844, -281.832), (-88.9275, -267.182), (-75.9545, -243.285), (-70.8828, -239.815), (-41.3864, -258.386), (-41.8778, -280.5), (-42.8844, -281.832)))
(((-48.8841, -517.153), (-68.1043, -518.599), (-87.1029, -465.825), (-48.2283, -442.958), (-31.9661, -477.395), (-48.8841, -517.153)))
(((-31.9007, -102.669), (-57.4626, -126.186), (-79.2927, -101.237), (-54.6127, -64.7535), (-32.3905, -82.0976), (-31.9007, -102.669)))
(((-13.4802, -569.362), (-71.2969, -625.802), (-87.2424, -620.954), (-70.4847, -520.408), (-68.1043, -518.599), (-48.8841, -517.153), (-41.3751, -521.267), (-13.4802, -569.362)))
(((-30.5526, -393.526), (-60.3421, -408.421), (-63.3542, -407.066), (-80.8707, -376.075), (-45.0147, -353.819), (-32.4138, -359.094), (-30.5526, -393.526)))
(((-58.714, 544.03), (2.70848, 446.086), (-40.3446, 425.193), (-101.738, 443.139), (-64.7469, 540.55), (-58.714, 544.03)))
(((-22.3393, -239.339), (-41.3864, -258.386), (-70.8828, -239.815), (-65.2368, -217.744), (-46.3972, -209.181), (-32.3534, -216.366), (-22.3393, -239.339)))
(((-17.5175, -168.735), (-45.8035, -184.247), (-66.331, -167.141), (-67.0758, -148.893), (-56.9056, -136.398), (-19.708, -148.145), (-17.5175, -168.735)))
(((-96.4372, 146.627), (-117.902, 162.221), (-137, 221), (-119.365, 275.276), (-3.57946, 258.536), (2.76994, 252.363), (-8.06604, 177.594), (-40.0141, 157.264), (-96.4372, 146.627)))
(((-9.38901, -348.424), (-32.4138, -359.094), (-45.0147, -353.819), (-59.7091, -316.034), (-48.7673, -307.325), (-11.3389, -320.476), (-9.38901, -348.424)))
(((-3.13854, -130.571), (-19.708, -148.145), (-56.9056, -136.398), (-57.4626, -126.186), (-31.9007, -102.669), (-4.78967, -122.481), (-3.13854, -130.571)))
(((-14.757, -434.159), (-47.8536, -441.724), (-60.3421, -408.421), (-30.5526, -393.526), (-17.518, -398.266), (-14.757, -434.159)))
(((-1.02194, -195.88), (-32.3534, -216.366), (-46.3972, -209.181), (-45.8035, -184.247), (-17.5175, -168.735), (-5.89394, -178.422), (-1.02194, -195.88)))
(((-115.485, 274.715), (-125, 304), (-120.767, 317.027), (-44.5742, 351.881), (9.60542, 346.523), (12.7488, 344.63), (-3.57946, 258.536), (-115.485, 274.715)))
(((16.6818, -800), (-64.6818, -800), (-86.1519, -784.401), (-39.8961, -655.689), (-12.3973, -659.581), (37.1547, -715.113), (31.0525, -789.559), (16.6818, -800)))
(((5.9443, -466.125), (-31.9661, -477.395), (-48.2283, -442.958), (-47.8536, -441.724), (-14.757, -434.159), (-6.47126, -438.19), (5.9443, -466.125)))
(((-57.8182, -53), (-30, -53), (-30, -23.2778), (-1.28767, -74.3219), (-32.3905, -82.0976), (-54.6127, -64.7535), (-57.8182, -53)))
(((7.10204, -304.204), (-11.3389, -320.476), (-48.7673, -307.325), (-42.8844, -281.832), (-41.8778, -280.5), (-4.75, -280.5), (7.10204, -304.204)))
(((-4.75, -280.5), (-41.8778, -280.5), (-41.3864, -258.386), (-22.3393, -239.339), (9.18908, -247.046), (-4.75, -280.5)))
(((5.39699, 445.421), (9.60542, 346.523), (-44.5742, 351.881), (-40.3446, 425.193), (2.70848, 446.086), (5.39699, 445.421)))
(((-99.0537, 53), (-114, 99), (-98.6614, 146.207), (-40.0141, 157.264), (23.0638, 96.041), (15.0604, 70.9396), (-37.9783, 53), (-99.0537, 53)))
(((14.7185, -390.591), (-17.518, -398.266), (-30.5526, -393.526), (-32.4138, -359.094), (-9.38901, -348.424), (2.22143, -354.757), (15.2519, -389.505), (14.7185, -390.591)))
(((14.8454, -85.6649), (-4.78967, -122.481), (-31.9007, -102.669), (-32.3905, -82.0976), (-1.28767, -74.3219), (10.2629, -75.7363), (14.8454, -85.6649)))
(((12.6068, -469.267), (7.36014, -510.191), (-41.3751, -521.267), (-48.8841, -517.153), (-31.9661, -477.395), (5.9443, -466.125), (12.6068, -469.267)))
(((-12.3973, -659.581), (-39.8961, -655.689), (-71.2969, -625.802), (-13.4802, -569.362), (16.8792, -573.21), (14.4973, -631.565), (-12.3973, -659.581)))
(((9.18908, -247.046), (-22.3393, -239.339), (-32.3534, -216.366), (-1.02194, -195.88), (10.1261, -203.507), (16.2176, -244.118), (9.18908, -247.046)))
(((-30, -23.2778), (-30, -19.9375), (24.5343, -49.4769), (10.2629, -75.7363), (-1.28767, -74.3219), (-30, -23.2778)))
(((21.7034, -414.04), (-6.47126, -438.19), (-14.757, -434.159), (-17.518, -398.266), (14.7185, -390.591), (21.7034, -414.04)))
(((32.8842, -564.44), (16.8792, -573.21), (-13.4802, -569.362), (-41.3751, -521.267), (7.36014, -510.191), (25.2539, -523.497), (33.7657, -561.09), (32.8842, -564.44)))
(((24.7067, -161.846), (-5.89394, -178.422), (-17.5175, -168.735), (-19.708, -148.145), (-3.13854, -130.571), (27.3743, -140.506), (24.7067, -161.846)))
(((-30, -19.9375), (-30, 3.6875), (23.8706, 2.72552), (32.9505, -43.8088), (24.5343, -49.4769), (-30, -19.9375)))
(((-30, 3.6875), (-30, 53), (-37.9783, 53), (15.0604, 70.9396), (45.6186, 40.3814), (49.0058, 23.6715), (23.8706, 2.72552), (-30, 3.6875)))
(((62.5594, 531.592), (24.0302, 449.22), (5.39699, 445.421), (2.70848, 446.086), (-58.714, 544.03), (-56.306, 547.5), (27.7143, 547.5), (62.5594, 531.592)))
(((33.25, 625), (27.7143, 547.5), (-56.306, 547.5), (-57.4627, 625), (33.25, 625)))
(((29.5636, -339.672), (2.22143, -354.757), (-9.38901, -348.424), (-11.3389, -320.476), (7.10204, -304.204), (16.8438, -305.328), (29.5636, -339.672)))
(((44.8544, -448.703), (31.6667, -464.667), (12.6068, -469.267), (5.9443, -466.125), (-6.47126, -438.19), (21.7034, -414.04), (40.4375, -429.562), (44.8544, -448.703)))
(((27.3277, -246.643), (38.5789, -294.461), (16.8438, -305.328), (7.10204, -304.204), (-4.75, -280.5), (9.18908, -247.046), (16.2176, -244.118), (27.3277, -246.643)))
(((43.6903, -188.823), (10.1261, -203.507), (-1.02194, -195.88), (-5.89394, -178.422), (24.7067, -161.846), (43.6903, -188.823)))
(((38.086, -134.703), (27.3743, -140.506), (-3.13854, -130.571), (-4.78967, -122.481), (14.8454, -85.6649), (49.024, -104.463), (38.086, -134.703)))
(((51.8525, 114.548), (23.0638, 96.041), (-40.0141, 157.264), (-8.06604, 177.594), (36.896, 170.101), (51.8525, 114.548)))
(((42.5, -378.733), (15.2519, -389.505), (2.22143, -354.757), (29.5636, -339.672), (42.5, -343.321), (42.5, -378.733)))
(((53.0134, -498.821), (25.2539, -523.497), (7.36014, -510.191), (12.6068, -469.267), (31.6667, -464.667), (53.0134, -498.821)))
(((80.5348, 379.48), (29.0977, 344.944), (12.7488, 344.63), (9.60542, 346.523), (5.39699, 445.421), (24.0302, 449.22), (75.1939, 420.872), (80.5348, 379.48)))
(((62.7291, -213.718), (37.1471, -243.426), (27.3277, -246.643), (16.2176, -244.118), (10.1261, -203.507), (43.6903, -188.823), (51.5123, -190.817), (62.7291, -213.718)))
(((68.8685, 189.584), (36.896, 170.101), (-8.06604, 177.594), (2.76994, 252.363), (42.3597, 251.88), (68.8685, 189.584)))
(((77.1099, 277.662), (42.3597, 251.88), (2.76994, 252.363), (-3.57946, 258.536), (12.7488, 344.63), (29.0977, 344.944), (77.8464, 280.424), (77.1099, 277.662)))
(((65.8902, -331.326), (42.5, -343.321), (29.5636, -339.672), (16.8438, -305.328), (38.5789, -294.461), (55.8153, -298.942), (65.8902, -331.326)))
(((83.7262, -630.06), (14.4973, -631.565), (16.8792, -573.21), (32.8842, -564.44), (86.002, -600.52), (91.3852, -614.386), (83.7262, -630.06)))
(((85.2684, -674.782), (37.1547, -715.113), (-12.3973, -659.581), (14.4973, -631.565), (83.7262, -630.06), (85.2684, -674.782)))
(((49.024, -104.463), (14.8454, -85.6649), (10.2629, -75.7363), (24.5343, -49.4769), (32.9505, -43.8088), (49.1052, -46.0762), (65.5952, -97.1951), (49.024, -104.463)))
(((68.3, -401.7), (40.4375, -429.562), (21.7034, -414.04), (14.7185, -390.591), (15.2519, -389.505), (42.5, -378.733), (61.0444, -384.77), (68.3, -401.7)))
(((51.5123, -190.817), (43.6903, -188.823), (24.7067, -161.846), (27.3743, -140.506), (38.086, -134.703), (74.8957, -159.639), (51.5123, -190.817)))
(((60.4412, 17.5), (69.8675, -35.9159), (49.1052, -46.0762), (32.9505, -43.8088), (23.8706, 2.72552), (49.0058, 23.6715), (60.4412, 17.5)))
(((67.2177, -288.806), (55.8153, -298.942), (38.5789, -294.461), (27.3277, -246.643), (37.1471, -243.426), (74.8027, -267.135), (67.2177, -288.806)))
(((132.849, 625), (83.1601, 534.998), (62.5594, 531.592), (27.7143, 547.5), (33.25, 625), (132.849, 625)))
(((83.0409, -525.674), (33.7657, -561.09), (25.2539, -523.497), (53.0134, -498.821), (75.0439, -502.571), (83.0409, -525.674)))
(((93.5579, 83.6814), (45.6186, 40.3814), (15.0604, 70.9396), (23.0638, 96.041), (51.8525, 114.548), (89.5108, 105.94), (93.5579, 83.6814)))
(((85.6726, -357.187), (61.0444, -384.77), (42.5, -378.733), (42.5, -343.321), (65.8902, -331.326), (83.0912, -339.439), (85.6726, -357.187)))
(((89.0869, -481.265), (75.0439, -502.571), (53.0134, -498.821), (31.6667, -464.667), (44.8544, -448.703), (78.5473, -452.746), (89.0869, -481.265)))
(((95.5369, -139.699), (76.5165, -159.22), (74.8957, -159.639), (38.086, -134.703), (49.024, -104.463), (65.5952, -97.1951), (66.4156, -97.2686), (94.5588, -134.418), (95.5369, -139.699)))
(((78.5473, -452.746), (44.8544, -448.703), (40.4375, -429.562), (68.3, -401.7), (106.178, -419.253), (78.5473, -452.746)))
(((74.8027, -267.135), (37.1471, -243.426), (62.7291, -213.718), (95.5748, -221.481), (76.109, -266.402), (74.8027, -267.135)))
(((114.005, 132.621), (89.5108, 105.94), (51.8525, 114.548), (36.896, 170.101), (68.8685, 189.584), (110.852, 185.586), (114.005, 132.621)))
(((103.955, -73.1364), (66.4156, -97.2686), (65.5952, -97.1951), (49.1052, -46.0762), (69.8675, -35.9159), (97.4452, -41.6396), (107.286, -63.1429), (103.955, -73.1364)))
(((138.081, 473.616), (75.1939, 420.872), (24.0302, 449.22), (62.5594, 531.592), (83.1601, 534.998), (138.081, 473.616)))
(((86.002, -600.52), (32.8842, -564.44), (33.7657, -561.09), (83.0409, -525.674), (110.137, -541.389), (86.002, -600.52)))
(((127.208, 318.722), (77.8464, 280.424), (29.0977, 344.944), (80.5348, 379.48), (128.906, 352.345), (127.208, 318.722)))
(((110.852, 185.586), (68.8685, 189.584), (42.3597, 251.88), (77.1099, 277.662), (135.856, 209.64), (110.852, 185.586)))
(((109.3, -218.05), (95.5748, -221.481), (62.7291, -213.718), (51.5123, -190.817), (74.8957, -159.639), (76.5165, -159.22), (110.326, -199.791), (110.035, -216.948), (109.3, -218.05)))
(((83.0912, -339.439), (65.8902, -331.326), (55.8153, -298.942), (67.2177, -288.806), (106.084, -302.939), (86.0263, -337.482), (83.0912, -339.439)))
(((97.4452, -41.6396), (69.8675, -35.9159), (60.4412, 17.5), (96.25, 17.5), (108.094, -21.9802), (97.4452, -41.6396)))
(((125.96, 43.9093), (96.25, 17.5), (60.4412, 17.5), (49.0058, 23.6715), (45.6186, 40.3814), (93.5579, 83.6814), (125.554, 48.8409), (125.96, 43.9093)))
(((106.178, -419.253), (68.3, -401.7), (61.0444, -384.77), (85.6726, -357.187), (116.53, -382.434), (109.738, -418.243), (106.178, -419.253)))
(((118.93, -295.553), (106.084, -302.939), (67.2177, -288.806), (74.8027, -267.135), (76.109, -266.402), (117.538, -276.759), (118.93, -295.553)))
(((152.446, -800), (43.5544, -800), (30.9475, -790.841), (37.1547, -715.113), (85.2684, -674.782), (197.881, -722.365), (178.902, -780.779), (152.446, -800)))
(((124.761, -262.614), (117.538, -276.759), (76.109, -266.402), (95.5748, -221.481), (109.3, -218.05), (126.239, -252.634), (124.761, -262.614)))
(((119.408, -99.6284), (94.5588, -134.418), (66.4156, -97.2686), (103.955, -73.1364), (119.408, -99.6284)))
(((142.279, -486.894), (121.133, -538.248), (110.137, -541.389), (83.0409, -525.674), (75.0439, -502.571), (89.0869, -481.265), (137.556, -483.372), (142.279, -486.894)))
(((125.745, -174.092), (110.326, -199.791), (76.5165, -159.22), (95.5369, -139.699), (121.712, -147.879), (125.745, -174.092)))
(((119.098, -423.74), (137.556, -483.372), (89.0869, -481.265), (78.5473, -452.746), (106.178, -419.253), (109.738, -418.243), (119.098, -423.74)))
(((135.235, -346.951), (117.145, -382), (116.53, -382.434), (85.6726, -357.187), (83.0912, -339.439), (86.0263, -337.482), (131.822, -339.179), (135.235, -346.951)))
(((131.822, -339.179), (86.0263, -337.482), (106.084, -302.939), (118.93, -295.553), (138.531, -309.363), (131.822, -339.179)))
(((145.003, -116.632), (132.917, -141.476), (121.712, -147.879), (95.5369, -139.699), (94.5588, -134.418), (119.408, -99.6284), (141.545, -108.852), (145.003, -116.632)))
(((162.417, -10.5437), (108.094, -21.9802), (96.25, 17.5), (125.96, 43.9093), (148.406, 24.4853), (162.417, -10.5437)))
(((162.498, 216.927), (135.856, 209.64), (77.1099, 277.662), (77.8464, 280.424), (127.208, 318.722), (172.049, 273.035), (162.498, 216.927)))
(((214.129, 404.263), (128.906, 352.345), (80.5348, 379.48), (75.1939, 420.872), (138.081, 473.616), (146.372, 472.085), (201.984, 435.011), (213.611, 412.686), (214.129, 404.263)))
(((182.587, -610.786), (91.3852, -614.386), (86.002, -600.52), (110.137, -541.389), (121.133, -538.248), (154.795, -559.544), (182.587, -610.786)))
(((193.895, -720.681), (85.2684, -674.782), (83.7262, -630.06), (91.3852, -614.386), (182.587, -610.786), (221.487, -630.956), (228, -651), (208.902, -709.779), (193.895, -720.681)))
(((176.903, -22.6932), (158.826, -58.8478), (107.286, -63.1429), (97.4452, -41.6396), (108.094, -21.9802), (162.417, -10.5437), (176.903, -22.6932)))
(((171.591, 92.4545), (125.554, 48.8409), (93.5579, 83.6814), (89.5108, 105.94), (114.005, 132.621), (162.75, 114.242), (171.591, 92.4545)))
(((162.156, -70.2079), (141.545, -108.852), (119.408, -99.6284), (103.955, -73.1364), (107.286, -63.1429), (158.826, -58.8478), (162.156, -70.2079)))
(((165.08, -185.536), (151.711, -210.163), (110.035, -216.948), (110.326, -199.791), (125.745, -174.092), (162.609, -179.553), (165.08, -185.536)))
(((172.303, -418.42), (119.098, -423.74), (109.738, -418.243), (116.53, -382.434), (117.145, -382), (167.242, -382), (179.461, -391.47), (172.303, -418.42)))
(((167.242, -382), (117.145, -382), (135.235, -346.951), (156.044, -353.072), (167.242, -382)))
(((162.609, -179.553), (125.745, -174.092), (121.712, -147.879), (132.917, -141.476), (166.406, -159.616), (162.609, -179.553)))
(((165.673, -304.754), (138.531, -309.363), (118.93, -295.553), (117.538, -276.759), (124.761, -262.614), (170.214, -282.5), (165.673, -304.754)))
(((163.806, -246.765), (126.239, -252.634), (109.3, -218.05), (110.035, -216.948), (151.711, -210.163), (167.979, -229.143), (163.806, -246.765)))
(((191.435, 625), (210.207, 611.361), (146.372, 472.085), (138.081, 473.616), (83.1601, 534.998), (132.849, 625), (191.435, 625)))
(((187.842, -446.202), (145.221, -486.637), (142.279, -486.894), (137.556, -483.372), (119.098, -423.74), (172.303, -418.42), (187.842, -446.202)))
(((170.214, -282.5), (124.761, -262.614), (126.239, -252.634), (163.806, -246.765), (178.916, -268.444), (170.214, -282.5)))
(((186.432, -324.065), (156.044, -353.072), (135.235, -346.951), (131.822, -339.179), (138.531, -309.363), (165.673, -304.754), (186.432, -324.065)))
(((213.816, 185.425), (162.75, 114.242), (114.005, 132.621), (110.852, 185.586), (135.856, 209.64), (162.498, 216.927), (213.816, 185.425)))
(((182.499, -513.914), (154.795, -559.544), (121.133, -538.248), (142.279, -486.894), (145.221, -486.637), (182.499, -513.914)))
(((166.406, -159.616), (132.917, -141.476), (145.003, -116.632), (169.986, -121.892), (174.087, -152.655), (166.406, -159.616)))
(((192.393, -107.393), (169.986, -121.892), (145.003, -116.632), (141.545, -108.852), (162.156, -70.2079), (192.599, -96.0388), (192.393, -107.393)))
(((225.224, 65.6379), (148.406, 24.4853), (125.96, 43.9093), (125.554, 48.8409), (171.591, 92.4545), (225.224, 65.6379)))
(((187.924, -324.501), (194.955, -382.5), (179.461, -391.47), (167.242, -382), (156.044, -353.072), (186.432, -324.065), (187.924, -324.501)))
(((192.337, -221.762), (167.979, -229.143), (151.711, -210.163), (165.08, -185.536), (195.307, -194.286), (192.337, -221.762)))
(((225.34, 389.849), (213.44, 297.03), (172.049, 273.035), (127.208, 318.722), (128.906, 352.345), (214.129, 404.263), (225.34, 389.849)))
(((273.902, 53), (210, 53), (210, -19.1344), (176.903, -22.6932), (162.417, -10.5437), (148.406, 24.4853), (225.224, 65.6379), (272.753, 56.5366), (273.902, 53)))
(((223.386, -631.941), (182.587, -610.786), (154.795, -559.544), (182.499, -513.914), (203.196, -514.627), (216.389, -525.791), (237.272, -621.852), (223.386, -631.941)))
(((192.545, -265.941), (178.916, -268.444), (163.806, -246.765), (167.979, -229.143), (192.337, -221.762), (207.218, -235.617), (192.545, -265.941)))
(((210.06, -466.578), (203.196, -514.627), (182.499, -513.914), (145.221, -486.637), (187.842, -446.202), (196.36, -448.804), (210.06, -466.578)))
(((206.076, -187.62), (195.307, -194.286), (165.08, -185.536), (162.609, -179.553), (166.406, -159.616), (174.087, -152.655), (199.527, -153.362), (210.571, -165.143), (206.076, -187.62)))
(((205.824, -120.824), (199.527, -153.362), (174.087, -152.655), (169.986, -121.892), (192.393, -107.393), (205.824, -120.824)))
(((210, -19.1344), (210, -53), (224.579, -53), (221.394, -73.1726), (192.599, -96.0388), (162.156, -70.2079), (158.826, -58.8478), (176.903, -22.6932), (210, -19.1344)))
(((187.924, -324.501), (186.432, -324.065), (165.673, -304.754), (170.214, -282.5), (178.916, -268.444), (192.545, -265.941), (210.879, -277.804), (192.632, -323.421), (187.924, -324.501)))
(((269.1, 581.446), (201.984, 435.011), (146.372, 472.085), (210.548, 612.106), (226.902, 612.106), (269.1, 581.446)))
(((275.98, 55.9188), (225.224, 65.6379), (171.591, 92.4545), (162.75, 114.242), (213.816, 185.425), (282.065, 177.276), (301, 119), (281.902, 60.2215), (275.98, 55.9188)))
(((236.048, -419.322), (196.36, -448.804), (187.842, -446.202), (172.303, -418.42), (179.461, -391.47), (194.955, -382.5), (215.149, -382.5), (236.048, -419.322)))
(((215.149, -382.5), (194.955, -382.5), (187.924, -324.501), (192.632, -323.421), (216.016, -326.068), (238.752, -360.667), (215.149, -382.5)))
(((223.83, -234.106), (207.218, -235.617), (192.337, -221.762), (195.307, -194.286), (206.076, -187.62), (239.094, -206.63), (223.83, -234.106)))
(((240.257, -302.635), (216.016, -326.068), (192.632, -323.421), (210.879, -277.804), (224.123, -278.434), (240.257, -302.635)))
(((239.361, -254.815), (224.123, -278.434), (210.879, -277.804), (192.545, -265.941), (207.218, -235.617), (223.83, -234.106), (239.361, -254.815)))
(((310.909, 234.254), (297.902, 194.221), (275.635, 178.044), (213.816, 185.425), (162.498, 216.927), (172.049, 273.035), (213.44, 297.03), (310.909, 234.254)))
(((245.815, -153.395), (210.571, -165.143), (199.527, -153.362), (205.824, -120.824), (235.709, -122.357), (245.815, -153.395)))
(((235.709, -122.357), (205.824, -120.824), (192.393, -107.393), (192.599, -96.0388), (221.394, -73.1726), (246.979, -103.875), (235.709, -122.357)))
(((267.196, -491.462), (216.389, -525.791), (203.196, -514.627), (210.06, -466.578), (260.743, -473.65), (267.196, -491.462)))
(((246.805, -153.956), (240.54, -206.166), (239.094, -206.63), (206.076, -187.62), (210.571, -165.143), (245.815, -153.395), (246.805, -153.956)))
(((260.743, -473.65), (210.06, -466.578), (196.36, -448.804), (236.048, -419.322), (254.845, -423.014), (266.435, -453.728), (260.743, -473.65)))
(((259.722, -360.001), (238.752, -360.667), (216.016, -326.068), (240.257, -302.635), (246.601, -303.123), (268.043, -322.555), (259.722, -360.001)))
(((263.429, -363.009), (267.714, -408), (254.845, -423.014), (236.048, -419.322), (215.149, -382.5), (238.752, -360.667), (259.722, -360.001), (263.429, -363.009)))
(((270.016, -273.855), (246.601, -303.123), (240.257, -302.635), (224.123, -278.434), (239.361, -254.815), (260.498, -255.295), (270.016, -273.855)))
(((260.498, -255.295), (239.361, -254.815), (223.83, -234.106), (239.094, -206.63), (240.54, -206.166), (248.432, -207.429), (273.961, -233.979), (260.498, -255.295)))
(((273.588, -53), (262.417, -100.478), (246.979, -103.875), (221.394, -73.1726), (224.579, -53), (273.588, -53)))
(((285.598, -621.873), (283.902, -623.106), (237.545, -623.106), (216.389, -525.791), (267.196, -491.462), (269.436, -493.051), (286.376, -611.632), (285.598, -621.873)))
(((310.318, 234.634), (213.44, 297.03), (225.34, 389.849), (347.32, 335.635), (355, 312), (335.902, 253.221), (310.318, 234.634)))
(((284.043, -181.789), (248.432, -207.429), (240.54, -206.166), (246.805, -153.956), (259.877, -155.123), (284.043, -181.789)))
(((291.755, -123.245), (259.877, -155.123), (246.805, -153.956), (245.815, -153.395), (235.709, -122.357), (246.979, -103.875), (262.417, -100.478), (292.906, -117.175), (291.755, -123.245)))
(((364.381, 495.138), (213.611, 412.686), (201.984, 435.011), (268.028, 579.106), (298.902, 579.106), (348.902, 542.779), (364.381, 495.138)))
(((306.361, -307.958), (268.043, -322.555), (246.601, -303.123), (270.016, -273.855), (306.218, -286.526), (308.488, -300.968), (306.361, -307.958)))
(((315.185, -220.797), (312.145, -224.628), (273.961, -233.979), (248.432, -207.429), (284.043, -181.789), (309.555, -188.403), (313.175, -193.997), (315.185, -220.797)))
(((307.393, -53), (303.299, -110.312), (292.906, -117.175), (262.417, -100.478), (273.588, -53), (307.393, -53)))
(((306.218, -286.526), (270.016, -273.855), (260.498, -255.295), (273.961, -233.979), (312.145, -224.628), (311.116, -277.069), (306.218, -286.526)))
(((314.013, -441.207), (266.435, -453.728), (254.845, -423.014), (267.714, -408), (300.311, -408), (315.81, -431.894), (314.013, -441.207)))
(((300.311, -408), (267.714, -408), (263.429, -363.009), (293.625, -363.625), (311.689, -381.689), (300.311, -408)))
(((314.58, -328.701), (293.625, -363.625), (263.429, -363.009), (259.722, -360.001), (268.043, -322.555), (306.361, -307.958), (314.58, -328.701)))
(((309.555, -188.403), (284.043, -181.789), (259.877, -155.123), (291.755, -123.245), (313.735, -165.83), (309.555, -188.403)))
(((321.12, -504.504), (286.376, -611.632), (269.436, -493.051), (312.471, -494.588), (321.12, -504.504)))
(((324.297, -459.109), (312.471, -494.588), (269.436, -493.051), (267.196, -491.462), (260.743, -473.65), (266.435, -453.728), (314.013, -441.207), (324.297, -459.109)))
(((400, 429.233), (400, 410.767), (383.902, 361.221), (348.167, 335.259), (225.34, 389.849), (214.129, 404.263), (213.611, 412.686), (362.672, 494.203), (383.902, 478.779), (400, 429.233)))
(((338.217, -378.302), (311.689, -381.689), (293.625, -363.625), (314.58, -328.701), (339.338, -343.302), (338.512, -378), (338.217, -378.302)))
(((343.318, -139.661), (313.735, -165.83), (291.755, -123.245), (292.906, -117.175), (303.299, -110.312), (332.588, -114.412), (343.318, -139.661)))
(((344.424, -415.543), (315.81, -431.894), (300.311, -408), (311.689, -381.689), (338.217, -378.302), (344.424, -415.543)))
(((346.267, -53), (349.25, -97.75), (332.588, -114.412), (303.299, -110.312), (307.393, -53), (346.267, -53)))
(((400, -519.387), (400, -602.152), (362.902, -629.106), (301.098, -629.106), (285.888, -618.055), (286.376, -611.632), (321.12, -504.504), (400, -519.387)))
(((370.666, -266.435), (311.116, -277.069), (312.145, -224.628), (315.185, -220.797), (345.799, -230.091), (370.666, -266.435)))
(((400, -303.828), (400, -314.487), (339.338, -343.302), (314.58, -328.701), (306.361, -307.958), (308.488, -300.968), (400, -303.828)))
(((400, -519.387), (321.12, -504.504), (312.471, -494.588), (324.297, -459.109), (400, -462.714), (400, -519.387)))
(((400, -303.828), (308.488, -300.968), (306.218, -286.526), (311.116, -277.069), (370.666, -266.435), (400, -284.361), (400, -303.828)))
(((400, -166.579), (313.175, -193.997), (309.555, -188.403), (313.735, -165.83), (343.318, -139.661), (400, -162.07), (400, -166.579)))
(((400, -462.714), (324.297, -459.109), (314.013, -441.207), (315.81, -431.894), (344.424, -415.543), (400, -437.232), (400, -462.714)))
(((400, -192.15), (345.799, -230.091), (315.185, -220.797), (313.175, -193.997), (400, -166.579), (400, -192.15)))
(((400, -162.07), (343.318, -139.661), (332.588, -114.412), (349.25, -97.75), (400, -114.667), (400, -162.07)))
(((400, -437.232), (344.424, -415.543), (338.217, -378.302), (338.512, -378), (400, -378), (400, -437.232)))
(((400, -378), (338.512, -378), (339.338, -343.302), (400, -314.488), (400, -378)))
(((346.267, -53), (400, -53), (400, -114.667), (349.25, -97.75), (346.267, -53)))
(((400, -284.361), (370.666, -266.435), (345.799, -230.091), (400, -192.15), (400, -284.361)))
