(((-225, -355.538), (-187.086, -370.121), (-186.247, -371.38), (-181.484, -406.763), (-225, -445.444), (-225, -355.538)))
(((-225, -106.205), (-180.192, -120.462), (-178.416, -134.673), (-191.714, -164.896), (-225, -166.951), (-225, -106.205)))
(((-225, -166.951), (-191.714, -164.896), (-178.545, -174.941), (-160.059, -199.588), (-196.03, -244.279), (-225, -255.196), (-225, -166.951)))
(((-225, -503.92), (-203.023, -511.832), (-178.23, -537.277), (-173.614, -601.898), (-176.398, -605.966), (-225, -612.976), (-225, -503.92)))
(((-225, -106.205), (-225, -53), (-172.031, -53), (-166.838, -86.2399), (-180.192, -120.462), (-225, -106.205)))
(((-162.317, -800), (-225, -800), (-225, -697.595), (-176.185, -703.407), (-146.594, -728.374), (-162.317, -800)))
(((-225, -295.831), (-169.488, -306.18), (-160.718, -338.869), (-187.086, -370.121), (-225, -355.538), (-225, -295.831)))
(((-225, -612.976), (-176.398, -605.966), (-147.371, -640.017), (-176.185, -703.407), (-225, -697.595), (-225, -612.976)))
(((-225, -464.652), (-225, -445.444), (-181.484, -406.763), (-155.564, -418.819), (-163.116, -456.58), (-225, -464.652)))
(((-225, -255.196), (-196.03, -244.279), (-146.958, -264.726), (-156.211, -297.882), (-169.488, -306.18), (-225, -295.831), (-225, -255.196)))
(((-225, -464.652), (-163.116, -456.58), (-145.036, -470.024), (-143.758, -492.611), (-203.023, -511.832), (-225, -503.92), (-225, -464.652)))
(((-122.962, -532.54), (-178.23, -537.277), (-203.023, -511.832), (-143.758, -492.611), (-114.211, -522.896), (-122.962, -532.54)))
(((-123.907, -246.928), (-128.515, -253.967), (-146.958, -264.726), (-196.03, -244.279), (-160.059, -199.588), (-145.343, -202.531), (-124.582, -235.619), (-123.907, -246.928)))
(((-139.926, -414.128), (-155.564, -418.819), (-181.484, -406.763), (-186.247, -371.38), (-124.616, -381.32), (-139.926, -414.128)))
(((-135.54, -578.361), (-173.614, -601.898), (-178.23, -537.277), (-122.962, -532.54), (-135.54, -578.361)))
(((-125.089, -130.864), (-178.416, -134.673), (-180.192, -120.462), (-166.838, -86.2399), (-123.765, -124.343), (-125.089, -130.864)))
(((-124.865, -131.791), (-127.775, -142.09), (-178.545, -174.941), (-191.714, -164.896), (-178.416, -134.673), (-125.089, -130.864), (-124.865, -131.791)))
(((-124.616, -381.32), (-186.247, -371.38), (-187.086, -370.121), (-160.718, -338.869), (-129.952, -346.156), (-115.555, -374.35), (-124.616, -381.32)))
(((-225, 442.387), (-225, 565.613), (-178.902, 599.106), (-117.098, 599.106), (-113.007, 596.133), (-73.8712, 470.029), (-180.272, 409.89), (-225, 442.387)))
(((-129.952, -346.156), (-160.718, -338.869), (-169.488, -306.18), (-156.211, -297.882), (-117.339, -311.919), (-129.952, -346.156)))
(((-145.343, -202.531), (-160.059, -199.588), (-178.545, -174.941), (-127.775, -142.09), (-123.005, -183.83), (-145.343, -202.531)))
(((-119, -452.667), (-145.036, -470.024), (-163.116, -456.58), (-155.564, -418.819), (-139.926, -414.128), (-119, -435.776), (-119, -452.667)))
(((-113.732, -717.152), (-146.594, -728.374), (-176.185, -703.407), (-147.371, -640.017), (-115.151, -647.624), (-113.732, -717.152)))
(((-117.6, -53), (-106.881, -106.593), (-123.765, -124.343), (-166.838, -86.2399), (-172.031, -53), (-117.6, -53)))
(((-117.339, -311.919), (-156.211, -297.882), (-146.958, -264.726), (-128.515, -253.967), (-105.409, -305.955), (-117.339, -311.919)))
(((-115.151, -647.624), (-147.371, -640.017), (-176.398, -605.966), (-173.614, -601.898), (-135.54, -578.361), (-103.169, -591.784), (-82.1979, -632.772), (-115.151, -647.624)))
(((-104.185, -521.431), (-114.211, -522.896), (-143.758, -492.611), (-145.036, -470.024), (-119, -452.667), (-98.0628, -465.462), (-95.7376, -513.13), (-104.185, -521.431)))
(((-70.4471, -408.988), (-119, -435.776), (-139.926, -414.128), (-124.616, -381.32), (-115.555, -374.35), (-98.2527, -375.944), (-70.7281, -406.397), (-70.4471, -408.988)))
(((-162.317, -800), (-146.594, -728.374), (-113.732, -717.152), (-77.0711, -726.428), (-75.7714, -728.047), (-83.8952, -800), (-162.317, -800)))
(((-78.4485, -169.163), (-88.315, -183.092), (-123.005, -183.83), (-127.775, -142.09), (-124.865, -131.791), (-79.0266, -157.985), (-78.4485, -169.163)))
(((-80.7192, -210.554), (-124.582, -235.619), (-145.343, -202.531), (-123.005, -183.83), (-88.315, -183.092), (-80.7192, -210.554)))
(((-78.4501, -557.958), (-103.169, -591.784), (-135.54, -578.361), (-122.962, -532.54), (-114.211, -522.896), (-104.185, -521.431), (-78.4501, -557.958)))
(((-98.2527, -375.944), (-115.555, -374.35), (-129.952, -346.156), (-117.339, -311.919), (-105.409, -305.955), (-94.8488, -306.295), (-76.4799, -342.158), (-98.2527, -375.944)))
(((-76.595, -288.932), (-94.8488, -306.295), (-105.409, -305.955), (-128.515, -253.967), (-123.907, -246.928), (-71.8814, -262.536), (-76.595, -288.932)))
(((-62.1667, -423.588), (-74.9659, -452.554), (-98.0628, -465.462), (-119, -452.667), (-119, -435.776), (-70.4471, -408.988), (-62.1667, -423.588)))
(((-59.6194, -125.381), (-79.0266, -157.985), (-124.865, -131.791), (-125.089, -130.864), (-123.765, -124.343), (-106.881, -106.593), (-58.9261, -110.589), (-59.6194, -125.381)))
(((-71.8814, -262.536), (-123.907, -246.928), (-124.582, -235.619), (-80.7192, -210.554), (-79.1733, -211.723), (-67.7388, -258.89), (-71.8814, -262.536)))
(((-47.1878, -651.72), (-77.0711, -726.428), (-113.732, -717.152), (-115.151, -647.624), (-82.1979, -632.772), (-55.2424, -635.961), (-47.1878, -651.72)))
(((-69.4118, -53), (-54.1324, -104.95), (-58.9261, -110.589), (-106.881, -106.593), (-117.6, -53), (-69.4118, -53)))
(((-143.33, 315.276), (-163.902, 330.221), (-183, 389), (-175.299, 412.7), (-73.8712, 470.029), (-43.88, 459.9), (-42.36, 338.304), (-143.33, 315.276)))
(((-55.2424, -635.961), (-82.1979, -632.772), (-103.169, -591.784), (-78.4501, -557.958), (-67.1554, -562.024), (-49.9422, -627.052), (-55.2424, -635.961)))
(((-53.7987, -501.946), (-95.7376, -513.13), (-98.0628, -465.462), (-74.9659, -452.554), (-52.4831, -488.527), (-53.7987, -501.946)))
(((-32.6267, -318.302), (-67.9382, -341.475), (-76.4799, -342.158), (-94.8488, -306.295), (-76.595, -288.932), (-36.5756, -310.878), (-32.6267, -318.302)))
(((-38.5092, -550.845), (-67.1554, -562.024), (-78.4501, -557.958), (-104.185, -521.431), (-95.7376, -513.13), (-53.7987, -501.946), (-31.4343, -516.178), (-38.5092, -550.845)))
(((-34.05, -376.475), (-70.7281, -406.397), (-98.2527, -375.944), (-76.4799, -342.158), (-67.9382, -341.475), (-34.1719, -373.365), (-34.05, -376.475)))
(((-40.1621, -209.358), (-79.1733, -211.723), (-80.7192, -210.554), (-88.315, -183.092), (-78.4485, -169.163), (-45.8695, -177.968), (-40.1621, -209.358)))
(((-38.6156, -253.367), (-67.7388, -258.89), (-79.1733, -211.723), (-40.1621, -209.358), (-33.4583, -214.687), (-38.6156, -253.367)))
(((-130.423, 210.788), (-137.902, 216.221), (-157, 275), (-143.96, 315.132), (-42.36, 338.304), (-25.8105, 330.533), (-34.2714, 244.232), (-130.423, 210.788)))
(((-30.8674, -459.346), (-52.4831, -488.527), (-74.9659, -452.554), (-62.1667, -423.588), (-53.7203, -427.144), (-30.8674, -459.346)))
(((-45.8695, -177.968), (-78.4485, -169.163), (-79.0266, -157.985), (-59.6194, -125.381), (-23.5741, -161.426), (-45.8695, -177.968)))
(((-83.8952, -800), (-75.7714, -728.047), (-9.47027, -741.697), (-2.61027, -748.765), (7.95361, -800), (-83.8952, -800)))
(((-26.6395, -261.197), (-36.5756, -310.878), (-76.595, -288.932), (-71.8814, -262.536), (-67.7388, -258.89), (-38.6156, -253.367), (-26.6395, -261.197)))
(((-10.2945, -595.192), (-49.9422, -627.052), (-67.1554, -562.024), (-38.5092, -550.845), (-11.2069, -579.909), (-10.2945, -595.192)))
(((-19.3514, -341.872), (-34.1719, -373.365), (-67.9382, -341.475), (-32.6267, -318.302), (-27.9206, -320.448), (-19.3514, -341.872)))
(((-30.1458, -53), (-17.7865, -68.6118), (-30.8508, -101.775), (-54.1324, -104.95), (-69.4118, -53), (-30.1458, -53)))
(((-9.47027, -741.697), (-75.7714, -728.047), (-77.0711, -726.428), (-47.1878, -651.72), (-6.90567, -672.453), (-9.47027, -741.697)))
(((-92.0089, 131.315), (-113.902, 147.221), (-133, 206), (-131.575, 210.387), (-34.2714, 244.232), (2.77562, 228.602), (18.9375, 210.09), (-47.3421, 139.668), (-92.0089, 131.315)))
(((-76.8109, 625), (-4.78505, 625), (29.8362, 542.678), (-42.8897, 460.091), (-43.88, 459.9), (-73.8712, 470.029), (-113.375, 597.321), (-112.902, 598.779), (-76.8109, 625)))
(((-6.96341, -417.793), (-53.7203, -427.144), (-62.1667, -423.588), (-70.4471, -408.988), (-70.7281, -406.397), (-34.05, -376.475), (-10.6667, -388.167), (-6.96341, -417.793)))
(((-12.373, -161.215), (-23.5741, -161.426), (-59.6194, -125.381), (-58.9261, -110.589), (-54.1324, -104.95), (-30.8508, -101.775), (-19.2793, -107.015), (-0.104027, -151.757), (-12.373, -161.215)))
(((-6.12722, -206.184), (-33.4583, -214.687), (-40.1621, -209.358), (-45.8695, -177.968), (-23.5741, -161.426), (-12.373, -161.215), (-6.12722, -206.184)))
(((-1.05449, -509.635), (-31.4343, -516.178), (-53.7987, -501.946), (-52.4831, -488.527), (-30.8674, -459.346), (-3.42, -461.96), (0.410853, -507.93), (-1.05449, -509.635)))
(((4.09168, -453.262), (-3.42, -461.96), (-30.8674, -459.346), (-53.7203, -427.144), (-6.96341, -417.793), (5.93106, -428.431), (4.09168, -453.262)))
(((1.99701, -305.873), (-27.9206, -320.448), (-32.6267, -318.302), (-36.5756, -310.878), (-26.6395, -261.197), (-14.7911, -262.014), (3.96497, -279.634), (1.99701, -305.873)))
(((5.45283, -240.151), (-14.7911, -262.014), (-26.6395, -261.197), (-38.6156, -253.367), (-33.4583, -214.687), (-6.12722, -206.184), (3.80866, -210.556), (5.45283, -240.151)))
(((-30.1458, -53), (-30, -53), (-30, -9.66071), (14.9054, -49.7548), (9.84451, -60.8406), (-17.7865, -68.6118), (-30.1458, -53)))
(((13.5117, -548.782), (-11.2069, -579.909), (-38.5092, -550.845), (-31.4343, -516.178), (-1.05449, -509.635), (13.5117, -548.782)))
(((-30, 24.0048), (-30, 53), (-100.252, 53), (-110, 83), (-94.4497, 130.859), (-47.3421, 139.668), (2.76948, 120.959), (12.6764, 36.7505), (6.5571, 31.6643), (-30, 24.0048)))
(((22.1094, -369.438), (-10.6667, -388.167), (-34.05, -376.475), (-34.1719, -373.365), (-19.3514, -341.872), (18.26, -354.04), (22.1094, -369.438)))
(((17.9789, 289.415), (2.77562, 228.602), (-34.2714, 244.232), (-25.8105, 330.533), (-20.2679, 330.394), (17.9789, 289.415)))
(((20.1765, -95.5936), (-19.2793, -107.015), (-30.8508, -101.775), (-17.7865, -68.6118), (9.84451, -60.8406), (20.1765, -95.5936)))
(((35.0965, 360.206), (-20.2679, 330.394), (-25.8105, 330.533), (-42.36, 338.304), (-43.88, 459.9), (-42.8897, 460.091), (48.1943, 422.056), (35.0965, 360.206)))
(((24.0931, -664.039), (-6.90567, -672.453), (-47.1878, -651.72), (-55.2424, -635.961), (-49.9422, -627.052), (-10.2945, -595.192), (-7.16304, -596.34), (25.3841, -658.18), (24.0931, -664.039)))
(((30.6905, -326.071), (18.26, -354.04), (-19.3514, -341.872), (-27.9206, -320.448), (1.99701, -305.873), (29.2586, -321.776), (30.6905, -326.071)))
(((38.5545, -120.64), (3.10824, -151.655), (-0.104027, -151.757), (-19.2793, -107.015), (20.1765, -95.5936), (41.2789, -106.791), (38.5545, -120.64)))
(((33, -202.042), (3.80866, -210.556), (-6.12722, -206.184), (-12.373, -161.215), (-0.104027, -151.757), (3.10824, -151.655), (33, -176.726), (33, -202.042)))
(((35.384, -379.19), (27.3837, -418.192), (5.93106, -428.431), (-6.96341, -417.793), (-10.6667, -388.167), (22.1094, -369.438), (35.384, -379.19)))
(((-30, -9.66071), (-30, 24.0048), (6.5571, 31.6643), (50.6296, -34.4444), (14.9054, -49.7548), (-30, -9.66071)))
(((34.3204, -272.045), (3.96497, -279.634), (-14.7911, -262.014), (5.45283, -240.151), (40.1892, -251.73), (34.3204, -272.045)))
(((59.9073, 165.572), (25.1331, 122.849), (2.76948, 120.959), (-47.3421, 139.668), (18.9375, 210.09), (24.3427, 209.46), (59.9073, 165.572)))
(((70.3055, -702.797), (-2.61027, -748.765), (-9.47027, -741.697), (-6.90567, -672.453), (24.0931, -664.039), (66.2528, -693.625), (70.3055, -702.797)))
(((49.2277, -616.713), (25.3841, -658.18), (-7.16304, -596.34), (38.6535, -599.089), (49.2277, -616.713)))
(((38.6535, -599.089), (-7.16304, -596.34), (-10.2945, -595.192), (-11.2069, -579.909), (13.5117, -548.782), (56.2542, -557.728), (38.6535, -599.089)))
(((44.2252, -500.49), (0.410853, -507.93), (-3.42, -461.96), (4.09168, -453.262), (36.211, -462.709), (44.2252, -500.49)))
(((46.2228, -290.675), (29.2586, -321.776), (1.99701, -305.873), (3.96497, -279.634), (34.3204, -272.045), (46.2228, -290.675)))
(((40.1892, -251.73), (5.45283, -240.151), (3.80866, -210.556), (33, -202.042), (43.4995, -209.479), (44.4149, -247.927), (40.1892, -251.73)))
(((53.3204, 51.8038), (12.6764, 36.7505), (2.76948, 120.959), (25.1331, 122.849), (70.033, 76.7022), (53.3204, 51.8038)))
(((94.1064, 266.766), (24.3427, 209.46), (18.9375, 210.09), (2.77562, 228.602), (17.9789, 289.415), (92.9958, 276.177), (95.1106, 268.402), (94.1064, 266.766)))
(((56.2542, -557.728), (13.5117, -548.782), (-1.05449, -509.635), (0.410853, -507.93), (44.2252, -500.49), (50.7907, -503.116), (56.8207, -557.386), (56.2542, -557.728)))
(((55.787, -446.033), (36.211, -462.709), (4.09168, -453.262), (5.93106, -428.431), (27.3837, -418.192), (53.8837, -431.442), (55.787, -446.033)))
(((58.5235, -44.0134), (45.8606, -104.162), (41.2789, -106.791), (20.1765, -95.5936), (9.84451, -60.8406), (14.9054, -49.7548), (50.6296, -34.4444), (53.7414, -35.2931), (58.5235, -44.0134)))
(((60.6524, -157.102), (33, -176.726), (3.10824, -151.655), (38.5545, -120.64), (60.6524, -157.102)))
(((120.833, 453.377), (48.1943, 422.056), (-42.8897, 460.091), (29.8362, 542.678), (76.3355, 524.794), (122.697, 465.096), (120.833, 453.377)))
(((92.9958, 276.177), (17.9789, 289.415), (-20.2679, 330.394), (35.0965, 360.206), (98.6368, 314.669), (92.9958, 276.177)))
(((74.2194, -348.813), (47.559, -378.55), (35.384, -379.19), (22.1094, -369.438), (18.26, -354.04), (30.6905, -326.071), (71.764, -335.799), (74.2194, -348.813)))
(((7.95361, -800), (-2.61027, -748.765), (70.3055, -702.797), (82.2722, -710.917), (90.5867, -800), (7.95361, -800)))
(((53.8837, -431.442), (27.3837, -418.192), (35.384, -379.19), (47.559, -378.55), (80.7385, -406.377), (53.8837, -431.442)))
(((91.4089, 0.62243), (53.7414, -35.2931), (50.6296, -34.4444), (6.5571, 31.6643), (12.6764, 36.7505), (53.3204, 51.8038), (91.4089, 0.62243)))
(((76, -493.491), (50.7907, -503.116), (44.2252, -500.49), (36.211, -462.709), (55.787, -446.033), (76, -460.121), (76, -493.491)))
(((71.764, -335.799), (30.6905, -326.071), (29.2586, -321.776), (46.2228, -290.675), (65.8307, -292.11), (82.1143, -319.535), (71.764, -335.799)))
(((70.9581, -204.805), (43.4995, -209.479), (33, -202.042), (33, -176.726), (60.6524, -157.102), (82.5731, -161.829), (70.9581, -204.805)))
(((92.4419, -630.22), (66.2528, -693.625), (24.0931, -664.039), (25.3841, -658.18), (49.2277, -616.713), (88.7984, -624.179), (92.4419, -630.22)))
(((85.4342, -266.269), (65.8307, -292.11), (46.2228, -290.675), (34.3204, -272.045), (40.1892, -251.73), (44.4149, -247.927), (79.2337, -253.022), (85.4342, -266.269)))
(((70.033, 76.7022), (25.1331, 122.849), (59.9073, 165.572), (82.2915, 161.477), (92.4268, 86.1866), (70.033, 76.7022)))
(((79.2337, -253.022), (44.4149, -247.927), (43.4995, -209.479), (70.9581, -204.805), (93.4197, -222.41), (79.2337, -253.022)))
(((105.077, -152.238), (82.5731, -161.829), (60.6524, -157.102), (38.5545, -120.64), (41.2789, -106.791), (45.8606, -104.162), (65.5887, -105.279), (106.5, -149.909), (105.077, -152.238)))
(((98, -591.667), (88.7984, -624.179), (49.2277, -616.713), (38.6535, -599.089), (56.2542, -557.728), (56.8207, -557.386), (93.1782, -561.129), (98, -591.667)))
(((101.441, -80.9915), (65.5887, -105.279), (45.8606, -104.162), (58.5235, -44.0134), (104.615, -70.3512), (101.441, -80.9915)))
(((133.861, 625), (76.3355, 524.794), (29.8362, 542.678), (-4.78505, 625), (133.861, 625)))
(((93.1782, -561.129), (56.8207, -557.386), (50.7907, -503.116), (76, -493.491), (86.5674, -497.526), (116.283, -541.549), (93.1782, -561.129)))
(((86.1678, -406.199), (80.7385, -406.377), (47.559, -378.55), (74.2194, -348.813), (103.997, -368.665), (86.1678, -406.199)))
(((82.2915, 161.477), (59.9073, 165.572), (24.3427, 209.46), (94.1064, 266.766), (98.7339, 169.589), (82.2915, 161.477)))
(((105.489, -433.838), (97.7152, -447.619), (76, -460.121), (55.787, -446.033), (53.8837, -431.442), (80.7385, -406.377), (86.1678, -406.199), (101.157, -419.761), (105.489, -433.838)))
(((122.99, 449.941), (101.262, 317.158), (98.6368, 314.669), (35.0965, 360.206), (48.1943, 422.056), (120.833, 453.377), (122.99, 449.941)))
(((105.657, -313.524), (82.1143, -319.535), (65.8307, -292.11), (85.4342, -266.269), (114.684, -278.234), (105.657, -313.524)))
(((108.203, -148.671), (106.5, -149.909), (65.5887, -105.279), (101.441, -80.9915), (119.288, -126.883), (108.203, -148.671)))
(((114.421, -177.522), (100.479, -220.897), (93.4197, -222.41), (70.9581, -204.805), (82.5731, -161.829), (105.077, -152.238), (114.421, -177.522)))
(((114.912, -64.5917), (104.615, -70.3512), (58.5235, -44.0134), (53.7414, -35.2931), (91.4089, 0.62243), (95.6478, 0.509393), (121.095, -23.0759), (114.912, -64.5917)))
(((114.674, -478.453), (86.5674, -497.526), (76, -493.491), (76, -460.121), (97.7152, -447.619), (114.674, -478.453)))
(((131.234, 38.1885), (95.6478, 0.509393), (91.4089, 0.62243), (53.3204, 51.8038), (70.033, 76.7022), (92.4268, 86.1866), (95.6562, 85.625), (131.234, 38.1885)))
(((131.569, -341.539), (111.649, -366.438), (103.997, -368.665), (74.2194, -348.813), (71.764, -335.799), (82.1143, -319.535), (105.657, -313.524), (130.856, -335.223), (131.569, -341.539)))
(((119.43, -702.231), (82.2722, -710.917), (70.3055, -702.797), (66.2528, -693.625), (92.4419, -630.22), (127.528, -640.684), (119.43, -702.231)))
(((114.684, -278.234), (85.4342, -266.269), (79.2337, -253.022), (93.4197, -222.41), (100.479, -220.897), (114.433, -225.647), (132.995, -269.911), (114.684, -278.234)))
(((159.745, 116.04), (95.6562, 85.625), (92.4268, 86.1866), (82.2915, 161.477), (98.7339, 169.589), (118.099, 168.331), (165.386, 124.129), (159.745, 116.04)))
(((147.303, -527.421), (120.843, -541.018), (116.283, -541.549), (86.5674, -497.526), (114.674, -478.453), (137.443, -479.037), (149.61, -514.823), (147.303, -527.421)))
(((141.785, -397.885), (101.157, -419.761), (86.1678, -406.199), (103.997, -368.665), (111.649, -366.438), (141.785, -397.885)))
(((137.443, -479.037), (114.674, -478.453), (97.7152, -447.619), (105.489, -433.838), (150.779, -449.332), (137.443, -479.037)))
(((170.25, 232.258), (118.099, 168.331), (98.7339, 169.589), (94.1064, 266.766), (95.1106, 268.402), (168.795, 237.421), (170.25, 232.258)))
(((151.849, -600.705), (142.445, -635.631), (127.528, -640.684), (92.4419, -630.22), (88.7984, -624.179), (98, -591.667), (151.75, -600.625), (151.849, -600.705)))
(((156.883, -206.919), (114.433, -225.647), (100.479, -220.897), (114.421, -177.522), (156.883, -206.919)))
(((90.5867, -800), (82.2722, -710.917), (119.43, -702.231), (207.613, -726.726), (221.529, -737.473), (223, -742), (204.155, -800), (90.5867, -800)))
(((120.843, -541.018), (151.75, -600.625), (98, -591.667), (93.1782, -561.129), (116.283, -541.549), (120.843, -541.018)))
(((148.465, -112.634), (119.288, -126.883), (101.441, -80.9915), (104.615, -70.3512), (114.912, -64.5917), (141.238, -71.6793), (148.465, -112.634)))
(((193.08, 625), (209.902, 612.779), (218.944, 584.948), (199.698, 527.611), (122.697, 465.096), (76.3355, 524.794), (133.861, 625), (193.08, 625)))
(((150.779, -449.332), (105.489, -433.838), (101.157, -419.761), (141.785, -397.885), (153.16, -400.206), (158.086, -410.846), (151.355, -448.987), (150.779, -449.332)))
(((161.028, -302.97), (130.856, -335.223), (105.657, -313.524), (114.684, -278.234), (132.995, -269.911), (137.954, -270.349), (161.028, -302.97)))
(((157.988, -16.1584), (121.095, -23.0759), (95.6478, 0.509393), (131.234, 38.1885), (143.292, 36.7487), (157.988, -16.1584)))
(((159.971, -209.522), (162.354, -248.451), (137.954, -270.349), (132.995, -269.911), (114.433, -225.647), (156.883, -206.919), (157.104, -206.93), (159.971, -209.522)))
(((209.753, 345.876), (101.262, 317.158), (122.99, 449.941), (207.045, 380.83), (209.753, 345.876)))
(((153.16, -400.206), (141.785, -397.885), (111.649, -366.438), (131.569, -341.539), (172.551, -364.657), (153.16, -400.206)))
(((156.883, -206.919), (114.421, -177.522), (105.077, -152.238), (106.5, -149.909), (108.203, -148.671), (165.176, -162.529), (157.104, -206.93), (156.883, -206.919)))
(((168.131, 48.9504), (143.292, 36.7487), (131.234, 38.1885), (95.6562, 85.625), (159.745, 116.04), (168.131, 48.9504)))
(((171.04, -58.7219), (141.238, -71.6793), (114.912, -64.5917), (121.095, -23.0759), (157.988, -16.1584), (161.893, -17.9758), (171.04, -58.7219)))
(((207.613, -726.726), (119.43, -702.231), (127.528, -640.684), (142.445, -635.631), (171.423, -654.346), (207.613, -726.726)))
(((174.226, -124.932), (169.79, -158.941), (165.176, -162.529), (108.203, -148.671), (119.288, -126.883), (148.465, -112.634), (171.678, -118.792), (174.226, -124.932)))
(((186.106, -565.402), (168.591, -593.944), (151.849, -600.705), (151.75, -600.625), (120.843, -541.018), (147.303, -527.421), (168.045, -539.373), (186.106, -565.402)))
(((229.399, 315.038), (168.795, 237.421), (95.1106, 268.402), (92.9958, 276.177), (98.6368, 314.669), (101.262, 317.158), (209.753, 345.876), (229.399, 315.038)))
(((201.641, 195.804), (180, 129), (165.386, 124.129), (118.099, 168.331), (170.25, 232.258), (201.641, 195.804)))
(((176.693, -363.21), (172.551, -364.657), (131.569, -341.539), (130.856, -335.223), (161.028, -302.97), (169.146, -304.37), (180.541, -312.05), (183.274, -348.483), (176.693, -363.21)))
(((187.501, -95.3501), (171.678, -118.792), (148.465, -112.634), (141.238, -71.6793), (171.04, -58.7219), (177.677, -62.0988), (187.501, -95.3501)))
(((195.02, -483.036), (149.61, -514.823), (137.443, -479.037), (150.779, -449.332), (151.355, -448.987), (198.558, -462.87), (195.02, -483.036)))
(((210, 4.54255), (161.893, -17.9758), (157.988, -16.1584), (143.292, 36.7487), (168.131, 48.9504), (210, 35.6587), (210, 4.54255)))
(((169.146, -304.37), (161.028, -302.97), (137.954, -270.349), (162.354, -248.451), (194.9, -259.3), (169.146, -304.37)))
(((171.423, -654.346), (142.445, -635.631), (151.849, -600.705), (168.591, -593.944), (196.112, -619.263), (171.423, -654.346)))
(((208.68, -455.9), (198.558, -462.87), (151.355, -448.987), (158.086, -410.846), (190.248, -413.684), (211.768, -451.343), (208.68, -455.9)))
(((211.62, -384), (190.248, -413.684), (158.086, -410.846), (153.16, -400.206), (172.551, -364.657), (176.693, -363.21), (211.62, -384)))
(((209.079, -187.429), (177.58, -208.803), (159.971, -209.522), (157.104, -206.93), (165.176, -162.529), (169.79, -158.941), (208.728, -169.923), (209.079, -187.429)))
(((213.623, -256.873), (194.9, -259.3), (162.354, -248.451), (159.971, -209.522), (177.58, -208.803), (215.637, -239.611), (213.623, -256.873)))
(((211.75, -513.15), (168.045, -539.373), (147.303, -527.421), (149.61, -514.823), (195.02, -483.036), (211.75, -513.15)))
(((281.202, 53), (210, 53), (210, 35.6587), (168.131, 48.9504), (159.745, 116.04), (165.386, 124.129), (180, 129), (288.301, 74.8494), (281.202, 53)))
(((210, -51.0795), (177.677, -62.0988), (171.04, -58.7219), (161.893, -17.9758), (210, 4.54255), (210, -51.0795)))
(((227.257, -280.905), (212.596, -305.34), (180.541, -312.05), (169.146, -304.37), (194.9, -259.3), (213.623, -256.873), (226.102, -270.945), (227.257, -280.905)))
(((208.728, -169.923), (169.79, -158.941), (174.226, -124.932), (213.279, -134.695), (217.91, -160.5), (208.728, -169.923)))
(((223.643, -616.76), (196.112, -619.263), (168.591, -593.944), (186.106, -565.402), (224.536, -568.552), (223.643, -616.76)))
(((249.773, -723.121), (231.902, -736.106), (219.759, -736.106), (207.613, -726.726), (171.423, -654.346), (196.112, -619.263), (223.643, -616.76), (237.592, -632.979), (249.773, -723.121)))
(((240.429, -555.992), (224.536, -568.552), (186.106, -565.402), (168.045, -539.373), (211.75, -513.15), (235.391, -524.182), (243.38, -547.455), (240.429, -555.992)))
(((226.205, -335.961), (183.274, -348.483), (180.541, -312.05), (212.596, -305.34), (226.205, -335.961)))
(((232.813, -104.927), (213.279, -134.695), (174.226, -124.932), (171.678, -118.792), (187.501, -95.3501), (230.482, -99.6482), (232.775, -102.556), (232.813, -104.927)))
(((215.637, -239.611), (177.58, -208.803), (209.079, -187.429), (232.979, -212.978), (215.637, -239.611)))
(((210, -51.0795), (210, -53), (229.51, -53), (230.482, -99.6482), (187.501, -95.3501), (177.677, -62.0988), (210, -51.0795)))
(((231.745, -384.309), (216.79, -448.399), (211.768, -451.343), (190.248, -413.684), (211.62, -384), (231.575, -384), (231.745, -384.309)))
(((231.575, -384), (211.62, -384), (176.693, -363.21), (183.274, -348.483), (226.205, -335.961), (233.118, -340.973), (235.808, -374.594), (231.575, -384)))
(((207.045, 380.83), (122.99, 449.941), (120.833, 453.377), (122.697, 465.096), (199.698, 527.611), (275.806, 440.016), (207.045, 380.83)))
(((235.391, -524.182), (211.75, -513.15), (195.02, -483.036), (198.558, -462.87), (208.68, -455.9), (248.168, -497.467), (235.391, -524.182)))
(((284.118, 76.9412), (180, 129), (201.641, 195.804), (313.52, 194.488), (327, 153), (307.902, 94.2215), (284.118, 76.9412)))
(((313.861, 194.484), (201.641, 195.804), (170.25, 232.258), (168.795, 237.421), (229.399, 315.038), (313.177, 283.621), (328, 238), (313.861, 194.484)))
(((247.444, -209.933), (232.979, -212.978), (209.079, -187.429), (208.728, -169.923), (217.91, -160.5), (257.056, -160.5), (247.444, -209.933)))
(((257.056, -160.5), (217.91, -160.5), (213.279, -134.695), (232.813, -104.927), (268.007, -152.918), (257.056, -160.5)))
(((272.901, -312.214), (266.95, -321.238), (233.118, -340.973), (226.205, -335.961), (212.596, -305.34), (227.257, -280.905), (272.899, -312.202), (272.901, -312.214)))
(((272.755, -444.009), (216.79, -448.399), (231.745, -384.309), (260.709, -406.032), (273.287, -441.546), (272.755, -444.009)))
(((274.472, -447.444), (262.679, -488.264), (248.168, -497.467), (208.68, -455.9), (211.768, -451.343), (216.79, -448.399), (272.755, -444.009), (274.472, -447.444)))
(((278.41, -249.485), (226.102, -270.945), (213.623, -256.873), (215.637, -239.611), (232.979, -212.978), (247.444, -209.933), (280.561, -225.829), (278.41, -249.485)))
(((275.473, -605.429), (237.592, -632.979), (223.643, -616.76), (224.536, -568.552), (240.429, -555.992), (278.006, -591.358), (275.473, -605.429)))
(((295.091, -53), (273.632, -92.3421), (232.775, -102.556), (230.482, -99.6482), (229.51, -53), (295.091, -53)))
(((274.792, -362.019), (235.808, -374.594), (233.118, -340.973), (266.95, -321.238), (274.792, -362.019)))
(((293.116, -271.767), (272.899, -312.202), (227.257, -280.905), (226.102, -270.945), (278.41, -249.485), (293.116, -271.767)))
(((268.007, -152.918), (232.813, -104.927), (232.775, -102.556), (273.632, -92.3421), (287.202, -121.179), (269.826, -152.771), (268.007, -152.918)))
(((289.438, -534.811), (243.38, -547.455), (235.391, -524.182), (248.168, -497.467), (262.679, -488.264), (295.821, -510.753), (289.438, -534.811)))
(((286.78, -385.629), (260.709, -406.032), (231.745, -384.309), (231.575, -384), (235.808, -374.594), (274.792, -362.019), (284.51, -366.338), (286.78, -385.629)))
(((280.561, -225.829), (247.444, -209.933), (257.056, -160.5), (268.007, -152.918), (269.826, -152.771), (290.115, -166.037), (295.513, -214.615), (280.561, -225.829)))
(((348.274, 443.859), (275.806, 440.016), (199.698, 527.611), (218.971, 585.03), (241.098, 601.106), (302.902, 601.106), (352.902, 564.779), (372, 506), (352.902, 447.221), (348.274, 443.859)))
(((354.365, -690.895), (305.902, -726.106), (250.176, -726.106), (237.592, -632.979), (275.473, -605.429), (354.365, -690.895)))
(((315.308, 282.822), (229.399, 315.038), (209.753, 345.876), (207.045, 380.83), (275.806, 440.016), (344.897, 443.68), (359.902, 432.779), (379, 374), (359.902, 315.221), (315.308, 282.822)))
(((317.35, -574.889), (278.006, -591.358), (240.429, -555.992), (243.38, -547.455), (289.438, -534.811), (316.915, -560.119), (317.35, -574.889)))
(((311.189, -351.331), (284.51, -366.338), (274.792, -362.019), (266.95, -321.238), (272.901, -312.214), (314.463, -332.051), (311.189, -351.331)))
(((314.599, -408.998), (273.287, -441.546), (260.709, -406.032), (286.78, -385.629), (311.249, -400.129), (314.599, -408.998)))
(((312.267, -498.719), (295.821, -510.753), (262.679, -488.264), (274.472, -447.444), (314.105, -468.086), (312.267, -498.719)))
(((295.091, -53), (316.575, -53), (325.537, -100.497), (308.873, -117.757), (287.202, -121.179), (273.632, -92.3421), (295.091, -53)))
(((351.541, -687.837), (275.473, -605.429), (278.006, -591.358), (317.35, -574.889), (386.477, -651.697), (381.902, -665.779), (351.541, -687.837)))
(((322.264, -368.184), (311.249, -400.129), (286.78, -385.629), (284.51, -366.338), (311.189, -351.331), (322.264, -368.184)))
(((326.193, -157.593), (290.115, -166.037), (269.826, -152.771), (287.202, -121.179), (308.873, -117.757), (326.193, -157.593)))
(((327.036, -324.459), (314.463, -332.051), (272.901, -312.214), (272.899, -312.202), (293.116, -271.767), (312.287, -273.859), (329.136, -292.955), (327.036, -324.459)))
(((312.287, -273.859), (293.116, -271.767), (278.41, -249.485), (280.561, -225.829), (295.513, -214.615), (305.086, -215.086), (336.613, -246.613), (312.287, -273.859)))
(((338.306, -456.222), (314.105, -468.086), (274.472, -447.444), (272.755, -444.009), (273.287, -441.546), (314.599, -408.998), (334.945, -416.729), (338.306, -456.222)))
(((335.533, -163.212), (337.101, -196.916), (305.086, -215.086), (295.513, -214.615), (290.115, -166.037), (326.193, -157.593), (328.492, -158.077), (335.533, -163.212)))
(((356.682, -523.667), (316.915, -560.119), (289.438, -534.811), (295.821, -510.753), (312.267, -498.719), (355.09, -521.258), (356.682, -523.667)))
(((326.193, -157.593), (308.873, -117.757), (325.537, -100.497), (345.972, -113.404), (328.492, -158.077), (326.193, -157.593)))
(((358.668, -402.289), (334.945, -416.729), (314.599, -408.998), (311.249, -400.129), (322.264, -368.184), (347.166, -372.712), (358.668, -402.289)))
(((339.488, -246.379), (336.613, -246.613), (305.086, -215.086), (337.101, -196.916), (365.683, -213.039), (339.488, -246.379)))
(((355.09, -521.258), (312.267, -498.719), (314.105, -468.086), (338.306, -456.222), (356.692, -463.577), (355.09, -521.258)))
(((347.166, -372.712), (322.264, -368.184), (311.189, -351.331), (314.463, -332.051), (327.036, -324.459), (370.559, -335.775), (347.166, -372.712)))
(((374.773, -277.742), (329.136, -292.955), (312.287, -273.859), (336.613, -246.613), (339.488, -246.379), (374.773, -277.742)))
(((400, -152), (335.533, -163.212), (328.492, -158.077), (345.972, -113.404), (400, -114.553), (400, -152)))
(((400, -537.315), (400, -643.956), (387.612, -652.957), (317.35, -574.889), (316.915, -560.119), (356.682, -523.667), (400, -537.315)))
(((400, -328.522), (370.559, -335.775), (327.036, -324.459), (329.136, -292.955), (374.773, -277.742), (400, -283.208), (400, -328.522)))
(((316.575, -53), (400, -53), (400, -114.553), (345.972, -113.404), (325.537, -100.497), (316.575, -53)))
(((400, -209.664), (365.683, -213.039), (337.101, -196.916), (335.533, -163.212), (400, -152), (400, -209.664)))
(((400, -452.75), (356.692, -463.577), (338.306, -456.222), (334.945, -416.729), (358.668, -402.289), (400, -407.8), (400, -452.75)))
(((400, -283.208), (374.773, -277.742), (339.488, -246.379), (365.683, -213.039), (400, -209.664), (400, -283.208)))
(((400, -407.8), (358.668, -402.289), (347.166, -372.712), (370.559, -335.775), (400, -328.522), (400, -407.8)))
(((400, -537.315), (356.682, -523.667), (355.09, -521.258), (356.692, -463.577), (400, -452.75), (400, -537.315)))
