(((-225, 478.676), (-225, 625), (-102.791, 625), (-97.5376, 621.183), (-178.407, 461.894), (-201.902, 461.894), (-225, 478.676)))
(((-162.936, 447.809), (-179.462, 459.817), (-98.5925, 619.106), (-82.8304, 619.106), (-58.6416, 545.028), (-84.5393, 466.255), (-162.936, 447.809)))
(((-130.205, 325.372), (-158.902, 346.221), (-178, 405), (-164.186, 447.515), (-84.5393, 466.255), (-14.4442, 433.053), (-5.13218, 391.769), (-130.205, 325.372)))
(((-51.378, 228.894), (-65.9017, 228.894), (-115.902, 265.221), (-134.675, 323), (-5.13218, 391.769), (5.00153, 383.553), (-25.5571, 236.316), (-51.378, 228.894)))
(((-14.4442, 433.053), (-84.5393, 466.255), (-58.6416, 545.028), (8.87188, 514.888), (29.2819, 492.251), (-14.4442, 433.053)))
(((-74.833, 625), (11.9306, 625), (8.87188, 514.888), (-58.6416, 545.028), (-82.8526, 619.173), (-74.833, 625)))
(((72.6533, 82.7836), (43.9017, 61.8943), (-17.9017, 61.8943), (-67.9017, 98.2215), (-87, 157), (-67.9017, 215.779), (-48.8487, 229.621), (-25.5571, 236.316), (18.5089, 234.904), (72.6533, 82.7836)))
(((18.5089, 234.904), (-25.5571, 236.316), (5.00153, 383.553), (25.773, 377.253), (66.0884, 253.935), (18.5089, 234.904)))
(((68.8224, 625), (63.8896, 500.038), (29.2819, 492.251), (8.87188, 514.888), (11.9306, 625), (68.8224, 625)))
(((101.816, 484.154), (80.2692, 385.038), (25.773, 377.253), (5.00153, 383.553), (-5.13218, 391.769), (-14.4442, 433.053), (29.2819, 492.251), (63.8896, 500.038), (101.816, 484.154)))
(((74.1614, 254.042), (66.0884, 253.935), (25.773, 377.253), (80.2692, 385.038), (151.426, 342.344), (74.1614, 254.042)))
(((167.244, 163.363), (152.902, 119.221), (102.902, 82.8943), (72.6139, 82.8943), (18.5089, 234.904), (66.0884, 253.935), (74.1614, 254.042), (163.306, 169.246), (167.244, 163.363)))
(((162.367, 625), (152.217, 491.791), (101.816, 484.154), (63.8896, 500.038), (68.8224, 625), (162.367, 625)))
(((151.426, 342.344), (80.2692, 385.038), (101.816, 484.154), (152.217, 491.791), (157, 488.512), (159.131, 343.596), (151.426, 342.344)))
(((176.051, 339.182), (163.306, 169.246), (74.1614, 254.042), (151.426, 342.344), (159.131, 343.596), (176.051, 339.182)))
(((168.228, 161.894), (163.306, 169.246), (176.051, 339.182), (239.758, 338.405), (270.902, 315.779), (290, 257), (270.902, 198.221), (220.902, 161.894), (168.228, 161.894)))
(((240.116, 338.401), (176.051, 339.182), (159.131, 343.596), (157, 488.512), (225.468, 479.049), (282.202, 451.155), (292, 421), (272.902, 362.221), (240.116, 338.401)))
(((235.893, 625), (225.468, 479.049), (157, 488.512), (152.217, 491.791), (162.367, 625), (235.893, 625)))
(((235.893, 625), (297.187, 625), (331.902, 599.779), (351, 541), (331.902, 482.221), (286.341, 449.12), (225.468, 479.049), (235.893, 625)))
