(((-225, -387.783), (-189.573, -394.775), (-168.989, -432.131), (-225, -482.891), (-225, -387.783)))
(((-225, -105.735), (-191.141, -110.715), (-176.102, -135.223), (-179.129, -171.548), (-225, -179.82), (-225, -105.735)))
(((-225, -105.735), (-225, -53), (-160.425, -53), (-165.988, -89.8556), (-191.141, -110.715), (-225, -105.735)))
(((-225, -179.82), (-179.129, -171.548), (-169.311, -177.921), (-170.288, -217.024), (-218.66, -247.429), (-225, -248.263), (-225, -179.82)))
(((-225, -315.14), (-183.835, -318.433), (-157.846, -372.036), (-158.203, -373.008), (-189.573, -394.775), (-225, -387.783), (-225, -315.14)))
(((-225, -248.263), (-218.66, -247.429), (-159.893, -264.629), (-151.609, -290.033), (-169.317, -311.789), (-183.835, -318.433), (-225, -315.14), (-225, -248.263)))
(((-225, -505.16), (-225, -482.891), (-168.989, -432.131), (-166.263, -433.055), (-156.796, -485.121), (-181.788, -504.627), (-225, -505.16)))
(((-225, -505.16), (-181.788, -504.627), (-131.482, -543.614), (-151.17, -574.552), (-225, -600.677), (-225, -505.16)))
(((-146.574, -247.213), (-159.893, -264.629), (-218.66, -247.429), (-170.288, -217.024), (-144.332, -230.766), (-146.574, -247.213)))
(((-225, 494.856), (-225, 625), (-169.78, 625), (-116.455, 520.888), (-207.448, 482.104), (-225, 494.856)))
(((-194.423, -800), (-225, -777.785), (-225, -647.792), (-124.166, -662.497), (-134.13, -800), (-194.423, -800)))
(((-130.79, -112.588), (-142.057, -130.83), (-176.102, -135.223), (-191.141, -110.715), (-165.988, -89.8556), (-131.594, -109.658), (-130.79, -112.588)))
(((-157.846, -372.036), (-183.835, -318.433), (-169.317, -311.789), (-119.653, -344.898), (-157.846, -372.036)))
(((-148.321, -176.836), (-169.311, -177.921), (-179.129, -171.548), (-176.102, -135.223), (-142.057, -130.83), (-131.777, -161.67), (-148.321, -176.836)))
(((-141.788, -432.165), (-166.263, -433.055), (-168.989, -432.131), (-189.573, -394.775), (-158.203, -373.008), (-128.553, -401.56), (-141.788, -432.165)))
(((-122.5, -477.5), (-156.796, -485.121), (-166.263, -433.055), (-141.788, -432.165), (-130.279, -442.493), (-122.5, -477.5)))
(((-124.209, -217.686), (-144.332, -230.766), (-170.288, -217.024), (-169.311, -177.921), (-148.321, -176.836), (-124.73, -209.005), (-124.209, -217.686)))
(((-225, -600.677), (-151.17, -574.552), (-96.8017, -632.545), (-92.6013, -645.308), (-124.166, -662.497), (-225, -647.792), (-225, -600.677)))
(((-96.4322, -532.398), (-131.482, -543.614), (-181.788, -504.627), (-156.796, -485.121), (-122.5, -477.5), (-118.816, -479.844), (-96.4322, -532.398)))
(((-116.868, -53), (-109.842, -73.0241), (-131.594, -109.658), (-165.988, -89.8556), (-160.425, -53), (-116.868, -53)))
(((-112.877, -343.696), (-119.653, -344.898), (-169.317, -311.789), (-151.609, -290.033), (-137.667, -290.87), (-109.516, -308.073), (-112.877, -343.696)))
(((-137.667, -290.87), (-151.609, -290.033), (-159.893, -264.629), (-146.574, -247.213), (-116.558, -262.221), (-137.667, -290.87)))
(((-43.6071, 625), (-91.037, 522.843), (-116.455, 520.888), (-169.78, 625), (-43.6071, 625)))
(((-111.634, -344.612), (-99, -394), (-128.553, -401.56), (-158.203, -373.008), (-157.846, -372.036), (-119.653, -344.898), (-112.877, -343.696), (-111.634, -344.612)))
(((-108.826, -260.174), (-116.558, -262.221), (-146.574, -247.213), (-144.332, -230.766), (-124.209, -217.686), (-101.953, -230.108), (-108.826, -260.174)))
(((-107.203, -160.068), (-131.777, -161.67), (-142.057, -130.83), (-130.79, -112.588), (-97.9716, -128.528), (-107.203, -160.068)))
(((-98.0157, -180.885), (-124.73, -209.005), (-148.321, -176.836), (-131.777, -161.67), (-107.203, -160.068), (-99.7129, -168.438), (-98.0157, -180.885)))
(((-88.6477, -536.736), (-96.8017, -632.545), (-151.17, -574.552), (-131.482, -543.614), (-96.4322, -532.398), (-91.4078, -533.936), (-88.6477, -536.736)))
(((-155.584, 360.202), (-196.902, 390.221), (-216, 449), (-204.889, 483.195), (-116.455, 520.888), (-91.037, 522.843), (-59.6123, 487.965), (-102.298, 379.727), (-155.584, 360.202)))
(((-84.9229, -426.853), (-130.279, -442.493), (-141.788, -432.165), (-128.553, -401.56), (-99, -394), (-97.5983, -394.831), (-84.9229, -426.853)))
(((-92.94, -295.54), (-109.516, -308.073), (-137.667, -290.87), (-116.558, -262.221), (-108.826, -260.174), (-88.6111, -280.389), (-92.94, -295.54)))
(((-97.9716, -128.528), (-130.79, -112.588), (-131.594, -109.658), (-109.842, -73.0241), (-91.7996, -84.59), (-93.3394, -126.163), (-97.9716, -128.528)))
(((-81.2892, -429.729), (-84.8547, -459.679), (-118.816, -479.844), (-122.5, -477.5), (-130.279, -442.493), (-84.9229, -426.853), (-81.2892, -429.729)))
(((-85.0565, -226.463), (-101.953, -230.108), (-124.209, -217.686), (-124.73, -209.005), (-98.0157, -180.885), (-75.3971, -202.599), (-85.0565, -226.463)))
(((-132.305, -800), (-134.039, -798.74), (-124.166, -662.497), (-92.6013, -645.308), (-74.6841, -648.694), (-43.7847, -673.347), (-56.45, -800), (-132.305, -800)))
(((-65.7018, -267.216), (-88.6111, -280.389), (-108.826, -260.174), (-101.953, -230.108), (-85.0565, -226.463), (-66.2143, -243.643), (-65.7018, -267.216)))
(((-57.3182, -484.019), (-91.4078, -533.936), (-96.4322, -532.398), (-118.816, -479.844), (-84.8547, -459.679), (-57.22, -483.22), (-57.3182, -484.019)))
(((-59.5215, -331.191), (-70.3974, -343.715), (-111.634, -344.612), (-112.877, -343.696), (-109.516, -308.073), (-92.94, -295.54), (-58.75, -318.333), (-59.5215, -331.191)))
(((-58.6876, -377.043), (-97.5983, -394.831), (-99, -394), (-111.634, -344.612), (-70.3974, -343.715), (-58.6876, -377.043)))
(((-55.7201, -159.011), (-99.7129, -168.438), (-107.203, -160.068), (-97.9716, -128.528), (-93.3394, -126.163), (-71.3692, -127.595), (-52.3021, -152.312), (-55.7201, -159.011)))
(((-60.7125, -53), (-61.4643, -83.0732), (-91.7996, -84.59), (-109.842, -73.0241), (-116.868, -53), (-60.7125, -53)))
(((-50.9924, -93.2766), (-71.3692, -127.595), (-93.3394, -126.163), (-91.7996, -84.59), (-61.4643, -83.0732), (-50.9924, -93.2766)))
(((-53.3387, -193.145), (-75.3971, -202.599), (-98.0157, -180.885), (-99.7129, -168.438), (-55.7201, -159.011), (-53.3387, -193.145)))
(((-32.5674, -583.604), (-74.6841, -648.694), (-92.6013, -645.308), (-96.8017, -632.545), (-88.6477, -536.736), (-49.3379, -549.485), (-32.5674, -583.604)))
(((-113.177, 233.266), (-148.902, 259.221), (-168, 318), (-154.113, 360.741), (-102.298, 379.727), (-50.1955, 368.092), (-12.9318, 302.881), (-113.177, 233.266)))
(((-44.9384, -383.058), (-55.786, -427.805), (-81.2892, -429.729), (-84.9229, -426.853), (-97.5983, -394.831), (-58.6876, -377.043), (-44.9384, -383.058)))
(((-58.75, -318.333), (-92.94, -295.54), (-88.6111, -280.389), (-65.7018, -267.216), (-29.7403, -287.39), (-58.75, -318.333)))
(((-36.875, -462.875), (-57.22, -483.22), (-84.8547, -459.679), (-81.2892, -429.729), (-55.786, -427.805), (-40.4755, -437.671), (-36.875, -462.875)))
(((-35.2073, -229.549), (-66.2143, -243.643), (-85.0565, -226.463), (-75.3971, -202.599), (-53.3387, -193.145), (-39.2931, -200.948), (-35.2073, -229.549)))
(((-28.8622, -146.001), (-52.3021, -152.312), (-71.3692, -127.595), (-50.9924, -93.2766), (-43.5928, -94.0421), (-22.9287, -130.508), (-28.8622, -146.001)))
(((-24.8678, -378.757), (-44.9384, -383.058), (-58.6876, -377.043), (-70.3974, -343.715), (-59.5215, -331.191), (-21.4286, -346.429), (-24.8678, -378.757)))
(((-49.3379, -549.485), (-88.6477, -536.736), (-91.4078, -533.936), (-57.3182, -484.019), (-10.768, -519.486), (-49.3379, -549.485)))
(((-45.9866, 484.53), (-2.98795, 403.311), (-50.1955, 368.092), (-102.298, 379.727), (-59.6123, 487.965), (-45.9866, 484.53)))
(((-26.9246, -287.033), (-29.7403, -287.39), (-65.7018, -267.216), (-66.2143, -243.643), (-35.2073, -229.549), (-23.4535, -237.686), (-17.271, -262.416), (-26.9246, -287.033)))
(((-60.7125, -53), (-30, -53), (-30, -42.5435), (-9.75345, -74.2337), (-43.5928, -94.0421), (-50.9924, -93.2766), (-61.4643, -83.0732), (-60.7125, -53)))
(((4.03642, -414.244), (-40.4755, -437.671), (-55.786, -427.805), (-44.9384, -383.058), (-24.8678, -378.757), (-8.19767, -390.198), (4.03642, -414.244)))
(((-9.375, -334.375), (-21.4286, -346.429), (-59.5215, -331.191), (-58.75, -318.333), (-29.7403, -287.39), (-26.9246, -287.033), (-8.10137, -302.534), (-9.375, -334.375)))
(((-13.3767, -189.651), (-39.2931, -200.948), (-53.3387, -193.145), (-55.7201, -159.011), (-52.3021, -152.312), (-28.8622, -146.001), (-5.33471, -168.837), (-13.3767, -189.651)))
(((-7.5375, -518.556), (-10.768, -519.486), (-57.3182, -484.019), (-57.22, -483.22), (-36.875, -462.875), (-5.2038, -474.462), (-1.67391, -509.761), (-7.5375, -518.556)))
(((-19.8509, -669.862), (-43.7847, -673.347), (-74.6841, -648.694), (-32.5674, -583.604), (-1.9292, -587.558), (7.75268, -644.266), (-19.8509, -669.862)))
(((-102.898, 199.521), (-113.736, 232.878), (-12.9318, 302.881), (12.6812, 298.307), (32.9542, 215.188), (21.8633, 203.823), (-102.898, 199.521)))
(((15.4132, -111.885), (-22.9287, -130.508), (-43.5928, -94.0421), (-9.75345, -74.2337), (3.00743, -76.6264), (15.4132, -111.885)))
(((9.47345, -217.695), (-23.4535, -237.686), (-35.2073, -229.549), (-39.2931, -200.948), (-13.3767, -189.651), (9.47345, -217.695)))
(((-98.781, 109.083), (-115, 159), (-101.822, 199.558), (21.8633, 203.823), (24.4555, 169.26), (-1.35543, 115.726), (-98.781, 109.083)))
(((29.8109, 625), (46.708, 612.724), (57.1844, 574.809), (-9.25862, 492.914), (-45.9866, 484.53), (-59.6123, 487.965), (-91.037, 522.843), (-43.6071, 625), (29.8109, 625)))
(((8.09043, -416.483), (11.4979, -458.224), (-5.2038, -474.462), (-36.875, -462.875), (-40.4755, -437.671), (4.03642, -414.244), (8.09043, -416.483)))
(((22.4877, -572.907), (-1.9292, -587.558), (-32.5674, -583.604), (-49.3379, -549.485), (-10.768, -519.486), (-7.5375, -518.556), (22.8836, -559.842), (22.4877, -572.907)))
(((-30, 27.9435), (-30, 53), (-103.151, 53), (-109, 71), (-96.5772, 109.233), (-1.35543, 115.726), (7.71524, 108.291), (16.5185, 45.2004), (-30, 27.9435)))
(((-30, -42.5435), (-30, -3.64706), (13.0167, -19.6729), (25.5186, -55.616), (3.00743, -76.6264), (-9.75345, -74.2337), (-30, -42.5435)))
(((-1.4589, -800), (-54.6928, -800), (-56.331, -798.81), (-43.7847, -673.347), (-19.8509, -669.862), (46.8349, -719.876), (-1.4589, -800)))
(((30.0773, -135.924), (14.3825, -164.584), (-5.33471, -168.837), (-28.8622, -146.001), (-22.9287, -130.508), (15.4132, -111.885), (21.1361, -115.806), (30.0773, -135.924)))
(((20.5, -361.5), (-8.19767, -390.198), (-24.8678, -378.757), (-21.4286, -346.429), (-9.375, -334.375), (22.141, -348.7), (20.5, -361.5)))
(((22.7353, -253.382), (-17.271, -262.416), (-23.4535, -237.686), (9.47345, -217.695), (18.5, -219.5), (22.7353, -253.382)))
(((12.6812, 298.307), (-12.9318, 302.881), (-50.1955, 368.092), (-2.98795, 403.311), (18.1071, 402.373), (52.7773, 325.328), (12.6812, 298.307)))
(((18.1071, 402.373), (-2.98795, 403.311), (-45.9866, 484.53), (-9.25862, 492.914), (65.2353, 444.265), (18.1071, 402.373)))
(((46, -275.29), (41.1279, -285.192), (26.5272, -297.307), (-8.10137, -302.534), (-26.9246, -287.033), (-17.271, -262.416), (22.7353, -253.382), (46, -274.708), (46, -275.29)))
(((28.9727, -212.518), (18.5, -219.5), (9.47345, -217.695), (-13.3767, -189.651), (-5.33471, -168.837), (14.3825, -164.584), (30.5533, -182.488), (28.9727, -212.518)))
(((-30, -3.64706), (-30, 27.9435), (16.5185, 45.2004), (45.1208, 36.788), (49.9248, 32.5264), (52.9779, 11.1544), (13.0167, -19.6729), (-30, -3.64706)))
(((34.913, -340.634), (22.141, -348.7), (-9.375, -334.375), (-8.10137, -302.534), (26.5272, -297.307), (34.913, -340.634)))
(((44.9491, -502.171), (-1.67391, -509.761), (-5.2038, -474.462), (11.4979, -458.224), (39.5444, -468.041), (46.1355, -498.799), (44.9491, -502.171)))
(((67.1284, -634.689), (7.75268, -644.266), (-1.9292, -587.558), (22.4877, -572.907), (53.458, -592.191), (68.6899, -631.794), (67.1284, -634.689)))
(((26.2033, -413.033), (8.09043, -416.483), (4.03642, -414.244), (-8.19767, -390.198), (20.5, -361.5), (46.1613, -387.161), (26.2033, -413.033)))
(((57.7709, -527.28), (22.8836, -559.842), (-7.5375, -518.556), (-1.67391, -509.761), (44.9491, -502.171), (57.7709, -527.28)))
(((79.8704, -706.59), (46.8349, -719.876), (-19.8509, -669.862), (7.75268, -644.266), (67.1284, -634.689), (79.8704, -706.59)))
(((45.1208, 36.788), (16.5185, 45.2004), (7.71524, 108.291), (56.318, 102.105), (45.1208, 36.788)))
(((63.806, -446.127), (39.5444, -468.041), (11.4979, -458.224), (8.09043, -416.483), (26.2033, -413.033), (61.4568, -435.556), (63.806, -446.127)))
(((61.8122, -92.7564), (21.1361, -115.806), (15.4132, -111.885), (3.00743, -76.6264), (25.5186, -55.616), (33.8385, -56.1615), (47.6241, -65.9566), (61.8122, -92.7564)))
(((101.534, 452.043), (65.2353, 444.265), (-9.25862, 492.914), (57.1844, 574.809), (122.847, 498.331), (101.534, 452.043)))
(((63.0787, -380.241), (46.1613, -387.161), (20.5, -361.5), (22.141, -348.7), (34.913, -340.634), (57.6915, -344.258), (64.5121, -357.306), (63.0787, -380.241)))
(((46, -274.708), (22.7353, -253.382), (18.5, -219.5), (28.9727, -212.518), (56.386, -217.618), (58.9113, -259.286), (46, -274.708)))
(((73.9286, -16.0714), (33.8385, -56.1615), (25.5186, -55.616), (13.0167, -19.6729), (52.9779, 11.1544), (75.0333, -12.8188), (73.9286, -16.0714)))
(((77.4188, 111.791), (56.318, 102.105), (7.71524, 108.291), (-1.35543, 115.726), (24.4555, 169.26), (73.6964, 133.448), (77.4188, 111.791)))
(((61.4266, -153.249), (57.3712, -176.23), (30.5533, -182.488), (14.3825, -164.584), (30.0773, -135.924), (57.3865, -142.897), (61.4266, -153.249)))
(((57.6915, -344.258), (34.913, -340.634), (26.5272, -297.307), (41.1279, -285.192), (68.1825, -325.774), (57.6915, -344.258)))
(((74.0336, -206.858), (56.386, -217.618), (28.9727, -212.518), (30.5533, -182.488), (57.3712, -176.23), (76.7113, -197.988), (74.0336, -206.858)))
(((80.9854, -120.82), (57.3865, -142.897), (30.0773, -135.924), (21.1361, -115.806), (61.8122, -92.7564), (77.9783, -98.4819), (80.9854, -120.82)))
(((83.1034, -558.31), (53.458, -592.191), (22.4877, -572.907), (22.8836, -559.842), (57.7709, -527.28), (74.7517, -533.255), (83.1034, -558.31)))
(((84.3837, -405.942), (61.4568, -435.556), (26.2033, -413.033), (46.1613, -387.161), (63.0787, -380.241), (80.8227, -393.224), (84.3837, -405.942)))
(((129.522, 384.988), (77.2907, 325.74), (52.7773, 325.328), (18.1071, 402.373), (65.2353, 444.265), (101.534, 452.043), (129.522, 384.988)))
(((96.9146, -477.037), (46.1355, -498.799), (39.5444, -468.041), (63.806, -446.127), (100.756, -468.468), (96.9146, -477.037)))
(((80.3346, -54.5079), (47.6241, -65.9566), (33.8385, -56.1615), (73.9286, -16.0714), (80.3346, -54.5079)))
(((114.047, 273.434), (59.8483, 215.454), (32.9542, 215.188), (12.6812, 298.307), (52.7773, 325.328), (77.2907, 325.74), (114.047, 273.434)))
(((101.168, 183.396), (73.6964, 133.448), (24.4555, 169.26), (21.8633, 203.823), (32.9542, 215.188), (59.8483, 215.454), (101.168, 183.396)))
(((89.0435, 105.978), (97.5114, 53.0539), (49.9248, 32.5264), (45.1208, 36.788), (56.318, 102.105), (77.4188, 111.791), (89.0435, 105.978)))
(((-1.4589, -800), (46.8349, -719.876), (79.8704, -706.59), (161.908, -739.096), (170, -764), (158.303, -800), (-1.4589, -800)))
(((90.4158, -317.962), (68.1825, -325.774), (41.1279, -285.192), (46, -275.29), (95.5109, -296.053), (90.4158, -317.962)))
(((101.258, -78.6087), (77.9783, -98.4819), (61.8122, -92.7564), (47.6241, -65.9566), (80.3346, -54.5079), (101.88, -74.3293), (101.258, -78.6087)))
(((88.651, -251.46), (58.9113, -259.286), (56.386, -217.618), (74.0336, -206.858), (95.0778, -230.427), (88.651, -251.46)))
(((98.5687, -515.079), (74.7517, -533.255), (57.7709, -527.28), (44.9491, -502.171), (46.1355, -498.799), (96.9146, -477.037), (98.5687, -515.079)))
(((95.4129, -185.832), (76.7113, -197.988), (57.3712, -176.23), (61.4266, -153.249), (97.9098, -164.858), (95.4129, -185.832)))
(((109.273, -150.128), (97.9098, -164.858), (61.4266, -153.249), (57.3865, -142.897), (80.9854, -120.82), (107.448, -136.837), (109.273, -150.128)))
(((101.221, -351.658), (64.5121, -357.306), (57.6915, -344.258), (68.1825, -325.774), (90.4158, -317.962), (109.386, -339.04), (101.221, -351.658)))
(((95.5109, -296.053), (46, -275.29), (46, -274.708), (58.9113, -259.286), (88.651, -251.46), (117.926, -279.651), (95.5109, -296.053)))
(((102.508, -620.676), (68.6899, -631.794), (53.458, -592.191), (83.1034, -558.31), (118.324, -571.118), (102.508, -620.676)))
(((104.431, -375.736), (80.8227, -393.224), (63.0787, -380.241), (64.5121, -357.306), (101.221, -351.658), (104.431, -375.736)))
(((123.621, -457.864), (100.756, -468.468), (63.806, -446.127), (61.4568, -435.556), (84.3837, -405.942), (116.8, -422.15), (124.11, -451.912), (123.621, -457.864)))
(((119.328, 19.94), (92.216, -12.0133), (75.0333, -12.8188), (52.9779, 11.1544), (49.9248, 32.5264), (97.5114, 53.0539), (116.759, 43.9196), (119.328, 19.94)))
(((101.88, -74.3293), (80.3346, -54.5079), (73.9286, -16.0714), (75.0333, -12.8188), (92.216, -12.0133), (129.28, -42.8998), (101.88, -74.3293)))
(((126.728, -223.394), (95.0778, -230.427), (74.0336, -206.858), (76.7113, -197.988), (95.4129, -185.832), (124.069, -198.931), (126.728, -223.394)))
(((118.324, -571.118), (83.1034, -558.31), (74.7517, -533.255), (98.5687, -515.079), (133.437, -529.898), (120.676, -569.882), (118.324, -571.118)))
(((132.378, 115.458), (89.0435, 105.978), (77.4188, 111.791), (73.6964, 133.448), (101.168, 183.396), (137.94, 181.097), (132.378, 115.458)))
(((107.448, -136.837), (80.9854, -120.82), (77.9783, -98.4819), (101.258, -78.6087), (137.79, -109.432), (107.448, -136.837)))
(((116.8, -422.15), (84.3837, -405.942), (80.8227, -393.224), (104.431, -375.736), (123.549, -381.903), (132.313, -397.587), (116.8, -422.15)))
(((137.632, -261.303), (121.464, -279.443), (117.926, -279.651), (88.651, -251.46), (95.0778, -230.427), (126.728, -223.394), (133.16, -229.355), (137.632, -261.303)))
(((137.94, 181.097), (101.168, 183.396), (59.8483, 215.454), (114.047, 273.434), (136.412, 266.842), (160.531, 195.449), (137.94, 181.097)))
(((162.087, -739.167), (79.8704, -706.59), (67.1284, -634.689), (68.6899, -631.794), (102.508, -620.676), (210.246, -663.399), (192.902, -716.779), (162.087, -739.167)))
(((135.02, -336.947), (109.386, -339.04), (90.4158, -317.962), (95.5109, -296.053), (117.926, -279.651), (121.464, -279.443), (138.618, -306.127), (139.732, -324.697), (135.02, -336.947)))
(((141.042, -346.915), (123.549, -381.903), (104.431, -375.736), (101.221, -351.658), (109.386, -339.04), (135.02, -336.947), (141.042, -346.915)))
(((144.044, -178.956), (124.069, -198.931), (95.4129, -185.832), (97.9098, -164.858), (109.273, -150.128), (142.176, -165.612), (144.044, -178.956)))
(((160.404, 66.9778), (116.759, 43.9196), (97.5114, 53.0539), (89.0435, 105.978), (132.378, 115.458), (154.008, 98.96), (160.404, 66.9778)))
(((148.34, -521.769), (133.437, -529.898), (98.5687, -515.079), (96.9146, -477.037), (100.756, -468.468), (123.621, -457.864), (133.335, -464.187), (149.377, -517.248), (148.34, -521.769)))
(((135.398, -42.1131), (129.28, -42.8998), (92.216, -12.0133), (119.328, 19.94), (157.679, -6.00331), (135.398, -42.1131)))
(((166.695, -82.131), (137.879, -109.43), (137.79, -109.432), (101.258, -78.6087), (101.88, -74.3293), (129.28, -42.8998), (135.398, -42.1131), (164.946, -69.4987), (166.695, -82.131)))
(((137.879, -109.43), (161.04, -141.857), (142.176, -165.612), (109.273, -150.128), (107.448, -136.837), (137.79, -109.432), (137.879, -109.43)))
(((209.79, -663.219), (102.508, -620.676), (118.324, -571.118), (120.676, -569.882), (173.25, -589), (210.208, -662.915), (209.79, -663.219)))
(((50.9715, 625), (223.028, 625), (237, 582), (220.395, 530.896), (208.206, 521.247), (122.847, 498.331), (57.1844, 574.809), (46.8342, 612.267), (50.9715, 625)))
(((179.236, 294.983), (136.412, 266.842), (114.047, 273.434), (77.2907, 325.74), (129.522, 384.988), (169.021, 371.593), (179.236, 294.983)))
(((157.534, -395.241), (132.313, -397.587), (123.549, -381.903), (141.042, -346.915), (168.094, -362.75), (157.534, -395.241)))
(((172.5, -413.2), (124.11, -451.912), (116.8, -422.15), (132.313, -397.587), (157.534, -395.241), (172.5, -413.2)))
(((183.351, 51.118), (161.58, -4.51703), (157.679, -6.00331), (119.328, 19.94), (116.759, 43.9196), (160.404, 66.9778), (183.351, 51.118)))
(((164.721, -218.216), (133.16, -229.355), (126.728, -223.394), (124.069, -198.931), (144.044, -178.956), (172.296, -194.228), (164.721, -218.216)))
(((173.25, -589), (120.676, -569.882), (133.437, -529.898), (148.34, -521.769), (180.413, -546.02), (173.25, -589)))
(((180.904, -292.032), (138.618, -306.127), (121.464, -279.443), (137.632, -261.303), (175.519, -264.46), (183.319, -278.616), (180.904, -292.032)))
(((175.519, -264.46), (137.632, -261.303), (133.16, -229.355), (164.721, -218.216), (185.59, -242.879), (175.519, -264.46)))
(((195.279, -461.709), (133.335, -464.187), (123.621, -457.864), (124.11, -451.912), (172.5, -413.2), (199.527, -424.011), (195.279, -461.709)))
(((204.898, -480.235), (149.377, -517.248), (133.335, -464.187), (195.279, -461.709), (205.462, -478.438), (204.898, -480.235)))
(((185.7, -320.7), (139.732, -324.697), (138.618, -306.127), (180.904, -292.032), (189.244, -315.384), (185.7, -320.7)))
(((219.716, 143.761), (154.008, 98.96), (132.378, 115.458), (137.94, 181.097), (160.531, 195.449), (173.406, 193.108), (219.716, 143.761)))
(((182.64, -358.44), (168.094, -362.75), (141.042, -346.915), (135.02, -336.947), (139.732, -324.697), (185.7, -320.7), (182.64, -358.44)))
(((194.267, -159.709), (172.439, -194.176), (172.296, -194.228), (144.044, -178.956), (142.176, -165.612), (161.04, -141.857), (175.63, -142.137), (194.267, -159.709)))
(((175.63, -142.137), (161.04, -141.857), (137.879, -109.43), (166.695, -82.131), (197.433, -101.097), (175.63, -142.137)))
(((210, -28.1889), (210, -31.4844), (164.946, -69.4987), (135.398, -42.1131), (157.679, -6.00331), (161.58, -4.51703), (210, -28.1889)))
(((217.202, 388.112), (169.021, 371.593), (129.522, 384.988), (101.534, 452.043), (122.847, 498.331), (208.206, 521.247), (217.202, 388.112)))
(((209.918, -532.448), (180.413, -546.02), (148.34, -521.769), (149.377, -517.248), (204.898, -480.235), (209.918, -532.448)))
(((199.527, -424.011), (172.5, -413.2), (157.534, -395.241), (168.094, -362.75), (182.64, -358.44), (194.089, -363.154), (209.898, -414.892), (199.527, -424.011)))
(((173.406, 193.108), (160.531, 195.449), (136.412, 266.842), (179.236, 294.983), (254.592, 267.667), (173.406, 193.108)))
(((213.915, -230.363), (185.59, -242.879), (164.721, -218.216), (172.296, -194.228), (172.439, -194.176), (208.854, -208.742), (213.915, -230.363)))
(((210, -28.1889), (161.58, -4.51703), (183.351, 51.118), (210, 50.8081), (210, -28.1889)))
(((280.678, 53), (210, 53), (210, 50.8081), (183.351, 51.118), (160.404, 66.9778), (154.008, 98.96), (219.716, 143.761), (284.89, 122.037), (294, 94), (280.678, 53)))
(((221.911, -184.691), (208.854, -208.742), (172.439, -194.176), (194.267, -159.709), (208.896, -160.522), (221.911, -184.691)))
(((210, -31.4844), (210, -53), (236.595, -53), (219.917, -99.0631), (218.322, -100.118), (197.433, -101.097), (166.695, -82.131), (164.946, -69.4987), (210, -31.4844)))
(((220.817, -147.518), (208.896, -160.522), (194.267, -159.709), (175.63, -142.137), (197.433, -101.097), (218.322, -100.118), (220.817, -147.518)))
(((219.38, -353.67), (194.089, -363.154), (182.64, -358.44), (185.7, -320.7), (189.244, -315.384), (215.619, -317.314), (219.38, -353.67)))
(((256.316, -645.274), (235.902, -660.106), (208.803, -660.106), (173.25, -589), (180.413, -546.02), (209.918, -532.448), (225.557, -540.694), (256.316, -645.274)))
(((216.477, -231.692), (219.878, -277.601), (183.319, -278.616), (175.519, -264.46), (185.59, -242.879), (213.915, -230.363), (216.477, -231.692)))
(((225.897, -281.719), (221.375, -313.375), (215.619, -317.314), (189.244, -315.384), (180.904, -292.032), (183.319, -278.616), (219.878, -277.601), (225.897, -281.719)))
(((295.026, 272.682), (254.592, 267.667), (179.236, 294.983), (169.021, 371.593), (217.202, 388.112), (303.111, 358.434), (313, 328), (295.026, 272.682)))
(((246.316, -390.697), (229.835, -410.558), (209.898, -414.892), (194.089, -363.154), (219.38, -353.67), (240.139, -360.429), (246.316, -390.697)))
(((284.878, 122.041), (219.716, 143.761), (173.406, 193.108), (254.592, 267.667), (290.211, 272.084), (309.902, 257.779), (329, 199), (309.902, 140.221), (284.878, 122.041)))
(((261.426, -337.851), (240.139, -360.429), (219.38, -353.67), (215.619, -317.314), (221.375, -313.375), (253.579, -322.158), (261.426, -337.851)))
(((251.545, -276.351), (225.897, -281.719), (219.878, -277.601), (216.477, -231.692), (247.291, -232.284), (260.341, -247.451), (251.545, -276.351)))
(((260.128, -452.436), (208.21, -478.395), (205.462, -478.438), (195.279, -461.709), (199.527, -424.011), (209.898, -414.892), (229.835, -410.558), (259.948, -442.678), (260.128, -452.436)))
(((247.291, -232.284), (216.477, -231.692), (213.915, -230.363), (208.854, -208.742), (221.911, -184.691), (246.853, -187.185), (257.19, -204.569), (247.291, -232.284)))
(((269.555, -508.607), (264.502, -519.274), (225.557, -540.694), (209.918, -532.448), (204.898, -480.235), (205.462, -478.438), (208.21, -478.395), (269.169, -506.97), (269.555, -508.607)))
(((262.647, -158.23), (246.853, -187.185), (221.911, -184.691), (208.896, -160.522), (220.817, -147.518), (256.665, -149.567), (262.647, -158.23)))
(((256.665, -149.567), (220.817, -147.518), (218.322, -100.118), (219.917, -99.0631), (261.645, -116.365), (256.665, -149.567)))
(((263.273, -291.314), (253.579, -322.158), (221.375, -313.375), (225.897, -281.719), (251.545, -276.351), (263.273, -291.314)))
(((269.169, -506.97), (208.21, -478.395), (260.128, -452.436), (279.054, -474.228), (269.169, -506.97)))
(((303.233, 358.392), (217.202, 388.112), (208.206, 521.247), (223.186, 533.106), (281.902, 533.106), (331.902, 496.779), (351, 438), (331.902, 379.221), (303.233, 358.392)))
(((256.266, -645.106), (225.557, -540.694), (264.502, -519.274), (289.629, -586.924), (279.186, -645.106), (256.266, -645.106)))
(((283.75, -53), (274.214, -110.214), (261.645, -116.365), (219.917, -99.0631), (236.595, -53), (283.75, -53)))
(((287.719, -421.61), (259.948, -442.678), (229.835, -410.558), (246.316, -390.697), (281.246, -392.122), (287.719, -421.61)))
(((287.668, -343.045), (291.876, -381.758), (281.246, -392.122), (246.316, -390.697), (240.139, -360.429), (261.426, -337.851), (286.29, -341.92), (287.668, -343.045)))
(((293.078, -164.123), (280.204, -201.459), (257.19, -204.569), (246.853, -187.185), (262.647, -158.23), (292.937, -164.031), (293.078, -164.123)))
(((296.276, -245.337), (260.341, -247.451), (247.291, -232.284), (257.19, -204.569), (280.204, -201.459), (300.196, -219.23), (298.738, -243.538), (296.276, -245.337)))
(((295.645, -293.586), (286.29, -341.92), (261.426, -337.851), (253.579, -322.158), (263.273, -291.314), (294.917, -292.896), (295.645, -293.586)))
(((294.917, -292.896), (263.273, -291.314), (251.545, -276.351), (260.341, -247.451), (296.276, -245.337), (294.917, -292.896)))
(((292.937, -164.031), (262.647, -158.23), (256.665, -149.567), (261.645, -116.365), (274.214, -110.214), (288.863, -117.172), (292.937, -164.031)))
(((315.704, -463.009), (279.054, -474.228), (260.128, -452.436), (259.948, -442.678), (287.719, -421.61), (314.417, -434.958), (320.036, -454.625), (315.704, -463.009)))
(((324.124, -531.987), (289.629, -586.924), (264.502, -519.274), (269.555, -508.607), (320.448, -521.626), (324.124, -531.987)))
(((324.542, -53), (324.806, -56.1774), (307.953, -115.163), (288.863, -117.172), (274.214, -110.214), (283.75, -53), (324.542, -53)))
(((322.004, -200.33), (300.196, -219.23), (280.204, -201.459), (293.078, -164.123), (300.242, -164.487), (322.004, -200.33)))
(((320.448, -521.626), (269.555, -508.607), (269.169, -506.97), (279.054, -474.228), (315.704, -463.009), (329.935, -498.587), (320.448, -521.626)))
(((331.698, -145.763), (300.242, -164.487), (293.078, -164.123), (292.937, -164.031), (288.863, -117.172), (307.953, -115.163), (334.082, -136.066), (331.698, -145.763)))
(((331.49, -406.243), (314.417, -434.958), (287.719, -421.61), (281.246, -392.122), (291.876, -381.758), (321.293, -386.335), (331.49, -406.243)))
(((339.698, -335.95), (287.668, -343.045), (286.29, -341.92), (295.645, -293.586), (336.811, -299.075), (343.671, -326.945), (339.698, -335.95)))
(((343.857, -354.369), (321.293, -386.335), (291.876, -381.758), (287.668, -343.045), (339.698, -335.95), (343.857, -354.369)))
(((344.337, -283.763), (336.811, -299.075), (295.645, -293.586), (294.917, -292.896), (296.276, -245.337), (298.738, -243.538), (342.4, -254.231), (344.337, -283.763)))
(((367.336, -227.079), (342.4, -254.231), (298.738, -243.538), (300.196, -219.23), (322.004, -200.33), (353.627, -201.676), (367.336, -227.079)))
(((334.082, -136.066), (307.953, -115.163), (324.806, -56.1774), (351.457, -121.78), (334.082, -136.066)))
(((353.627, -201.676), (322.004, -200.33), (300.242, -164.487), (331.698, -145.763), (358.053, -180.904), (353.627, -201.676)))
(((400, -633.605), (364.902, -659.106), (303.098, -659.106), (279.722, -642.122), (289.629, -586.924), (324.124, -531.987), (400, -561.408), (400, -633.605)))
(((370.694, -450.313), (320.036, -454.625), (314.417, -434.958), (331.49, -406.243), (359.571, -408.855), (370.694, -450.313)))
(((400, -487.808), (329.935, -498.587), (315.704, -463.009), (320.036, -454.625), (370.694, -450.313), (400, -469.009), (400, -487.808)))
(((359.571, -408.855), (331.49, -406.243), (321.293, -386.335), (343.857, -354.369), (382.237, -382.648), (359.571, -408.855)))
(((400, -561.408), (324.124, -531.987), (320.448, -521.626), (329.935, -498.587), (400, -487.808), (400, -561.408)))
(((324.542, -53), (400, -53), (400, -117.595), (351.457, -121.78), (324.806, -56.1774), (324.542, -53)))
(((400, -154.688), (358.053, -180.904), (331.698, -145.763), (334.082, -136.066), (351.457, -121.78), (400, -117.595), (400, -154.688)))
(((400, -323.272), (343.671, -326.945), (336.811, -299.075), (344.337, -283.763), (400, -287.136), (400, -323.272)))
(((400, -287.136), (344.337, -283.763), (342.4, -254.231), (367.336, -227.079), (400, -232.867), (400, -287.136)))
(((400, -380.364), (382.237, -382.648), (343.857, -354.369), (339.698, -335.95), (343.671, -326.945), (400, -323.272), (400, -380.364)))
(((400, -469.009), (370.694, -450.313), (359.571, -408.855), (382.237, -382.648), (400, -380.364), (400, -469.009)))
(((400, -232.867), (367.336, -227.079), (353.627, -201.676), (358.053, -180.904), (400, -154.688), (400, -232.867)))
