(((-225, -791.106), (-225, -659.414), (-195.797, -670.491), (-179.87, -724.641), (-199.324, -791.106), (-225, -791.106)))
(((-225, -119.853), (-184.5, -143.676), (-184.5, -184.22), (-225, -191.51), (-225, -119.853)))
(((-225, -191.51), (-184.5, -184.22), (-162.577, -202.635), (-178.554, -230.595), (-225, -255.837), (-225, -191.51)))
(((-225, -344.043), (-167.634, -356.901), (-156.666, -372.831), (-168.437, -402.024), (-225, -415.077), (-225, -344.043)))
(((-225, -602.362), (-189.213, -605.665), (-157.557, -628.565), (-155.198, -643.11), (-195.797, -670.491), (-225, -659.414), (-225, -602.362)))
(((-225, -509.5), (-156.3, -554.467), (-189.213, -605.665), (-225, -602.362), (-225, -509.5)))
(((-225, -415.077), (-168.437, -402.024), (-152.457, -431.617), (-200.587, -487.768), (-225, -496.959), (-225, -415.077)))
(((-225, -286.023), (-175.912, -291.392), (-158.259, -328.776), (-167.634, -356.901), (-225, -344.043), (-225, -286.023)))
(((-225, -74.9032), (-143.819, -108.947), (-142.428, -120.08), (-146.767, -128.14), (-184.5, -143.676), (-225, -119.853), (-225, -74.9032)))
(((-225, -255.837), (-178.554, -230.595), (-146.545, -273.273), (-175.912, -291.392), (-225, -286.023), (-225, -255.837)))
(((-225, -74.9032), (-225, -53), (-122.958, -53), (-143.819, -108.947), (-225, -74.9032)))
(((-146.537, -650.197), (-138.568, -691.811), (-179.87, -724.641), (-195.797, -670.491), (-155.198, -643.11), (-146.537, -650.197)))
(((-120.513, -586.229), (-157.557, -628.565), (-189.213, -605.665), (-156.3, -554.467), (-140.346, -556.215), (-119.704, -582.242), (-120.513, -586.229)))
(((-147.062, -201.243), (-162.577, -202.635), (-184.5, -184.22), (-184.5, -143.676), (-146.767, -128.14), (-129.115, -176.684), (-147.062, -201.243)))
(((-225, -509.5), (-225, -496.959), (-200.587, -487.768), (-136.66, -491.255), (-119.487, -517.587), (-140.346, -556.215), (-156.3, -554.467), (-225, -509.5)))
(((-136.136, -272.472), (-146.545, -273.273), (-178.554, -230.595), (-162.577, -202.635), (-147.062, -201.243), (-121.209, -230.327), (-136.136, -272.472)))
(((-116.667, -456.867), (-136.66, -491.255), (-200.587, -487.768), (-152.457, -431.617), (-126.159, -438.537), (-116.667, -456.867)))
(((-125.418, -282.073), (-126.253, -317.138), (-158.259, -328.776), (-175.912, -291.392), (-146.545, -273.273), (-136.136, -272.472), (-125.418, -282.073)))
(((-128.712, -372.414), (-156.666, -372.831), (-167.634, -356.901), (-158.259, -328.776), (-126.253, -317.138), (-103.859, -338.133), (-128.712, -372.414)))
(((-131.426, -800), (-185.693, -800), (-199.08, -790.274), (-179.87, -724.641), (-138.568, -691.811), (-104.12, -703.293), (-80.0569, -734.986), (-131.426, -800)))
(((-126.159, -438.537), (-152.457, -431.617), (-168.437, -402.024), (-156.666, -372.831), (-128.712, -372.414), (-100.662, -401.202), (-126.159, -438.537)))
(((-93.9175, -647.909), (-146.537, -650.197), (-155.198, -643.11), (-157.557, -628.565), (-120.513, -586.229), (-87.2083, -642.846), (-93.9175, -647.909)))
(((-104.12, -703.293), (-138.568, -691.811), (-146.537, -650.197), (-93.9175, -647.909), (-104.12, -703.293)))
(((-104.725, -173.07), (-129.115, -176.684), (-146.767, -128.14), (-142.428, -120.08), (-105.337, -125.98), (-92.8658, -152.586), (-104.725, -173.07)))
(((-173.277, 449.963), (-192.902, 464.221), (-212, 523), (-192.902, 581.779), (-142.902, 618.106), (-103.552, 618.106), (-61.2163, 555.848), (-85.3971, 478.048), (-173.277, 449.963)))
(((-90.119, -53), (-74.052, -99.0103), (-105.337, -125.98), (-142.428, -120.08), (-143.819, -108.947), (-122.958, -53), (-90.119, -53)))
(((-75.6045, -207.466), (-91.8218, -228.78), (-121.209, -230.327), (-147.062, -201.243), (-129.115, -176.684), (-104.725, -173.07), (-76.6857, -199.357), (-75.6045, -207.466)))
(((-93.9652, -515.796), (-119.487, -517.587), (-136.66, -491.255), (-116.667, -456.867), (-100.795, -460.688), (-82.0946, -482.728), (-93.9652, -515.796)))
(((-76.0529, -307.895), (-91.7485, -336.147), (-103.859, -338.133), (-126.253, -317.138), (-125.418, -282.073), (-86.2665, -282.872), (-76.0529, -307.895)))
(((-86.2665, -282.872), (-125.418, -282.073), (-136.136, -272.472), (-121.209, -230.327), (-91.8218, -228.78), (-74.2894, -263.048), (-86.2665, -282.872)))
(((-80.865, -572.055), (-119.704, -582.242), (-140.346, -556.215), (-119.487, -517.587), (-93.9652, -515.796), (-75.0298, -531.208), (-80.865, -572.055)))
(((-85.2676, -400.735), (-100.662, -401.202), (-128.712, -372.414), (-103.859, -338.133), (-91.7485, -336.147), (-66.6462, -360.552), (-85.2676, -400.735)))
(((-62.5, -431.231), (-100.795, -460.688), (-116.667, -456.867), (-126.159, -438.537), (-100.662, -401.202), (-85.2676, -400.735), (-62.5, -419.628), (-62.5, -431.231)))
(((-58.5509, -640.49), (-87.2083, -642.846), (-120.513, -586.229), (-119.704, -582.242), (-80.865, -572.055), (-69.0221, -579.292), (-54.3907, -634.16), (-58.5509, -640.49)))
(((-62.2327, -147.619), (-92.8658, -152.586), (-105.337, -125.98), (-74.052, -99.0103), (-46.594, -119.469), (-62.2327, -147.619)))
(((-90.9553, 330.894), (-111.902, 330.894), (-161.902, 367.221), (-181, 426), (-173.207, 449.986), (-85.3971, 478.048), (-31.9541, 446.994), (-90.9553, 330.894)))
(((-58.6918, -729.492), (-80.0569, -734.986), (-104.12, -703.293), (-93.9175, -647.909), (-87.2083, -642.846), (-58.5509, -640.49), (-35.0441, -696.21), (-58.6918, -729.492)))
(((-54.75, -171.938), (-76.6857, -199.357), (-104.725, -173.07), (-92.8658, -152.586), (-62.2327, -147.619), (-54.75, -171.938)))
(((-35.6076, -476.087), (-82.0946, -482.728), (-100.795, -460.688), (-62.5, -431.231), (-34.7886, -474.93), (-35.6076, -476.087)))
(((-38.6541, -521.023), (-75.0298, -531.208), (-93.9652, -515.796), (-82.0946, -482.728), (-35.6076, -476.087), (-38.6541, -521.023)))
(((-44.9938, -260.176), (-74.2894, -263.048), (-91.8218, -228.78), (-75.6045, -207.466), (-45.7397, -217.189), (-36.2165, -243.718), (-44.9938, -260.176)))
(((-38.2441, -357.454), (-66.6462, -360.552), (-91.7485, -336.147), (-76.0529, -307.895), (-49.2519, -310.278), (-38.2441, -357.454)))
(((-23.2048, -292.456), (-49.2519, -310.278), (-76.0529, -307.895), (-86.2665, -282.872), (-74.2894, -263.048), (-44.9938, -260.176), (-23.2048, -292.456)))
(((-36, -358.323), (-36, -407.223), (-62.5, -419.628), (-85.2676, -400.735), (-66.6462, -360.552), (-38.2441, -357.454), (-36, -358.323)))
(((-131.426, -800), (-80.0569, -734.986), (-58.6918, -729.492), (-26.3949, -760.523), (-20.3729, -800), (-131.426, -800)))
(((-22.6842, -566.053), (-69.0221, -579.292), (-80.865, -572.055), (-75.0298, -531.208), (-38.6541, -521.023), (-15.2923, -543.877), (-22.6842, -566.053)))
(((-14.1178, -189.929), (-45.7397, -217.189), (-75.6045, -207.466), (-76.6857, -199.357), (-54.75, -171.938), (-19.3989, -180.775), (-14.1178, -189.929)))
(((-90.119, -53), (-30, -53), (-30, -42.5192), (-15.1058, -47.6749), (-6.26188, -63.6371), (-44.9276, -119.316), (-46.594, -119.469), (-74.052, -99.0103), (-90.119, -53)))
(((-7.6745, -614.023), (-54.3907, -634.16), (-69.0221, -579.292), (-22.6842, -566.053), (-5.55263, -607.658), (-7.6745, -614.023)))
(((-19.3989, -180.775), (-54.75, -171.938), (-62.2327, -147.619), (-46.594, -119.469), (-44.9276, -119.316), (-13.3302, -137.283), (-19.3989, -180.775)))
(((23.499, 502.459), (-4.65374, 451.674), (-31.9541, 446.994), (-85.3971, 478.048), (-61.2163, 555.848), (8.88414, 535.819), (23.499, 502.459)))
(((-0.578431, -419.029), (-26.4592, -472.153), (-34.7886, -474.93), (-62.5, -431.231), (-62.5, -419.628), (-36, -407.223), (-0.798507, -417.709), (-0.578431, -419.029)))
(((-0.794872, -321.609), (-31.9302, -357.535), (-36, -358.323), (-38.2441, -357.454), (-49.2519, -310.278), (-23.2048, -292.456), (-15.7123, -294.07), (-0.794872, -321.609)))
(((7.1011, -236.879), (-36.2165, -243.718), (-45.7397, -217.189), (-14.1178, -189.929), (-12.3795, -190.725), (9.22549, -230.988), (7.1011, -236.879)))
(((-78.7638, 320.137), (-91.6603, 329.507), (-31.9541, 446.994), (-4.65374, 451.674), (37.0613, 394.509), (-22.6932, 326.367), (-78.7638, 320.137)))
(((-0.798507, -417.709), (-36, -407.223), (-36, -358.323), (-31.9302, -357.535), (-2.09091, -372.455), (11.8017, -399.509), (-0.798507, -417.709)))
(((-30, 27.625), (25.1946, 13.8263), (23.6852, 1.60012), (-15.1058, -47.6749), (-30, -42.5192), (-30, 27.625)))
(((9.29755, -689.641), (-35.0441, -696.21), (-58.5509, -640.49), (-54.3907, -634.16), (-7.6745, -614.023), (16.7286, -647.757), (9.29755, -689.641)))
(((15.7573, -266.635), (-15.7123, -294.07), (-23.2048, -292.456), (-44.9938, -260.176), (-36.2165, -243.718), (7.1011, -236.879), (15.7573, -266.635)))
(((-100.953, 625), (59.6835, 625), (8.88414, 535.819), (-61.2163, 555.848), (-103.309, 617.748), (-100.953, 625)))
(((7.7717, -71.717), (13.6652, -130.652), (-13.3302, -137.283), (-44.9276, -119.316), (-6.26188, -63.6371), (7.7717, -71.717)))
(((4.88496, -538.456), (-15.2923, -543.877), (-38.6541, -521.023), (-35.6076, -476.087), (-34.7886, -474.93), (-26.4592, -472.153), (7.60227, -481.793), (22.7777, -504.818), (4.88496, -538.456)))
(((-30, 27.625), (-30, 53), (-103.7, 53), (-85.9017, 107.779), (-76.6947, 114.468), (-25.8996, 112.436), (31.7116, 56.1341), (35.8497, 25.5125), (25.1946, 13.8263), (-30, 27.625)))
(((-89.3871, 211.948), (-105, 260), (-85.9017, 318.779), (-84.9825, 319.446), (-22.6932, 326.367), (40.4466, 285.893), (6.25449, 217.509), (-89.3871, 211.948)))
(((18.0659, -695.904), (24.1337, -748.492), (-26.3949, -760.523), (-58.6918, -729.492), (-35.0441, -696.21), (9.29755, -689.641), (18.0659, -695.904)))
(((22.25, -345.25), (-2.09091, -372.455), (-31.9302, -357.535), (-0.794872, -321.609), (2.71936, -322.826), (22.25, -345.25)))
(((-80.049, 114.602), (-80.9017, 115.221), (-100, 174), (-87.6367, 212.05), (6.25449, 217.509), (48.7008, 184.259), (45.4721, 145.919), (-25.8996, 112.436), (-80.049, 114.602)))
(((27.3022, -151.327), (24.8932, -176.621), (-12.3795, -190.725), (-14.1178, -189.929), (-19.3989, -180.775), (-13.3302, -137.283), (13.6652, -130.652), (15.1959, -131.305), (27.3022, -151.327)))
(((-20.3729, -800), (-26.3949, -760.523), (24.1337, -748.492), (63.7194, -783.129), (67.3458, -800), (-20.3729, -800)))
(((7.60227, -481.793), (-26.4592, -472.153), (-0.578431, -419.029), (33.8794, -450.042), (7.60227, -481.793)))
(((29.2626, -591.411), (-5.55263, -607.658), (-22.6842, -566.053), (-15.2923, -543.877), (4.88496, -538.456), (31.7786, -557.026), (29.2626, -591.411)))
(((42.426, -302.178), (2.71936, -322.826), (-0.794872, -321.609), (-15.7123, -294.07), (15.7573, -266.635), (33.7581, -273.508), (42.426, -302.178)))
(((44.1661, -390.682), (11.8017, -399.509), (-2.09091, -372.455), (22.25, -345.25), (45.6678, -351.637), (44.1661, -390.682)))
(((49.6168, -212.629), (9.22549, -230.988), (-12.3795, -190.725), (24.8932, -176.621), (47.9124, -196.153), (49.6168, -212.629)))
(((61.2143, -45.6587), (14.7123, -71.4932), (7.7717, -71.717), (-6.26188, -63.6371), (-15.1058, -47.6749), (23.6852, 1.60012), (61.2143, -45.6587)))
(((57.0476, -634.317), (16.7286, -647.757), (-7.6745, -614.023), (-5.55263, -607.658), (29.2626, -591.411), (46.0177, -599.389), (57.0476, -634.317)))
(((67.5073, -332.646), (45.6678, -351.637), (22.25, -345.25), (2.71936, -322.826), (42.426, -302.178), (68.8098, -323.008), (67.5073, -332.646)))
(((61.9802, -108.581), (15.1959, -131.305), (13.6652, -130.652), (7.7717, -71.717), (14.7123, -71.4932), (63.5135, -105.279), (61.9802, -108.581)))
(((62.7156, -412.632), (46.0847, -449.589), (33.8794, -450.042), (-0.578431, -419.029), (-0.798507, -417.709), (11.8017, -399.509), (44.1661, -390.682), (58.8931, -400.963), (62.7156, -412.632)))
(((55.4492, -503.003), (22.7777, -504.818), (7.60227, -481.793), (33.8794, -450.042), (46.0847, -449.589), (65.3671, -469.943), (55.4492, -503.003)))
(((91.1056, 110.287), (31.7116, 56.1341), (-25.8996, 112.436), (45.4721, 145.919), (91.1056, 110.287)))
(((63.9947, -513.301), (55.5851, -550.677), (31.7786, -557.026), (4.88496, -538.456), (22.7777, -504.818), (55.4492, -503.003), (63.9947, -513.301)))
(((64.8562, -224.211), (55.0797, -262.339), (33.7581, -273.508), (15.7573, -266.635), (7.1011, -236.879), (9.22549, -230.988), (49.6168, -212.629), (64.8562, -224.211)))
(((69.6927, 286.456), (40.4466, 285.893), (-22.6932, 326.367), (37.0613, 394.509), (99.3242, 389.46), (69.6927, 286.456)))
(((89.5428, -693.671), (18.0659, -695.904), (9.29755, -689.641), (16.7286, -647.757), (57.0476, -634.317), (61.0484, -635.932), (91.8067, -690.35), (89.5428, -693.671)))
(((79.844, -160.673), (47.9124, -196.153), (24.8932, -176.621), (27.3022, -151.327), (72.1899, -152.823), (79.844, -160.673)))
(((101.077, 221.231), (48.7008, 184.259), (6.25449, 217.509), (40.4466, 285.893), (69.6927, 286.456), (111.031, 251.094), (101.077, 221.231)))
(((90.4689, -713.581), (63.7194, -783.129), (24.1337, -748.492), (18.0659, -695.904), (89.5428, -693.671), (90.4689, -713.581)))
(((72.1899, -152.823), (27.3022, -151.327), (15.1959, -131.305), (61.9802, -108.581), (72.1899, -152.823)))
(((78.1543, -94.5795), (63.5135, -105.279), (14.7123, -71.4932), (61.2143, -45.6587), (69.6875, -47.5417), (78.1543, -94.5795)))
(((86.7742, -574.935), (46.0177, -599.389), (29.2626, -591.411), (31.7786, -557.026), (55.5851, -550.677), (86.7742, -574.935)))
(((142.444, 413.434), (138.029, 408.226), (99.3242, 389.46), (37.0613, 394.509), (-4.65374, 451.674), (23.499, 502.459), (141.781, 486.607), (154, 449), (142.444, 413.434)))
(((93.0477, -300.79), (68.8098, -323.008), (42.426, -302.178), (33.7581, -273.508), (55.0797, -262.339), (90.3767, -281.091), (93.0477, -300.79)))
(((90.7229, -33.5181), (69.6875, -47.5417), (61.2143, -45.6587), (23.6852, 1.60012), (25.1946, 13.8263), (35.8497, 25.5125), (69.2699, 22.7275), (93.4787, 6.44158), (90.7229, -33.5181)))
(((59.6835, 625), (120.069, 625), (147.902, 604.779), (167, 546), (147.902, 487.221), (146.234, 486.01), (23.499, 502.459), (8.88414, 535.819), (59.6835, 625)))
(((100.287, -583.202), (97.0333, -609.233), (61.0484, -635.932), (57.0476, -634.317), (46.0177, -599.389), (86.7742, -574.935), (95.3058, -576.228), (100.287, -583.202)))
(((93.4423, 109.72), (102.188, 82.7542), (69.2699, 22.7275), (35.8497, 25.5125), (31.7116, 56.1341), (91.1056, 110.287), (93.4423, 109.72)))
(((101.793, -374.466), (58.8931, -400.963), (44.1661, -390.682), (45.6678, -351.637), (67.5073, -332.646), (101.307, -364.567), (101.793, -374.466)))
(((101.031, -461.551), (65.3671, -469.943), (46.0847, -449.589), (62.7156, -412.632), (114.026, -437.594), (101.031, -461.551)))
(((104.584, -206.291), (82.144, -223.923), (64.8562, -224.211), (49.6168, -212.629), (47.9124, -196.153), (79.844, -160.673), (96.6737, -163.223), (104.584, -206.291)))
(((90.3767, -281.091), (55.0797, -262.339), (64.8562, -224.211), (82.144, -223.923), (102.433, -259.992), (90.3767, -281.091)))
(((111.823, -534.541), (95.3058, -576.228), (86.7742, -574.935), (55.5851, -550.677), (63.9947, -513.301), (105.105, -519.297), (111.823, -534.541)))
(((105.105, -519.297), (63.9947, -513.301), (55.4492, -503.003), (65.3671, -469.943), (101.031, -461.551), (114.959, -496.005), (105.105, -519.297)))
(((115.791, -150.143), (96.6737, -163.223), (79.844, -160.673), (72.1899, -152.823), (61.9802, -108.581), (63.5135, -105.279), (78.1543, -94.5795), (102.166, -99.3031), (116.117, -149.295), (115.791, -150.143)))
(((131.211, -671.106), (91.8067, -690.35), (61.0484, -635.932), (97.0333, -609.233), (135.873, -662.638), (131.211, -671.106)))
(((122.88, -432.332), (114.026, -437.594), (62.7156, -412.632), (58.8931, -400.963), (101.793, -374.466), (124.903, -399.449), (122.88, -432.332)))
(((147.528, 140.998), (93.4423, 109.72), (91.1056, 110.287), (45.4721, 145.919), (48.7008, 184.259), (101.077, 221.231), (147.528, 140.998)))
(((129.601, -51.1917), (116.965, -89.9405), (102.166, -99.3031), (78.1543, -94.5795), (69.6875, -47.5417), (90.7229, -33.5181), (129.214, -50.454), (129.601, -51.1917)))
(((116.989, 14.8098), (93.4787, 6.44158), (69.2699, 22.7275), (102.188, 82.7542), (136.132, 47.1542), (116.989, 14.8098)))
(((126.807, -312.304), (133.002, -338.635), (101.307, -364.567), (67.5073, -332.646), (68.8098, -323.008), (93.0477, -300.79), (124.752, -309.282), (126.807, -312.304)))
(((132.958, -252.724), (102.433, -259.992), (82.144, -223.923), (104.584, -206.291), (122.46, -211.899), (132.958, -252.724)))
(((67.3458, -800), (63.7194, -783.129), (90.4689, -713.581), (148.938, -755.921), (132.909, -800), (67.3458, -800)))
(((166.632, 267.114), (111.031, 251.094), (69.6927, 286.456), (99.3242, 389.46), (138.029, 408.226), (166.632, 267.114)))
(((151.186, -267.227), (124.752, -309.282), (93.0477, -300.79), (90.3767, -281.091), (102.433, -259.992), (132.958, -252.724), (147.329, -259.769), (151.186, -267.227)))
(((129.214, -50.454), (90.7229, -33.5181), (93.4787, 6.44158), (116.989, 14.8098), (146.586, -12.8136), (129.214, -50.454)))
(((135.873, -662.638), (97.0333, -609.233), (100.287, -583.202), (139, -588.413), (139, -660.24), (135.873, -662.638)))
(((149.781, -199.54), (122.46, -211.899), (104.584, -206.291), (96.6737, -163.223), (115.791, -150.143), (157.302, -183.871), (149.781, -199.54)))
(((162.824, -121.523), (116.117, -149.295), (102.166, -99.3031), (116.965, -89.9405), (162.289, -109.936), (162.824, -121.523)))
(((171.848, -550.03), (166.134, -577.455), (139, -588.413), (100.287, -583.202), (95.3058, -576.228), (111.823, -534.541), (168.48, -541.774), (171.848, -550.03)))
(((181.884, -364.705), (124.903, -399.449), (101.793, -374.466), (101.307, -364.567), (133.002, -338.635), (181.884, -364.705)))
(((180.705, -487.987), (114.959, -496.005), (101.031, -461.551), (114.026, -437.594), (122.88, -432.332), (147.425, -441.396), (180.705, -487.987)))
(((175.909, -733.02), (148.938, -755.921), (90.4689, -713.581), (89.5428, -693.671), (91.8067, -690.35), (131.211, -671.106), (176.435, -728.553), (175.909, -733.02)))
(((180.766, -488.023), (168.48, -541.774), (111.823, -534.541), (105.105, -519.297), (114.959, -496.005), (180.705, -487.987), (180.766, -488.023)))
(((215.674, 80.287), (153.35, 48.63), (136.132, 47.1542), (102.188, 82.7542), (93.4423, 109.72), (147.528, 140.998), (159.094, 140.1), (215.674, 80.287)))
(((147.329, -259.769), (132.958, -252.724), (122.46, -211.899), (149.781, -199.54), (166.898, -229.018), (147.329, -259.769)))
(((175.086, -89.2974), (162.289, -109.936), (116.965, -89.9405), (129.601, -51.1917), (171.62, -64.602), (175.086, -89.2974)))
(((168.538, -7.78302), (146.586, -12.8136), (116.989, 14.8098), (136.132, 47.1542), (153.35, 48.63), (168.538, -7.78302)))
(((176.411, -136.129), (164.321, -180.862), (157.302, -183.871), (115.791, -150.143), (116.117, -149.295), (162.824, -121.523), (176.411, -136.129)))
(((234.53, 246.694), (159.094, 140.1), (147.528, 140.998), (101.077, 221.231), (111.031, 251.094), (166.632, 267.114), (234.53, 246.694)))
(((201.015, -636.453), (139, -660.24), (139, -588.413), (166.134, -577.455), (204.876, -630.855), (201.015, -636.453)))
(((188.413, -309.504), (126.807, -312.304), (124.752, -309.282), (151.186, -267.227), (180.141, -280.034), (188.413, -309.504)))
(((182.847, -364.694), (181.884, -364.705), (133.002, -338.635), (126.807, -312.304), (188.413, -309.504), (203.443, -331.653), (182.847, -364.694)))
(((197.845, -399.379), (147.425, -441.396), (122.88, -432.332), (124.903, -399.449), (181.884, -364.705), (182.847, -364.694), (198.619, -396.239), (197.845, -399.379)))
(((210, -19.0909), (210, -23.2692), (171.62, -64.602), (129.601, -51.1917), (129.214, -50.454), (146.586, -12.8136), (168.538, -7.78302), (210, -19.0909)))
(((264.278, 53), (210, 53), (210, -19.0909), (168.538, -7.78302), (153.35, 48.63), (215.674, 80.287), (259.955, 66.3037), (264.278, 53)))
(((197.049, -227.472), (166.898, -229.018), (149.781, -199.54), (157.302, -183.871), (164.321, -180.862), (190.956, -188.39), (202.837, -218.092), (197.049, -227.472)))
(((203.77, -257.717), (180.141, -280.034), (151.186, -267.227), (147.329, -259.769), (166.898, -229.018), (197.049, -227.472), (203.77, -257.717)))
(((132.909, -800), (148.938, -755.921), (175.909, -733.02), (208.15, -763.012), (199.092, -800), (132.909, -800)))
(((214.523, -697.758), (176.435, -728.553), (131.211, -671.106), (135.873, -662.638), (139, -660.24), (201.015, -636.453), (214.523, -697.758)))
(((197.524, -483.287), (180.766, -488.023), (180.705, -487.987), (147.425, -441.396), (197.845, -399.379), (214.726, -466.904), (197.524, -483.287)))
(((222.6, -159.91), (190.956, -188.39), (164.321, -180.862), (176.411, -136.129), (210.225, -140.187), (222.6, -159.91)))
(((236.833, 247.016), (234.53, 246.694), (166.632, 267.114), (138.029, 408.226), (142.706, 413.743), (161.098, 427.106), (222.902, 427.106), (272.902, 390.779), (292, 332), (272.902, 273.221), (236.833, 247.016)))
(((210.225, -140.187), (176.411, -136.129), (162.824, -121.523), (162.289, -109.936), (175.086, -89.2974), (226.864, -98.5909), (210.225, -140.187)))
(((210, -23.2692), (210, -53), (244.326, -53), (235.409, -87.1818), (231.125, -95.75), (226.864, -98.5909), (175.086, -89.2974), (171.62, -64.602), (210, -23.2692)))
(((226.72, -622.748), (204.876, -630.855), (166.134, -577.455), (171.848, -550.03), (215.596, -553.834), (252.28, -595.252), (226.72, -622.748)))
(((230.835, -522.341), (215.596, -553.834), (171.848, -550.03), (168.48, -541.774), (180.766, -488.023), (197.524, -483.287), (230.835, -522.341)))
(((238.255, -268.957), (231.268, -324.859), (203.443, -331.653), (188.413, -309.504), (180.141, -280.034), (203.77, -257.717), (235.676, -265.346), (238.255, -268.957)))
(((223.275, -160.171), (238.481, -212.547), (202.837, -218.092), (190.956, -188.39), (222.6, -159.91), (223.275, -160.171)))
(((259.621, 66.4091), (215.674, 80.287), (159.094, 140.1), (234.53, 246.694), (244.636, 248.106), (247.902, 248.106), (297.902, 211.779), (317, 153), (297.902, 94.2215), (259.621, 66.4091)))
(((270.314, -752.84), (208.15, -763.012), (175.909, -733.02), (176.435, -728.553), (214.523, -697.758), (227.294, -702.228), (270.314, -752.84)))
(((249.538, -217.461), (235.676, -265.346), (203.77, -257.717), (197.049, -227.472), (202.837, -218.092), (238.481, -212.547), (249.538, -217.461)))
(((199.092, -800), (208.15, -763.012), (270.314, -752.84), (274.353, -754.247), (299.06, -800), (199.092, -800)))
(((270.751, -414.725), (232.518, -464.057), (214.726, -466.904), (197.845, -399.379), (198.619, -396.239), (258.631, -399.453), (268.045, -406.707), (270.751, -414.725)))
(((258.631, -399.453), (198.619, -396.239), (182.847, -364.694), (203.443, -331.653), (231.268, -324.859), (250.908, -331.488), (258.631, -399.453)))
(((252.28, -595.252), (215.596, -553.834), (230.835, -522.341), (267.243, -524.823), (277.075, -533.869), (260.97, -592.027), (252.28, -595.252)))
(((269.681, -671.253), (227.294, -702.228), (214.523, -697.758), (201.015, -636.453), (204.876, -630.855), (226.72, -622.748), (269.681, -671.253)))
(((265.627, -154.578), (223.275, -160.171), (222.6, -159.91), (210.225, -140.187), (226.864, -98.5909), (231.125, -95.75), (270.873, -137.088), (265.627, -154.578)))
(((267.243, -524.823), (230.835, -522.341), (197.524, -483.287), (214.726, -466.904), (232.518, -464.057), (261.321, -482.386), (267.243, -524.823)))
(((270.595, -162.102), (267.078, -213.683), (249.538, -217.461), (238.481, -212.547), (223.275, -160.171), (265.627, -154.578), (270.595, -162.102)))
(((308.04, -687.835), (274.353, -754.247), (270.314, -752.84), (227.294, -702.228), (269.681, -671.253), (300.028, -679.771), (305.678, -684.009), (308.04, -687.835)))
(((267.322, -327.767), (250.908, -331.488), (231.268, -324.859), (238.255, -268.957), (272.8, -269.8), (290.047, -293.68), (267.322, -327.767)))
(((268.934, -214.581), (284.24, -243.106), (272.8, -269.8), (238.255, -268.957), (235.676, -265.346), (249.538, -217.461), (267.078, -213.683), (268.934, -214.581)))
(((281.598, -128.609), (270.873, -137.088), (231.125, -95.75), (235.409, -87.1818), (287.32, -105.721), (281.598, -128.609)))
(((303.142, -465.878), (261.321, -482.386), (232.518, -464.057), (270.751, -414.725), (302.701, -436.759), (303.142, -465.878)))
(((323.471, -53), (287.32, -105.721), (235.409, -87.1818), (244.326, -53), (323.471, -53)))
(((282.568, -599.955), (300.028, -679.771), (269.681, -671.253), (226.72, -622.748), (252.28, -595.252), (260.97, -592.027), (282.568, -599.955)))
(((315.745, -360.409), (268.045, -406.707), (258.631, -399.453), (250.908, -331.488), (267.322, -327.767), (315.964, -358.033), (315.745, -360.409)))
(((313.766, -510.938), (305.8, -525.843), (277.075, -533.869), (267.243, -524.823), (261.321, -482.386), (303.142, -465.878), (315.252, -481.714), (313.766, -510.938)))
(((323.466, -175.238), (315.451, -201.789), (268.934, -214.581), (267.078, -213.683), (270.595, -162.102), (323.265, -174.576), (323.466, -175.238)))
(((335.144, -286.432), (290.047, -293.68), (272.8, -269.8), (284.24, -243.106), (322.786, -249.357), (335.144, -286.432)))
(((323.265, -174.576), (270.595, -162.102), (265.627, -154.578), (270.873, -137.088), (281.598, -128.609), (325.399, -136.572), (331.754, -147.695), (323.265, -174.576)))
(((322.786, -249.357), (284.24, -243.106), (268.934, -214.581), (315.451, -201.789), (330.364, -227.886), (322.786, -249.357)))
(((321.862, -598.318), (282.568, -599.955), (260.97, -592.027), (277.075, -533.869), (305.8, -525.843), (347.382, -569.673), (321.862, -598.318)))
(((369.625, -308.5), (315.964, -358.033), (267.322, -327.767), (290.047, -293.68), (335.144, -286.432), (369.625, -308.5)))
(((323.471, -53), (335.116, -53), (325.399, -136.572), (281.598, -128.609), (287.32, -105.721), (323.471, -53)))
(((332.157, -621.594), (305.678, -684.009), (300.028, -679.771), (282.568, -599.955), (321.862, -598.318), (332.157, -621.594)))
(((342.163, -418.759), (302.701, -436.759), (270.751, -414.725), (268.045, -406.707), (315.745, -360.409), (346.175, -408.872), (342.163, -418.759)))
(((400, -700.818), (400, -799.246), (398.962, -800), (299.06, -800), (274.353, -754.247), (308.04, -687.835), (400, -700.818)))
(((357.288, -473.707), (315.252, -481.714), (303.142, -465.878), (302.701, -436.759), (342.163, -418.759), (366.845, -455.357), (357.288, -473.707)))
(((400, -700.818), (308.04, -687.835), (305.678, -684.009), (332.157, -621.594), (400, -656.432), (400, -700.818)))
(((400, -559.884), (347.382, -569.673), (305.8, -525.843), (313.766, -510.938), (374.026, -513.09), (400, -536.756), (400, -559.884)))
(((374.026, -513.09), (313.766, -510.938), (315.252, -481.714), (357.288, -473.707), (374.026, -513.09)))
(((400, -202.875), (400, -212.964), (330.364, -227.886), (315.451, -201.789), (323.466, -175.238), (400, -202.875)))
(((335.116, -53), (400, -53), (400, -135.826), (331.754, -147.695), (325.399, -136.572), (335.116, -53)))
(((400, -383.427), (346.175, -408.872), (315.745, -360.409), (315.964, -358.033), (369.625, -308.5), (400, -308.5), (400, -383.427)))
(((400, -308.5), (369.625, -308.5), (335.144, -286.432), (322.786, -249.357), (330.364, -227.886), (400, -212.964), (400, -308.5)))
(((400, -202.875), (323.466, -175.238), (323.265, -174.576), (331.754, -147.695), (400, -135.826), (400, -202.875)))
(((400, -656.432), (332.157, -621.594), (321.862, -598.318), (347.382, -569.673), (400, -559.884), (400, -656.432)))
(((400, -452.287), (366.845, -455.357), (342.163, -418.759), (346.175, -408.872), (400, -383.427), (400, -452.287)))
(((400, -536.756), (374.026, -513.09), (357.288, -473.707), (366.845, -455.357), (400, -452.287), (400, -536.756)))
