(((-225, -267.88), (-214.257, -270.857), (-170.653, -313.423), (-173.001, -321.028), (-225, -350.541), (-225, -267.88)))
(((-225, -158.14), (-202.631, -158.533), (-179.119, -203.878), (-225, -222.426), (-225, -158.14)))
(((-225, -102), (-197.889, -105.873), (-171.631, -139.789), (-202.631, -158.533), (-225, -158.14), (-225, -102)))
(((-225, -484.804), (-224.804, -484.883), (-158.743, -546.54), (-184.423, -605.509), (-225, -630.306), (-225, -484.804)))
(((-225, -102), (-225, -53), (-168.491, -53), (-168.939, -78.0814), (-197.889, -105.873), (-225, -102)))
(((-225, -350.541), (-173.001, -321.028), (-158.278, -364.278), (-225, -401.707), (-225, -350.541)))
(((-225, -222.426), (-179.119, -203.878), (-163.072, -205.982), (-152.184, -223.049), (-149.609, -234.153), (-156.275, -245.401), (-214.257, -270.857), (-225, -267.88), (-225, -222.426)))
(((-107.038, -800), (-225, -800), (-225, -663.462), (-121.915, -702.679), (-94.771, -735.931), (-92.9165, -779.908), (-97.0983, -792.779), (-107.038, -800)))
(((-163.072, -205.982), (-179.119, -203.878), (-202.631, -158.533), (-171.631, -139.789), (-167.524, -140.095), (-142.276, -162.658), (-163.072, -205.982)))
(((-167.524, -140.095), (-171.631, -139.789), (-197.889, -105.873), (-168.939, -78.0814), (-148.636, -105.152), (-167.524, -140.095)))
(((-225, 484.95), (-225, 625), (-123.275, 625), (-122.233, 620.08), (-133.247, 513.611), (-176.97, 468.894), (-202.902, 468.894), (-225, 484.95)))
(((-152.921, -305.823), (-170.653, -313.423), (-214.257, -270.857), (-156.275, -245.401), (-144.153, -293.889), (-152.921, -305.823)))
(((-225, -401.707), (-158.278, -364.278), (-151.237, -367.243), (-128.795, -414.262), (-136.411, -422.441), (-225, -431.3), (-225, -401.707)))
(((-225, -431.3), (-136.411, -422.441), (-131.372, -466.107), (-135.191, -479.713), (-224.804, -484.883), (-225, -484.804), (-225, -431.3)))
(((-130.937, -538.816), (-158.743, -546.54), (-224.804, -484.883), (-135.191, -479.713), (-112.564, -513.653), (-130.937, -538.816)))
(((-225, -630.306), (-184.423, -605.509), (-105.085, -614.324), (-121.915, -702.679), (-225, -663.462), (-225, -630.306)))
(((-119.482, -349.601), (-151.237, -367.243), (-158.278, -364.278), (-173.001, -321.028), (-170.653, -313.423), (-152.921, -305.823), (-118.757, -333.661), (-119.482, -349.601)))
(((-122.467, -53), (-114.95, -101.324), (-148.636, -105.152), (-168.939, -78.0814), (-168.491, -53), (-122.467, -53)))
(((-105.085, -614.324), (-184.423, -605.509), (-158.743, -546.54), (-130.937, -538.816), (-91.441, -604.136), (-105.085, -614.324)))
(((-106.987, -107.569), (-128.701, -161.128), (-142.276, -162.658), (-167.524, -140.095), (-148.636, -105.152), (-114.95, -101.324), (-106.987, -107.569)))
(((-101.01, -256.711), (-122.578, -287.656), (-144.153, -293.889), (-156.275, -245.401), (-149.609, -234.153), (-106.708, -247.56), (-101.01, -256.711)))
(((-115.558, -167.934), (-114.253, -203.18), (-152.184, -223.049), (-163.072, -205.982), (-142.276, -162.658), (-128.701, -161.128), (-115.558, -167.934)))
(((-116.302, -411.93), (-128.795, -414.262), (-151.237, -367.243), (-119.482, -349.601), (-95.9751, -366.194), (-116.302, -411.93)))
(((-118.757, -333.661), (-152.921, -305.823), (-144.153, -293.889), (-122.578, -287.656), (-93.2547, -314.314), (-118.757, -333.661)))
(((-95.2616, -218.563), (-106.708, -247.56), (-149.609, -234.153), (-152.184, -223.049), (-114.253, -203.18), (-95.4184, -216.878), (-95.2616, -218.563)))
(((-88.0817, -456.269), (-131.372, -466.107), (-136.411, -422.441), (-128.795, -414.262), (-116.302, -411.93), (-111.618, -413.676), (-85.9395, -447.914), (-88.0817, -456.269)))
(((-70.5, -509.037), (-112.564, -513.653), (-135.191, -479.713), (-131.372, -466.107), (-88.0817, -456.269), (-69.6542, -508.48), (-70.5, -509.037)))
(((-72.8077, -182.962), (-95.4184, -216.878), (-114.253, -203.18), (-115.558, -167.934), (-87.8331, -168.942), (-74.6568, -176.544), (-72.8077, -182.962)))
(((-73.6282, -307.09), (-82.2563, -313.883), (-93.2547, -314.314), (-122.578, -287.656), (-101.01, -256.711), (-83.3525, -263.017), (-74.3247, -272.265), (-73.6282, -307.09)))
(((-81.9831, -114.343), (-87.8331, -168.942), (-115.558, -167.934), (-128.701, -161.128), (-106.987, -107.569), (-85.9839, -108.523), (-81.9831, -114.343)))
(((-76.8037, -361.593), (-95.9751, -366.194), (-119.482, -349.601), (-118.757, -333.661), (-93.2547, -314.314), (-82.2563, -313.883), (-76.8037, -361.593)))
(((-75.3977, -53), (-72.8346, -90.5926), (-85.9839, -108.523), (-106.987, -107.569), (-114.95, -101.324), (-122.467, -53), (-75.3977, -53)))
(((-91.441, -604.136), (-130.937, -538.816), (-112.564, -513.653), (-70.5, -509.037), (-70.5, -601.441), (-91.441, -604.136)))
(((-62.2231, -405.877), (-111.618, -413.676), (-116.302, -411.93), (-95.9751, -366.194), (-76.8037, -361.593), (-67.9226, -365.376), (-55.0156, -391.751), (-62.2231, -405.877)))
(((-32.5732, 537.28), (-60.3131, 516.381), (-133.247, 513.611), (-122.233, 620.08), (-32.3045, 538.086), (-32.5732, 537.28)))
(((-168.807, 435.395), (-179.012, 466.805), (-133.247, 513.611), (-60.3131, 516.381), (-51.1405, 436.884), (-168.807, 435.395)))
(((-116.033, 304.896), (-161.902, 338.221), (-181, 397), (-168.524, 435.398), (-51.1405, 436.884), (-29.4286, 423.857), (-48.9413, 339.952), (-82.2311, 307.76), (-116.033, 304.896)))
(((-22.2684, -668.394), (-94.771, -735.931), (-121.915, -702.679), (-105.085, -614.324), (-91.441, -604.136), (-70.5, -601.441), (-60.3406, -604.659), (-24.7843, -640.216), (-22.2684, -668.394)))
(((-53.0434, -436.241), (-85.9395, -447.914), (-111.618, -413.676), (-62.2231, -405.877), (-53.0434, -436.241)))
(((-83.3525, -263.017), (-101.01, -256.711), (-106.708, -247.56), (-95.2616, -218.563), (-59.4655, -227.983), (-83.3525, -263.017)))
(((-51.7135, -224.107), (-59.4655, -227.983), (-95.2616, -218.563), (-95.4184, -216.878), (-72.8077, -182.962), (-51.2374, -202.683), (-51.7135, -224.107)))
(((-42.0835, -149.555), (-74.6568, -176.544), (-87.8331, -168.942), (-81.9831, -114.343), (-46.78, -133.9), (-42.0835, -149.555)))
(((-48.1, -503.894), (-69.6542, -508.48), (-88.0817, -456.269), (-85.9395, -447.914), (-53.0434, -436.241), (-42.8017, -443.69), (-36.8281, -479.532), (-48.1, -503.894)))
(((-113.366, 136.856), (-146.902, 161.221), (-166, 220), (-146.902, 278.779), (-110.284, 305.383), (-82.2311, 307.76), (-23.8579, 258.211), (-18.7883, 245.664), (-67.536, 158.614), (-113.366, 136.856)))
(((-37.6847, -341.966), (-67.9226, -365.376), (-76.8037, -361.593), (-82.2563, -313.883), (-73.6282, -307.09), (-48.7965, -313.816), (-37.6847, -341.966)))
(((-36.2277, -264.646), (-74.3247, -272.265), (-83.3525, -263.017), (-59.4655, -227.983), (-51.7135, -224.107), (-35.0017, -238.286), (-36.2277, -264.646)))
(((34.3029, 625), (38.0328, 613.521), (-32.3045, 538.086), (-122.233, 620.08), (-123.275, 625), (34.3029, 625)))
(((-40.2273, -53), (-27.02, -89.32), (-72.8346, -90.5926), (-75.3977, -53), (-40.2273, -53)))
(((-19.2159, -94.5227), (-46.78, -133.9), (-81.9831, -114.343), (-85.9839, -108.523), (-72.8346, -90.5926), (-27.02, -89.32), (-19.2159, -94.5227)))
(((-29.2629, -299.017), (-48.7965, -313.816), (-73.6282, -307.09), (-74.3247, -272.265), (-36.2277, -264.646), (-28.5797, -271.69), (-29.2629, -299.017)))
(((-16.999, -554.546), (-60.3406, -604.659), (-70.5, -601.441), (-70.5, -509.037), (-69.6542, -508.48), (-48.1, -503.894), (-36.2231, -512.754), (-16.999, -554.546)))
(((-15.6284, -189.824), (-51.2374, -202.683), (-72.8077, -182.962), (-74.6568, -176.544), (-42.0835, -149.555), (-21.2717, -158.296), (-15.0221, -188.294), (-15.6284, -189.824)))
(((-24.7385, -390.489), (-55.0156, -391.751), (-67.9226, -365.376), (-37.6847, -341.966), (-21.0564, -347.026), (-19.9444, -385.947), (-24.7385, -390.489)))
(((-14.3511, -425.806), (-42.8017, -443.69), (-53.0434, -436.241), (-62.2231, -405.877), (-55.0156, -391.751), (-24.7385, -390.489), (-14.3511, -425.806)))
(((-24.2857, 425.571), (-29.4286, 423.857), (-51.1405, 436.884), (-60.3131, 516.381), (-32.5732, 537.28), (11.514, 479.271), (-24.2857, 425.571)))
(((-2.65385, -224.423), (-35.0017, -238.286), (-51.7135, -224.107), (-51.2374, -202.683), (-15.6284, -189.824), (-2.65385, -224.423)))
(((-1.62914, -337.96), (-21.0564, -347.026), (-37.6847, -341.966), (-48.7965, -313.816), (-29.2629, -299.017), (-7.02456, -309.442), (-1.62914, -337.96)))
(((-10.6379, -99.4543), (-1.79387, -145.148), (-21.2717, -158.296), (-42.0835, -149.555), (-46.78, -133.9), (-19.2159, -94.5227), (-16.6776, -94.5963), (-10.6379, -99.4543)))
(((-40.2273, -53), (-30, -53), (-30, -32.6531), (-4.49838, -37.337), (5.6939, -60.5528), (-16.6776, -94.5963), (-19.2159, -94.5227), (-27.02, -89.32), (-40.2273, -53)))
(((-101.478, 67.0718), (-119, 121), (-113.936, 136.586), (-67.536, 158.614), (5.92215, 155.51), (16.0218, 89.3014), (-101.478, 67.0718)))
(((29.339, 176.661), (5.92215, 155.51), (-67.536, 158.614), (-18.7883, 245.664), (37.3977, 205.177), (29.339, 176.661)))
(((10.2247, -464.239), (-36.8281, -479.532), (-42.8017, -443.69), (-14.3511, -425.806), (0.915094, -429.877), (17.4819, -453.807), (10.2247, -464.239)))
(((8.9359, -230.218), (0.303019, -267.987), (-28.5797, -271.69), (-36.2277, -264.646), (-35.0017, -238.286), (-2.65385, -224.423), (8.9359, -230.218)))
(((49.3275, -800), (-73.3275, -800), (-92.6616, -785.953), (-94.771, -735.931), (-22.2684, -668.394), (41.5921, -702.248), (51.1482, -798.677), (49.3275, -800)))
(((-24.7843, -640.216), (-60.3406, -604.659), (-16.999, -554.546), (-4.45892, -557.51), (10.8215, -614.266), (-24.7843, -640.216)))
(((-30, 19.9397), (28.0985, 14.9312), (28.6865, 14.2757), (24.8014, -7.09206), (-4.49838, -37.337), (-30, -32.6531), (-30, 19.9397)))
(((16.5896, -288.661), (-7.02456, -309.442), (-29.2629, -299.017), (-28.5797, -271.69), (0.303019, -267.987), (17.4269, -284.558), (16.5896, -288.661)))
(((-30, 19.9397), (-30, 53), (-103.05, 53), (-98.2818, 67.6764), (16.0218, 89.3014), (24.7833, 84.5512), (28.0985, 14.9312), (-30, 19.9397)))
(((20.1341, -384.92), (-19.9444, -385.947), (-21.0564, -347.026), (-1.62914, -337.96), (12.0044, -342.155), (27.1622, -366.295), (20.1341, -384.92)))
(((23.941, -395.339), (0.915094, -429.877), (-14.3511, -425.806), (-24.7385, -390.489), (-19.9444, -385.947), (20.1341, -384.92), (23.941, -395.339)))
(((20.9464, -508.467), (-36.2231, -512.754), (-48.1, -503.894), (-36.8281, -479.532), (10.2247, -464.239), (20.9464, -508.467)))
(((40.3689, -545.369), (-4.45892, -557.51), (-16.999, -554.546), (-36.2231, -512.754), (20.9464, -508.467), (36.5444, -518.215), (40.3689, -545.369)))
(((23.4612, 341.992), (-48.9413, 339.952), (-29.4286, 423.857), (-24.2857, 425.571), (48.7687, 397.474), (23.4612, 341.992)))
(((26.5, -181.597), (-15.0221, -188.294), (-21.2717, -158.296), (-1.79387, -145.148), (8, -146), (26.5, -160.8), (26.5, -181.597)))
(((55.3703, 302.992), (-23.8579, 258.211), (-82.2311, 307.76), (-48.9413, 339.952), (23.4612, 341.992), (55.3703, 302.992)))
(((30.623, -117.721), (8, -146), (-1.79387, -145.148), (-10.6379, -99.4543), (23.303, -104.545), (30.623, -117.721)))
(((46.6014, -206.698), (31.9356, -226.252), (8.9359, -230.218), (-2.65385, -224.423), (-15.6284, -189.824), (-15.0221, -188.294), (26.5, -181.597), (46.5762, -204.911), (46.6014, -206.698)))
(((33.4444, -319), (12.0044, -342.155), (-1.62914, -337.96), (-7.02456, -309.442), (16.5896, -288.661), (33.4444, -319)))
(((62.5709, -600.936), (10.8215, -614.266), (-4.45892, -557.51), (40.3689, -545.369), (73.0571, -578.057), (62.5709, -600.936)))
(((38.8571, -81.2143), (23.303, -104.545), (-10.6379, -99.4543), (-16.6776, -94.5963), (5.6939, -60.5528), (30.3289, -64.1579), (38.8571, -81.2143)))
(((81.8038, 592.654), (64.2159, 486.028), (11.514, 479.271), (-32.5732, 537.28), (-32.3045, 538.086), (39.5107, 615.106), (50.9017, 615.106), (81.8038, 592.654)))
(((51.2264, -268.895), (17.4269, -284.558), (0.303019, -267.987), (8.9359, -230.218), (31.9356, -226.252), (51.2264, -268.895)))
(((44.8709, -43.0059), (30.3289, -64.1579), (5.6939, -60.5528), (-4.49838, -37.337), (24.8014, -7.09206), (44.8709, -43.0059)))
(((53.8159, -429.628), (35.0339, -451.725), (17.4819, -453.807), (0.915094, -429.877), (23.941, -395.339), (48.9453, -412.233), (53.8159, -429.628)))
(((56.5779, -143.756), (26.5, -160.8), (8, -146), (30.623, -117.721), (51.4749, -126.989), (56.5779, -143.756)))
(((111.582, 419.562), (48.7687, 397.474), (-24.2857, 425.571), (11.514, 479.271), (64.2159, 486.028), (111.582, 419.562)))
(((80.66, -665.893), (41.5921, -702.248), (-22.2684, -668.394), (-24.7843, -640.216), (10.8215, -614.266), (62.5709, -600.936), (80.66, -665.893)))
(((36.5444, -518.215), (20.9464, -508.467), (10.2247, -464.239), (17.4819, -453.807), (35.0339, -451.725), (46.1395, -466.384), (40.1464, -514.329), (36.5444, -518.215)))
(((68.7671, 298.723), (59.3386, 215.213), (37.3977, 205.177), (-18.7883, 245.664), (-23.8579, 258.211), (55.3703, 302.992), (68.7671, 298.723)))
(((60.8912, -359.119), (27.1622, -366.295), (12.0044, -342.155), (33.4444, -319), (56.5541, -319), (60.8912, -359.119)))
(((72.0227, -303.102), (56.5541, -319), (33.4444, -319), (16.5896, -288.661), (17.4269, -284.558), (51.2264, -268.895), (54.0126, -269.963), (72.0227, -303.102)))
(((54.544, 91.2474), (24.7833, 84.5512), (16.0218, 89.3014), (5.92215, 155.51), (29.339, 176.661), (75.7941, 130.206), (54.544, 91.2474)))
(((68.7262, -103.464), (51.4749, -126.989), (30.623, -117.721), (23.303, -104.545), (38.8571, -81.2143), (70.4777, -87.7006), (68.7262, -103.464)))
(((83.6826, -161.62), (46.5762, -204.911), (26.5, -181.597), (26.5, -160.8), (56.5779, -143.756), (83.6826, -161.62)))
(((76.3347, -382.462), (48.9453, -412.233), (23.941, -395.339), (20.1341, -384.92), (27.1622, -366.295), (60.8912, -359.119), (63.1524, -360.316), (76.3347, -382.462)))
(((84.055, -76.2833), (70.4777, -87.7006), (38.8571, -81.2143), (30.3289, -64.1579), (44.8709, -43.0059), (72.9569, -44.3759), (84.055, -76.2833)))
(((90.1814, -490.026), (40.1464, -514.329), (46.1395, -466.384), (86.5028, -479.358), (90.1814, -490.026)))
(((72.9569, -44.3759), (44.8709, -43.0059), (24.8014, -7.09206), (28.6865, 14.2757), (52.8512, 13.6137), (85.5, -22.3), (72.9569, -44.3759)))
(((86.1427, 37.6145), (52.8512, 13.6137), (28.6865, 14.2757), (28.0985, 14.9312), (24.7833, 84.5512), (54.544, 91.2474), (95.5422, 60.9088), (86.1427, 37.6145)))
(((115.5, 418.154), (115.5, 338.44), (73.7002, 300.384), (68.7671, 298.723), (55.3703, 302.992), (23.4612, 341.992), (48.7687, 397.474), (111.582, 419.562), (115.5, 418.154)))
(((84.3111, -234.655), (70.9838, -258.811), (54.0126, -269.963), (51.2264, -268.895), (31.9356, -226.252), (46.6014, -206.698), (78.7894, -221.987), (84.3111, -234.655)))
(((90.9662, -452.019), (86.5028, -479.358), (46.1395, -466.384), (35.0339, -451.725), (53.8159, -429.628), (85.9429, -436.321), (90.9662, -452.019)))
(((111.349, -524.98), (87.048, -572.845), (73.0571, -578.057), (40.3689, -545.369), (36.5444, -518.215), (40.1464, -514.329), (90.1814, -490.026), (108.467, -503.657), (111.349, -524.98)))
(((111.306, -404.618), (85.9429, -436.321), (53.8159, -429.628), (48.9453, -412.233), (76.3347, -382.462), (108.1, -393.712), (111.823, -401.64), (111.306, -404.618)))
(((83.6826, -161.62), (56.5779, -143.756), (51.4749, -126.989), (68.7262, -103.464), (97.2807, -128.659), (83.7609, -161.614), (83.6826, -161.62)))
(((100.309, 137.263), (75.7941, 130.206), (29.339, 176.661), (37.3977, 205.177), (59.3386, 215.213), (91.6642, 208.154), (100.309, 137.263)))
(((101.768, -338.038), (63.1524, -360.316), (60.8912, -359.119), (56.5541, -319), (72.0227, -303.102), (78.6365, -304.078), (95.444, -318.614), (101.768, -338.038)))
(((108.057, -196.537), (78.7894, -221.987), (46.6014, -206.698), (46.5762, -204.911), (83.6826, -161.62), (83.7609, -161.614), (108.458, -175.666), (108.057, -196.537)))
(((110.305, -273.728), (78.6365, -304.078), (72.0227, -303.102), (54.0126, -269.963), (70.9838, -258.811), (108.576, -270.682), (110.305, -273.728)))
(((118.994, -15.6013), (85.5, -22.3), (52.8512, 13.6137), (86.1427, 37.6145), (120.227, -6.69492), (118.994, -15.6013)))
(((120.048, -90.3982), (104.52, -123.394), (97.2807, -128.659), (68.7262, -103.464), (70.4777, -87.7006), (84.055, -76.2833), (107.722, -79.8333), (120.048, -90.3982)))
(((119.839, -359.876), (108.1, -393.712), (76.3347, -382.462), (63.1524, -360.316), (101.768, -338.038), (116.518, -348.363), (119.839, -359.876)))
(((108.576, -270.682), (70.9838, -258.811), (84.3111, -234.655), (106.689, -241.436), (108.576, -270.682)))
(((137.739, 72.4696), (95.5422, 60.9088), (54.544, 91.2474), (75.7941, 130.206), (100.309, 137.263), (124.449, 129.783), (137.739, 72.4696)))
(((118.693, 215.405), (91.6642, 208.154), (59.3386, 215.213), (68.7671, 298.723), (73.7002, 300.384), (136.001, 244.112), (118.693, 215.405)))
(((145.187, -800), (52.8127, -800), (51.1603, -798.799), (41.5921, -702.248), (80.66, -665.893), (187.136, -679.485), (199, -716), (179.902, -774.779), (145.187, -800)))
(((126.281, -24.1562), (107.722, -79.8333), (84.055, -76.2833), (72.9569, -44.3759), (85.5, -22.3), (118.994, -15.6013), (126.281, -24.1562)))
(((121.41, -231.464), (106.689, -241.436), (84.3111, -234.655), (78.7894, -221.987), (108.057, -196.537), (123.99, -219.713), (121.41, -231.464)))
(((131.928, -301.165), (95.444, -318.614), (78.6365, -304.078), (110.305, -273.728), (134.105, -281.133), (131.928, -301.165)))
(((192.115, -680.121), (80.66, -665.893), (62.5709, -600.936), (73.0571, -578.057), (87.048, -572.845), (210.757, -621.253), (211, -622), (192.115, -680.121)))
(((147.022, -475.384), (108.467, -503.657), (90.1814, -490.026), (86.5028, -479.358), (90.9662, -452.019), (143.551, -454.21), (147.022, -475.384)))
(((143.551, -454.21), (90.9662, -452.019), (85.9429, -436.321), (111.306, -404.618), (144.045, -452.091), (143.551, -454.21)))
(((140.542, -165.334), (108.458, -175.666), (83.7609, -161.614), (97.2807, -128.659), (104.52, -123.394), (140.936, -144.815), (140.542, -165.334)))
(((157.829, 43.8736), (120.227, -6.69492), (86.1427, 37.6145), (95.5422, 60.9088), (137.739, 72.4696), (161.405, 59.4399), (157.829, 43.8736)))
(((124.449, 129.783), (100.309, 137.263), (91.6642, 208.154), (118.693, 215.405), (164.502, 164.01), (124.449, 129.783)))
(((82.4281, 596.439), (86.0983, 599.106), (112.833, 599.106), (183.033, 466.096), (174.597, 438.239), (115.5, 418.154), (111.582, 419.562), (64.2159, 486.028), (82.4281, 596.439)))
(((143.085, -322.859), (116.518, -348.363), (101.768, -338.038), (95.444, -318.614), (131.928, -301.165), (143.085, -322.859)))
(((140.635, -276.954), (134.105, -281.133), (110.305, -273.728), (108.576, -270.682), (106.689, -241.436), (121.41, -231.464), (147.681, -255.346), (140.635, -276.954)))
(((186.962, 272.423), (136.001, 244.112), (73.7002, 300.384), (115.5, 338.44), (182.516, 292.43), (186.962, 272.423)))
(((140.936, -144.815), (104.52, -123.394), (120.048, -90.3982), (125.452, -91.0633), (153.525, -115.442), (140.936, -144.815)))
(((158.82, -60.1664), (125.452, -91.0633), (120.048, -90.3982), (107.722, -79.8333), (126.281, -24.1562), (161.959, -37.3006), (158.82, -60.1664)))
(((158.05, -209.824), (123.99, -219.713), (108.057, -196.537), (108.458, -175.666), (140.542, -165.334), (141.77, -166.033), (158.84, -208.138), (158.05, -209.824)))
(((207.575, -620.008), (87.048, -572.845), (111.349, -524.98), (163.501, -535.895), (218.465, -605.324), (219.787, -609.053), (218.902, -611.779), (207.575, -620.008)))
(((166.77, -397.807), (111.823, -401.64), (108.1, -393.712), (119.839, -359.876), (163.055, -363.927), (176.507, -374.275), (166.77, -397.807)))
(((165.814, -242.604), (147.681, -255.346), (121.41, -231.464), (123.99, -219.713), (158.05, -209.824), (165.814, -242.604)))
(((175.587, -423.332), (144.045, -452.091), (111.306, -404.618), (111.823, -401.64), (166.77, -397.807), (175.587, -423.332)))
(((163.055, -363.927), (119.839, -359.876), (116.518, -348.363), (143.085, -322.859), (153.07, -325.413), (163.055, -363.927)))
(((163.501, -535.895), (111.349, -524.98), (108.467, -503.657), (147.022, -475.384), (169.774, -486.967), (163.501, -535.895)))
(((161.959, -37.3006), (126.281, -24.1562), (118.994, -15.6013), (120.227, -6.69492), (157.829, 43.8736), (182.378, -27.7288), (161.959, -37.3006)))
(((187.373, -302.106), (180.841, -313.071), (153.07, -325.413), (143.085, -322.859), (131.928, -301.165), (134.105, -281.133), (140.635, -276.954), (183.705, -294.182), (187.373, -302.106)))
(((160.916, -114.255), (153.525, -115.442), (125.452, -91.0633), (158.82, -60.1664), (180.735, -88.6551), (160.916, -114.255)))
(((214.837, 250.521), (168.959, 164.057), (164.502, 164.01), (118.693, 215.405), (136.001, 244.112), (186.962, 272.423), (214.837, 250.521)))
(((259.452, 102.004), (252.612, 80.9509), (161.405, 59.4399), (137.739, 72.4696), (124.449, 129.783), (164.502, 164.01), (168.959, 164.057), (259.452, 102.004)))
(((176.256, -162.825), (141.77, -166.033), (140.542, -165.334), (140.936, -144.815), (153.525, -115.442), (160.916, -114.255), (189.36, -133.81), (176.256, -162.825)))
(((183.705, -294.182), (140.635, -276.954), (147.681, -255.346), (165.814, -242.604), (180.686, -246.483), (192.166, -260.338), (183.705, -294.182)))
(((237.157, 387.053), (182.516, 292.43), (115.5, 338.44), (115.5, 418.154), (174.597, 438.239), (237.157, 387.053)))
(((176.507, -374.275), (163.055, -363.927), (153.07, -325.413), (180.841, -313.071), (194.564, -366.249), (176.507, -374.275)))
(((181.091, -202.124), (158.84, -208.138), (141.77, -166.033), (176.256, -162.825), (190.845, -176.408), (181.091, -202.124)))
(((207.113, -445.528), (191.508, -482.982), (169.774, -486.967), (147.022, -475.384), (143.551, -454.21), (144.045, -452.091), (175.587, -423.332), (202.427, -435.486), (207.113, -445.528)))
(((180.686, -246.483), (165.814, -242.604), (158.05, -209.824), (158.84, -208.138), (181.091, -202.124), (202.117, -217.489), (180.686, -246.483)))
(((210, -29.5461), (210, -53), (211.842, -53), (197.638, -86.7343), (180.735, -88.6551), (158.82, -60.1664), (161.959, -37.3006), (182.378, -27.7288), (210, -29.5461)))
(((218.465, -605.324), (163.501, -535.895), (169.774, -486.967), (191.508, -482.982), (216.87, -506.442), (218.465, -605.324)))
(((198.771, -88.0691), (211.21, -129.535), (189.36, -133.81), (160.916, -114.255), (180.735, -88.6551), (197.638, -86.7343), (198.771, -88.0691)))
(((275.028, 53), (210, 53), (210, -29.5461), (182.378, -27.7288), (157.829, 43.8736), (161.405, 59.4399), (253.016, 81.0463), (269.902, 68.7785), (275.028, 53)))
(((141.436, 625), (236.564, 625), (269.902, 600.779), (276.009, 581.981), (266.276, 538.035), (183.033, 466.096), (110.883, 602.801), (141.436, 625)))
(((227.983, -135.939), (207.526, -175.574), (190.845, -176.408), (176.256, -162.825), (189.36, -133.81), (211.21, -129.535), (227.983, -135.939)))
(((227.069, -400), (202.427, -435.486), (175.587, -423.332), (166.77, -397.807), (176.507, -374.275), (194.564, -366.249), (200.069, -366.482), (227.069, -400)))
(((208.598, -216.886), (202.117, -217.489), (181.091, -202.124), (190.845, -176.408), (207.526, -175.574), (222.254, -193.369), (208.598, -216.886)))
(((225.981, -346.122), (200.069, -366.482), (194.564, -366.249), (180.841, -313.071), (187.373, -302.106), (213.22, -305.52), (225.981, -346.122)))
(((223.056, -232.5), (211.802, -257.82), (192.166, -260.338), (180.686, -246.483), (202.117, -217.489), (208.598, -216.886), (223.056, -232.5)))
(((228.581, -295.28), (213.22, -305.52), (187.373, -302.106), (183.705, -294.182), (192.166, -260.338), (211.802, -257.82), (229.163, -271.966), (228.581, -295.28)))
(((258.804, 102.448), (168.959, 164.057), (214.837, 250.521), (297.069, 231.952), (312, 186), (292.902, 127.221), (258.804, 102.448)))
(((228.763, -135.829), (227.983, -135.939), (211.21, -129.535), (198.771, -88.0691), (241.245, -94.7755), (250.729, -112.841), (228.763, -135.829)))
(((238.986, -53), (241.245, -94.7755), (198.771, -88.0691), (197.638, -86.7343), (211.842, -53), (238.986, -53)))
(((260.356, -478.567), (216.87, -506.442), (191.508, -482.982), (207.113, -445.528), (248.621, -455.905), (260.356, -478.567)))
(((248.35, -192.126), (222.254, -193.369), (207.526, -175.574), (227.983, -135.939), (228.763, -135.829), (258.266, -172.708), (248.35, -192.126)))
(((256.258, -254.548), (229.163, -271.966), (211.802, -257.82), (223.056, -232.5), (252.583, -232.5), (256.258, -254.548)))
(((252.583, -232.5), (223.056, -232.5), (208.598, -216.886), (222.254, -193.369), (248.35, -192.126), (259.753, -220.633), (252.583, -232.5)))
(((248.621, -455.905), (207.113, -445.528), (202.427, -435.486), (227.069, -400), (243.703, -400), (261.431, -426.238), (248.621, -455.905)))
(((256.095, -384.19), (243.703, -400), (227.069, -400), (200.069, -366.482), (225.981, -346.122), (254.29, -347.19), (256.095, -384.19)))
(((265.989, -338.244), (254.29, -347.19), (225.981, -346.122), (213.22, -305.52), (228.581, -295.28), (260.726, -304.688), (265.989, -338.244)))
(((295.017, 232.415), (214.837, 250.521), (186.962, 272.423), (182.516, 292.43), (237.157, 387.053), (308.022, 378.136), (320.902, 368.779), (340, 310), (320.902, 251.221), (295.017, 232.415)))
(((219.806, -609.106), (218.465, -605.324), (216.87, -506.442), (260.356, -478.567), (269.608, -482.785), (250.469, -609.106), (219.806, -609.106)))
(((260.726, -304.688), (228.581, -295.28), (229.163, -271.966), (256.258, -254.548), (283.759, -277.466), (260.726, -304.688)))
(((284.686, -53), (277.176, -106.824), (272.89, -111.11), (250.729, -112.841), (241.245, -94.7755), (238.986, -53), (284.686, -53)))
(((306.939, 378.273), (237.157, 387.053), (174.597, 438.239), (183.033, 466.096), (266.276, 538.035), (343.001, 411.759), (339.902, 402.221), (306.939, 378.273)))
(((285.9, -166.331), (258.266, -172.708), (228.763, -135.829), (250.729, -112.841), (272.89, -111.11), (291.586, -150.471), (285.9, -166.331)))
(((294.582, -420.964), (261.431, -426.238), (243.703, -400), (256.095, -384.19), (283.419, -387.715), (299.661, -408.387), (294.582, -420.964)))
(((296.133, -353.813), (283.419, -387.715), (256.095, -384.19), (254.29, -347.19), (265.989, -338.244), (272.611, -339.59), (296.133, -353.813)))
(((298.898, -218.134), (259.753, -220.633), (248.35, -192.126), (258.266, -172.708), (285.9, -166.331), (303.334, -187.99), (302.321, -215.34), (298.898, -218.134)))
(((299.536, -481.965), (269.608, -482.785), (260.356, -478.567), (248.621, -455.905), (261.431, -426.238), (294.582, -420.964), (307.828, -446.881), (299.536, -481.965)))
(((283.759, -277.466), (256.258, -254.548), (252.583, -232.5), (259.753, -220.633), (298.898, -218.134), (295.776, -275.899), (283.759, -277.466)))
(((249.75, -613.852), (269.608, -482.785), (299.536, -481.965), (306.357, -487.99), (283.125, -614.106), (250.098, -614.106), (249.75, -613.852)))
(((317.782, -300.066), (272.611, -339.59), (265.989, -338.244), (260.726, -304.688), (283.759, -277.466), (295.776, -275.899), (302.793, -278.831), (317.782, -300.066)))
(((323.975, -394.816), (299.661, -408.387), (283.419, -387.715), (296.133, -353.813), (318.091, -354.657), (326.264, -366.197), (323.975, -394.816)))
(((329.5, -325.5), (318.091, -354.657), (296.133, -353.813), (272.611, -339.59), (317.782, -300.066), (318.64, -300.676), (329.5, -325.5)))
(((328.5, -53), (328.5, -91.3438), (314.496, -104.91), (277.176, -106.824), (284.686, -53), (328.5, -53)))
(((322.907, -139.756), (291.586, -150.471), (272.89, -111.11), (277.176, -106.824), (314.496, -104.91), (322.907, -139.756)))
(((347.414, -245.725), (302.793, -278.831), (295.776, -275.899), (298.898, -218.134), (302.321, -215.34), (329.916, -223.56), (347.414, -245.725)))
(((344.212, -172.807), (303.334, -187.99), (285.9, -166.331), (291.586, -150.471), (322.907, -139.756), (347.261, -148.415), (344.212, -172.807)))
(((400, -508.955), (400, -584.476), (399.902, -584.779), (349.902, -621.106), (288.098, -621.106), (282.575, -617.093), (306.357, -487.99), (400, -508.955)))
(((354.885, -433.81), (307.828, -446.881), (294.582, -420.964), (299.661, -408.387), (323.975, -394.816), (348.159, -410.939), (354.885, -433.81)))
(((354.583, -188.735), (329.916, -223.56), (302.321, -215.34), (303.334, -187.99), (344.212, -172.807), (354.583, -188.735)))
(((347.261, -148.415), (322.907, -139.756), (314.496, -104.91), (328.5, -91.3438), (377.584, -125.089), (347.261, -148.415)))
(((400, -508.955), (306.357, -487.99), (299.536, -481.965), (307.828, -446.881), (354.885, -433.81), (400, -470.078), (400, -508.955)))
(((400, 581.511), (400, 436.489), (368.902, 413.894), (341.703, 413.894), (266.276, 538.035), (275.887, 581.429), (307.098, 604.106), (368.902, 604.106), (400, 581.511)))
(((368.938, -282.828), (318.64, -300.676), (317.782, -300.066), (302.793, -278.831), (347.414, -245.725), (388.337, -255.788), (368.938, -282.828)))
(((394.562, -362.602), (326.264, -366.197), (318.091, -354.657), (329.5, -325.5), (366.392, -327.392), (399.466, -360.466), (394.562, -362.602)))
(((348.159, -410.939), (323.975, -394.816), (326.264, -366.197), (394.562, -362.602), (348.159, -410.939)))
(((366.392, -327.392), (329.5, -325.5), (318.64, -300.676), (368.938, -282.828), (366.392, -327.392)))
(((400, -251.941), (388.337, -255.788), (347.414, -245.725), (329.916, -223.56), (354.583, -188.735), (400, -207.911), (400, -251.941)))
(((328.5, -53), (400, -53), (400, -120.286), (377.584, -125.089), (328.5, -91.3438), (328.5, -53)))
(((400, -207.911), (354.583, -188.735), (344.212, -172.807), (347.261, -148.415), (377.584, -125.089), (400, -120.286), (400, -207.911)))
(((400, -470.078), (354.885, -433.81), (348.159, -410.939), (394.562, -362.602), (399.466, -360.466), (400, -360.52), (400, -470.078)))
(((400, -360.52), (399.466, -360.466), (366.392, -327.392), (368.938, -282.828), (388.337, -255.788), (400, -251.941), (400, -360.52)))
