(((-225, -191.545), (-225, -53), (-186.444, -53), (-147.634, -139.11), (-156.382, -160.355), (-225, -191.545)))
(((-225, -220.588), (-156.698, -248.712), (-216.329, -358.799), (-225, -361.25), (-225, -220.588)))
(((-126.72, -289.547), (-179.794, -354.415), (-216.329, -358.799), (-156.698, -248.712), (-142, -249.438), (-126.72, -289.547)))
(((-225, -220.588), (-225, -191.545), (-156.382, -160.355), (-118.25, -205.75), (-127.973, -234.92), (-142, -249.438), (-156.698, -248.712), (-225, -220.588)))
(((-225, 418.66), (-225, 543.34), (-179.902, 576.106), (-150.697, 576.106), (-102.402, 410.521), (-112.166, 395.41), (-127.064, 385.894), (-179.902, 385.894), (-225, 418.66)))
(((-225, -475.613), (-225, -361.25), (-216.329, -358.799), (-179.794, -354.415), (-137.877, -368.074), (-108.065, -423.586), (-109.008, -432.071), (-200.391, -493.493), (-225, -475.613)))
(((-121.854, -53), (-98.8363, -94.031), (-124.298, -134.234), (-147.634, -139.11), (-186.444, -53), (-121.854, -53)))
(((-90.5854, -348.369), (-137.877, -368.074), (-179.794, -354.415), (-126.72, -289.547), (-94.2487, -299.83), (-90.5854, -348.369)))
(((-102.436, -200.479), (-118.25, -205.75), (-156.382, -160.355), (-147.634, -139.11), (-124.298, -134.234), (-78.9453, -149.352), (-102.436, -200.479)))
(((-183.321, -537.107), (-187.902, -533.779), (-200.884, -493.824), (-109.008, -432.071), (-50.1322, -477.36), (-45.6618, -488.771), (-47.3555, -491.785), (-183.321, -537.107)))
(((-150.78, 576.39), (-148.418, 578.106), (-27.0768, 501.47), (-21.2369, 478.434), (-102.402, 410.521), (-150.78, 576.39)))
(((-75.6729, -288.551), (-94.2487, -299.83), (-126.72, -289.547), (-142, -249.438), (-127.973, -234.92), (-74.5094, -255.981), (-68.551, -267.898), (-75.6729, -288.551)))
(((-42.5163, -377.012), (-108.065, -423.586), (-137.877, -368.074), (-90.5854, -348.369), (-41.7174, -369.749), (-42.5163, -377.012)))
(((-72.6362, -147.313), (-78.9453, -149.352), (-124.298, -134.234), (-98.8363, -94.031), (-63.1593, -103.375), (-72.6362, -147.313)))
(((-74.5094, -255.981), (-127.973, -234.92), (-118.25, -205.75), (-102.436, -200.479), (-63.3168, -212.454), (-74.5094, -255.981)))
(((-36.2759, -623.157), (-54.0983, -636.106), (-115.902, -636.106), (-165.902, -599.779), (-185, -541), (-183.785, -537.262), (-47.3555, -491.785), (-36.2759, -623.157)))
(((-57.5259, -53), (-47.957, -79.4282), (-52.3239, -95.1972), (-63.1593, -103.375), (-98.8363, -94.031), (-121.854, -53), (-57.5259, -53)))
(((-44.4926, -188.025), (-57.0857, -210.305), (-63.3168, -212.454), (-102.436, -200.479), (-78.9453, -149.352), (-72.6362, -147.313), (-53.221, -158.099), (-44.4926, -188.025)))
(((-32.2817, -404.683), (-50.1322, -477.36), (-109.008, -432.071), (-108.065, -423.586), (-42.5163, -377.012), (-32.2817, -404.683)))
(((-41.7174, -369.749), (-90.5854, -348.369), (-94.2487, -299.83), (-75.6729, -288.551), (-37.3636, -314.091), (-41.3113, -369.359), (-41.7174, -369.749)))
(((-135.454, 625), (25.4894, 625), (-27.0768, 501.47), (-150.304, 579.297), (-135.454, 625)))
(((-28.0297, -258.689), (-68.551, -267.898), (-74.5094, -255.981), (-63.3168, -212.454), (-57.0857, -210.305), (-23.6297, -237.488), (-28.0297, -258.689)))
(((-132.229, 271.306), (-150, 326), (-131.449, 383.094), (-112.166, 395.41), (-16.8972, 353.814), (-11.3716, 297.769), (-32.2527, 276.255), (-132.229, 271.306)))
(((-107.471, 152.831), (-125.902, 166.221), (-145, 225), (-129.917, 271.42), (-32.2527, 276.255), (-2.77921, 223.203), (-41.2563, 168.772), (-107.471, 152.831)))
(((-19.3408, -299.673), (-37.3636, -314.091), (-75.6729, -288.551), (-68.551, -267.898), (-28.0297, -258.689), (-17.5929, -272.288), (-19.3408, -299.673)))
(((-11.8103, -139.465), (-53.221, -158.099), (-72.6362, -147.313), (-63.1593, -103.375), (-52.3239, -95.1972), (-11.3192, -124.486), (-11.8103, -139.465)))
(((-12.2784, -230.361), (-23.6297, -237.488), (-57.0857, -210.305), (-44.4926, -188.025), (-19.6154, -189.269), (-5.75974, -216.981), (-12.2784, -230.361)))
(((7.87013, -164.838), (-19.6154, -189.269), (-44.4926, -188.025), (-53.221, -158.099), (-11.8103, -139.465), (7.60419, -161.434), (7.87013, -164.838)))
(((-57.5259, -53), (-30, -53), (-30, -26.8143), (6.37569, -49.679), (-9.48861, -72.5236), (-47.957, -79.4282), (-57.5259, -53)))
(((-30, 46.0803), (-30, 53), (-92.715, 53), (-99.9017, 58.2215), (-119, 117), (-107.348, 152.861), (-41.2563, 168.772), (10.8636, 143.879), (-17.8307, 48.231), (-19.312, 47.4065), (-30, 46.0803)))
(((30.1289, 455.435), (12.2577, 372.036), (-16.8972, 353.814), (-112.166, 395.41), (-102.402, 410.521), (-21.2369, 478.434), (30.1289, 455.435)))
(((-11.3192, -124.486), (-52.3239, -95.1972), (-47.957, -79.4282), (-9.48861, -72.5236), (6.99461, -106.667), (-11.3192, -124.486)))
(((20.1667, -425.417), (-12.6053, -486.045), (-45.6618, -488.771), (-50.1322, -477.36), (-32.2817, -404.683), (20.0405, -425.101), (20.1667, -425.417)))
(((19.6419, -319.284), (13.5822, -356.989), (-41.3113, -369.359), (-37.3636, -314.091), (-19.3408, -299.673), (17.2542, -314.508), (19.6419, -319.284)))
(((-35.9617, -626.882), (-47.3555, -491.785), (-45.6618, -488.771), (-12.6053, -486.045), (39.1716, -505.545), (11.0896, -629.106), (-32.9017, -629.106), (-35.9617, -626.882)))
(((-30, 46.0803), (-19.312, 47.4065), (38.3878, -30.7673), (38.2059, -31.2567), (24.562, -45.4355), (6.37569, -49.679), (-30, -26.8143), (-30, 46.0803)))
(((28.6289, -203.01), (-5.75974, -216.981), (-19.6154, -189.269), (7.87013, -164.838), (31.0495, -193.812), (28.6289, -203.01)))
(((24.1419, -267.651), (-17.5929, -272.288), (-28.0297, -258.689), (-23.6297, -237.488), (-12.2784, -230.361), (22.2805, -247.64), (24.1419, -267.651)))
(((29.6021, -272.975), (17.2542, -314.508), (-19.3408, -299.673), (-17.5929, -272.288), (24.1419, -267.651), (29.6021, -272.975)))
(((39.8172, -373.914), (20.0405, -425.101), (-32.2817, -404.683), (-42.5163, -377.012), (-41.7174, -369.749), (-41.3113, -369.359), (13.5822, -356.989), (39.8172, -373.914)))
(((34.3575, -102.912), (6.99461, -106.667), (-9.48861, -72.5236), (6.37569, -49.679), (24.562, -45.4355), (36.9403, -99.0745), (34.3575, -102.912)))
(((37.0359, -224.769), (22.2805, -247.64), (-12.2784, -230.361), (-5.75974, -216.981), (28.6289, -203.01), (37.0359, -224.769)))
(((82.3686, 194.133), (48.5427, 147.694), (10.8636, 143.879), (-41.2563, 168.772), (-2.77921, 223.203), (57.7817, 219.218), (82.3613, 194.639), (82.3686, 194.133)))
(((57.7817, 219.218), (-2.77921, 223.203), (-32.2527, 276.255), (-11.3716, 297.769), (53.735, 295.093), (57.7817, 219.218)))
(((46.3896, -136.752), (7.60419, -161.434), (-11.8103, -139.465), (-11.3192, -124.486), (6.99461, -106.667), (34.3575, -102.912), (46.3896, -136.752)))
(((58.0878, 112.854), (29.5009, 57.7981), (-17.8307, 48.231), (10.8636, 143.879), (48.5427, 147.694), (58.0878, 112.854)))
(((72.5244, 314.699), (53.735, 295.093), (-11.3716, 297.769), (-16.8972, 353.814), (12.2577, 372.036), (76.4392, 332.741), (72.5244, 314.699)))
(((39.1716, -505.545), (-12.6053, -486.045), (20.1667, -425.417), (60.2687, -446.379), (45.3528, -503.059), (39.1716, -505.545)))
(((66.5663, -180.965), (31.0495, -193.812), (7.87013, -164.838), (7.60419, -161.434), (46.3896, -136.752), (54.1285, -140.543), (66.5663, -180.965)))
(((75.8621, 23.4683), (46.463, -25.9222), (38.3878, -30.7673), (-19.312, 47.4065), (-17.8307, 48.231), (29.5009, 57.7981), (69.23, 38.23), (75.8621, 23.4683)))
(((73.4235, 625), (87.3122, 614.909), (102.291, 577.997), (74.8923, 458.439), (30.1289, 455.435), (-21.2369, 478.434), (-27.0768, 501.47), (25.4894, 625), (73.4235, 625)))
(((63.1655, -314.31), (19.6419, -319.284), (17.2542, -314.508), (29.6021, -272.975), (51.5199, -273.834), (66.0971, -309.236), (63.1655, -314.31)))
(((70.9953, -256.991), (51.5199, -273.834), (29.6021, -272.975), (24.1419, -267.651), (22.2805, -247.64), (37.0359, -224.769), (58.6885, -232.377), (70.9953, -256.991)))
(((69.6082, -343.659), (46.5993, -373.571), (39.8172, -373.914), (13.5822, -356.989), (19.6419, -319.284), (63.1655, -314.31), (69.6082, -343.659)))
(((104.543, -420.865), (60.2687, -446.379), (20.1667, -425.417), (20.0405, -425.101), (39.8172, -373.914), (46.5993, -373.571), (99.375, -411.268), (104.543, -420.865)))
(((70.4128, -89.1849), (36.9403, -99.0745), (24.562, -45.4355), (38.2059, -31.2567), (76.4085, -74.6688), (70.4128, -89.1849)))
(((132.99, 392.433), (76.4392, 332.741), (12.2577, 372.036), (30.1289, 455.435), (74.8923, 458.439), (121.607, 426.806), (132.99, 392.433)))
(((81.9323, -204.24), (58.6885, -232.377), (37.0359, -224.769), (28.6289, -203.01), (31.0495, -193.812), (66.5663, -180.965), (76.881, -184.812), (81.9323, -204.24)))
(((11.2828, -628.256), (39.1716, -505.545), (45.3528, -503.059), (99.2752, -517.065), (87.3651, -644.106), (33.0983, -644.106), (11.2828, -628.256)))
(((95.8401, -123.632), (54.1285, -140.543), (46.3896, -136.752), (34.3575, -102.912), (36.9403, -99.0745), (70.4128, -89.1849), (96.0536, -123.031), (95.8401, -123.632)))
(((111.565, 80.5652), (69.23, 38.23), (29.5009, 57.7981), (58.0878, 112.854), (109.274, 89.9839), (111.565, 80.5652)))
(((105.42, -284.955), (94.5901, -301.4), (66.0971, -309.236), (51.5199, -273.834), (70.9953, -256.991), (90.6789, -258.422), (105.42, -284.955)))
(((107.073, -58.9624), (76.4085, -74.6688), (38.2059, -31.2567), (38.3878, -30.7673), (46.463, -25.9222), (95.7311, -34.3682), (108.823, -56.3628), (107.073, -58.9624)))
(((109.105, -165.197), (76.881, -184.812), (66.5663, -180.965), (54.1285, -140.543), (95.8401, -123.632), (109.105, -165.197)))
(((110.689, -231.074), (90.6789, -258.422), (70.9953, -256.991), (58.6885, -232.377), (81.9323, -204.24), (110.923, -228.701), (110.689, -231.074)))
(((95.7311, -34.3682), (46.463, -25.9222), (75.8621, 23.4683), (107.552, 8.18898), (95.7311, -34.3682)))
(((129.24, -501.18), (99.2752, -517.065), (45.3528, -503.059), (60.2687, -446.379), (104.543, -420.865), (114.22, -425.081), (129.24, -501.18)))
(((99.375, -411.268), (46.5993, -373.571), (69.6082, -343.659), (110.043, -345.733), (99.375, -411.268)))
(((110.043, -345.733), (69.6082, -343.659), (63.1655, -314.31), (66.0971, -309.236), (94.5901, -301.4), (112.754, -343.317), (110.043, -345.733)))
(((127.846, 229.044), (82.3613, 194.639), (57.7817, 219.218), (53.735, 295.093), (72.5244, 314.699), (133.563, 269.584), (127.846, 229.044)))
(((137.552, 141.664), (109.274, 89.9839), (58.0878, 112.854), (48.5427, 147.694), (82.3686, 194.133), (137.552, 141.664)))
(((96.0536, -123.031), (70.4128, -89.1849), (76.4085, -74.6688), (107.073, -58.9624), (116.975, -110.122), (96.0536, -123.031)))
(((136.68, -205.655), (110.923, -228.701), (81.9323, -204.24), (76.881, -184.812), (109.105, -165.197), (129.748, -171.626), (136.68, -205.655)))
(((128.028, 10.981), (107.552, 8.18898), (75.8621, 23.4683), (69.23, 38.23), (111.565, 80.5652), (137.635, 62.2198), (128.028, 10.981)))
(((148.341, -336.682), (112.754, -343.317), (94.5901, -301.4), (105.42, -284.955), (132, -287), (148.462, -336.386), (148.341, -336.682)))
(((152.271, -23.7289), (121.8, -54.2), (108.823, -56.3628), (95.7311, -34.3682), (107.552, 8.18898), (128.028, 10.981), (142.056, 1.38257), (152.271, -23.7289)))
(((132, -287), (105.42, -284.955), (90.6789, -258.422), (110.689, -231.074), (152.818, -266.182), (132, -287)))
(((129.748, -171.626), (109.105, -165.197), (95.8401, -123.632), (96.0536, -123.031), (116.975, -110.122), (129.123, -110.58), (155.815, -127.93), (132.878, -169.436), (129.748, -171.626)))
(((202.55, 322.837), (133.563, 269.584), (72.5244, 314.699), (76.4392, 332.741), (132.99, 392.433), (196.489, 352.165), (202.55, 322.837)))
(((87.4592, -643.102), (99.2752, -517.065), (129.24, -501.18), (220.159, -530.868), (228, -555), (208.902, -613.779), (158.902, -650.106), (97.0983, -650.106), (87.4592, -643.102)))
(((163.906, -406.593), (114.22, -425.081), (104.543, -420.865), (99.375, -411.268), (110.043, -345.733), (112.754, -343.317), (148.341, -336.682), (170.161, -380.323), (163.906, -406.593)))
(((147.042, -77.5), (129.123, -110.58), (116.975, -110.122), (107.073, -58.9624), (108.823, -56.3628), (121.8, -54.2), (147.042, -77.5)))
(((198.344, 495.466), (121.607, 426.806), (74.8923, 458.439), (102.291, 577.997), (200.496, 525.117), (198.344, 495.466)))
(((152.818, -266.182), (110.689, -231.074), (110.923, -228.701), (136.68, -205.655), (165.798, -217.54), (154.699, -265.636), (152.818, -266.182)))
(((178.603, 124.017), (167.182, 66.9098), (137.635, 62.2198), (111.565, 80.5652), (109.274, 89.9839), (137.552, 141.664), (157.963, 140.53), (178.603, 124.017)))
(((171.543, -124.836), (155.815, -127.93), (129.123, -110.58), (147.042, -77.5), (173.969, -77.5), (188.895, -101.092), (171.543, -124.836)))
(((173.969, -77.5), (147.042, -77.5), (121.8, -54.2), (152.271, -23.7289), (180.745, -36.002), (173.969, -77.5)))
(((157.963, 140.53), (137.552, 141.664), (82.3686, 194.133), (82.3613, 194.639), (127.846, 229.044), (194.926, 210.021), (157.963, 140.53)))
(((204.146, 39.0126), (142.056, 1.38257), (128.028, 10.981), (137.635, 62.2198), (167.182, 66.9098), (204.146, 39.0126)))
(((190.192, -308.242), (148.462, -336.386), (132, -287), (152.818, -266.182), (154.699, -265.636), (193.995, -281.205), (190.192, -308.242)))
(((220.141, -530.862), (129.24, -501.18), (114.22, -425.081), (163.906, -406.593), (219.727, -450.573), (245.603, -501.31), (240.902, -515.779), (220.141, -530.862)))
(((165.798, -217.54), (136.68, -205.655), (129.748, -171.626), (132.878, -169.436), (179.071, -174.214), (168.458, -216.669), (165.798, -217.54)))
(((193.982, -163.86), (179.071, -174.214), (132.878, -169.436), (155.815, -127.93), (171.543, -124.836), (193.982, -163.86)))
(((215.899, 306.758), (204.799, 213.026), (194.926, 210.021), (127.846, 229.044), (133.563, 269.584), (202.55, 322.837), (215.899, 306.758)))
(((210, -25.3636), (180.745, -36.002), (152.271, -23.7289), (142.056, 1.38257), (204.146, 39.0126), (210, 37.6512), (210, -25.3636)))
(((91.3469, 625), (266.653, 625), (275.988, 596.27), (200.496, 525.117), (102.291, 577.997), (87.7321, 613.875), (91.3469, 625)))
(((212.751, -268.197), (193.995, -281.205), (154.699, -265.636), (165.798, -217.54), (168.458, -216.669), (171.388, -217.186), (212.02, -262.898), (212.751, -268.197)))
(((210.388, -361.014), (170.161, -380.323), (148.341, -336.682), (148.462, -336.386), (190.192, -308.242), (220.673, -339.62), (210.388, -361.014)))
(((213.16, -206.444), (171.388, -217.186), (168.458, -216.669), (179.071, -174.214), (193.982, -163.86), (208.849, -167.64), (213.16, -206.444)))
(((286.278, 53), (210, 53), (210, 37.6512), (204.146, 39.0126), (167.182, 66.9098), (178.603, 124.017), (285.574, 121.165), (297, 86), (286.278, 53)))
(((221.763, -214.186), (212.02, -262.898), (171.388, -217.186), (213.16, -206.444), (221.763, -214.186)))
(((286.053, 121.152), (178.603, 124.017), (157.963, 140.53), (194.926, 210.021), (204.799, 213.026), (298.329, 158.936), (286.053, 121.152)))
(((210, -25.3636), (210, -53), (232.455, -53), (202.22, -100.512), (188.895, -101.092), (173.969, -77.5), (180.745, -36.002), (210, -25.3636)))
(((208.849, -167.64), (193.982, -163.86), (171.543, -124.836), (188.895, -101.092), (202.22, -100.512), (216.004, -109.128), (228.275, -156.847), (208.849, -167.64)))
(((196.489, 352.165), (132.99, 392.433), (121.607, 426.806), (198.344, 495.466), (285.99, 422.21), (196.489, 352.165)))
(((219.727, -450.573), (163.906, -406.593), (170.161, -380.323), (210.388, -361.014), (238.037, -391.981), (219.727, -450.573)))
(((253.358, -330.202), (220.673, -339.62), (190.192, -308.242), (193.995, -281.205), (212.751, -268.197), (243.149, -274.711), (252.516, -322.484), (253.358, -330.202)))
(((249.763, -170.132), (245.084, -212.243), (221.763, -214.186), (213.16, -206.444), (208.849, -167.64), (228.275, -156.847), (242.787, -157.999), (249.763, -170.132)))
(((282.854, -53), (251.396, -104.59), (216.004, -109.128), (202.22, -100.512), (232.455, -53), (282.854, -53)))
(((284.427, -234.272), (278.381, -253.571), (243.149, -274.711), (212.751, -268.197), (212.02, -262.898), (221.763, -214.186), (245.084, -212.243), (284.056, -232.162), (284.427, -234.272)))
(((242.787, -157.999), (228.275, -156.847), (216.004, -109.128), (251.396, -104.59), (264.707, -138.819), (242.787, -157.999)))
(((294.333, -363.833), (238.037, -391.981), (210.388, -361.014), (220.673, -339.62), (253.358, -330.202), (275.814, -343.33), (294.333, -363.833)))
(((294.651, 161.063), (204.799, 213.026), (215.899, 306.758), (338.977, 268.693), (347, 244), (327.902, 185.221), (294.651, 161.063)))
(((245.499, -501.106), (219.727, -450.573), (238.037, -391.981), (294.333, -363.833), (354.91, -390.336), (360, -406), (340.902, -464.779), (290.902, -501.106), (245.499, -501.106)))
(((284.056, -232.162), (245.084, -212.243), (249.763, -170.132), (299.833, -195.167), (284.056, -232.162)))
(((320.516, 425.684), (285.99, 422.21), (198.344, 495.466), (200.496, 525.117), (274.752, 595.106), (291.902, 595.106), (341.902, 558.779), (361, 500), (341.902, 441.221), (320.516, 425.684)))
(((296.451, -278.549), (252.516, -322.484), (243.149, -274.711), (278.381, -253.571), (296.451, -278.549)))
(((299.833, -195.167), (249.763, -170.132), (242.787, -157.999), (264.707, -138.819), (278.773, -139.079), (301.105, -193.895), (299.833, -195.167)))
(((282.854, -53), (355.597, -53), (355.902, -53.2215), (366.553, -86.0028), (278.773, -139.079), (264.707, -138.819), (251.396, -104.59), (282.854, -53)))
(((339.19, 268.627), (215.899, 306.758), (202.55, 322.837), (196.489, 352.165), (285.99, 422.21), (322.035, 425.837), (357.902, 399.779), (377, 341), (357.902, 282.221), (339.19, 268.627)))
(((299.017, -281.454), (275.814, -343.33), (253.358, -330.202), (252.516, -322.484), (296.451, -278.549), (299.017, -281.454)))
(((400, -151.939), (301.105, -193.895), (278.773, -139.079), (367.254, -85.5791), (381.902, -96.2215), (400, -151.922), (400, -151.939)))
(((398.242, -321.566), (382.902, -368.779), (353.862, -389.877), (294.333, -363.833), (275.814, -343.33), (299.017, -281.454), (398.242, -321.566)))
(((400, -322.277), (299.017, -281.454), (296.451, -278.549), (278.381, -253.571), (284.427, -234.272), (400, -256.286), (400, -322.277)))
(((400, -256.286), (284.427, -234.272), (284.056, -232.162), (299.833, -195.167), (301.105, -193.895), (397.317, -153.078), (400, -155.027), (400, -256.286)))
