(((-225, -224.378), (-165.5, -230.183), (-158.582, -239.463), (-162.078, -257.48), (-221.449, -312.709), (-225, -313.149), (-225, -224.378)))
(((-225, -91), (-184.404, -109.945), (-164.953, -134.545), (-175.926, -173.735), (-225, -176), (-225, -91)))
(((-225, -176), (-175.926, -173.735), (-165.5, -183.343), (-165.5, -230.183), (-225, -224.378), (-225, -176)))
(((-225, -313.149), (-221.449, -312.709), (-194.194, -321.444), (-134.83, -372.121), (-142.878, -395.978), (-178.102, -418.482), (-225, -419.429), (-225, -313.149)))
(((-225, -551.41), (-225, -419.429), (-178.102, -418.482), (-139.739, -480.999), (-215.538, -558.284), (-225, -551.41)))
(((-225, -91), (-225, -53), (-139.144, -53), (-136.182, -82.1244), (-184.404, -109.945), (-225, -91)))
(((-117.485, -300.712), (-194.194, -321.444), (-221.449, -312.709), (-162.078, -257.48), (-116.286, -298.692), (-117.485, -300.712)))
(((-126.818, -95), (-141.022, -131.055), (-164.953, -134.545), (-184.404, -109.945), (-136.182, -82.1244), (-126.818, -95)))
(((-134.83, -372.121), (-194.194, -321.444), (-117.485, -300.712), (-118.599, -360.83), (-134.83, -372.121)))
(((-128.098, -180.41), (-165.5, -183.343), (-175.926, -173.735), (-164.953, -134.545), (-141.022, -131.055), (-113.371, -151.596), (-128.098, -180.41)))
(((-110.766, -205.79), (-130.839, -233.297), (-158.582, -239.463), (-165.5, -230.183), (-165.5, -183.343), (-128.098, -180.41), (-110.766, -205.79)))
(((-116.433, -478.608), (-139.739, -480.999), (-178.102, -418.482), (-142.878, -395.978), (-87.3271, -442.691), (-116.433, -478.608)))
(((-109.319, -294.902), (-116.286, -298.692), (-162.078, -257.48), (-158.582, -239.463), (-130.839, -233.297), (-99.4858, -262.328), (-109.319, -294.902)))
(((-197.993, -584.251), (-206.902, -577.779), (-213.809, -556.521), (-139.739, -480.999), (-116.433, -478.608), (-78.5323, -539.738), (-79.241, -542.437), (-197.993, -584.251)))
(((-113.371, -151.596), (-141.022, -131.055), (-126.818, -95), (-96.799, -102.338), (-106.79, -149.44), (-113.371, -151.596)))
(((-73.4688, -53), (-87.6814, -98.4806), (-96.799, -102.338), (-126.818, -95), (-136.182, -82.1244), (-139.144, -53), (-73.4688, -53)))
(((-78.2653, -248.51), (-99.4858, -262.328), (-130.839, -233.297), (-110.766, -205.79), (-89.6103, -207.328), (-76.6645, -221.296), (-78.2653, -248.51)))
(((-35.3996, -659.896), (-70.0983, -685.106), (-131.902, -685.106), (-181.902, -648.779), (-201, -590), (-199.279, -584.704), (-79.241, -542.437), (-32.0338, -620.067), (-35.3996, -659.896)))
(((-69.5856, -163.745), (-89.6103, -207.328), (-110.766, -205.79), (-128.098, -180.41), (-113.371, -151.596), (-106.79, -149.44), (-71.7759, -159.052), (-69.5856, -163.745)))
(((-60.9492, -436.604), (-87.3271, -442.691), (-142.878, -395.978), (-134.83, -372.121), (-118.599, -360.83), (-90.2296, -363.333), (-58.4301, -414.212), (-60.9492, -436.604)))
(((-149.202, 401.002), (-172.902, 418.221), (-192, 477), (-172.902, 535.779), (-122.902, 572.106), (-61.0983, 572.106), (-59, 570.581), (-59, 435.184), (-149.202, 401.002)))
(((-67.5495, -308.613), (-69.244, -346.739), (-90.2296, -363.333), (-118.599, -360.83), (-117.485, -300.712), (-116.286, -298.692), (-109.319, -294.902), (-68.138, -307.573), (-67.5495, -308.613)))
(((-71.7759, -159.052), (-106.79, -149.44), (-96.799, -102.338), (-87.6814, -98.4806), (-53.5, -122.5), (-71.7759, -159.052)))
(((-49.8704, -444.575), (-56.8253, -521.078), (-78.5323, -539.738), (-116.433, -478.608), (-87.3271, -442.691), (-60.9492, -436.604), (-49.8704, -444.575)))
(((-68.138, -307.573), (-109.319, -294.902), (-99.4858, -262.328), (-78.2653, -248.51), (-44.5473, -267.898), (-68.138, -307.573)))
(((-34.0595, -192.223), (-41.4704, -212.712), (-76.6645, -221.296), (-89.6103, -207.328), (-69.5856, -163.745), (-39.1213, -179.316), (-34.0595, -192.223)))
(((-73.4687, -53), (-50.1304, -53), (-28.1052, -91.9678), (-36.547, -116.849), (-53.5, -122.5), (-87.6814, -98.4806), (-73.4687, -53)))
(((-96.4234, 136.359), (-138.902, 167.221), (-158, 226), (-138.902, 284.779), (-111.484, 304.699), (-47.3065, 303.876), (-32.9474, 282.702), (-17.8458, 197.126), (-96.4234, 136.359)))
(((-30.0673, -380.844), (-58.4301, -414.212), (-90.2296, -363.333), (-69.244, -346.739), (-37.4559, -355.268), (-30.0673, -380.844)))
(((-111.406, 304.698), (-136.902, 323.221), (-156, 382), (-149.913, 400.733), (-59, 435.184), (-0.809301, 416.808), (-22.2821, 325.804), (-47.3065, 303.876), (-111.406, 304.698)))
(((-44.5473, -267.898), (-78.2653, -248.51), (-76.6645, -221.296), (-41.4704, -212.712), (-30.2568, -230), (-40.2363, -266.924), (-44.5473, -267.898)))
(((-22.099, -336.62), (-37.4559, -355.268), (-69.244, -346.739), (-67.5495, -308.613), (-27.3553, -318.661), (-22.099, -336.62)))
(((-8.3047, -144.801), (-39.1213, -179.316), (-69.5856, -163.745), (-71.7759, -159.052), (-53.5, -122.5), (-36.547, -116.849), (-8.7, -141.3), (-8.3047, -144.801)))
(((-27.3553, -318.661), (-67.5495, -308.613), (-68.138, -307.573), (-44.5473, -267.898), (-40.2363, -266.924), (-5.3511, -282.354), (-27.3553, -318.661)))
(((-13.1355, -516.956), (-56.8253, -521.078), (-49.8704, -444.575), (-48.4618, -444.821), (1.61905, -490.609), (-13.1355, -516.956)))
(((-32.0338, -620.067), (-79.241, -542.437), (-78.5323, -539.738), (-56.8253, -521.078), (-13.1355, -516.956), (13.7825, -565.409), (-32.0338, -620.067)))
(((-59, 570.581), (-56.9017, 572.106), (-25.4542, 572.106), (24.7097, 505.22), (3.99432, 419.251), (-0.809301, 416.808), (-59, 435.184), (-59, 570.581)))
(((9.88462, -396.5), (7.60526, -426.132), (-48.4618, -444.821), (-49.8704, -444.575), (-60.9492, -436.604), (-58.4301, -414.212), (-30.0673, -380.844), (4.5906, -384.531), (9.88462, -396.5)))
(((-5.3511, -282.354), (-40.2363, -266.924), (-30.2568, -230), (7.57692, -230), (-0.371179, -281.663), (-5.3511, -282.354)))
(((7.57692, -230), (-30.2568, -230), (-41.4704, -212.712), (-34.0595, -192.223), (0.684742, -195.979), (7.95982, -229.627), (7.57692, -230)))
(((-50.1304, -53), (-30, -53), (-30, -34.2131), (-2.69945, -34.6607), (23.5464, -66.1556), (19.5769, -81.3718), (-28.1052, -91.9678), (-50.1304, -53)))
(((4.5906, -384.531), (-30.0673, -380.844), (-37.4559, -355.268), (-22.099, -336.62), (-3.68887, -339.842), (14.8988, -364.344), (4.5906, -384.531)))
(((-30, 36.0411), (-2.75834, 31.9362), (21.9519, 4.21255), (-2.69945, -34.6607), (-30, -34.2131), (-30, 36.0411)))
(((13.7884, -181.068), (0.684742, -195.979), (-34.0595, -192.223), (-39.1213, -179.316), (-8.3047, -144.801), (12.2899, -166.683), (13.7884, -181.068)))
(((7.77557, -285.242), (14.0122, -318.207), (-3.68887, -339.842), (-22.099, -336.62), (-27.3553, -318.661), (-5.3511, -282.354), (-0.371179, -281.663), (7.77557, -285.242)))
(((32.562, -109.747), (-8.7, -141.3), (-36.547, -116.849), (-28.1052, -91.9678), (19.5769, -81.3718), (32.562, -109.747)))
(((-30, 36.0411), (-30, 53), (-95.8013, 53), (-101, 69), (-87.3342, 111.059), (22.8653, 109.715), (35.5345, 73.819), (-2.75834, 31.9362), (-30, 36.0411)))
(((36.3102, -447.508), (5.33333, -489.548), (1.61905, -490.609), (-48.4618, -444.821), (7.60526, -426.132), (36.3102, -447.508)))
(((-87.0211, 111.055), (-95.48, 137.089), (-17.8458, 197.126), (-0.0844156, 195.084), (51.828, 143.172), (22.8653, 109.715), (-87.0211, 111.055)))
(((51.5031, 235.875), (-0.0844156, 195.084), (-17.8458, 197.126), (-32.9474, 282.702), (54.7155, 247.264), (51.5031, 235.875)))
(((47.2035, -351.703), (14.8988, -364.344), (-3.68887, -339.842), (14.0122, -318.207), (44.5431, -336.526), (47.5576, -351.05), (47.2035, -351.703)))
(((39.2557, -558.264), (13.7825, -565.409), (-13.1355, -516.956), (1.61905, -490.609), (5.33333, -489.548), (49.2095, -514.62), (39.2557, -558.264)))
(((33.7326, -228.553), (7.95982, -229.627), (0.684742, -195.979), (13.7884, -181.068), (51.5727, -197.738), (33.7326, -228.553)))
(((50.9547, -146.635), (12.2899, -166.683), (-8.3047, -144.801), (-8.7, -141.3), (32.562, -109.747), (33.8208, -110.428), (51.651, -136.885), (50.9547, -146.635)))
(((46.3333, -246), (34.4586, -281.624), (7.77557, -285.242), (-0.371179, -281.663), (7.57692, -230), (7.95982, -229.627), (33.7326, -228.553), (46.3333, -246)))
(((48.2138, -53.5892), (23.5464, -66.1556), (-2.69945, -34.6607), (21.9519, 4.21255), (43.2539, 2.62285), (48.2138, -53.5892)))
(((82.2861, 270.839), (54.7155, 247.264), (-32.9474, 282.702), (-47.3065, 303.876), (-22.2821, 325.804), (81.3519, 320.35), (82.2861, 270.839)))
(((44.5431, -336.526), (14.0122, -318.207), (7.77557, -285.242), (34.4586, -281.624), (59.3145, -296.432), (44.5431, -336.526)))
(((89.2142, 331.187), (81.3519, 320.35), (-22.2821, 325.804), (-0.809301, 416.808), (3.99432, 419.251), (95.3466, 396.413), (89.2142, 331.187)))
(((63.5639, 11.8258), (43.2539, 2.62285), (21.9519, 4.21255), (-2.75834, 31.9362), (35.5345, 73.819), (53.978, 62.9504), (63.5639, 11.8258)))
(((36.8712, -447.485), (36.3102, -447.508), (7.60526, -426.132), (9.88462, -396.5), (54.25, -396.5), (51.4855, -429.674), (36.8712, -447.485)))
(((54.25, -396.5), (9.88462, -396.5), (4.5906, -384.531), (14.8988, -364.344), (47.2035, -351.703), (60.1021, -389.478), (54.25, -396.5)))
(((51.5727, -197.738), (13.7884, -181.068), (12.2899, -166.683), (50.9547, -146.635), (63.3727, -169.311), (51.778, -197.654), (51.5727, -197.738)))
(((49.2095, -514.62), (5.33333, -489.548), (36.3102, -447.508), (36.8712, -447.485), (84.535, -487.39), (49.2095, -514.62)))
(((96.1436, -679.493), (71.9017, -697.106), (10.0983, -697.106), (-35.7304, -663.809), (-32.0338, -620.067), (13.7825, -565.409), (39.2557, -558.264), (84.0228, -580.323), (96.1436, -679.493)))
(((85.2991, 150.719), (51.828, 143.172), (-0.0844156, 195.084), (51.5031, 235.875), (90.5243, 154.116), (85.2991, 150.719)))
(((85.1744, -88.1744), (33.8208, -110.428), (32.562, -109.747), (19.5769, -81.3718), (23.5464, -66.1556), (48.2138, -53.5892), (50.9286, -53.9286), (85.1744, -88.1744)))
(((95.3466, 396.413), (3.99432, 419.251), (24.7097, 505.22), (87.1045, 498.911), (98.6549, 399.289), (95.3466, 396.413)))
(((72.2412, -294.313), (59.3145, -296.432), (34.4586, -281.624), (46.3333, -246), (57.2188, -246), (84.9868, -275.619), (72.2412, -294.313)))
(((93.5403, -220.733), (57.2188, -246), (46.3333, -246), (33.7326, -228.553), (51.5727, -197.738), (51.778, -197.654), (93.5403, -220.733)))
(((84.5, 4.5339), (84.5, -36.0938), (50.9286, -53.9286), (48.2138, -53.5892), (43.2539, 2.62285), (63.5639, 11.8258), (81.1693, 7.2436), (84.5, 4.5339)))
(((12.9308, 625), (71.1186, 625), (109.969, 515.848), (87.1045, 498.911), (24.7097, 505.22), (-25.4986, 572.165), (-14.9017, 604.779), (12.9308, 625)))
(((88.9471, 74.1108), (53.978, 62.9504), (35.5345, 73.819), (22.8653, 109.715), (51.828, 143.172), (85.2991, 150.719), (88.9471, 74.1108)))
(((99.5168, -123.209), (51.651, -136.885), (33.8208, -110.428), (85.1744, -88.1744), (85.8622, -88.3145), (99.5168, -123.209)))
(((102.159, -332.695), (92.9515, -344.716), (47.5576, -351.05), (44.5431, -336.526), (59.3145, -296.432), (72.2412, -294.313), (102.626, -327.638), (102.159, -332.695)))
(((96.5206, -425.015), (51.4855, -429.674), (54.25, -396.5), (60.1021, -389.478), (95.2589, -393.473), (96.5206, -425.015)))
(((99.6185, -487.224), (84.535, -487.39), (36.8712, -447.485), (51.4855, -429.674), (96.5206, -425.015), (110.004, -445.458), (106.867, -477.726), (99.6185, -487.224)))
(((123.718, -541.996), (84.0228, -580.323), (39.2557, -558.264), (49.2095, -514.62), (84.535, -487.39), (99.6185, -487.224), (123.718, -541.996)))
(((95.2589, -393.473), (60.1021, -389.478), (47.2035, -351.703), (47.5576, -351.05), (92.9515, -344.716), (100.345, -388.023), (95.2589, -393.473)))
(((100.559, -221.876), (88.415, -273.486), (84.9868, -275.619), (57.2188, -246), (93.5403, -220.733), (99.6862, -221.237), (100.559, -221.876)))
(((107.144, -128.39), (91.3209, -167.948), (63.3727, -169.311), (50.9547, -146.635), (51.651, -136.885), (99.5168, -123.209), (107.144, -128.39)))
(((109.741, -65.0994), (85.8622, -88.3145), (85.1744, -88.1744), (50.9286, -53.9286), (84.5, -36.0938), (109.444, -56.3611), (109.741, -65.0994)))
(((93.5403, -220.733), (51.778, -197.654), (63.3727, -169.311), (91.3209, -167.948), (100.757, -179.481), (99.6862, -221.237), (93.5403, -220.733)))
(((108.302, 63.4461), (81.1693, 7.2436), (63.5639, 11.8258), (53.978, 62.9504), (88.9471, 74.1108), (108.302, 63.4461)))
(((90.5243, 154.116), (51.5031, 235.875), (54.7155, 247.264), (82.2861, 270.839), (120.683, 245.421), (100.995, 155.933), (90.5243, 154.116)))
(((131.53, -303.421), (102.626, -327.638), (72.2412, -294.313), (84.9868, -275.619), (88.415, -273.486), (129.332, -280.121), (131.53, -303.421)))
(((135.33, -27.8872), (109.444, -56.3611), (84.5, -36.0938), (84.5, 4.5339), (105.409, 2.76197), (133.729, -22.1258), (135.33, -27.8872)))
(((146.733, 105.71), (128.9, 64.1), (108.302, 63.4461), (88.9471, 74.1108), (85.2991, 150.719), (90.5243, 154.116), (100.995, 155.933), (113.01, 152.766), (146.733, 105.71)))
(((129.332, -280.121), (88.415, -273.486), (100.559, -221.876), (116.057, -224.155), (140.449, -263.793), (129.332, -280.121)))
(((146.083, 40.3077), (105.409, 2.76197), (84.5, 4.5339), (81.1693, 7.2436), (108.302, 63.4461), (128.9, 64.1), (146.083, 40.3077)))
(((131.368, -153.159), (127.239, -173.806), (100.757, -179.481), (91.3209, -167.948), (107.144, -128.39), (117.614, -128.546), (131.368, -153.159)))
(((140.804, -112.603), (117.614, -128.546), (107.144, -128.39), (99.5168, -123.209), (85.8622, -88.3145), (109.741, -65.0994), (147.453, -88.9176), (140.804, -112.603)))
(((144.539, -361.434), (130.041, -385.599), (100.345, -388.023), (92.9515, -344.716), (102.159, -332.695), (143.357, -357.414), (144.539, -361.434)))
(((116.057, -224.155), (100.559, -221.876), (99.6862, -221.237), (100.757, -179.481), (127.239, -173.806), (151.799, -200.599), (116.057, -224.155)))
(((152.29, -417.638), (110.004, -445.458), (96.5206, -425.015), (95.2589, -393.473), (100.345, -388.023), (130.041, -385.599), (152.29, -417.638)))
(((175.5, 625), (170.977, 516.446), (109.969, 515.848), (71.1186, 625), (175.5, 625)))
(((193.362, 419.054), (98.6549, 399.289), (87.1045, 498.911), (109.969, 515.848), (170.977, 516.446), (196.997, 491.222), (193.362, 419.054)))
(((96.6452, -683.597), (84.0228, -580.323), (123.718, -541.996), (217.5, -561.577), (226.253, -576.389), (231, -591), (211.902, -649.779), (161.902, -686.106), (100.098, -686.106), (96.6452, -683.597)))
(((143.357, -357.414), (102.159, -332.695), (102.626, -327.638), (131.53, -303.421), (160.906, -318.808), (143.357, -357.414)))
(((160.032, 14.4057), (133.729, -22.1258), (105.409, 2.76197), (146.083, 40.3077), (152.182, 37.4927), (160.032, 14.4057)))
(((160.932, 246.894), (120.683, 245.421), (82.2861, 270.839), (81.3519, 320.35), (89.2142, 331.187), (164.487, 313.265), (160.932, 246.894)))
(((196.059, 191.192), (113.01, 152.766), (100.995, 155.933), (120.683, 245.421), (160.932, 246.894), (190.029, 227.373), (200.315, 196.801), (196.059, 191.192)))
(((166.08, -77.5347), (147.453, -88.9176), (109.741, -65.0994), (109.444, -56.3611), (135.33, -27.8872), (160.43, -39.6006), (166.08, -77.5347)))
(((171.587, -199.099), (151.799, -200.599), (127.239, -173.806), (131.368, -153.159), (160.682, -157.849), (174.659, -196.556), (171.587, -199.099)))
(((183.939, -471.681), (106.867, -477.726), (110.004, -445.458), (152.29, -417.638), (176.283, -421.827), (185.57, -439.886), (183.939, -471.681)))
(((160.682, -157.849), (131.368, -153.159), (117.614, -128.546), (140.804, -112.603), (169.561, -134.171), (160.682, -157.849)))
(((174.083, -258.988), (140.449, -263.793), (116.057, -224.155), (151.799, -200.599), (171.587, -199.099), (174.083, -258.988)))
(((217.5, -561.577), (123.718, -541.996), (99.6185, -487.224), (106.867, -477.726), (183.939, -471.681), (217.5, -524.521), (217.5, -561.577)))
(((206.119, 405.47), (200.705, 335.764), (164.487, 313.265), (89.2142, 331.187), (95.3466, 396.413), (98.6549, 399.289), (193.362, 419.054), (206.119, 405.47)))
(((176.283, -421.827), (152.29, -417.638), (130.041, -385.599), (144.539, -361.434), (197.132, -376.268), (176.283, -421.827)))
(((176.318, -260.53), (183.17, -297.074), (175.612, -315.97), (160.906, -318.808), (131.53, -303.421), (129.332, -280.121), (140.449, -263.793), (174.083, -258.988), (176.318, -260.53)))
(((160.43, -39.6006), (135.33, -27.8872), (133.729, -22.1258), (160.032, 14.4057), (198.844, -13.3172), (160.43, -39.6006)))
(((233.234, 71.2642), (152.182, 37.4927), (146.083, 40.3077), (128.9, 64.1), (146.733, 105.71), (197.64, 102.671), (233.234, 71.2642)))
(((197.132, -376.268), (144.539, -361.434), (143.357, -357.414), (160.906, -318.808), (175.612, -315.97), (202.966, -344.802), (203.728, -371.471), (197.132, -376.268)))
(((197.64, 102.671), (146.733, 105.71), (113.01, 152.766), (196.059, 191.192), (197.64, 102.671)))
(((197.762, -106.5), (188.535, -130.721), (169.561, -134.171), (140.804, -112.603), (147.453, -88.9176), (166.08, -77.5347), (182.806, -81.3734), (197.762, -106.5)))
(((184.746, -194.329), (174.659, -196.556), (160.682, -157.849), (169.561, -134.171), (188.535, -130.721), (203.033, -148.326), (197.387, -177.97), (184.746, -194.329)))
(((275.252, 53), (210, 53), (210, -13.1644), (198.844, -13.3172), (160.032, 14.4057), (152.182, 37.4927), (233.234, 71.2642), (273.871, 57.2514), (275.252, 53)))
(((210, -13.1644), (210, -53), (219.286, -53), (182.806, -81.3734), (166.08, -77.5347), (160.43, -39.6006), (198.844, -13.3172), (210, -13.1644)))
(((241.562, 292.089), (190.029, 227.373), (160.932, 246.894), (164.487, 313.265), (200.705, 335.764), (241.562, 292.089)))
(((218.113, -227.521), (190.676, -258.186), (176.318, -260.53), (174.083, -258.988), (171.587, -199.099), (174.659, -196.556), (184.746, -194.329), (206.328, -207.881), (218.113, -227.521)))
(((226.97, -294.054), (183.17, -297.074), (176.318, -260.53), (190.676, -258.186), (223.17, -269.355), (226.97, -294.054)))
(((233.034, -318.17), (202.966, -344.802), (175.612, -315.97), (183.17, -297.074), (226.97, -294.054), (234.272, -301.773), (233.034, -318.17)))
(((232.114, -141.864), (203.033, -148.326), (188.535, -130.721), (197.762, -106.5), (228.115, -106.5), (240.865, -131.362), (232.114, -141.864)))
(((219.286, -53), (252.407, -53), (252.171, -61.8246), (228.115, -106.5), (197.762, -106.5), (182.806, -81.3734), (219.286, -53)))
(((242.5, -428.5), (185.57, -439.886), (176.283, -421.827), (197.132, -376.268), (203.728, -371.471), (222.061, -377.402), (242.5, -428.5)))
(((244.926, -245.926), (223.17, -269.355), (190.676, -258.186), (218.113, -227.521), (244.421, -238.598), (244.926, -245.926)))
(((175.5, 625), (297.468, 625), (301.902, 621.779), (321, 563), (313.547, 540.063), (196.997, 491.222), (170.977, 516.446), (175.5, 625)))
(((239.162, -174.757), (197.387, -177.97), (203.033, -148.326), (232.114, -141.864), (239.162, -174.757)))
(((266.591, -460.807), (217.5, -524.521), (183.939, -471.681), (185.57, -439.886), (242.5, -428.5), (262.705, -438.603), (266.591, -460.807)))
(((257.174, -189.391), (206.328, -207.881), (184.746, -194.329), (197.387, -177.97), (239.162, -174.757), (257.174, -189.391)))
(((274.152, 57.1543), (233.234, 71.2642), (197.64, 102.671), (196.059, 191.192), (200.315, 196.801), (313.426, 174.622), (325, 139), (305.902, 80.2215), (274.152, 57.1543)))
(((266.512, -211.309), (244.421, -238.598), (218.113, -227.521), (206.328, -207.881), (257.174, -189.391), (266.238, -192.413), (266.512, -211.309)))
(((263.388, -367.453), (222.061, -377.402), (203.728, -371.471), (202.966, -344.802), (233.034, -318.17), (267.335, -342.512), (271.89, -354.585), (263.388, -367.453)))
(((266.536, -288.536), (234.272, -301.773), (226.97, -294.054), (223.17, -269.355), (244.926, -245.926), (269.209, -270.209), (266.536, -288.536)))
(((315.014, 174.311), (200.315, 196.801), (190.029, 227.373), (241.562, 292.089), (330.694, 285.029), (345, 241), (325.902, 182.221), (315.014, 174.311)))
(((273.363, -185.556), (266.238, -192.413), (257.174, -189.391), (239.162, -174.757), (232.114, -141.864), (240.865, -131.362), (247.663, -131.77), (280.851, -162.303), (273.363, -185.556)))
(((281.318, -413.941), (262.705, -438.603), (242.5, -428.5), (222.061, -377.402), (263.388, -367.453), (279.201, -407.449), (281.318, -413.941)))
(((276.789, -108.469), (247.663, -131.77), (240.865, -131.362), (228.115, -106.5), (252.171, -61.8246), (276.789, -108.469)))
(((334.394, 284.736), (241.562, 292.089), (200.705, 335.764), (206.119, 405.47), (240.23, 401.942), (341.964, 308.034), (334.394, 284.736)))
(((281.262, -303.262), (267.335, -342.512), (233.034, -318.17), (234.272, -301.773), (266.536, -288.536), (281.262, -303.262)))
(((313.742, 540.144), (345.902, 516.779), (361.12, 469.942), (240.23, 401.942), (206.119, 405.47), (193.362, 419.054), (196.997, 491.222), (313.742, 540.144)))
(((321.527, -129.023), (280.851, -162.303), (247.663, -131.77), (276.789, -108.469), (322.775, -125.191), (321.527, -129.023)))
(((299.663, -255.394), (269.209, -270.209), (244.926, -245.926), (244.421, -238.598), (266.512, -211.309), (301.59, -238.37), (299.663, -255.394)))
(((224.684, -573.735), (217.5, -561.577), (217.5, -524.521), (266.591, -460.807), (384.164, -497.428), (385, -500), (365.902, -558.779), (315.902, -595.106), (254.098, -595.106), (224.684, -573.735)))
(((252.407, -53), (377.628, -53), (382.285, -67.3339), (322.775, -125.191), (276.789, -108.469), (252.171, -61.8246), (252.407, -53)))
(((319.069, -351.951), (315.991, -352.264), (271.89, -354.585), (267.335, -342.512), (281.262, -303.262), (306.172, -303.841), (330.187, -336.965), (319.069, -351.951)))
(((306.172, -303.841), (281.262, -303.262), (266.536, -288.536), (269.209, -270.209), (299.663, -255.394), (316.671, -274.596), (306.172, -303.841)))
(((315.991, -352.264), (279.201, -407.449), (263.388, -367.453), (271.89, -354.585), (315.991, -352.264)))
(((331.963, -407.496), (281.318, -413.941), (279.201, -407.449), (315.991, -352.264), (319.069, -351.951), (331.963, -407.496)))
(((331.45, -219.434), (301.59, -238.37), (266.512, -211.309), (266.238, -192.413), (273.363, -185.556), (335.784, -200.243), (331.45, -219.434)))
(((400, 397.078), (400, 390.922), (381.902, 335.221), (343.072, 307.01), (240.23, 401.942), (359.518, 469.041), (381.902, 452.779), (400, 397.078)))
(((384.937, -497.669), (266.591, -460.807), (262.705, -438.603), (281.318, -413.941), (331.963, -407.496), (398.628, -455.533), (384.937, -497.669)))
(((335.784, -200.243), (273.363, -185.556), (280.851, -162.303), (321.527, -129.023), (342.059, -193.184), (335.784, -200.243)))
(((369.312, -269.917), (316.671, -274.596), (299.663, -255.394), (301.59, -238.37), (331.45, -219.434), (369.312, -269.917)))
(((400, -316.487), (330.187, -336.965), (306.172, -303.841), (316.671, -274.596), (369.312, -269.917), (400, -283.556), (400, -316.487)))
(((400, -316.487), (400, -454.41), (398.54, -455.47), (331.963, -407.496), (319.069, -351.951), (330.187, -336.965), (400, -316.487)))
(((400, -189.563), (342.059, -193.184), (321.527, -129.023), (322.775, -125.191), (384.794, -64.8943), (389.902, -64.8943), (400, -72.2312), (400, -189.563)))
(((400, -283.556), (369.312, -269.917), (331.45, -219.434), (335.784, -200.243), (342.059, -193.184), (400, -189.563), (400, -283.556)))
