(((-155.096, -800), (-225, -800), (-225, -719.486), (-195.21, -722.064), (-155.096, -800)))
(((-225, -139.462), (-225, -53), (-220.083, -53), (-170.192, -112.87), (-187.66, -132.417), (-225, -139.462)))
(((-225, -612.545), (-195.231, -626.077), (-178.728, -651.862), (-181.206, -710.089), (-195.21, -722.064), (-225, -719.486), (-225, -612.545)))
(((-225, -139.462), (-187.66, -132.417), (-173.942, -178.559), (-201.054, -196.83), (-225, -198.565), (-225, -139.462)))
(((-225, -198.565), (-201.054, -196.83), (-160.185, -243.03), (-206.677, -292.622), (-225, -293.373), (-225, -198.565)))
(((-225, -376.934), (-187.771, -379.744), (-153.975, -421.339), (-159.238, -436.189), (-160.145, -437.155), (-225, -444.674), (-225, -376.934)))
(((-225, -293.373), (-206.677, -292.622), (-191.184, -301.274), (-155.021, -345.781), (-187.771, -379.744), (-225, -376.934), (-225, -293.373)))
(((-225, -444.674), (-160.145, -437.155), (-154.561, -483.422), (-172.378, -497.231), (-225, -498.4), (-225, -444.674)))
(((-225, -498.4), (-172.378, -497.231), (-164.132, -546.711), (-172.452, -555.211), (-225, -566.889), (-225, -498.4)))
(((-225, -566.889), (-172.452, -555.211), (-140.288, -593.56), (-144.082, -609.027), (-195.231, -626.077), (-225, -612.545), (-225, -566.889)))
(((-160.185, -243.03), (-201.054, -196.83), (-173.942, -178.559), (-143.867, -181.725), (-155.157, -241.404), (-160.185, -243.03)))
(((-124.971, -53), (-124.476, -74.0159), (-150.861, -111.614), (-170.192, -112.87), (-220.083, -53), (-124.971, -53)))
(((-138.83, -179.285), (-143.867, -181.725), (-173.942, -178.559), (-187.66, -132.417), (-170.192, -112.87), (-150.861, -111.614), (-126.787, -145.448), (-138.83, -179.285)))
(((-153.975, -421.339), (-187.771, -379.744), (-155.021, -345.781), (-134.594, -351.971), (-147.307, -415.536), (-153.975, -421.339)))
(((-131.174, -701.128), (-181.206, -710.089), (-178.728, -651.862), (-125.5, -656.559), (-125.5, -694.296), (-131.174, -701.128)))
(((-121.179, -532.393), (-164.132, -546.711), (-172.378, -497.231), (-154.561, -483.422), (-131.723, -496.542), (-121.179, -532.393)))
(((-125.5, -656.559), (-178.728, -651.862), (-195.231, -626.077), (-144.082, -609.027), (-116.699, -641.545), (-125.5, -656.559)))
(((-116.52, -291.45), (-191.184, -301.274), (-206.677, -292.622), (-160.185, -243.03), (-155.157, -241.404), (-131.276, -247.276), (-109.721, -282.211), (-116.52, -291.45)))
(((-155.096, -800), (-195.21, -722.064), (-181.206, -710.089), (-131.174, -701.128), (-94.65, -796.497), (-95.146, -800), (-155.096, -800)))
(((-118.798, -347.702), (-134.594, -351.971), (-155.021, -345.781), (-191.184, -301.274), (-116.52, -291.45), (-117.636, -345.035), (-118.798, -347.702)))
(((-93.6818, -567.269), (-140.288, -593.56), (-172.452, -555.211), (-164.132, -546.711), (-121.179, -532.393), (-102.148, -542.197), (-93.6818, -567.269)))
(((-99.7955, -215.795), (-131.276, -247.276), (-155.157, -241.404), (-143.867, -181.725), (-138.83, -179.285), (-97.3759, -206.278), (-99.7955, -215.795)))
(((-87.9041, -463.678), (-131.723, -496.542), (-154.561, -483.422), (-160.145, -437.155), (-159.238, -436.189), (-88.0228, -463.418), (-87.9041, -463.678)))
(((-97.0126, -367.17), (-103.106, -408.81), (-147.307, -415.536), (-134.594, -351.971), (-118.798, -347.702), (-97.0126, -367.17)))
(((-80.2882, -578.602), (-106.359, -638.412), (-116.699, -641.545), (-144.082, -609.027), (-140.288, -593.56), (-93.6818, -567.269), (-80.2882, -578.602)))
(((-88.0228, -463.418), (-159.238, -436.189), (-153.975, -421.339), (-147.307, -415.536), (-103.106, -408.81), (-85.8445, -423.482), (-88.0228, -463.418)))
(((-100.694, -142.299), (-126.787, -145.448), (-150.861, -111.614), (-124.476, -74.0159), (-88.2763, -98.1491), (-100.694, -142.299)))
(((-69.6679, -507.28), (-102.148, -542.197), (-121.179, -532.393), (-131.723, -496.542), (-87.9041, -463.678), (-78.2721, -470.405), (-69.6679, -507.28)))
(((-63.581, -173.648), (-74.8824, -194.256), (-97.3759, -206.278), (-138.83, -179.285), (-126.787, -145.448), (-100.694, -142.299), (-68.1497, -158.903), (-63.581, -173.648)))
(((-75.1484, -279.16), (-109.721, -282.211), (-131.276, -247.276), (-99.7955, -215.795), (-69.9824, -263.146), (-75.1484, -279.16)))
(((-94.65, -796.497), (-131.174, -701.128), (-125.5, -694.296), (-90.0862, -695.741), (-71.4881, -751.536), (-94.65, -796.497)))
(((-67.4885, -681.618), (-90.0862, -695.741), (-125.5, -694.296), (-125.5, -656.559), (-116.699, -641.545), (-106.359, -638.412), (-66.012, -654.057), (-67.4885, -681.618)))
(((-72.1781, -282.626), (-73.1394, -321.075), (-117.636, -345.035), (-116.52, -291.45), (-109.721, -282.211), (-75.1484, -279.16), (-72.1781, -282.626)))
(((-57.1111, -53), (-61.8978, -96.0802), (-88.2763, -98.1491), (-124.476, -74.0159), (-124.971, -53), (-57.1111, -53)))
(((-50.174, -406.062), (-85.8445, -423.482), (-103.106, -408.81), (-97.0126, -367.17), (-60.1049, -367.866), (-50.174, -406.062)))
(((-60.1049, -367.866), (-97.0126, -367.17), (-118.798, -347.702), (-117.636, -345.035), (-73.1394, -321.075), (-45.4316, -349.891), (-60.1049, -367.866)))
(((-41.7932, -114), (-68.1497, -158.903), (-100.694, -142.299), (-88.2763, -98.1491), (-61.8978, -96.0802), (-41.7932, -114)))
(((-54.5503, -645.901), (-66.012, -654.057), (-106.359, -638.412), (-80.2882, -578.602), (-38.6203, -586.733), (-54.5503, -645.901)))
(((-69.9824, -263.146), (-99.7955, -215.795), (-97.3759, -206.278), (-74.8824, -194.256), (-42.0239, -236.698), (-69.9824, -263.146)))
(((-31.622, -715.378), (-71.4881, -751.536), (-90.0862, -695.741), (-67.4885, -681.618), (-31.3935, -711.86), (-31.622, -715.378)))
(((-38.6203, -586.733), (-80.2882, -578.602), (-93.6818, -567.269), (-102.148, -542.197), (-69.6679, -507.28), (-38.827, -516.99), (-32.9474, -584.605), (-38.6203, -586.733)))
(((-22.5198, -452.2), (-78.2721, -470.405), (-87.9041, -463.678), (-88.0228, -463.418), (-85.8445, -423.482), (-50.174, -406.062), (-42.6039, -409.982), (-21.5682, -447.379), (-22.5198, -452.2)))
(((-18.1087, -311.217), (-35.729, -346.458), (-45.4316, -349.891), (-73.1394, -321.075), (-72.1781, -282.626), (-23.3252, -298.577), (-18.1087, -311.217)))
(((-6.49824, -498.239), (-38.827, -516.99), (-69.6679, -507.28), (-78.2721, -470.405), (-22.5198, -452.2), (-4.28165, -484.385), (-6.49824, -498.239)))
(((-17.2217, -235.072), (-42.0239, -236.698), (-74.8824, -194.256), (-63.581, -173.648), (-38.0842, -177.745), (-6.48754, -218.558), (-17.2217, -235.072)))
(((6.61538, -670.231), (-31.3935, -711.86), (-67.4885, -681.618), (-66.012, -654.057), (-54.5503, -645.901), (6.66398, -670.065), (6.61538, -670.231)))
(((-6.10078, -263.38), (-23.3252, -298.577), (-72.1781, -282.626), (-75.1484, -279.16), (-69.9824, -263.146), (-42.0239, -236.698), (-17.2217, -235.072), (-6.10078, -263.38)))
(((-57.1111, -53), (-30, -53), (-30, -6.5), (-16.4176, -98.8606), (-35.0624, -113.539), (-41.7932, -114), (-61.8978, -96.0802), (-57.1111, -53)))
(((-2.67419, -153.401), (-38.0842, -177.745), (-63.581, -173.648), (-68.1497, -158.903), (-41.7932, -114), (-35.0624, -113.539), (-2.67419, -153.401)))
(((-95.146, -800), (-94.65, -796.497), (-71.4881, -751.536), (-31.622, -715.378), (-4.39474, -742.605), (-50.8571, -800), (-95.146, -800)))
(((6.46523, -377.833), (-42.6039, -409.982), (-50.174, -406.062), (-60.1049, -367.866), (-45.4316, -349.891), (-35.729, -346.458), (6.46523, -377.833)))
(((10.441, -665.983), (6.66398, -670.065), (-54.5503, -645.901), (-38.6203, -586.733), (-32.9474, -584.605), (-3.51705, -587.548), (24.9388, -608.717), (10.441, -665.983)))
(((-3.51705, -587.548), (-32.9474, -584.605), (-38.827, -516.99), (-6.49824, -498.239), (17.6757, -527.502), (-3.51705, -587.548)))
(((25.5848, -415.943), (-21.5682, -447.379), (-42.6039, -409.982), (6.46523, -377.833), (14.6271, -379.033), (25.5848, -415.943)))
(((-50.8571, -800), (-4.39474, -742.605), (22.7151, -750.985), (43.0214, -800), (-50.8571, -800)))
(((10.2424, -210.857), (-6.48754, -218.558), (-38.0842, -177.745), (-2.67419, -153.401), (-1.43834, -153.614), (21.2586, -195.603), (10.2424, -210.857)))
(((-30, 23.1057), (6.62561, 23.1057), (26.1227, -96.3141), (25.979, -96.4147), (-16.4176, -98.8606), (-30, -6.5), (-30, 23.1057)))
(((29.3924, -326.736), (19.455, -373.713), (14.6271, -379.033), (6.46523, -377.833), (-35.729, -346.458), (-18.1087, -311.217), (26.104, -320.57), (29.3924, -326.736)))
(((16.9218, -140.569), (-1.43834, -153.614), (-2.67419, -153.401), (-35.0624, -113.539), (-16.4176, -98.8606), (25.979, -96.4147), (16.9218, -140.569)))
(((22.7151, -750.985), (-4.39474, -742.605), (-31.622, -715.378), (-31.3935, -711.86), (6.61538, -670.231), (34.7381, -726.476), (22.7151, -750.985)))
(((42.9584, -279.277), (26.104, -320.57), (-18.1087, -311.217), (-23.3252, -298.577), (-6.10078, -263.38), (37.708, -272.142), (42.9584, -279.277)))
(((26.9082, -416.724), (44.1928, -468.578), (-4.28165, -484.385), (-22.5198, -452.2), (-21.5682, -447.379), (25.5848, -415.943), (26.9082, -416.724)))
(((37.708, -272.142), (-6.10078, -263.38), (-17.2217, -235.072), (-6.48754, -218.558), (10.2424, -210.857), (41.6095, -243.531), (37.708, -272.142)))
(((41.5611, -189.754), (21.2586, -195.603), (-1.43834, -153.614), (16.9218, -140.569), (54.7224, -155.689), (41.5611, -189.754)))
(((55.5749, -484.126), (47.4309, -524.845), (17.6757, -527.502), (-6.49824, -498.239), (-4.28165, -484.385), (44.1928, -468.578), (46.9907, -469.717), (55.5749, -484.126)))
(((43.2042, -605.493), (24.9388, -608.717), (-3.51705, -587.548), (17.6757, -527.502), (47.4309, -524.845), (58.5746, -532.971), (55.5478, -595.02), (43.2042, -605.493)))
(((68.0382, -146.623), (54.7224, -155.689), (16.9218, -140.569), (25.979, -96.4147), (26.1227, -96.3141), (51.0512, -98.8803), (69.0959, -115.421), (68.0382, -146.623)))
(((74.7875, -711.003), (34.7381, -726.476), (6.61538, -670.231), (6.66398, -670.065), (10.441, -665.983), (78.6556, -685.473), (74.7875, -711.003)))
(((72.5, -223.967), (41.6095, -243.531), (10.2424, -210.857), (21.2586, -195.603), (41.5611, -189.754), (72.5, -209.643), (72.5, -223.967)))
(((6.35644, 24.7543), (15.0983, 31.1057), (76.9017, 31.1057), (97.1167, 16.4186), (91.3777, -24.2762), (51.0512, -98.8803), (26.1227, -96.3141), (6.35644, 24.7543)))
(((72.4695, -370.923), (19.455, -373.713), (29.3924, -326.736), (81.6149, -336.452), (72.4695, -370.923)))
(((73.3052, -413.825), (26.9082, -416.724), (25.5848, -415.943), (14.6271, -379.033), (19.455, -373.713), (72.4695, -370.923), (84.9586, -394.402), (73.3052, -413.825)))
(((92.1134, -671.498), (78.6556, -685.473), (10.441, -665.983), (24.9388, -608.717), (43.2042, -605.493), (92.4863, -657.513), (92.1134, -671.498)))
(((84.1515, -442.146), (46.9907, -469.717), (44.1928, -468.578), (26.9082, -416.724), (73.3052, -413.825), (84.1515, -442.146)))
(((85.5152, -333.596), (81.6149, -336.452), (29.3924, -326.736), (26.104, -320.57), (42.9584, -279.277), (72.4194, -281.274), (88.8413, -327.256), (85.5152, -333.596)))
(((63.375, -800), (43.0214, -800), (22.7151, -750.985), (34.7381, -726.476), (74.7875, -711.003), (96.16, -741.804), (97.0805, -755.059), (63.375, -800)))
(((97.9482, -259.227), (72.4194, -281.274), (42.9584, -279.277), (37.708, -272.142), (41.6095, -243.531), (72.5, -223.967), (98.4845, -256.88), (97.9482, -259.227)))
(((108.891, -183.649), (72.5, -209.643), (41.5611, -189.754), (54.7224, -155.689), (68.0382, -146.623), (105.576, -169.146), (108.891, -183.649)))
(((110.752, -507.55), (95.4047, -528.551), (58.5746, -532.971), (47.4309, -524.845), (55.5749, -484.126), (105.015, -493.739), (110.752, -507.55)))
(((109.449, -582.387), (55.5478, -595.02), (58.5746, -532.971), (95.4047, -528.551), (109.449, -582.387)))
(((105.015, -493.739), (55.5749, -484.126), (46.9907, -469.717), (84.1515, -442.146), (99.3904, -449.61), (108.862, -468.947), (105.015, -493.739)))
(((107.356, -103.943), (69.0959, -115.421), (51.0512, -98.8803), (91.3777, -24.2762), (108.472, -102.151), (107.356, -103.943)))
(((110.208, -582.697), (118.769, -631.922), (92.4863, -657.513), (43.2042, -605.493), (55.5478, -595.02), (109.449, -582.387), (110.208, -582.697)))
(((105.576, -169.146), (68.0382, -146.623), (69.0959, -115.421), (107.356, -103.943), (124.183, -141.556), (105.576, -169.146)))
(((124.086, -392.268), (84.9586, -394.402), (72.4695, -370.923), (81.6149, -336.452), (85.5152, -333.596), (136.82, -376.35), (124.086, -392.268)))
(((139.54, -306.76), (88.8413, -327.256), (72.4194, -281.274), (97.9482, -259.227), (139.54, -306.76)))
(((125.364, -238.182), (98.4845, -256.88), (72.5, -223.967), (72.5, -209.643), (108.891, -183.649), (129.978, -198.192), (125.364, -238.182)))
(((129.786, -419.214), (99.3904, -449.61), (84.1515, -442.146), (73.3052, -413.825), (84.9586, -394.402), (124.086, -392.268), (129.786, -419.214)))
(((152.715, -696.95), (96.16, -741.804), (74.7875, -711.003), (78.6556, -685.473), (92.1134, -671.498), (152.715, -696.95)))
(((63.375, -800), (97.0805, -755.059), (137.351, -764.724), (159.3, -800), (63.375, -800)))
(((157.423, -320.68), (139.686, -374.875), (136.82, -376.35), (85.5152, -333.596), (88.8413, -327.256), (139.54, -306.76), (149.459, -308.48), (157.423, -320.68)))
(((172.189, -569.025), (110.208, -582.697), (109.449, -582.387), (95.4047, -528.551), (110.752, -507.55), (158, -517), (172.189, -569.025)))
(((97.6367, 20.1057), (142.789, 20.1057), (158.208, -73.8106), (150.485, -90.1471), (108.472, -102.151), (91.3777, -24.2762), (97.6367, 20.1057)))
(((155.983, -456.096), (108.862, -468.947), (99.3904, -449.61), (129.786, -419.214), (153.851, -437.263), (155.983, -456.096)))
(((173.533, -656.356), (160.586, -696.751), (152.715, -696.95), (92.1134, -671.498), (92.4863, -657.513), (118.769, -631.922), (171.026, -642.146), (173.533, -656.356)))
(((171.978, -712.783), (137.351, -764.724), (97.0805, -755.059), (96.16, -741.804), (152.715, -696.95), (160.586, -696.751), (171.978, -712.783)))
(((149.459, -308.48), (139.54, -306.76), (97.9482, -259.227), (98.4845, -256.88), (125.364, -238.182), (171.801, -261.401), (149.459, -308.48)))
(((167.848, -136.81), (124.183, -141.556), (107.356, -103.943), (108.472, -102.151), (150.485, -90.1471), (167.848, -136.81)))
(((158, -517), (110.752, -507.55), (105.015, -493.739), (108.862, -468.947), (155.983, -456.096), (180.7, -483.982), (158, -517)))
(((194.509, -584.574), (171.026, -642.146), (118.769, -631.922), (110.208, -582.697), (172.189, -569.025), (194.509, -584.574)))
(((173.976, -160.962), (140.931, -196.138), (129.978, -198.192), (108.891, -183.649), (105.576, -169.146), (124.183, -141.556), (167.848, -136.81), (173.022, -139.981), (173.976, -160.962)))
(((171.801, -261.401), (125.364, -238.182), (129.978, -198.192), (140.931, -196.138), (175.45, -218.104), (173.527, -260.411), (171.801, -261.401)))
(((179.801, -414.773), (153.851, -437.263), (129.786, -419.214), (124.086, -392.268), (136.82, -376.35), (139.686, -374.875), (185.121, -393.048), (179.801, -414.773)))
(((159.3, -800), (137.351, -764.724), (171.978, -712.783), (203.125, -730.406), (219.5, -800), (159.3, -800)))
(((200.468, -201.664), (175.45, -218.104), (140.931, -196.138), (173.976, -160.962), (205.089, -191.16), (200.468, -201.664)))
(((201.883, -337.046), (190.413, -390.573), (185.121, -393.048), (139.686, -374.875), (157.423, -320.68), (199.554, -331.699), (201.883, -337.046)))
(((217.984, -118.643), (173.022, -139.981), (167.848, -136.81), (150.485, -90.1471), (158.208, -73.8106), (217.318, -92.9814), (217.984, -118.643)))
(((216.737, -472.788), (213.366, -476.111), (180.7, -483.982), (155.983, -456.096), (153.851, -437.263), (179.801, -414.773), (219.266, -465.201), (216.737, -472.788)))
(((210, 31.1057), (210, -53), (238.846, -53), (217.318, -92.9814), (158.208, -73.8106), (143.02, 18.6974), (160.098, 31.1057), (210, 31.1057)))
(((199.554, -331.699), (157.423, -320.68), (149.459, -308.48), (171.801, -261.401), (173.527, -260.411), (199.558, -262.383), (227.207, -298.952), (199.554, -331.699)))
(((199.558, -262.383), (173.527, -260.411), (175.45, -218.104), (200.468, -201.664), (219.719, -241.646), (199.558, -262.383)))
(((194.509, -584.574), (172.189, -569.025), (158, -517), (180.7, -483.982), (213.366, -476.111), (243.339, -578.877), (194.509, -584.574)))
(((250.096, -424.318), (219.266, -465.201), (179.801, -414.773), (185.121, -393.048), (190.413, -390.573), (242.495, -403.348), (250.096, -424.318)))
(((234.103, -182.353), (205.089, -191.16), (173.976, -160.962), (173.022, -139.981), (217.984, -118.643), (235.012, -132.321), (234.103, -182.353)))
(((241.168, -701.874), (203.125, -730.406), (171.978, -712.783), (160.586, -696.751), (173.533, -656.356), (225.954, -665.529), (241.168, -701.874)))
(((246.398, -579.653), (252.712, -621.745), (225.954, -665.529), (173.533, -656.356), (171.026, -642.146), (194.509, -584.574), (243.339, -578.877), (246.398, -579.653)))
(((242.495, -403.348), (190.413, -390.573), (201.883, -337.046), (255.562, -366.868), (242.495, -403.348)))
(((260.528, -233.995), (219.719, -241.646), (200.468, -201.664), (205.089, -191.16), (234.103, -182.353), (259.582, -199.957), (260.528, -233.995)))
(((275.131, -252.395), (258.176, -297.156), (227.207, -298.952), (199.558, -262.383), (219.719, -241.646), (260.528, -233.995), (275.131, -252.395)))
(((267.532, -310.34), (256.35, -366.251), (255.562, -366.868), (201.883, -337.046), (199.554, -331.699), (227.207, -298.952), (258.176, -297.156), (267.532, -310.34)))
(((316.458, -513.614), (275.236, -568.78), (246.398, -579.653), (243.339, -578.877), (213.366, -476.111), (216.737, -472.788), (313.62, -510.595), (316.458, -513.614)))
(((219.5, -800), (203.125, -730.406), (241.168, -701.874), (284.692, -702.462), (266.63, -800), (219.5, -800)))
(((284.692, -702.462), (241.168, -701.874), (225.954, -665.529), (252.712, -621.745), (305.123, -689.571), (284.692, -702.462)))
(((275.05, -53), (284.083, -117.525), (272.691, -128.675), (235.012, -132.321), (217.984, -118.643), (217.318, -92.9814), (238.846, -53), (275.05, -53)))
(((291.696, -179.356), (259.582, -199.957), (234.103, -182.353), (235.012, -132.321), (272.691, -128.675), (291.696, -179.356)))
(((313.62, -510.595), (216.737, -472.788), (219.266, -465.201), (250.096, -424.318), (279.629, -431.799), (313.62, -510.595)))
(((317.508, -408.929), (279.629, -431.799), (250.096, -424.318), (242.495, -403.348), (255.562, -366.868), (256.35, -366.251), (306.489, -369.259), (317.508, -408.929)))
(((326.084, -340.707), (306.489, -369.259), (256.35, -366.251), (267.532, -310.34), (313.833, -320.63), (326.084, -340.707)))
(((306.269, -689.484), (305.123, -689.571), (252.712, -621.745), (246.398, -579.653), (275.236, -568.78), (322.603, -608.252), (323.829, -676.912), (306.269, -689.484)))
(((301.281, -251.349), (275.131, -252.395), (260.528, -233.995), (259.582, -199.957), (291.696, -179.356), (305.256, -180.552), (322.328, -226.889), (301.281, -251.349)))
(((313.833, -320.63), (267.532, -310.34), (258.176, -297.156), (275.131, -252.395), (301.281, -251.349), (329.137, -280.67), (313.833, -320.63)))
(((339.35, -160.348), (305.256, -180.552), (291.696, -179.356), (272.691, -128.675), (284.083, -117.525), (324.867, -120.546), (340.123, -145.672), (339.35, -160.348)))
(((266.63, -800), (284.692, -702.462), (305.123, -689.571), (306.269, -689.484), (334.877, -740.978), (329.958, -800), (266.63, -800)))
(((350.846, -53), (324.867, -120.546), (284.083, -117.525), (275.05, -53), (350.846, -53)))
(((316.458, -513.614), (313.62, -510.595), (279.629, -431.799), (317.508, -408.929), (359.662, -422.567), (322.441, -512.519), (316.458, -513.614)))
(((400, -219.275), (322.328, -226.889), (305.256, -180.552), (339.35, -160.348), (400, -213.72), (400, -219.275)))
(((400, -389.041), (400, -406.783), (359.662, -422.567), (317.508, -408.929), (306.489, -369.259), (326.084, -340.707), (347.697, -343.142), (400, -389.041)))
(((400, -268.462), (391.895, -272.826), (329.137, -280.67), (301.281, -251.349), (322.328, -226.889), (400, -219.275), (400, -268.462)))
(((400, -592.189), (322.603, -608.252), (275.236, -568.78), (316.458, -513.614), (322.441, -512.519), (400, -537.164), (400, -592.189)))
(((347.697, -343.142), (326.084, -340.707), (313.833, -320.63), (329.137, -280.67), (391.895, -272.826), (347.697, -343.142)))
(((400, -670.921), (323.829, -676.912), (322.603, -608.252), (400, -592.189), (400, -670.921)))
(((400, -729.814), (334.877, -740.978), (306.269, -689.484), (323.829, -676.912), (400, -670.921), (400, -729.814)))
(((350.846, -53), (400, -53), (400, -114.158), (340.123, -145.672), (324.867, -120.546), (350.846, -53)))
(((400, -729.814), (400, -800), (329.958, -800), (334.877, -740.978), (400, -729.814)))
(((400, -537.164), (322.441, -512.519), (359.662, -422.567), (400, -406.783), (400, -537.164)))
(((400, -213.72), (339.35, -160.348), (340.123, -145.672), (400, -114.158), (400, -213.72)))
(((400, -389.041), (347.697, -343.142), (391.895, -272.826), (400, -268.462), (400, -389.041)))
