(((-225, -364.654), (-179.468, -368.857), (-164.24, -389.795), (-176.789, -418.789), (-225, -432.434), (-225, -364.654)))
(((-225, -517), (-164.31, -577.69), (-194.789, -622.456), (-225, -633.63), (-225, -517)))
(((-225, -298.182), (-192.882, -306.941), (-174.246, -350.426), (-179.468, -368.857), (-225, -364.654), (-225, -298.182)))
(((-225, -432.434), (-176.789, -418.789), (-162.057, -450.709), (-199.142, -505.011), (-225, -515.414), (-225, -432.434)))
(((-225, -95.8298), (-225, -53), (-133.036, -53), (-155.524, -91.3952), (-225, -95.8298)))
(((-225, -230.294), (-155.092, -275.529), (-154.333, -287.667), (-192.882, -306.941), (-225, -298.182), (-225, -230.294)))
(((-225, -95.8298), (-155.524, -91.3952), (-153.534, -113.617), (-160.778, -129.614), (-225, -149.895), (-225, -95.8298)))
(((-225, -633.63), (-194.789, -622.456), (-148.158, -645.204), (-143.536, -664.352), (-151.421, -675.841), (-225, -688.922), (-225, -633.63)))
(((-225, -149.895), (-160.778, -129.614), (-144.521, -177.224), (-164.291, -199.366), (-225, -206.111), (-225, -149.895)))
(((-225, -778.144), (-225, -688.922), (-151.421, -675.841), (-142.111, -715.875), (-206.051, -791.912), (-225, -778.144)))
(((-138.594, -322.574), (-174.246, -350.426), (-192.882, -306.941), (-154.333, -287.667), (-137.048, -304.952), (-138.594, -322.574)))
(((-225, -206.111), (-164.291, -199.366), (-129.373, -239.522), (-155.092, -275.529), (-225, -230.294), (-225, -206.111)))
(((-225, -517), (-225, -515.414), (-199.142, -505.011), (-153.042, -509.699), (-133.012, -539.308), (-153.528, -577.41), (-164.31, -577.69), (-225, -517)))
(((-117.093, -601.483), (-148.158, -645.204), (-194.789, -622.456), (-164.31, -577.69), (-153.528, -577.41), (-117.093, -601.483)))
(((-119.027, -483.243), (-153.042, -509.699), (-199.142, -505.011), (-162.057, -450.709), (-136.258, -456.167), (-119.027, -483.243)))
(((-142.514, -389.513), (-164.24, -389.795), (-179.468, -368.857), (-174.246, -350.426), (-138.594, -322.574), (-109.365, -357.215), (-142.514, -389.513)))
(((-110.472, -420.711), (-136.258, -456.167), (-162.057, -450.709), (-176.789, -418.789), (-164.24, -389.795), (-142.514, -389.513), (-110.472, -420.711)))
(((-113.935, -158.426), (-126.736, -173.055), (-144.521, -177.224), (-160.778, -129.614), (-153.534, -113.617), (-111.588, -133.192), (-113.935, -158.426)))
(((-90.963, -673.654), (-99.5107, -714.968), (-142.111, -715.875), (-151.421, -675.841), (-143.536, -664.352), (-94.766, -671.319), (-90.963, -673.654)))
(((-88.1739, -800), (-201.844, -800), (-204.902, -797.779), (-206.597, -792.561), (-142.111, -715.875), (-99.5107, -714.968), (-78.2967, -749.517), (-88.1739, -800)))
(((-99.5, -535.5), (-133.012, -539.308), (-153.042, -509.699), (-119.027, -483.243), (-106.092, -486.477), (-94.2595, -504.057), (-99.5, -535.5)))
(((-97.0945, -294.352), (-137.048, -304.952), (-154.333, -287.667), (-155.092, -275.529), (-129.373, -239.522), (-118.996, -240.115), (-86.7048, -279.469), (-97.0945, -294.352)))
(((-133.036, -53), (-128.333, -53), (-88.1812, -113.228), (-111.588, -133.192), (-153.534, -113.617), (-155.524, -91.3952), (-133.036, -53)))
(((-91.0523, -592.3), (-114.727, -601.455), (-117.093, -601.483), (-153.528, -577.41), (-133.012, -539.308), (-99.5, -535.5), (-83.3864, -558.059), (-91.0523, -592.3)))
(((-93.1722, -216.33), (-118.996, -240.115), (-129.373, -239.522), (-164.291, -199.366), (-144.521, -177.224), (-126.736, -173.055), (-90.8822, -203.964), (-93.1722, -216.33)))
(((-114.727, -601.455), (-94.766, -671.319), (-143.536, -664.352), (-148.158, -645.204), (-117.093, -601.483), (-114.727, -601.455)))
(((-86.4542, -329.819), (-105.455, -356.86), (-109.365, -357.215), (-138.594, -322.574), (-137.048, -304.952), (-97.0945, -294.352), (-86.4542, -329.819)))
(((-71.5646, -443.615), (-106.092, -486.477), (-119.027, -483.243), (-136.258, -456.167), (-110.472, -420.711), (-93.8944, -421.781), (-71.5646, -443.615)))
(((-93.8944, -421.781), (-110.472, -420.711), (-142.514, -389.513), (-109.365, -357.215), (-105.455, -356.86), (-76.0035, -379.685), (-93.8944, -421.781)))
(((-71.9516, -189.887), (-90.8822, -203.964), (-126.736, -173.055), (-113.935, -158.426), (-75.4184, -162.153), (-71.9516, -189.887)))
(((-58.8685, -138.601), (-75.4184, -162.153), (-113.935, -158.426), (-111.588, -133.192), (-88.1812, -113.228), (-63.2765, -118.45), (-58.8685, -138.601)))
(((-54.0803, -661.36), (-90.963, -673.654), (-94.766, -671.319), (-114.727, -601.455), (-91.0523, -592.3), (-77.05, -601.168), (-53.0208, -659.344), (-54.0803, -661.36)))
(((-55.8489, -273.208), (-86.7048, -279.469), (-118.996, -240.115), (-93.1722, -216.33), (-60.1585, -238.732), (-55.8489, -273.208)))
(((-55.4917, -53), (-36.4193, -89.9143), (-63.2765, -118.45), (-88.1812, -113.228), (-128.333, -53), (-55.4917, -53)))
(((-51.8283, -375.868), (-76.0035, -379.685), (-105.455, -356.86), (-86.4542, -329.819), (-58.2729, -332.044), (-51.8283, -375.868)))
(((-52.5424, -502.161), (-94.2595, -504.057), (-106.092, -486.477), (-71.5646, -443.615), (-68.8473, -443.908), (-40.3494, -489.03), (-52.5424, -502.161)))
(((-47.1842, -545.026), (-83.3864, -558.059), (-99.5, -535.5), (-94.2595, -504.057), (-52.5424, -502.161), (-47.1842, -545.026)))
(((-33.7045, -308.965), (-58.2729, -332.044), (-86.4542, -329.819), (-97.0945, -294.352), (-86.7048, -279.469), (-55.8489, -273.208), (-53.892, -274.096), (-33.7045, -308.965)))
(((-26.5855, -715.368), (-78.2967, -749.517), (-99.5107, -714.968), (-90.963, -673.654), (-54.0803, -661.36), (-26.5855, -715.368)))
(((-36.4046, -207.42), (-60.1585, -238.732), (-93.1722, -216.33), (-90.8822, -203.964), (-71.9516, -189.887), (-42.4102, -197.272), (-36.4046, -207.42)))
(((-47.7699, -377.504), (-43.6134, -428.768), (-68.8473, -443.908), (-71.5646, -443.615), (-93.8944, -421.781), (-76.0035, -379.685), (-51.8283, -375.868), (-47.7699, -377.504)))
(((-129.515, 358.128), (-137.902, 364.221), (-157, 423), (-137.902, 481.779), (-131.207, 486.643), (-15.6973, 455.27), (-5.10525, 437.812), (-42.0636, 376.539), (-129.515, 358.128)))
(((-42.4102, -197.272), (-71.9516, -189.887), (-75.4184, -162.153), (-58.8685, -138.601), (-27.5857, -159.717), (-42.4102, -197.272)))
(((-21.1351, -559.423), (-31.6295, -592.306), (-77.05, -601.168), (-91.0523, -592.3), (-83.3864, -558.059), (-47.1842, -545.026), (-24.5417, -554.083), (-21.1351, -559.423)))
(((-13.566, -638.302), (-53.0208, -659.344), (-77.05, -601.168), (-31.6295, -592.306), (-10.7254, -623.662), (-13.566, -638.302)))
(((-8.98006, -338.225), (-38.9717, -375.715), (-47.7699, -377.504), (-51.8283, -375.868), (-58.2729, -332.044), (-33.7045, -308.965), (-25.4292, -312.225), (-8.98006, -338.225)))
(((-69.4972, 234.054), (-117.902, 269.221), (-137, 328), (-127.041, 358.649), (-42.0636, 376.539), (10.9119, 336.575), (-69.4972, 234.054)))
(((-11.9617, -251.134), (-53.892, -274.096), (-55.8489, -273.208), (-60.1585, -238.732), (-36.4046, -207.42), (-19.1727, -214.177), (-11.9617, -251.134)))
(((-129.182, 486.093), (-135, 504), (-115.902, 562.779), (-65.9017, 599.106), (-4.0983, 599.106), (31.7659, 573.049), (-15.6973, 455.27), (-129.182, 486.093)))
(((-18, -487.611), (-40.3494, -489.03), (-68.8473, -443.908), (-43.6134, -428.768), (-18, -432.151), (-18, -487.611)))
(((-88.1739, -800), (-78.2967, -749.517), (-26.5855, -715.368), (8.93201, -724.138), (13.8034, -729.421), (25.3265, -800), (-88.1739, -800)))
(((2.48855, -500.023), (-24.5417, -554.083), (-47.1842, -545.026), (-52.5424, -502.161), (-40.3494, -489.03), (-18, -487.611), (0.632797, -495.892), (2.48855, -500.023)))
(((-6.7833, -426.86), (-18, -432.151), (-43.6134, -428.768), (-47.7699, -377.504), (-38.9717, -375.715), (-7.96625, -391.66), (1.8557, -414.032), (-6.7833, -426.86)))
(((-5.5, -106.5), (-2.35837, -154.672), (-27.5857, -159.717), (-58.8685, -138.601), (-63.2765, -118.45), (-36.4193, -89.9143), (-20.9924, -91.6718), (-11.2857, -98.1429), (-5.5, -106.5)))
(((-55.4917, -53), (-30, -53), (-30, -22.19), (14.5017, -33.7604), (-20.9924, -91.6718), (-36.4193, -89.9143), (-55.4917, -53)))
(((13.7117, -198.118), (-19.1727, -214.177), (-36.4046, -207.42), (-42.4102, -197.272), (-27.5857, -159.717), (-2.35837, -154.672), (4.29622, -158.687), (15.4068, -177.437), (13.7117, -198.118)))
(((13.3084, -286.769), (-25.4292, -312.225), (-33.7045, -308.965), (-53.892, -274.096), (-11.9617, -251.134), (3.52107, -256.708), (13.3084, -286.769)))
(((8.93201, -724.138), (-26.5855, -715.368), (-54.0803, -661.36), (-53.0208, -659.344), (-13.566, -638.302), (19.6512, -663.038), (8.93201, -724.138)))
(((15.9944, -359.243), (-7.96625, -391.66), (-38.9717, -375.715), (-8.98006, -338.225), (2.29648, -342.121), (15.9944, -359.243)))
(((25.6418, -597.552), (-10.7254, -623.662), (-31.6295, -592.306), (-21.1351, -559.423), (27.4388, -569.699), (25.6418, -597.552)))
(((-30, 45.3735), (-0.671632, 40.0732), (31.8676, -23.4559), (31.33, -29.3704), (14.5017, -33.7604), (-30, -22.19), (-30, 45.3735)))
(((0.632797, -495.892), (-18, -487.611), (-18, -432.151), (-6.7833, -426.86), (24.8678, -464.841), (0.632797, -495.892)))
(((42.1625, -229.873), (3.52107, -256.708), (-11.9617, -251.134), (-19.1727, -214.177), (13.7117, -198.118), (41.9064, -227.796), (42.1625, -229.873)))
(((50.3521, -548.831), (27.4388, -569.699), (-21.1351, -559.423), (-24.5417, -554.083), (2.48855, -500.023), (49.0158, -531.358), (51.443, -539.013), (50.3521, -548.831)))
(((63.1881, 382.333), (31.5586, 338.278), (10.9119, 336.575), (-42.0636, 376.539), (-5.10525, 437.812), (44.459, 423.805), (63.1881, 382.333)))
(((39.236, -297.923), (39.4107, -308.234), (2.29648, -342.121), (-8.98006, -338.225), (-25.4292, -312.225), (13.3084, -286.769), (38.7381, -297.148), (39.236, -297.923)))
(((-30, 45.3735), (-30, 53), (-72.2, 53), (-81.4451, 54.6708), (-90, 81), (-74.4271, 128.929), (13.3526, 124.939), (56.1756, 84.6849), (54.2795, 63.1172), (-0.671632, 40.0732), (-30, 45.3735)))
(((41.3989, -38.9522), (39.4854, -72.7573), (-11.2857, -98.1429), (-20.9924, -91.6718), (14.5017, -33.7604), (31.33, -29.3704), (41.3989, -38.9522)))
(((41.8279, -407.762), (1.8557, -414.032), (-7.96625, -391.66), (15.9944, -359.243), (38.7016, -367.121), (41.8279, -407.762)))
(((-72.9583, 128.862), (-86, 169), (-66.9017, 227.779), (-65.9087, 228.5), (4.02, 228.5), (59.0193, 176.614), (13.3526, 124.939), (-72.9583, 128.862)))
(((-65.9087, 228.5), (-66.9017, 229.221), (-68.7721, 234.978), (10.9119, 336.575), (31.5586, 338.278), (67.6313, 276.69), (4.02, 228.5), (-65.9087, 228.5)))
(((58.6, -119.004), (4.29622, -158.687), (-2.35837, -154.672), (-5.5, -106.5), (58.2775, -118.096), (58.6, -119.004)))
(((54.5651, -427.211), (39.9557, -459.909), (24.8678, -464.841), (-6.7833, -426.86), (1.8557, -414.032), (41.8279, -407.762), (50.7857, -414.929), (54.5651, -427.211)))
(((44.4553, -653.465), (19.6512, -663.038), (-13.566, -638.302), (-10.7254, -623.662), (25.6418, -597.552), (45.2922, -616.641), (44.4553, -653.465)))
(((58.2775, -118.096), (-5.5, -106.5), (-11.2857, -98.1429), (39.4854, -72.7573), (58.9126, -110.686), (58.2775, -118.096)))
(((57.2286, -245.944), (38.7381, -297.148), (13.3084, -286.769), (3.52107, -256.708), (42.1625, -229.873), (57.2286, -245.944)))
(((38.7016, -367.121), (15.9944, -359.243), (2.29648, -342.121), (39.4107, -308.234), (64.1176, -347.353), (38.7016, -367.121)))
(((31.3859, 572.106), (41.2992, 572.106), (88.4075, 482.696), (44.459, 423.805), (-5.10525, 437.812), (-15.6973, 455.27), (31.3859, 572.106)))
(((77.4809, 35.1897), (31.8676, -23.4559), (-0.671632, 40.0732), (54.2795, 63.1172), (77.4809, 35.1897)))
(((66.0824, -127.051), (57.1911, -169.531), (15.4068, -177.437), (4.29622, -158.687), (58.6, -119.004), (66.0824, -127.051)))
(((49.0158, -531.358), (2.48855, -500.023), (0.632797, -495.892), (24.8678, -464.841), (39.9557, -459.909), (69.2474, -488.256), (49.0158, -531.358)))
(((90.6689, -700.072), (13.8034, -729.421), (8.93201, -724.138), (19.6512, -663.038), (44.4553, -653.465), (69.4502, -663.284), (93.7497, -695.481), (90.6689, -700.072)))
(((74.0549, -191.213), (41.9064, -227.796), (13.7117, -198.118), (15.4068, -177.437), (57.1911, -169.531), (74.0549, -191.213)))
(((98.3313, -601.908), (45.2922, -616.641), (25.6418, -597.552), (27.4388, -569.699), (50.3521, -548.831), (95.327, -586.962), (98.5821, -601.514), (98.3313, -601.908)))
(((108.691, 124.524), (56.1756, 84.6849), (13.3526, 124.939), (59.0193, 176.614), (86.9585, 174.465), (112.262, 142.735), (108.691, 124.524)))
(((86.9585, 174.465), (59.0193, 176.614), (4.02, 228.5), (67.6313, 276.69), (122.709, 266.395), (86.9585, 174.465)))
(((50.5, -800), (25.3265, -800), (13.8034, -729.421), (90.6689, -700.072), (94.3078, -750.108), (50.5, -800)))
(((93.5755, -389.255), (50.7857, -414.929), (41.8279, -407.762), (38.7016, -367.121), (64.1176, -347.353), (67.7594, -347.511), (94.4435, -379.532), (93.5755, -389.255)))
(((91.4729, -293.445), (39.236, -297.923), (38.7381, -297.148), (57.2286, -245.944), (78.1053, -250.263), (93.747, -289.367), (91.4729, -293.445)))
(((95.3034, -71.6), (58.9126, -110.686), (39.4854, -72.7573), (41.3989, -38.9522), (74.2371, -41.9834), (96.4545, -54.9099), (95.3034, -71.6)))
(((97.5986, -608.746), (69.4502, -663.284), (44.4553, -653.465), (45.2922, -616.641), (98.3313, -601.908), (97.5986, -608.746)))
(((93.0859, -479.868), (69.2474, -488.256), (39.9557, -459.909), (54.5651, -427.211), (109.652, -451.396), (93.0859, -479.868)))
(((95.2454, -324.254), (67.7594, -347.511), (64.1176, -347.353), (39.4107, -308.234), (39.236, -297.923), (91.4729, -293.445), (95.2454, -324.254)))
(((94.964, 11.9065), (74.2371, -41.9834), (41.3989, -38.9522), (31.33, -29.3704), (31.8676, -23.4559), (77.4809, 35.1897), (86.8245, 31.8852), (94.964, 11.9065)))
(((100.373, -235.418), (78.1053, -250.263), (57.2286, -245.944), (42.1625, -229.873), (41.9064, -227.796), (74.0549, -191.213), (102.231, -192.696), (100.373, -235.418)))
(((102.231, -192.696), (74.0549, -191.213), (57.1911, -169.531), (66.0824, -127.051), (101.326, -135.009), (113.045, -184.815), (102.231, -192.696)))
(((183.475, 327.386), (125.162, 267.34), (122.709, 266.395), (67.6313, 276.69), (31.5586, 338.278), (63.1881, 382.333), (172.087, 365.665), (184, 329), (183.475, 327.386)))
(((115.075, -448.647), (109.652, -451.396), (54.5651, -427.211), (50.7857, -414.929), (93.5755, -389.255), (119.924, -419.995), (115.075, -448.647)))
(((119.929, -523.793), (51.443, -539.013), (49.0158, -531.358), (69.2474, -488.256), (93.0859, -479.868), (119.929, -523.793)))
(((123.704, -118.449), (101.326, -135.009), (66.0824, -127.051), (58.6, -119.004), (58.2775, -118.096), (58.9126, -110.686), (95.3034, -71.6), (125.535, -109.718), (123.704, -118.449)))
(((126.163, -547.62), (95.327, -586.962), (50.3521, -548.831), (51.443, -539.013), (119.929, -523.793), (121.378, -524.493), (126.163, -547.62)))
(((93.7497, -695.481), (69.4502, -663.284), (97.5986, -608.746), (128.753, -686.634), (93.7497, -695.481)))
(((118.729, -45.094), (96.4545, -54.9099), (74.2371, -41.9834), (94.964, 11.9065), (131.643, -20.1879), (118.729, -45.094)))
(((175.636, 365.122), (63.1881, 382.333), (44.459, 423.805), (88.4075, 482.696), (189.533, 456.138), (199, 427), (179.902, 368.221), (175.636, 365.122)))
(((143.5, 55.5), (86.8245, 31.8852), (77.4809, 35.1897), (54.2795, 63.1172), (56.1756, 84.6849), (108.691, 124.524), (145.169, 68.8481), (143.5, 55.5)))
(((135.632, -355.996), (94.4435, -379.532), (67.7594, -347.511), (95.2454, -324.254), (132.45, -337.482), (135.632, -355.996)))
(((128, -280.233), (93.747, -289.367), (78.1053, -250.263), (100.373, -235.418), (128, -247.85), (128, -280.233)))
(((50.5, -800), (94.3078, -750.108), (162.829, -774.09), (168.347, -800), (50.5, -800)))
(((154.378, -300.604), (149.878, -312.878), (132.45, -337.482), (95.2454, -324.254), (91.4729, -293.445), (93.747, -289.367), (128, -280.233), (153.096, -298.079), (154.378, -300.604)))
(((162.829, -774.09), (94.3078, -750.108), (90.6689, -700.072), (93.7497, -695.481), (128.753, -686.634), (136.878, -686.795), (142.95, -688.798), (163.435, -770.741), (162.829, -774.09)))
(((166.733, -385.744), (119.924, -419.995), (93.5755, -389.255), (94.4435, -379.532), (135.632, -355.996), (166.733, -385.744)))
(((128.753, -686.634), (97.5986, -608.746), (98.3313, -601.908), (98.5821, -601.514), (139.405, -608.433), (136.878, -686.795), (128.753, -686.634)))
(((170.121, -492.704), (121.378, -524.493), (119.929, -523.793), (93.0859, -479.868), (109.652, -451.396), (115.075, -448.647), (154.647, -466.518), (170.121, -492.704)))
(((158.283, -228.166), (128, -247.85), (100.373, -235.418), (102.231, -192.696), (113.045, -184.815), (117.97, -185.37), (158.987, -222.767), (158.283, -228.166)))
(((152.595, -84.9127), (125.535, -109.718), (95.3034, -71.6), (96.4545, -54.9099), (118.729, -45.094), (153.468, -76.4715), (152.595, -84.9127)))
(((190.351, 455.923), (88.4075, 482.696), (40.4836, 573.654), (44.0983, 584.779), (94.0983, 621.106), (155.902, 621.106), (205.902, 584.779), (225, 526), (205.902, 467.221), (190.351, 455.923)))
(((169.5, -3.78333), (131.643, -20.1879), (94.964, 11.9065), (86.8245, 31.8852), (143.5, 55.5), (180.73, 7.6334), (169.5, -3.78333)))
(((171.316, -152.209), (117.97, -185.37), (113.045, -184.815), (101.326, -135.009), (123.704, -118.449), (171.889, -151.006), (171.316, -152.209)))
(((154.782, -603.051), (139.405, -608.433), (98.5821, -601.514), (95.327, -586.962), (126.163, -547.62), (166.75, -568.408), (154.782, -603.051)))
(((125.162, 267.34), (192.158, 164.875), (112.262, 142.735), (86.9585, 174.465), (122.709, 266.395), (125.162, 267.34)))
(((173.539, -249.329), (153.096, -298.079), (128, -280.233), (128, -247.85), (158.283, -228.166), (173.539, -249.329)))
(((188.013, -411.392), (154.647, -466.518), (115.075, -448.647), (119.924, -419.995), (166.733, -385.744), (179.059, -387.728), (188.013, -411.392)))
(((169.5, -63.473), (153.468, -76.4715), (118.729, -45.094), (131.643, -20.1879), (169.5, -3.78333), (169.5, -63.473)))
(((199.361, -667.98), (142.95, -688.798), (136.878, -686.795), (139.405, -608.433), (154.782, -603.051), (211.196, -649.833), (199.361, -667.98)))
(((192.396, -502.138), (172.173, -565.336), (166.75, -568.408), (126.163, -547.62), (121.378, -524.493), (170.121, -492.704), (192.396, -502.138)))
(((178.883, -205.184), (158.987, -222.767), (117.97, -185.37), (171.316, -152.209), (178.883, -205.184)))
(((176.241, -148.447), (171.889, -151.006), (123.704, -118.449), (125.535, -109.718), (152.595, -84.9127), (189.476, -115.647), (176.241, -148.447)))
(((251.536, 133.971), (145.169, 68.8481), (108.691, 124.524), (112.262, 142.735), (192.158, 164.875), (245.816, 151.575), (251.536, 133.971)))
(((179.059, -387.728), (166.733, -385.744), (135.632, -355.996), (132.45, -337.482), (149.878, -312.878), (201.702, -364.702), (179.059, -387.728)))
(((201.702, -364.702), (149.878, -312.878), (154.378, -300.604), (197.109, -302.978), (217.99, -353.69), (201.702, -364.702)))
(((212.769, -280.199), (197.109, -302.978), (154.378, -300.604), (153.096, -298.079), (173.539, -249.329), (204.755, -257.842), (212.769, -280.199)))
(((207.098, -105.007), (189.476, -115.647), (152.595, -84.9127), (153.468, -76.4715), (169.5, -63.473), (207.811, -68.6501), (207.098, -105.007)))
(((219.676, -719.613), (163.435, -770.741), (142.95, -688.798), (199.361, -667.98), (219.676, -719.613)))
(((210, 7.09633), (210, -53), (220.739, -53), (207.811, -68.6501), (169.5, -63.473), (169.5, -3.78333), (180.73, 7.6334), (210, 7.09633)))
(((224.759, -642.044), (211.196, -649.833), (154.782, -603.051), (166.75, -568.408), (172.173, -565.336), (207.372, -578.135), (233.856, -627.792), (224.759, -642.044)))
(((244.92, 151.798), (192.158, 164.875), (125.162, 267.34), (179.319, 323.106), (218.902, 323.106), (268.902, 286.779), (288, 228), (268.902, 169.221), (244.92, 151.798)))
(((286.076, 53), (210, 53), (210, 7.09633), (180.73, 7.6334), (143.5, 55.5), (145.169, 68.8481), (251.649, 134.04), (269.902, 120.779), (289, 62), (286.076, 53)))
(((217.249, -498.693), (192.396, -502.138), (170.121, -492.704), (154.647, -466.518), (188.013, -411.392), (211.89, -428.246), (219.035, -496.834), (217.249, -498.693)))
(((204.755, -257.842), (173.539, -249.329), (158.283, -228.166), (158.987, -222.767), (178.883, -205.184), (199.533, -206.87), (217.731, -236.561), (204.755, -257.842)))
(((235.085, -174.873), (199.533, -206.87), (178.883, -205.184), (171.316, -152.209), (171.889, -151.006), (176.241, -148.447), (232.249, -169.605), (235.085, -174.873)))
(((235.02, -538.045), (207.372, -578.135), (172.173, -565.336), (192.396, -502.138), (217.249, -498.693), (235.02, -538.045)))
(((232.249, -169.605), (176.241, -148.447), (189.476, -115.647), (207.098, -105.007), (242.976, -118.116), (232.249, -169.605)))
(((168.347, -800), (162.829, -774.09), (163.435, -770.741), (219.676, -719.613), (235.969, -728.474), (270.407, -800), (168.347, -800)))
(((252.53, -228.652), (217.731, -236.561), (199.533, -206.87), (235.085, -174.873), (235.34, -175.022), (257.055, -221.412), (252.53, -228.652)))
(((264.462, -414.532), (211.89, -428.246), (188.013, -411.392), (179.059, -387.728), (201.702, -364.702), (217.99, -353.69), (249.965, -354.733), (264.462, -414.532)))
(((249.965, -354.733), (217.99, -353.69), (197.109, -302.978), (212.769, -280.199), (255.288, -284.287), (258.734, -347.464), (249.965, -354.733)))
(((273.236, -604.821), (233.856, -627.792), (207.372, -578.135), (235.02, -538.045), (280.357, -569.214), (273.236, -604.821)))
(((220.739, -53), (263.542, -53), (262.799, -97.531), (254.901, -112.538), (242.976, -118.116), (207.098, -105.007), (207.811, -68.6501), (220.739, -53)))
(((255.288, -284.287), (212.769, -280.199), (204.755, -257.842), (217.731, -236.561), (252.53, -228.652), (262.062, -277.375), (255.288, -284.287)))
(((278.394, -426.666), (254.353, -484.155), (219.035, -496.834), (211.89, -428.246), (264.462, -414.532), (278.394, -426.666)))
(((283.246, -693.398), (235.969, -728.474), (219.676, -719.613), (199.361, -667.98), (211.196, -649.833), (224.759, -642.044), (283.246, -693.398)))
(((287.387, -164.128), (235.34, -175.022), (235.085, -174.873), (232.249, -169.605), (242.976, -118.116), (254.901, -112.538), (293.199, -146.049), (287.387, -164.128)))
(((297.856, -554.102), (280.357, -569.214), (235.02, -538.045), (217.249, -498.693), (219.035, -496.834), (254.353, -484.155), (276.233, -494.896), (300.517, -541.151), (297.856, -554.102)))
(((272.877, -800), (270.407, -800), (235.969, -728.474), (283.246, -693.398), (298.887, -696.223), (312.497, -713.685), (272.877, -800)))
(((292.751, -174.211), (284.413, -217.093), (257.055, -221.412), (235.34, -175.022), (287.387, -164.128), (292.751, -174.211)))
(((291.553, -275.341), (262.062, -277.375), (252.53, -228.652), (257.055, -221.412), (284.413, -217.093), (291.354, -220.841), (303.763, -250.311), (291.553, -275.341)))
(((298.887, -696.223), (283.246, -693.398), (224.759, -642.044), (233.856, -627.792), (273.236, -604.821), (283.793, -611.379), (305.598, -676.795), (298.887, -696.223)))
(((294.268, -343.865), (258.734, -347.464), (255.288, -284.287), (262.062, -277.375), (291.553, -275.341), (312.764, -295.994), (294.268, -343.865)))
(((306.752, -138.459), (293.199, -146.049), (254.901, -112.538), (262.799, -97.531), (308.762, -102.286), (306.752, -138.459)))
(((334.852, -367.43), (288.517, -426.547), (278.394, -426.666), (264.462, -414.532), (249.965, -354.733), (258.734, -347.464), (294.268, -343.865), (334.852, -367.43)))
(((318.666, -478.672), (276.233, -494.896), (254.353, -484.155), (278.394, -426.666), (288.517, -426.547), (319.895, -446.718), (318.666, -478.672)))
(((347.06, -53), (340.223, -68.7946), (308.762, -102.286), (262.799, -97.531), (263.542, -53), (347.06, -53)))
(((326.997, -516.878), (300.517, -541.151), (276.233, -494.896), (318.666, -478.672), (332.191, -495.155), (326.997, -516.878)))
(((328.094, -208.955), (291.354, -220.841), (284.413, -217.093), (292.751, -174.211), (335.252, -188.821), (328.094, -208.955)))
(((342.643, -644.859), (305.598, -676.795), (283.793, -611.379), (338.866, -622.197), (342.643, -644.859)))
(((339.329, -247.348), (303.763, -250.311), (291.354, -220.841), (328.094, -208.955), (344.108, -239.204), (339.329, -247.348)))
(((346.242, -146.083), (339.788, -185.608), (335.252, -188.821), (292.751, -174.211), (287.387, -164.128), (293.199, -146.049), (306.752, -138.459), (344.693, -144.782), (346.242, -146.083)))
(((348.557, -291.438), (312.764, -295.994), (291.553, -275.341), (303.763, -250.311), (339.329, -247.348), (348.557, -291.438)))
(((338.866, -622.197), (283.793, -611.379), (273.236, -604.821), (280.357, -569.214), (297.856, -554.102), (378.918, -579.533), (338.866, -622.197)))
(((344.693, -144.782), (306.752, -138.459), (308.762, -102.286), (340.223, -68.7946), (344.693, -144.782)))
(((386.571, -312.821), (336.948, -367.407), (334.852, -367.43), (294.268, -343.865), (312.764, -295.994), (348.557, -291.438), (386.571, -312.821)))
(((383.784, -429.094), (319.895, -446.718), (288.517, -426.547), (334.852, -367.43), (336.948, -367.407), (383.784, -429.094)))
(((400, -721.247), (400, -800), (272.877, -800), (312.497, -713.685), (400, -721.247)))
(((400, -721.247), (312.497, -713.685), (298.887, -696.223), (305.598, -676.795), (342.643, -644.859), (400, -696.333), (400, -721.247)))
(((400, -554.84), (400, -572.361), (378.918, -579.533), (297.856, -554.102), (300.517, -541.151), (326.997, -516.878), (400, -554.84)))
(((400, -484.116), (332.191, -495.155), (318.666, -478.672), (319.895, -446.718), (383.784, -429.094), (400, -435.318), (400, -484.116)))
(((400, -554.84), (326.997, -516.878), (332.191, -495.155), (400, -484.116), (400, -554.84)))
(((400, -208.188), (400, -224.3), (344.108, -239.204), (328.094, -208.955), (335.252, -188.821), (339.788, -185.608), (400, -208.188)))
(((347.06, -53), (400, -53), (400, -139.595), (346.242, -146.083), (344.693, -144.782), (340.223, -68.7946), (347.06, -53)))
(((400, -310.583), (386.571, -312.821), (348.557, -291.438), (339.329, -247.348), (344.108, -239.204), (400, -224.3), (400, -310.583)))
(((400, -208.188), (339.788, -185.608), (346.242, -146.083), (400, -139.595), (400, -208.188)))
(((400, -696.333), (342.643, -644.859), (338.866, -622.197), (378.918, -579.533), (400, -572.361), (400, -696.333)))
(((400, -435.318), (383.784, -429.094), (336.948, -367.407), (386.571, -312.821), (400, -310.583), (400, -435.318)))
