(((-225, 432.598), (-225, 615.402), (-219.902, 619.106), (-158.098, 619.106), (-119.867, 591.329), (-135.742, 509.682), (-205.758, 428.894), (-219.902, 428.894), (-225, 432.598)))
(((-225, -64.524), (-224.902, -64.2215), (-209.457, -53), (-175.012, -53), (-110.808, -112.827), (-118.36, -139.261), (-225, -142.397), (-225, -64.524)))
(((-225, -212.398), (-225, -142.397), (-118.36, -139.261), (-109.728, -165.636), (-210.422, -225.572), (-223.902, -215.779), (-225, -212.398)))
(((-198.993, -367.498), (-218, -309), (-200.129, -254), (-145.724, -254), (-100.822, -270.483), (-71.1696, -293.293), (-69.8458, -304.846), (-110.333, -345.333), (-198.993, -367.498)))
(((-200.129, -254), (-209.537, -225.046), (-109.728, -165.636), (-91.7822, -174.609), (-83.8152, -196.085), (-145.724, -254), (-200.129, -254)))
(((-147.806, 366.004), (-194.902, 400.221), (-204.638, 430.187), (-135.742, 509.682), (-52.1003, 446.95), (-72.8093, 410.446), (-147.806, 366.004)))
(((-65.0217, -53), (-70.7985, -102.825), (-110.808, -112.827), (-175.012, -53), (-65.0217, -53)))
(((-152.525, -460.395), (-180.902, -439.779), (-200, -381), (-195.314, -366.579), (-110.333, -345.333), (-57.9185, -394.004), (-152.525, -460.395)))
(((-60.6579, -210.237), (-100.822, -270.483), (-145.724, -254), (-83.8152, -196.085), (-60.6579, -210.237)))
(((-60.7773, -113.231), (-59.0374, -146.289), (-91.7822, -174.609), (-109.728, -165.636), (-118.36, -139.261), (-110.808, -112.827), (-70.7985, -102.825), (-60.7773, -113.231)))
(((-119.642, 592.482), (-119.384, 592.669), (-4.38584, 479.841), (-52.1003, 446.95), (-135.742, 509.682), (-119.642, 592.482)))
(((-57.9185, -394.004), (-110.333, -345.333), (-69.8458, -304.846), (-47.9808, -325.518), (-45.5199, -391.962), (-57.9185, -394.004)))
(((-71.1696, -293.293), (-100.822, -270.483), (-60.6579, -210.237), (-52.4186, -211.691), (-42.6364, -268.987), (-71.1696, -293.293)))
(((-152.687, -460.508), (-57.9185, -394.004), (-45.5199, -391.962), (-14.5132, -406.218), (-47.1415, -533.106), (-90.9017, -533.106), (-140.902, -496.779), (-152.687, -460.508)))
(((-32.4828, -202.213), (-52.4186, -211.691), (-60.6579, -210.237), (-83.8152, -196.085), (-91.7822, -174.609), (-59.0374, -146.289), (-30.2084, -164.307), (-32.4828, -202.213)))
(((-102.159, 271.339), (-130.902, 292.221), (-150, 351), (-144.486, 367.971), (-72.8093, 410.446), (-0.543637, 351.454), (-13.8816, 297.522), (-102.159, 271.339)))
(((-65.0217, -53), (-32.1538, -53), (-12.3071, -104.602), (-15.6057, -110.466), (-60.7773, -113.231), (-70.7985, -102.825), (-65.0217, -53)))
(((1.65895, -145.78), (-30.2084, -164.307), (-59.0374, -146.289), (-60.7773, -113.231), (-15.6057, -110.466), (1.65895, -145.78)))
(((-95.833, 625), (37.6, 625), (-0.999117, 480.253), (-4.38584, 479.841), (-117.641, 590.959), (-109.902, 614.779), (-95.833, 625)))
(((-3.29711, -265.762), (-42.6364, -268.987), (-52.4186, -211.691), (-32.4828, -202.213), (-14.4388, -208.746), (3.03077, -258.659), (-3.29711, -265.762)))
(((10.5146, -323.311), (-47.9808, -325.518), (-69.8458, -304.846), (-71.1696, -293.293), (-42.6364, -268.987), (-3.29711, -265.762), (10.5146, -323.311)))
(((22.9372, -338.775), (-2.25122, -402.715), (-14.5132, -406.218), (-45.5199, -391.962), (-47.9808, -325.518), (10.5146, -323.311), (20.726, -330.852), (22.9372, -338.775)))
(((-77.2431, 160.665), (-95.9017, 174.221), (-115, 233), (-102.584, 271.212), (-13.8816, 297.522), (42.3966, 263.163), (26.3233, 210.776), (-48.259, 162.135), (-77.2431, 160.665)))
(((36.8467, 459.897), (29.5705, 373.621), (-0.543637, 351.454), (-72.8093, 410.446), (-52.1003, 446.95), (-4.38584, 479.841), (-0.999117, 480.253), (36.8467, 459.897)))
(((-32.1538, -53), (-30, -53), (-30, -31.1092), (-23.1891, -31.7355), (32.0322, -78.2376), (-12.3071, -104.602), (-32.1538, -53)))
(((-30, 50.0529), (-30, 53), (-94.3534, 53), (-108, 95), (-88.9017, 153.779), (-79.5866, 160.546), (-48.259, 162.135), (43.5095, 111.596), (7.18176, 53.6682), (6.91757, 53.5275), (-30, 50.0529)))
(((12.3333, -159.5), (18.1926, -194.655), (-14.4388, -208.746), (-32.4828, -202.213), (-30.2084, -164.307), (1.65895, -145.78), (1.94737, -145.868), (12.3333, -159.5)))
(((-30, 50.0529), (6.91757, 53.5275), (22.1982, -9.50498), (-23.1891, -31.7355), (-30, -31.1092), (-30, 50.0529)))
(((-46.9109, -532.209), (-14.5132, -406.218), (-2.25122, -402.715), (55.7858, -429.162), (39.6246, -551.106), (-20.9017, -551.106), (-46.9109, -532.209)))
(((39.4969, -249.977), (3.03077, -258.659), (-14.4388, -208.746), (18.1926, -194.655), (33.0118, -201.339), (39.4969, -249.977)))
(((51.5964, -112.769), (1.94737, -145.868), (1.65895, -145.78), (-15.6057, -110.466), (-12.3071, -104.602), (32.0322, -78.2376), (37.5586, -78.9745), (51.5964, -112.769)))
(((37.5586, -78.9745), (32.0322, -78.2376), (-23.1891, -31.7355), (22.1982, -9.50498), (29.8571, -10.7143), (50.2381, -64.4459), (37.5586, -78.9745)))
(((61.742, -292.837), (20.726, -330.852), (10.5146, -323.311), (-3.29711, -265.762), (3.03077, -258.659), (39.4969, -249.977), (46.2093, -252.895), (61.742, -292.837)))
(((44.2559, 111.744), (43.5095, 111.596), (-48.259, 162.135), (26.3233, 210.776), (81.3237, 154.466), (44.2559, 111.744)))
(((55.9791, 0.643087), (29.8571, -10.7143), (22.1982, -9.50498), (6.91757, 53.5275), (7.18176, 53.6682), (68.0437, 26.2803), (55.9791, 0.643087)))
(((53.725, -191.212), (33.0118, -201.339), (18.1926, -194.655), (12.3333, -159.5), (51.803, -159.5), (53.725, -191.212)))
(((73.4549, -128.434), (51.803, -159.5), (12.3333, -159.5), (1.94737, -145.868), (51.5964, -112.769), (73.4549, -128.434)))
(((102.567, 277.959), (42.3966, 263.163), (-13.8816, 297.522), (-0.543637, 351.454), (29.5705, 373.621), (77.3906, 351.55), (102.567, 277.959)))
(((55.7858, -429.162), (-2.25122, -402.715), (22.9372, -338.775), (71.5212, -358.208), (74.9704, -419.143), (55.7858, -429.162)))
(((73.7685, 29.2322), (68.0437, 26.2803), (7.18176, 53.6682), (43.5095, 111.596), (44.2559, 111.744), (88.6341, 67.3659), (73.7685, 29.2322)))
(((74.9893, -53.5386), (50.2381, -64.4459), (29.8571, -10.7143), (55.9791, 0.643087), (80.4583, -33.8503), (74.9893, -53.5386)))
(((83.8462, -234.077), (46.2093, -252.895), (39.4969, -249.977), (33.0118, -201.339), (53.725, -191.212), (64.3239, -193.693), (84.5536, -232.804), (83.8462, -234.077)))
(((37.6, 625), (94.7999, 625), (136.812, 594.476), (138.708, 497.169), (99.5475, 465.31), (36.8467, 459.897), (-0.999117, 480.253), (37.6, 625)))
(((113.944, -320.981), (109.914, -331.252), (71.5212, -358.208), (22.9372, -338.775), (20.726, -330.852), (61.742, -292.837), (111.191, -305.598), (113.944, -320.981)))
(((76.0295, -128.745), (101.06, -173.029), (64.3239, -193.693), (53.725, -191.212), (51.803, -159.5), (73.4549, -128.434), (76.0295, -128.745)))
(((125.708, 259.101), (102.147, 159.621), (81.3237, 154.466), (26.3233, 210.776), (42.3966, 263.163), (102.567, 277.959), (113.251, 274.638), (125.708, 259.101)))
(((116.465, 397.639), (77.3906, 351.55), (29.5705, 373.621), (36.8467, 459.897), (99.5475, 465.31), (116.465, 397.639)))
(((76.0295, -128.745), (73.4549, -128.434), (51.5964, -112.769), (37.5586, -78.9745), (50.2381, -64.4459), (74.9893, -53.5386), (98.5523, -68.5333), (95.9786, -116.145), (76.0295, -128.745)))
(((111.191, -305.598), (61.742, -292.837), (46.2093, -252.895), (83.8462, -234.077), (118.773, -292.288), (111.191, -305.598)))
(((127.314, -4.72362), (80.4583, -33.8503), (55.9791, 0.643087), (68.0437, 26.2803), (73.7685, 29.2322), (127.314, -4.72362)))
(((111.205, -177.927), (108.431, -219.538), (84.5536, -232.804), (64.3239, -193.693), (101.06, -173.029), (111.205, -177.927)))
(((40.2687, -546.245), (55.7858, -429.162), (74.9704, -419.143), (133.915, -422.946), (118.235, -562.106), (62.0983, -562.106), (40.2687, -546.245)))
(((127.261, 144.189), (123.323, 73.3125), (88.6341, 67.3659), (44.2559, 111.744), (81.3237, 154.466), (102.147, 159.621), (127.261, 144.189)))
(((133.915, -422.946), (74.9704, -419.143), (71.5212, -358.208), (109.914, -331.252), (140.364, -418.796), (133.915, -422.946)))
(((152.375, -22.7703), (139.018, -60.6161), (98.5523, -68.5333), (74.9893, -53.5386), (80.4583, -33.8503), (127.314, -4.72362), (142.09, -5.29191), (144.762, -7.37018), (152.375, -22.7703)))
(((127.314, -4.72362), (73.7685, 29.2322), (88.6341, 67.3659), (123.323, 73.3125), (138.639, 63.7111), (142.09, -5.29191), (127.314, -4.72362)))
(((135.127, -279.568), (118.773, -292.288), (83.8462, -234.077), (84.5536, -232.804), (108.431, -219.538), (145.857, -237.361), (135.127, -279.568)))
(((148.517, -144.658), (120.267, -175.401), (111.205, -177.927), (101.06, -173.029), (76.0295, -128.745), (95.9786, -116.145), (122.639, -116.63), (148.392, -136.251), (148.517, -144.658)))
(((142.365, -69.5918), (122.639, -116.63), (95.9786, -116.145), (98.5523, -68.5333), (139.018, -60.6161), (142.365, -69.5918)))
(((176.477, 355.108), (113.251, 274.638), (102.567, 277.959), (77.3906, 351.55), (116.465, 397.639), (171.144, 363.009), (176.477, 355.108)))
(((163.653, -225.185), (145.857, -237.361), (108.431, -219.538), (111.205, -177.927), (120.267, -175.401), (168.533, -211.154), (163.653, -225.185)))
(((202.953, -408.632), (140.364, -418.796), (109.914, -331.252), (113.944, -320.981), (176.192, -341.731), (202.953, -408.632)))
(((169.817, -117.961), (148.392, -136.251), (122.639, -116.63), (142.365, -69.5918), (178.411, -98.429), (169.817, -117.961)))
(((169.308, 145.656), (127.261, 144.189), (102.147, 159.621), (125.708, 259.101), (173.567, 241.854), (184.644, 156.013), (169.308, 145.656)))
(((188.458, -192.011), (168.533, -211.154), (120.267, -175.401), (148.517, -144.658), (186.278, -177.024), (187.781, -184.11), (188.458, -192.011)))
(((182.113, 75.9381), (138.639, 63.7111), (123.323, 73.3125), (127.261, 144.189), (169.308, 145.656), (182.113, 75.9381)))
(((187.003, 474.019), (171.144, 363.009), (116.465, 397.639), (99.5475, 465.31), (138.708, 497.169), (187.003, 474.019)))
(((196.208, -297.15), (176.192, -341.731), (113.944, -320.981), (111.191, -305.598), (118.773, -292.288), (135.127, -279.568), (193.762, -291.784), (196.208, -297.15)))
(((118.526, -559.518), (133.915, -422.946), (140.364, -418.796), (202.953, -408.632), (247.044, -422.815), (264, -475), (244.902, -533.779), (194.902, -570.106), (133.098, -570.106), (118.526, -559.518)))
(((230.673, 53), (210, 53), (210, 38.473), (144.762, -7.37018), (142.09, -5.29191), (138.639, 63.7111), (182.113, 75.9381), (232.728, 54.4442), (230.673, 53)))
(((193.762, -291.784), (135.127, -279.568), (145.857, -237.361), (163.653, -225.185), (202.84, -260.809), (193.762, -291.784)))
(((178.411, -98.429), (142.365, -69.5918), (139.018, -60.6161), (152.375, -22.7703), (191.092, -34.7271), (189.107, -94.3009), (178.411, -98.429)))
(((186.278, -177.024), (148.517, -144.658), (148.392, -136.251), (169.817, -117.961), (204.677, -145.482), (186.278, -177.024)))
(((202.171, 247.964), (173.567, 241.854), (125.708, 259.101), (113.251, 274.638), (176.477, 355.108), (244.911, 348.829), (202.171, 247.964)))
(((210, -32.2609), (191.092, -34.7271), (152.375, -22.7703), (144.762, -7.37018), (210, 38.473), (210, -32.2609)))
(((248.699, -122.37), (204.677, -145.482), (169.817, -117.961), (178.411, -98.429), (189.107, -94.3009), (255.247, -103.75), (248.699, -122.37)))
(((298.723, 407.148), (284.475, 363.297), (244.911, 348.829), (176.477, 355.108), (171.144, 363.009), (187.003, 474.019), (208.271, 471.34), (298.723, 407.148)))
(((240.895, -239.499), (202.84, -260.809), (163.653, -225.185), (168.533, -211.154), (188.458, -192.011), (229.324, -207.067), (242.165, -224.8), (240.895, -239.499)))
(((264.5, 53), (232.728, 54.4442), (182.113, 75.9381), (169.308, 145.656), (184.644, 156.013), (290.418, 143.568), (301, 111), (282.155, 53), (264.5, 53)))
(((210, -32.2609), (210, -53), (300.126, -53), (302.22, -59.4455), (255.247, -103.75), (189.107, -94.3009), (191.092, -34.7271), (210, -32.2609)))
(((246.88, -422.762), (202.953, -408.632), (176.192, -341.731), (196.208, -297.15), (294.839, -332.508), (302.814, -354.115), (290.902, -390.779), (246.88, -422.762)))
(((293.833, 143.167), (184.644, 156.013), (173.567, 241.854), (202.171, 247.964), (310.869, 196.402), (311, 196), (293.833, 143.167)))
(((177.071, 625), (230.935, 625), (258.488, 545.189), (208.271, 471.34), (187.003, 474.019), (138.708, 497.169), (136.788, 595.732), (177.071, 625)))
(((252.018, -151.404), (251.559, -152.22), (187.781, -184.11), (186.278, -177.024), (204.677, -145.482), (248.699, -122.37), (252.018, -151.404)))
(((229.324, -207.067), (188.458, -192.011), (187.781, -184.11), (251.559, -152.22), (229.324, -207.067)))
(((294.839, -332.508), (196.208, -297.15), (193.762, -291.784), (202.84, -260.809), (240.895, -239.499), (294.423, -305.474), (294.839, -332.508)))
(((306.108, 198.661), (202.171, 247.964), (244.911, 348.829), (286.086, 363.886), (328.902, 332.779), (348, 274), (328.902, 215.221), (306.108, 198.661)))
(((300.97, -197.198), (242.165, -224.8), (229.324, -207.067), (251.559, -152.22), (252.018, -151.404), (300.97, -197.198)))
(((298.169, 407.541), (208.271, 471.34), (258.488, 545.189), (361.325, 489.69), (345.902, 442.221), (298.169, 407.541)))
(((294.423, -305.474), (240.895, -239.499), (242.165, -224.8), (300.97, -197.198), (350.114, -200.884), (294.423, -305.474)))
(((378.906, -183.989), (350.114, -200.884), (300.97, -197.198), (252.018, -151.404), (248.699, -122.37), (255.247, -103.75), (300.684, -60.8943), (318.902, -60.8943), (368.902, -97.2215), (388, -156), (378.906, -183.989)))
(((230.935, 625), (376.844, 625), (379.902, 622.779), (399, 564), (379.902, 505.221), (359.718, 490.557), (258.488, 545.189), (230.935, 625)))
(((400, -189.231), (400, -364.769), (389.902, -372.106), (328.098, -372.106), (302.623, -353.597), (294.839, -332.508), (294.423, -305.474), (350.114, -200.884), (382.476, -181.894), (389.902, -181.894), (400, -189.231)))
