(((-225, -460.062), (-201.345, -460.802), (-178.599, -482.126), (-159.056, -520.028), (-210.463, -604.6), (-225, -611.563), (-225, -460.062)))
(((-225, -359.028), (-176.5, -372.5), (-165.406, -429.355), (-201.345, -460.802), (-225, -460.062), (-225, -359.028)))
(((-225, -241.862), (-193.32, -253.15), (-157.133, -301.044), (-161.065, -315.384), (-225, -336.163), (-225, -241.862)))
(((-225, -92.6667), (-168.13, -116.362), (-159.816, -135.763), (-173.555, -153.428), (-225, -159.96), (-225, -92.6667)))
(((-225, -359.028), (-225, -336.163), (-161.065, -315.384), (-144.632, -350.393), (-147.554, -356.139), (-176.5, -372.5), (-225, -359.028)))
(((-225, -159.96), (-173.555, -153.428), (-147.374, -188.024), (-225, -234.6), (-225, -159.96)))
(((-225, -92.6667), (-225, -53), (-147.809, -53), (-146.728, -56.9119), (-168.13, -116.362), (-225, -92.6667)))
(((-225, -241.862), (-225, -234.6), (-147.374, -188.024), (-126.859, -194.744), (-125.115, -218.814), (-141.216, -239.387), (-193.32, -253.15), (-225, -241.862)))
(((-136.422, -423.317), (-165.406, -429.355), (-176.5, -372.5), (-147.554, -356.139), (-122.792, -407.209), (-136.422, -423.317)))
(((-120.353, -101.75), (-133.476, -130.495), (-159.816, -135.763), (-168.13, -116.362), (-146.728, -56.9119), (-120.353, -101.75)))
(((-99.4164, -597.028), (-210.463, -604.6), (-159.056, -520.028), (-129.877, -525.955), (-99.4164, -597.028)))
(((-123.591, -289.864), (-157.133, -301.044), (-193.32, -253.15), (-141.216, -239.387), (-120.65, -278.1), (-123.591, -289.864)))
(((-126.859, -194.744), (-147.374, -188.024), (-173.555, -153.428), (-159.816, -135.763), (-133.476, -130.495), (-110.947, -158.463), (-124.823, -192.824), (-126.859, -194.744)))
(((-225, -690.165), (-225, -611.563), (-210.463, -604.6), (-99.4164, -597.028), (-97.4237, -597.815), (-110.437, -739.106), (-170.902, -739.106), (-220.902, -702.779), (-225, -690.165)))
(((-115.335, -473.963), (-178.599, -482.126), (-201.345, -460.802), (-165.406, -429.355), (-136.422, -423.317), (-116.493, -449.652), (-115.335, -473.963)))
(((-95.3133, -497.018), (-129.877, -525.955), (-159.056, -520.028), (-178.599, -482.126), (-115.335, -473.963), (-95.3133, -497.018)))
(((-105.63, -343.034), (-144.632, -350.393), (-161.065, -315.384), (-157.133, -301.044), (-123.591, -289.864), (-101.243, -310.447), (-105.63, -343.034)))
(((-101.191, -400.369), (-122.792, -407.209), (-147.554, -356.139), (-144.632, -350.393), (-105.63, -343.034), (-100.127, -348.058), (-98.8525, -397.752), (-101.191, -400.369)))
(((-87.0862, -255.724), (-120.65, -278.1), (-141.216, -239.387), (-125.115, -218.814), (-80.6915, -243.734), (-87.0862, -255.724)))
(((-87.58, -150.986), (-110.947, -158.463), (-133.476, -130.495), (-120.353, -101.75), (-89.486, -104.776), (-77.7344, -142.743), (-87.58, -150.986)))
(((-76.0349, -441.872), (-116.493, -449.652), (-136.422, -423.317), (-122.792, -407.209), (-101.191, -400.369), (-75.5659, -440.231), (-76.0349, -441.872)))
(((-70.125, -53), (-63.5053, -79.4788), (-89.486, -104.776), (-120.353, -101.75), (-146.728, -56.9119), (-147.809, -53), (-70.125, -53)))
(((-97.4237, -597.815), (-99.4164, -597.028), (-129.877, -525.955), (-95.3133, -497.018), (-61.5459, -497.907), (-76.1078, -591.751), (-97.4237, -597.815)))
(((-61.5459, -497.907), (-95.3133, -497.018), (-115.335, -473.963), (-116.493, -449.652), (-76.0349, -441.872), (-60.8735, -497.464), (-61.5459, -497.907)))
(((-76.2213, -300.995), (-101.243, -310.447), (-123.591, -289.864), (-120.65, -278.1), (-87.0862, -255.724), (-76.2213, -300.995)))
(((-80.6915, -243.734), (-125.115, -218.814), (-126.859, -194.744), (-124.823, -192.824), (-74, -196), (-74, -241.469), (-80.6915, -243.734)))
(((-74, -196), (-124.823, -192.824), (-110.947, -158.463), (-87.58, -150.986), (-72.3889, -194.389), (-74, -196)))
(((-136.809, 298.631), (-167.902, 321.221), (-187, 380), (-167.902, 438.779), (-117.902, 475.106), (-97.6172, 475.106), (-96.5089, 474.154), (-50.5148, 357.959), (-136.809, 298.631)))
(((-180.827, 625), (-3.14655, 625), (-123.037, 514.625), (-167.902, 547.221), (-187, 606), (-180.827, 625)))
(((-56.849, -389.937), (-98.8525, -397.752), (-100.127, -348.058), (-63.0101, -350.533), (-51.6095, -380.04), (-56.849, -389.937)))
(((-63.0101, -350.533), (-100.127, -348.058), (-105.63, -343.034), (-101.243, -310.447), (-76.2213, -300.995), (-71.2944, -301.768), (-58.0253, -343.233), (-63.0101, -350.533)))
(((-45.4813, -420.488), (-75.5659, -440.231), (-101.191, -400.369), (-98.8525, -397.752), (-56.849, -389.937), (-45.4813, -420.488)))
(((-43.8161, -290.904), (-71.2944, -301.768), (-76.2213, -300.995), (-87.0862, -255.724), (-80.6915, -243.734), (-74, -241.469), (-61.8608, -243.71), (-43.8161, -290.904)))
(((-39.727, -168.018), (-54.669, -188.937), (-72.3889, -194.389), (-87.58, -150.986), (-77.7344, -142.743), (-51.5, -145.554), (-49.9111, -146.376), (-39.727, -168.018)))
(((-110.067, -735.087), (-97.4237, -597.815), (-76.1078, -591.751), (-65.3827, -594.256), (-10.873, -633.832), (-51.4539, -746.106), (-94.9017, -746.106), (-110.067, -735.087)))
(((-51.5, -86.2455), (-51.5, -145.554), (-77.7344, -142.743), (-89.486, -104.776), (-63.5053, -79.4788), (-51.5, -86.2455)))
(((-55.2857, -240.929), (-61.8608, -243.71), (-74, -241.469), (-74, -196), (-72.3889, -194.389), (-54.669, -188.937), (-38.4205, -215.631), (-55.2857, -240.929)))
(((-26.723, -329.321), (-58.0253, -343.233), (-71.2944, -301.768), (-43.8161, -290.904), (-37.3967, -292.853), (-26.723, -329.321)))
(((-26.5, -451.5), (-53.5334, -496.556), (-60.8735, -497.464), (-76.0349, -441.872), (-75.5659, -440.231), (-45.4813, -420.488), (-32.8, -426.3), (-26.5, -451.5)))
(((-130.743, 278.278), (-137.257, 298.324), (-50.5148, 357.959), (-29.6564, 356.953), (4.66541, 294.03), (4.437, 292.761), (-130.743, 278.278)))
(((-14.6552, -122.138), (-49.9111, -146.376), (-51.5, -145.554), (-51.5, -86.2455), (-22.394, -90.4791), (-14.6552, -122.138)))
(((-7.88356, -546.904), (-65.3827, -594.256), (-76.1078, -591.751), (-61.5459, -497.907), (-60.8735, -497.464), (-53.5334, -496.556), (-33.7352, -504.15), (-7.88356, -546.904)))
(((4.72894, 390.041), (-29.6564, 356.953), (-50.5148, 357.959), (-96.5089, 474.154), (3.86247, 427.732), (4.72894, 390.041)))
(((-121.146, 211.207), (-137, 260), (-131.073, 278.242), (4.437, 292.761), (20.4258, 253.21), (-13.7365, 214.71), (-121.146, 211.207)))
(((-16.949, -374.526), (-51.6095, -380.04), (-63.0101, -350.533), (-58.0253, -343.233), (-26.723, -329.321), (-25.5964, -329.908), (-9.39554, -366.36), (-16.949, -374.526)))
(((-11.3373, -278.639), (-37.3967, -292.853), (-43.8161, -290.904), (-61.8608, -243.71), (-55.2857, -240.929), (-15.2963, -250.926), (-11.3373, -278.639)))
(((-13.6189, -210.524), (-38.4205, -215.631), (-54.669, -188.937), (-39.727, -168.018), (-22.8694, -173.522), (-13.6189, -210.524)))
(((-117.155, 116.156), (-134, 168), (-119.948, 211.246), (-13.7365, 214.71), (3.11207, 175.203), (-24.7923, 129.016), (-117.155, 116.156)))
(((-70.125, -53), (-30, -53), (-30, -37.4333), (-12.1229, -42.2006), (-17.1351, -86.0568), (-22.394, -90.4791), (-51.5, -86.2455), (-63.5053, -79.4788), (-70.125, -53)))
(((-8.972, -412.132), (-32.8, -426.3), (-45.4813, -420.488), (-56.849, -389.937), (-51.6095, -380.04), (-16.949, -374.526), (-8.972, -412.132)))
(((-3.14655, 625), (19.9401, 625), (26.3111, 620.371), (28.6762, 614.594), (25.5387, 528.313), (-98.5407, 475.967), (-109.902, 484.221), (-120.53, 516.933), (-3.14655, 625)))
(((-3.00783, -234.856), (-15.2963, -250.926), (-55.2857, -240.929), (-38.4205, -215.631), (-13.6189, -210.524), (-13.1304, -210.815), (-3.00783, -234.856)))
(((-30, 36.2571), (-30, 53), (-111.303, 53), (-123, 89), (-114.035, 116.59), (-24.7923, 129.016), (12.3691, 101.517), (10.5234, 80.5989), (-29.8735, 36.2608), (-30, 36.2571)))
(((-30, 36.2571), (-29.8735, 36.2608), (5, 13.375), (5, -34.1633), (-12.1229, -42.2006), (-30, -37.4333), (-30, 36.2571)))
(((10.7169, -160.415), (-22.8694, -173.522), (-39.727, -168.018), (-49.9111, -146.376), (-14.6552, -122.138), (9.625, -135.125), (13.6111, -145.944), (10.7169, -160.415)))
(((-10.873, -633.832), (-65.3827, -594.256), (-7.88356, -546.904), (3.23885, -549.685), (17.6612, -591.029), (-8.5725, -633.162), (-10.873, -633.832)))
(((18.9357, -487.34), (-33.7352, -504.15), (-53.5334, -496.556), (-26.5, -451.5), (11.1939, -455.808), (19.2567, -486.198), (18.9357, -487.34)))
(((12.2286, -316.906), (-25.5964, -329.908), (-26.723, -329.321), (-37.3967, -292.853), (-11.3373, -278.639), (-2.38774, -281.86), (13.2823, -306.79), (12.2286, -316.906)))
(((11.1939, -455.808), (-26.5, -451.5), (-32.8, -426.3), (-8.972, -412.132), (9.66556, -416.791), (18.9973, -439.846), (11.1939, -455.808)))
(((29.7906, -189.355), (-13.1304, -210.815), (-13.6189, -210.524), (-22.8694, -173.522), (10.7169, -160.415), (29.7906, -189.355)))
(((27.342, 525.819), (31.1789, 445.243), (3.86247, 427.732), (-96.5089, 474.154), (-98.5943, 475.945), (25.5387, 528.313), (27.342, 525.819)))
(((31.496, -343.309), (8.52111, -365.008), (-9.39554, -366.36), (-25.5964, -329.908), (12.2286, -316.906), (31.496, -343.309)))
(((31.1964, -83.6402), (-17.1351, -86.0568), (-12.1229, -42.2006), (5, -34.1633), (24.9096, -45.1339), (31.1964, -83.6402)))
(((41.6783, -525.767), (3.23885, -549.685), (-7.88356, -546.904), (-33.7352, -504.15), (18.9357, -487.34), (41.6783, -525.767)))
(((9.66556, -416.791), (-8.972, -412.132), (-16.949, -374.526), (-9.39554, -366.36), (8.52111, -365.008), (26.7498, -397.176), (9.66556, -416.791)))
(((36.5, -93.5909), (9.625, -135.125), (-14.6552, -122.138), (-22.394, -90.4791), (-17.1351, -86.0568), (31.1964, -83.6402), (35.535, -87.8884), (36.5, -93.5909)))
(((35.3091, -240.318), (32.0032, -260.98), (-2.38774, -281.86), (-11.3373, -278.639), (-15.2963, -250.926), (-3.00783, -234.856), (33.7757, -238.36), (35.1164, -239.73), (35.3091, -240.318)))
(((30.2957, -189.639), (33.7757, -238.36), (-3.00783, -234.856), (-13.1304, -210.815), (29.7906, -189.355), (30.2957, -189.639)))
(((54.7353, 340.971), (4.66541, 294.03), (-29.6564, 356.953), (4.72894, 390.041), (49.3109, 360.86), (54.7353, 340.971)))
(((65.6169, 146.815), (56.135, 125.744), (12.3691, 101.517), (-24.7923, 129.016), (3.11207, 175.203), (57, 156.621), (65.6169, 146.815)))
(((-51.8156, -747.107), (-10.873, -633.832), (-8.5725, -633.162), (52.374, -653.187), (48.6872, -731.839), (11.7117, -776.106), (-11.9017, -776.106), (-51.8156, -747.107)))
(((31.6078, 16.701), (5, 13.375), (-29.8735, 36.2608), (10.5234, 80.5989), (51.4598, 53.6978), (31.6078, 16.701)))
(((49.2663, -289.464), (13.2823, -306.79), (-2.38774, -281.86), (32.0032, -260.98), (49.2663, -289.464)))
(((59.8096, -26.407), (24.9096, -45.1339), (5, -34.1633), (5, 13.375), (31.6078, 16.701), (53.1322, -0.211033), (59.8096, -26.407)))
(((74.2649, -579.236), (17.6612, -591.029), (3.23885, -549.685), (41.6783, -525.767), (42.0829, -525.882), (84.7584, -555.043), (74.2649, -579.236)))
(((66.6485, -358.285), (48.8585, -396.674), (26.7498, -397.176), (8.52111, -365.008), (31.496, -343.309), (55.5345, -344.454), (66.6485, -358.285)))
(((57, 156.621), (3.11207, 175.203), (-13.7365, 214.71), (20.4258, 253.21), (57, 244.881), (57, 156.621)))
(((61.1182, -416.289), (47.6986, -437.639), (18.9973, -439.846), (9.66556, -416.791), (26.7498, -397.176), (48.8585, -396.674), (61.1182, -416.289)))
(((55.5345, -344.454), (31.496, -343.309), (12.2286, -316.906), (13.2823, -306.79), (49.2663, -289.464), (57.1021, -292.799), (61.1074, -328.045), (55.5345, -344.454)))
(((62.4046, -465.32), (19.2567, -486.198), (11.1939, -455.808), (18.9973, -439.846), (47.6986, -437.639), (62.4046, -465.32)))
(((53.7749, -142.293), (13.6111, -145.944), (9.625, -135.125), (36.5, -93.5909), (63.0247, -118.508), (53.7749, -142.293)))
(((83.5435, -635.681), (52.374, -653.187), (-8.5725, -633.162), (17.6612, -591.029), (74.2649, -579.236), (83.5435, -635.681)))
(((48.7381, -185.738), (30.2957, -189.639), (29.7906, -189.355), (10.7169, -160.415), (13.6111, -145.944), (53.7749, -142.293), (67.1364, -165.5), (48.7381, -185.738)))
(((81.6503, 63.2317), (51.4598, 53.6978), (10.5234, 80.5989), (12.3691, 101.517), (56.135, 125.744), (81.6503, 63.2317)))
(((90.1081, 410.057), (49.3109, 360.86), (4.72894, 390.041), (3.86247, 427.732), (31.1789, 445.243), (73.7332, 438.413), (90.1081, 410.057)))
(((66.9385, -30.2355), (69.4332, -71.3974), (35.535, -87.8884), (31.1964, -83.6402), (24.9096, -45.1339), (59.8096, -26.407), (66.9385, -30.2355)))
(((80.091, -471.584), (42.0829, -525.882), (41.6783, -525.767), (18.9357, -487.34), (19.2567, -486.198), (62.4046, -465.32), (80.091, -471.584)))
(((77.375, -214.375), (35.1164, -239.73), (33.7757, -238.36), (30.2957, -189.639), (48.7381, -185.738), (77.375, -214.375)))
(((81.4471, -269.419), (74.3689, -282.932), (57.1021, -292.799), (49.2663, -289.464), (32.0032, -260.98), (35.3091, -240.318), (79.972, -257.864), (81.4471, -269.419)))
(((125.863, 307.635), (87.8336, 251.903), (57, 244.881), (20.4258, 253.21), (4.437, 292.761), (4.66541, 294.03), (54.7353, 340.971), (125.681, 308.068), (125.863, 307.635)))
(((73.7332, 438.413), (31.1789, 445.243), (27.342, 525.819), (113.229, 495.683), (73.7332, 438.413)))
(((86.7754, 61.1683), (85.883, 20.117), (53.1322, -0.211033), (31.6078, 16.701), (51.4598, 53.6978), (81.6503, 63.2317), (86.7754, 61.1683)))
(((79.972, -257.864), (35.3091, -240.318), (35.1164, -239.73), (77.375, -214.375), (78.6016, -214.558), (94.1332, -234.691), (79.972, -257.864)))
(((91.6793, -471.024), (80.091, -471.584), (62.4046, -465.32), (47.6986, -437.639), (61.1182, -416.289), (84.6727, -418.795), (94.2878, -430.158), (91.6793, -471.024)))
(((110.188, -107.786), (102.006, -114.361), (63.0247, -118.508), (36.5, -93.5909), (35.535, -87.8884), (69.4332, -71.3974), (101.12, -83.5846), (110.915, -106.188), (110.188, -107.786)))
(((114.686, -497.337), (88.3784, -553.459), (84.7584, -555.043), (42.0829, -525.882), (80.091, -471.584), (91.6793, -471.024), (109.564, -484.361), (114.686, -497.337)))
(((105.54, -368.118), (84.6727, -418.795), (61.1182, -416.289), (48.8585, -396.674), (66.6485, -358.285), (105.05, -367.285), (105.54, -368.118)))
(((78.6016, -214.558), (77.375, -214.375), (48.7381, -185.738), (67.1364, -165.5), (72.9286, -165.5), (93.9424, -193.081), (78.6016, -214.558)))
(((93.4363, -152.45), (72.9286, -165.5), (67.1364, -165.5), (53.7749, -142.293), (63.0247, -118.508), (102.006, -114.361), (93.4363, -152.45)))
(((114.49, 157.812), (106.289, 152.873), (65.6169, 146.815), (57, 156.621), (57, 244.881), (87.8336, 251.903), (126.303, 196.434), (114.49, 157.812)))
(((105.286, -310.758), (61.1074, -328.045), (57.1021, -292.799), (74.3689, -282.932), (105.286, -310.758)))
(((89.6494, -28.4885), (66.9385, -30.2355), (59.8096, -26.407), (53.1322, -0.211033), (85.883, 20.117), (105.955, 0.0454545), (89.6494, -28.4885)))
(((142.996, 507.344), (113.229, 495.683), (27.342, 525.819), (25.5387, 528.313), (28.6762, 614.594), (163.202, 533.879), (142.996, 507.344)))
(((137.923, -704.281), (48.6872, -731.839), (52.374, -653.187), (83.5435, -635.681), (162.926, -665.566), (137.923, -704.281)))
(((101.12, -83.5846), (69.4332, -71.3974), (66.9385, -30.2355), (89.6494, -28.4885), (111.048, -49.2184), (101.12, -83.5846)))
(((125.681, 308.068), (54.7353, 340.971), (49.3109, 360.86), (90.1081, 410.057), (140.781, 389.787), (125.681, 308.068)))
(((105.05, -367.285), (66.6485, -358.285), (55.5345, -344.454), (61.1074, -328.045), (105.286, -310.758), (110.764, -311.904), (118.35, -337.914), (105.05, -367.285)))
(((113.634, 66.3335), (86.7754, 61.1683), (81.6503, 63.2317), (56.135, 125.744), (65.6169, 146.815), (106.289, 152.873), (118.491, 73.5595), (113.634, 66.3335)))
(((114.292, -189.124), (93.9424, -193.081), (72.9286, -165.5), (93.4363, -152.45), (119.61, -173.17), (114.292, -189.124)))
(((128.719, -287.758), (110.764, -311.904), (105.286, -310.758), (74.3689, -282.932), (81.4471, -269.419), (124.545, -277.115), (128.719, -287.758)))
(((120.232, -198.574), (115.629, -234.252), (94.1332, -234.691), (78.6016, -214.558), (93.9424, -193.081), (114.292, -189.124), (120.232, -198.574)))
(((19.5961, -800), (11.7986, -776.002), (48.6872, -731.839), (137.923, -704.281), (145.58, -800), (19.5961, -800)))
(((124.545, -277.115), (81.4471, -269.419), (79.972, -257.864), (94.1332, -234.691), (115.629, -234.252), (130.299, -244.032), (124.545, -277.115)))
(((110.285, -371.105), (137.284, -420.604), (94.2878, -430.158), (84.6727, -418.795), (105.54, -368.118), (110.285, -371.105)))
(((145.19, 5.76733), (105.955, 0.0454545), (85.883, 20.117), (86.7754, 61.1683), (113.634, 66.3335), (149.837, 21.3242), (145.19, 5.76733)))
(((198.388, -650.127), (162.926, -665.566), (83.5435, -635.681), (74.2649, -579.236), (84.7584, -555.043), (88.3784, -553.459), (212.637, -594.879), (214.569, -597.675), (215, -599), (198.388, -650.127)))
(((143.539, -158.687), (119.61, -173.17), (93.4363, -152.45), (102.006, -114.361), (110.188, -107.786), (143.544, -158.614), (143.539, -158.687)))
(((150.675, -9.58922), (135.335, -41.6623), (111.048, -49.2184), (89.6494, -28.4885), (105.955, 0.0454545), (145.19, 5.76733), (150.675, -9.58922)))
(((138.099, -420.981), (142.969, -447.499), (109.564, -484.361), (91.6793, -471.024), (94.2878, -430.158), (137.284, -420.604), (138.099, -420.981)))
(((140.781, 389.787), (90.1081, 410.057), (73.7332, 438.413), (113.229, 495.683), (142.996, 507.344), (163.197, 404.894), (140.781, 389.787)))
(((26.8233, 625), (213.048, 625), (179.015, 541.358), (163.202, 533.879), (28.6762, 614.594), (25.7582, 621.722), (26.8233, 625)))
(((136.895, -98.9474), (110.915, -106.188), (101.12, -83.5846), (111.048, -49.2184), (135.335, -41.6623), (154.374, -68.1507), (136.895, -98.9474)))
(((173.321, 99.2247), (118.491, 73.5595), (106.289, 152.873), (114.49, 157.812), (167.949, 130.22), (173.321, 99.2247)))
(((160.345, -207.755), (140.164, -241.054), (130.299, -244.032), (115.629, -234.252), (120.232, -198.574), (159.7, -204.646), (160.345, -207.755)))
(((212.637, -594.879), (88.3784, -553.459), (114.686, -497.337), (156.794, -505.759), (203.532, -557.808), (212.637, -594.879)))
(((163.095, -306.272), (149.757, -333.782), (118.35, -337.914), (110.764, -311.904), (128.719, -287.758), (161.27, -295.73), (163.095, -306.272)))
(((159.7, -204.646), (120.232, -198.574), (114.292, -189.124), (119.61, -173.17), (143.539, -158.687), (150.265, -165.611), (160.181, -203.074), (159.7, -204.646)))
(((173.598, -402.048), (138.099, -420.981), (137.284, -420.604), (110.285, -371.105), (161.13, -372.517), (173.598, -402.048)))
(((184.882, 215.961), (126.303, 196.434), (87.8336, 251.903), (125.863, 307.635), (200.478, 281.181), (184.882, 215.961)))
(((161.13, -372.517), (110.285, -371.105), (105.54, -368.118), (105.05, -367.285), (118.35, -337.914), (149.757, -333.782), (167.413, -356.253), (161.13, -372.517)))
(((170.049, -131.049), (143.544, -158.614), (110.188, -107.786), (110.915, -106.188), (136.895, -98.9474), (171.649, -116.325), (170.049, -131.049)))
(((156.794, -505.759), (114.686, -497.337), (109.564, -484.361), (142.969, -447.499), (175.662, -462.125), (156.794, -505.759)))
(((177.763, -279.237), (161.27, -295.73), (128.719, -287.758), (124.545, -277.115), (130.299, -244.032), (140.164, -241.054), (170.403, -256.632), (177.763, -279.237)))
(((211.145, 53), (210, 53), (210, 52.4083), (149.837, 21.3242), (113.634, 66.3335), (118.491, 73.5595), (173.321, 99.2247), (220.298, 57.7288), (211.145, 53)))
(((199.458, -34.5), (164.215, -67.0324), (154.374, -68.1507), (135.335, -41.6623), (150.675, -9.58922), (199.458, -34.5)))
(((215.1, 171.598), (167.949, 130.22), (114.49, 157.812), (126.303, 196.434), (184.882, 215.961), (215.1, 171.598)))
(((185, -405.789), (185, -458.667), (175.662, -462.125), (142.969, -447.499), (138.099, -420.981), (173.598, -402.048), (185, -405.789)))
(((170.403, -256.632), (140.164, -241.054), (160.345, -207.755), (191.454, -227.825), (170.403, -256.632)))
(((194.08, -103.365), (171.649, -116.325), (136.895, -98.9474), (154.374, -68.1507), (164.215, -67.0324), (193.891, -98.357), (194.08, -103.365)))
(((196.667, -344.252), (167.413, -356.253), (149.757, -333.782), (163.095, -306.272), (200.794, -334.923), (196.667, -344.252)))
(((195.329, -181.107), (160.181, -203.074), (150.265, -165.611), (197.694, -167.508), (195.329, -181.107)))
(((197.694, -167.508), (150.265, -165.611), (143.539, -158.687), (143.544, -158.614), (170.049, -131.049), (201.423, -162.423), (197.694, -167.508)))
(((145.58, -800), (137.923, -704.281), (162.926, -665.566), (196.625, -650.894), (209.902, -650.894), (259.902, -687.221), (279, -746), (261.454, -800), (145.58, -800)))
(((267.365, 308.037), (200.478, 281.181), (125.863, 307.635), (125.681, 308.068), (140.781, 389.787), (163.197, 404.894), (204.301, 401.404), (276.496, 363.862), (281, 350), (267.365, 308.037)))
(((203.532, -557.808), (156.794, -505.759), (175.662, -462.125), (185, -458.667), (224.68, -471.893), (203.532, -557.808)))
(((210, -34.5), (210, -53), (215.235, -53), (193.891, -98.357), (164.215, -67.0324), (199.458, -34.5), (210, -34.5)))
(((210, -34.5), (199.458, -34.5), (150.675, -9.58922), (145.19, 5.76733), (149.837, 21.3242), (210, 52.4083), (210, -34.5)))
(((211.334, -377.252), (188.448, -404.873), (185, -405.789), (173.598, -402.048), (161.13, -372.517), (167.413, -356.253), (196.667, -344.252), (211.334, -377.252)))
(((207.661, -205), (193.059, -227.633), (191.454, -227.825), (160.345, -207.755), (159.7, -204.646), (160.181, -203.074), (195.329, -181.107), (207.661, -205)))
(((200.794, -334.923), (163.095, -306.272), (161.27, -295.73), (177.763, -279.237), (192.266, -280.043), (217.842, -323.202), (200.794, -334.923)))
(((219.114, 507.567), (204.301, 401.404), (163.197, 404.894), (142.996, 507.344), (163.202, 533.879), (179.015, 541.358), (219.114, 507.567)))
(((208.491, -269.795), (192.266, -280.043), (177.763, -279.237), (170.403, -256.632), (191.454, -227.825), (193.059, -227.633), (209.383, -241.236), (208.491, -269.795)))
(((201.423, -162.423), (170.049, -131.049), (171.649, -116.325), (194.08, -103.365), (212.589, -113.998), (207.213, -159.692), (201.423, -162.423)))
(((224.68, -471.893), (185, -458.667), (185, -405.789), (188.448, -404.873), (233.076, -427.825), (243.089, -459.533), (224.68, -471.893)))
(((246.091, 53), (220.298, 57.7288), (173.321, 99.2247), (167.949, 130.22), (215.1, 171.598), (299.294, 148.795), (308, 122), (288.902, 63.2215), (274.833, 53), (246.091, 53)))
(((242.5, -308.3), (226.21, -322.418), (217.842, -323.202), (192.266, -280.043), (208.491, -269.795), (242.5, -277.149), (242.5, -308.3)))
(((244.483, -209.808), (241.523, -233.979), (209.383, -241.236), (193.059, -227.633), (207.661, -205), (239.551, -205), (244.483, -209.808)))
(((239.551, -205), (207.661, -205), (195.329, -181.107), (197.694, -167.508), (201.423, -162.423), (207.213, -159.692), (235.436, -164.876), (239.551, -205)))
(((215.235, -53), (246.148, -53), (250.623, -83.3334), (234.13, -111.041), (212.589, -113.998), (194.08, -103.365), (193.891, -98.357), (215.235, -53)))
(((233.076, -427.825), (188.448, -404.873), (211.334, -377.252), (233.853, -377.752), (246.442, -397.161), (233.076, -427.825)))
(((233.853, -377.752), (211.334, -377.252), (196.667, -344.252), (200.794, -334.923), (217.842, -323.202), (226.21, -322.418), (246.04, -356.859), (233.853, -377.752)))
(((242.5, -277.149), (208.491, -269.795), (209.383, -241.236), (241.523, -233.979), (257.112, -260.168), (242.5, -277.149)))
(((245.056, -158.463), (235.436, -164.876), (207.213, -159.692), (212.589, -113.998), (234.13, -111.041), (251.582, -134.533), (245.056, -158.463)))
(((276.35, 363.938), (204.301, 401.404), (219.114, 507.567), (325.993, 471.566), (333, 450), (313.902, 391.221), (276.35, 363.938)))
(((300.21, 148.547), (215.1, 171.598), (184.882, 215.961), (200.478, 281.181), (270.272, 309.204), (314.902, 276.779), (334, 218), (314.902, 159.221), (300.21, 148.547)))
(((281.991, -600.041), (281.902, -600.106), (220.098, -600.106), (212.579, -594.642), (203.532, -557.808), (224.68, -471.893), (243.089, -459.533), (253.582, -460.725), (284.337, -545.302), (281.991, -600.041)))
(((273.394, -354.808), (246.04, -356.859), (226.21, -322.418), (242.5, -308.3), (256.938, -312.15), (282.643, -332.714), (273.394, -354.808)))
(((287.654, -200.423), (244.483, -209.808), (239.551, -205), (235.436, -164.876), (245.056, -158.463), (283.37, -174.717), (287.654, -200.423)))
(((274.79, -395.779), (246.442, -397.161), (233.853, -377.752), (246.04, -356.859), (273.394, -354.808), (285.228, -376.324), (274.79, -395.779)))
(((275.967, -453.951), (253.582, -460.725), (243.089, -459.533), (233.076, -427.825), (246.442, -397.161), (274.79, -395.779), (289.329, -425.623), (275.967, -453.951)))
(((282.329, -127.251), (251.582, -134.533), (234.13, -111.041), (250.623, -83.3334), (285.649, -102.907), (282.329, -127.251)))
(((213.307, 625), (316.693, 625), (345.902, 603.779), (365, 545), (345.902, 486.221), (325.813, 471.626), (219.114, 507.567), (179.015, 541.358), (212.94, 624.733), (213.307, 625)))
(((288.447, -201.058), (285.7, -256.01), (283.282, -259.745), (257.112, -260.168), (241.523, -233.979), (244.483, -209.808), (287.654, -200.423), (288.447, -201.058)))
(((295.694, -281.145), (256.938, -312.15), (242.5, -308.3), (242.5, -277.149), (257.112, -260.168), (283.282, -259.745), (295.694, -281.145)))
(((283.37, -174.717), (245.056, -158.463), (251.582, -134.533), (282.329, -127.251), (300.153, -146.745), (283.37, -174.717)))
(((308.104, -304.085), (302.957, -324.673), (282.643, -332.714), (256.938, -312.15), (295.694, -281.145), (304.389, -288.654), (308.104, -304.085)))
(((307.59, -53), (305.334, -90.6039), (285.649, -102.907), (250.623, -83.3334), (246.148, -53), (307.59, -53)))
(((284.337, -545.302), (253.582, -460.725), (275.967, -453.951), (312.628, -475.517), (284.337, -545.302)))
(((312.045, -375.715), (285.228, -376.324), (273.394, -354.808), (282.643, -332.714), (302.957, -324.673), (322.12, -342.742), (312.045, -375.715)))
(((323.25, -414.83), (289.329, -425.623), (274.79, -395.779), (285.228, -376.324), (312.045, -375.715), (321.248, -385.476), (323.25, -414.83)))
(((342.825, -125.35), (323.985, -144.617), (300.153, -146.745), (282.329, -127.251), (285.649, -102.907), (305.334, -90.6039), (340.341, -114.258), (342.825, -125.35)))
(((337.595, -237.595), (285.7, -256.01), (288.447, -201.058), (302.009, -202.009), (337.595, -237.595)))
(((335.173, -181.91), (302.009, -202.009), (288.447, -201.058), (287.654, -200.423), (283.37, -174.717), (300.153, -146.745), (323.985, -144.617), (335.173, -181.91)))
(((338.973, -424.866), (315.603, -475.201), (312.628, -475.517), (275.967, -453.951), (289.329, -425.623), (323.25, -414.83), (338.973, -424.866)))
(((349.5, -265.371), (304.389, -288.654), (295.694, -281.145), (283.282, -259.745), (285.7, -256.01), (337.595, -237.595), (349.5, -240.409), (349.5, -265.371)))
(((400, -568.16), (351.902, -603.106), (290.098, -603.106), (282.109, -597.301), (284.337, -545.302), (312.628, -475.517), (315.603, -475.201), (400, -508.642), (400, -568.16)))
(((349.5, -240.409), (337.595, -237.595), (302.009, -202.009), (335.173, -181.91), (336.5, -182.5), (356.37, -234.163), (349.5, -240.409)))
(((372.429, -53), (340.341, -114.258), (305.334, -90.6039), (307.59, -53), (372.429, -53)))
(((352.541, -340.758), (322.12, -342.742), (302.957, -324.673), (308.104, -304.085), (354.412, -307.647), (362.182, -325.519), (352.541, -340.758)))
(((358.348, -278.785), (354.412, -307.647), (308.104, -304.085), (304.389, -288.654), (349.5, -265.371), (358.348, -278.785)))
(((363.035, -372.94), (321.248, -385.476), (312.045, -375.715), (322.12, -342.742), (352.541, -340.758), (363.035, -372.94)))
(((400, -508.642), (315.603, -475.201), (338.973, -424.866), (400, -426.9), (400, -508.642)))
(((400, -426.9), (338.973, -424.866), (323.25, -414.83), (321.248, -385.476), (363.035, -372.94), (400, -403.333), (400, -426.9)))
(((400, -171.614), (336.5, -182.5), (335.173, -181.91), (323.985, -144.617), (342.825, -125.35), (400, -146.669), (400, -171.614)))
(((400, -218.054), (356.37, -234.163), (336.5, -182.5), (400, -171.614), (400, -218.054)))
(((372.429, -53), (400, -53), (400, -146.669), (342.825, -125.35), (340.341, -114.258), (372.429, -53)))
(((400, -323.294), (362.182, -325.519), (354.412, -307.647), (358.348, -278.785), (400, -282.162), (400, -323.294)))
(((400, -403.333), (363.035, -372.94), (352.541, -340.758), (362.182, -325.519), (400, -323.294), (400, -403.333)))
(((400, -282.162), (358.348, -278.785), (349.5, -265.371), (349.5, -240.409), (356.37, -234.163), (400, -218.054), (400, -282.162)))
