(((-225, 464.894), (-225, 625), (-157.4, 625), (-184.094, 491.53), (-209.099, 464.894), (-225, 464.894)))
(((-225, -325.23), (-225, -167.089), (-220.309, -167.819), (-140.112, -226.534), (-223.355, -326.425), (-225, -325.23)))
(((-225, -167.089), (-225, -53), (-125.083, -53), (-115.242, -123.859), (-123.024, -143.19), (-220.309, -167.819), (-225, -167.089)))
(((-216.15, -334.223), (-224.685, -328.022), (-140.112, -226.534), (-124.513, -230.024), (-111.097, -264.307), (-157.235, -328.656), (-216.15, -334.223)))
(((-225, -434.088), (-225, -347.912), (-220.691, -334.652), (-157.235, -328.656), (-121.111, -345.297), (-100.811, -382.512), (-107.081, -402.888), (-221.033, -446.298), (-225, -434.088)))
(((-107.128, -211.575), (-124.513, -230.024), (-140.112, -226.534), (-220.309, -167.819), (-123.024, -143.19), (-102.567, -167.483), (-107.128, -211.575)))
(((-90.813, 625), (-65.1737, 519.696), (-184.094, 491.53), (-157.4, 625), (-90.813, 625)))
(((-218.938, -445.5), (-107.081, -402.888), (-83.7751, -454.796), (-159.947, -523.714), (-203.902, -491.779), (-218.938, -445.5)))
(((-138.63, 372.894), (-144.902, 372.894), (-194.902, 409.221), (-211.99, 461.815), (-184.094, 491.53), (-65.1737, 519.696), (-60.009, 514.879), (-56.857, 469.962), (-109.278, 385.04), (-138.63, 372.894)))
(((-73.5418, -322.859), (-121.111, -345.297), (-157.235, -328.656), (-111.097, -264.307), (-76.81, -272.747), (-73.5418, -322.859)))
(((-49.5677, -229.323), (-64.2049, -266.648), (-76.81, -272.747), (-111.097, -264.307), (-124.513, -230.024), (-107.128, -211.575), (-57.3444, -218.522), (-49.5677, -229.323)))
(((-79, -53), (-56.5185, -82.9753), (-60.9881, -117.242), (-115.242, -123.859), (-125.083, -53), (-79, -53)))
(((-51.2973, -128.595), (-70.4439, -166.888), (-102.567, -167.483), (-123.024, -143.19), (-115.242, -123.859), (-60.9881, -117.242), (-51.2973, -128.595)))
(((-57.3444, -218.522), (-107.128, -211.575), (-102.567, -167.483), (-70.4439, -166.888), (-51.5783, -182.278), (-57.3444, -218.522)))
(((-38.4043, -450.526), (-83.7751, -454.796), (-107.081, -402.888), (-100.811, -382.512), (-50.6075, -383.409), (-38.4043, -450.526)))
(((-28.5336, -357.496), (-50.6075, -383.409), (-100.811, -382.512), (-121.111, -345.297), (-73.5418, -322.859), (-27.9424, -339.959), (-28.5336, -357.496)))
(((-92.2346, -591.106), (-96.9017, -591.106), (-146.902, -554.779), (-157.666, -521.65), (-83.7751, -454.796), (-38.4043, -450.526), (-14.1988, -462.502), (-9.79293, -468.621), (-92.2346, -591.106)))
(((-96.6275, 236.414), (-134.902, 264.221), (-154, 323), (-137.658, 373.297), (-109.278, 385.04), (-26.6964, 366.786), (-4.75255, 279.01), (-96.6275, 236.414)))
(((-27.9424, -339.959), (-73.5418, -322.859), (-76.81, -272.747), (-64.2049, -266.648), (-24.7075, -286.396), (-18.6871, -329.292), (-27.9424, -339.959)))
(((-15.2677, -136.486), (-23.9313, -174.291), (-51.5783, -182.278), (-70.4439, -166.888), (-51.2973, -128.595), (-15.5142, -134.909), (-15.2677, -136.486)))
(((-7.56323, -124.243), (-15.5142, -134.909), (-51.2973, -128.595), (-60.9881, -117.242), (-56.5185, -82.9753), (-0.0958904, -85.6621), (-7.56323, -124.243)))
(((-79, -53), (-30, -53), (-30, -37.2778), (6.725, -78.0833), (-0.0958904, -85.6621), (-56.5185, -82.9753), (-79, -53)))
(((-26.6964, 366.786), (-109.278, 385.04), (-56.857, 469.962), (43.1612, 413.055), (-26.6964, 366.786)))
(((-12.6526, -228.663), (-49.5677, -229.323), (-57.3444, -218.522), (-51.5783, -182.278), (-23.9313, -174.291), (0.925103, -199.879), (-12.6526, -228.663)))
(((-9.5, -233.952), (-9.5, -270.294), (-24.7075, -286.396), (-64.2049, -266.648), (-49.5677, -229.323), (-12.6526, -228.663), (-9.5, -233.952)))
(((-14.1988, -462.502), (-38.4043, -450.526), (-50.6075, -383.409), (-28.5336, -357.496), (15.7335, -393.527), (-14.1988, -462.502)))
(((-100.087, 70.946), (-117, 123), (-97.9342, 181.679), (7.18909, 165.326), (11.3404, 91.9854), (-13.2149, 76.5507), (-100.087, 70.946)))
(((-23, 625), (28.6615, 545.521), (17.5134, 528.607), (-60.009, 514.879), (-65.1737, 519.696), (-90.813, 625), (-23, 625)))
(((31.0822, -615.803), (16.9017, -626.106), (-44.9017, -626.106), (-92.5106, -591.516), (-9.79293, -468.621), (26.4057, -484.86), (31.0822, -615.803)))
(((-30, -5.38636), (-30, 53), (-103.527, 53), (-97.6446, 71.1036), (-13.2149, 76.5507), (25.6764, 12.2956), (19.9882, -0.0845889), (-30, -5.38636)))
(((-30, -37.2778), (-30, -5.38636), (19.9882, -0.0845889), (20.6331, -1.43498), (11.2621, -76.4029), (6.725, -78.0833), (-30, -37.2778)))
(((-92.551, 180.841), (-103, 213), (-95.1734, 237.088), (-4.75255, 279.01), (-2.76295, 278.684), (39.3937, 189.101), (35.1467, 177.859), (7.18909, 165.326), (-92.551, 180.841)))
(((54.094, 414.513), (43.1612, 413.055), (-56.857, 469.962), (-60.009, 514.879), (17.5134, 528.607), (70.8427, 428.965), (54.094, 414.513)))
(((6.53005, -198.169), (0.925103, -199.879), (-23.9313, -174.291), (-15.2677, -136.486), (24.2781, -166.617), (6.53005, -198.169)))
(((22.5449, -322.522), (-18.6871, -329.292), (-24.7075, -286.396), (-9.5, -270.294), (27.8472, -277.983), (22.5449, -322.522)))
(((27.8472, -277.983), (-9.5, -270.294), (-9.5, -233.952), (33.1575, -246.336), (28.2123, -277.656), (27.8472, -277.983)))
(((52.7629, -345.211), (22.5691, -391.663), (15.7335, -393.527), (-28.5336, -357.496), (-27.9424, -339.959), (-18.6871, -329.292), (22.5449, -322.522), (49.3235, -335.912), (52.7629, -345.211)))
(((54.094, 414.513), (61.2743, 356.417), (24.4227, 286.526), (-2.76295, 278.684), (-4.75255, 279.01), (-26.6964, 366.786), (43.1612, 413.055), (54.094, 414.513)))
(((38.9011, -160.617), (24.2781, -166.617), (-15.2677, -136.486), (-15.5142, -134.909), (-7.56323, -124.243), (31.3036, -133.625), (43.4444, -150.622), (38.9011, -160.617)))
(((41.6667, -239.667), (33.1575, -246.336), (-9.5, -233.952), (-12.6526, -228.663), (0.925103, -199.879), (6.53005, -198.169), (39.3362, -209.371), (41.6667, -239.667)))
(((114.227, 625), (115.181, 622.066), (95.3529, 583.63), (28.6615, 545.521), (-23, 625), (114.227, 625)))
(((52.0909, -85.1212), (31.3036, -133.625), (-7.56323, -124.243), (-0.0958904, -85.6621), (6.725, -78.0833), (11.2621, -76.4029), (49.3066, -81.4088), (52.0909, -85.1212)))
(((63.8084, 71.2196), (43.3351, 23.4485), (25.6764, 12.2956), (-13.2149, 76.5507), (11.3404, 91.9854), (51.7212, 87.007), (63.8084, 71.2196)))
(((46.7603, -477.814), (26.4057, -484.86), (-9.79293, -468.621), (-14.1988, -462.502), (15.7335, -393.527), (22.5691, -391.663), (69.622, -417.542), (46.7603, -477.814)))
(((39.3362, -209.371), (6.53005, -198.169), (24.2781, -166.617), (38.9011, -160.617), (61.9074, -194.521), (39.3362, -209.371)))
(((49.3066, -81.4088), (11.2621, -76.4029), (20.6331, -1.43498), (71.52, -38.5686), (49.3066, -81.4088)))
(((51.7212, 87.007), (11.3404, 91.9854), (7.18909, 165.326), (35.1467, 177.859), (74.7404, 139.759), (51.7212, 87.007)))
(((49.3235, -335.912), (22.5449, -322.522), (27.8472, -277.983), (28.2123, -277.656), (55.924, -280.175), (71.2078, -309.651), (49.3235, -335.912)))
(((68.2297, -140.708), (43.4444, -150.622), (31.3036, -133.625), (52.0909, -85.1212), (78.1643, -104.791), (68.2297, -140.708)))
(((87.1402, 221.206), (39.3937, 189.101), (-2.76295, 278.684), (24.4227, 286.526), (78.3477, 268.551), (87.1402, 221.206)))
(((73.5828, -257.869), (55.924, -280.175), (28.2123, -277.656), (33.1575, -246.336), (41.6667, -239.667), (68.9241, -246.481), (73.5828, -257.869)))
(((111.088, -384.032), (105.681, -396.605), (69.622, -417.542), (22.5691, -391.663), (52.7629, -345.211), (107.5, -379.292), (111.088, -384.032)))
(((90.5882, -213), (68.9241, -246.481), (41.6667, -239.667), (39.3362, -209.371), (61.9074, -194.521), (68.1689, -194.851), (90.5882, -213)))
(((85.0323, -160), (68.1689, -194.851), (61.9074, -194.521), (38.9011, -160.617), (43.4444, -150.622), (68.2297, -140.708), (85.0323, -160)))
(((85.451, -32.7819), (71.52, -38.5686), (20.6331, -1.43498), (19.9882, -0.0845889), (25.6764, 12.2956), (43.3351, 23.4485), (96.496, 4.25143), (85.451, -32.7819)))
(((31.1365, -617.321), (26.4057, -484.86), (46.7603, -477.814), (92.5, -490.085), (92.5, -623.106), (39.0983, -623.106), (31.1365, -617.321)))
(((89.2812, 433.062), (70.8427, 428.965), (17.5134, 528.607), (28.6615, 545.521), (95.3529, 583.63), (118.026, 490.552), (89.2812, 433.062)))
(((115, 295.153), (78.3477, 268.551), (24.4227, 286.526), (61.2743, 356.417), (115, 310.75), (115, 295.153)))
(((102.094, -300.196), (71.2078, -309.651), (55.924, -280.175), (73.5828, -257.869), (100.553, -272.447), (102.094, -300.196)))
(((96.496, 4.25143), (43.3351, 23.4485), (63.8084, 71.2196), (95.5189, 64.4245), (108.145, 13.9219), (96.496, 4.25143)))
(((106.662, 141.418), (74.7404, 139.759), (35.1467, 177.859), (39.3937, 189.101), (87.1402, 221.206), (118.338, 207.585), (106.662, 141.418)))
(((107.5, -304.25), (107.5, -379.292), (52.7629, -345.211), (49.3235, -335.912), (71.2078, -309.651), (102.094, -300.196), (107.5, -304.25)))
(((124.232, -66.9752), (121.146, -80.1456), (91.0919, -104.052), (78.1643, -104.791), (52.0909, -85.1212), (49.3066, -81.4088), (71.52, -38.5686), (85.451, -32.7819), (122.968, -56.2302), (124.232, -66.9752)))
(((146.408, 97.4581), (95.5189, 64.4245), (63.8084, 71.2196), (51.7212, 87.007), (74.7404, 139.759), (106.662, 141.418), (131.065, 124.551), (146.453, 98.686), (146.408, 97.4581)))
(((136.949, -477.618), (92.5, -490.085), (46.7603, -477.814), (69.622, -417.542), (105.681, -396.605), (136.949, -477.618)))
(((125.543, -247.457), (100.553, -272.447), (73.5828, -257.869), (68.9241, -246.481), (90.5882, -213), (92, -213), (126.47, -243.415), (125.543, -247.457)))
(((115.389, -189.611), (92, -213), (90.5882, -213), (68.1689, -194.851), (85.0323, -160), (106.929, -160), (115.389, -189.611)))
(((106.929, -160), (85.0323, -160), (68.2297, -140.708), (78.1643, -104.791), (91.0919, -104.052), (123.142, -142.266), (106.929, -160)))
(((100.014, 427.65), (148.408, 352.511), (115, 310.75), (61.2743, 356.417), (54.094, 414.513), (70.8427, 428.965), (89.2812, 433.062), (100.014, 427.65)))
(((92.5, -623.106), (92.5, -490.085), (136.949, -477.618), (205.961, -500.179), (215, -528), (195.902, -586.779), (145.902, -623.106), (92.5, -623.106)))
(((170.089, 220.522), (118.338, 207.585), (87.1402, 221.206), (78.3477, 268.551), (115, 295.153), (162.186, 265.472), (170.089, 220.522)))
(((146.992, -33.4076), (122.968, -56.2302), (85.451, -32.7819), (96.496, 4.25143), (108.145, 13.9219), (126.386, 11.7108), (149.934, -5.95041), (146.992, -33.4076)))
(((139.705, -234.868), (126.47, -243.415), (92, -213), (115.389, -189.611), (146.242, -193.468), (139.705, -234.868)))
(((137.19, -141.297), (123.142, -142.266), (91.0919, -104.052), (121.146, -80.1456), (154.979, -113.979), (137.19, -141.297)))
(((136.419, -377.767), (111.088, -384.032), (107.5, -379.292), (107.5, -304.25), (146.524, -305.751), (157.823, -340.31), (136.419, -377.767)))
(((146.524, -305.751), (107.5, -304.25), (102.094, -300.196), (100.553, -272.447), (125.543, -247.457), (157.31, -290.343), (146.524, -305.751)))
(((164.906, 71.6314), (126.386, 11.7108), (108.145, 13.9219), (95.5189, 64.4245), (146.408, 97.4581), (164.906, 71.6314)))
(((150.302, -190.555), (146.242, -193.468), (115.389, -189.611), (106.929, -160), (123.142, -142.266), (137.19, -141.297), (157.582, -167.806), (150.302, -190.555)))
(((184.418, 205.851), (131.065, 124.551), (106.662, 141.418), (118.338, 207.585), (170.089, 220.522), (183.881, 210.322), (184.418, 205.851)))
(((205.954, -500.177), (136.949, -477.618), (105.681, -396.605), (111.088, -384.032), (136.419, -377.767), (201.577, -413.017), (228.692, -483.658), (205.954, -500.177)))
(((184.176, 625), (229.902, 591.779), (231.249, 587.632), (196.665, 509.616), (118.026, 490.552), (95.3529, 583.63), (116.694, 625), (184.176, 625)))
(((176.988, -108.573), (154.979, -113.979), (121.146, -80.1456), (124.232, -66.9752), (177.675, -76.2696), (176.988, -108.573)))
(((196.51, -252.624), (186.174, -278.273), (157.31, -290.343), (125.543, -247.457), (126.47, -243.415), (139.705, -234.868), (189.124, -243.104), (196.51, -252.624)))
(((210, 16.2963), (149.934, -5.95041), (126.386, 11.7108), (164.906, 71.6314), (210, 42.4155), (210, 16.2963)))
(((212.257, 322.073), (162.186, 265.472), (115, 295.153), (115, 310.75), (148.408, 352.511), (187.055, 348.051), (212.257, 322.073)))
(((177.675, -76.2696), (124.232, -66.9752), (122.968, -56.2302), (146.992, -33.4076), (189.143, -55.7228), (177.675, -76.2696)))
(((189.124, -243.104), (139.705, -234.868), (146.242, -193.468), (150.302, -190.555), (187.265, -211.5), (189.124, -243.104)))
(((205.202, 429.016), (100.014, 427.65), (89.2812, 433.062), (118.026, 490.552), (196.665, 509.616), (217.299, 436.946), (205.202, 429.016)))
(((187.055, 348.051), (148.408, 352.511), (100.014, 427.65), (205.202, 429.016), (187.055, 348.051)))
(((187.5, -114.768), (187.5, -160.652), (157.582, -167.806), (137.19, -141.297), (154.979, -113.979), (176.988, -108.573), (187.5, -114.768)))
(((215.423, 141.962), (146.453, 98.686), (131.065, 124.551), (184.418, 205.851), (215.423, 141.962)))
(((210, -46.7328), (189.143, -55.7228), (146.992, -33.4076), (149.934, -5.95041), (210, 16.2963), (210, -46.7328)))
(((204.125, -336.531), (157.823, -340.31), (146.524, -305.751), (157.31, -290.343), (186.174, -278.273), (209.772, -315.356), (204.125, -336.531)))
(((208.281, -185.035), (187.265, -211.5), (150.302, -190.555), (157.582, -167.806), (187.5, -160.652), (206.514, -172.226), (208.281, -185.035)))
(((201.577, -413.017), (136.419, -377.767), (157.823, -340.31), (204.125, -336.531), (219.274, -362.237), (201.577, -413.017)))
(((210, -46.7328), (210, -53), (247.308, -53), (220.428, -111.24), (187.5, -114.768), (176.988, -108.573), (177.675, -76.2696), (189.143, -55.7228), (210, -46.7328)))
(((287.379, 53), (210, 53), (210, 42.4155), (164.906, 71.6314), (146.408, 97.4581), (146.453, 98.686), (215.423, 141.962), (299.412, 105.966), (302, 98), (287.379, 53)))
(((222.482, -114.193), (225.036, -157.604), (206.514, -172.226), (187.5, -160.652), (187.5, -114.768), (220.428, -111.24), (222.482, -114.193)))
(((214.363, 321.789), (264.293, 238.083), (183.881, 210.322), (170.089, 220.522), (162.186, 265.472), (212.257, 322.073), (214.363, 321.789)))
(((204.441, -251.632), (196.51, -252.624), (189.124, -243.104), (187.265, -211.5), (208.281, -185.035), (250.016, -213.654), (204.441, -251.632)))
(((252.98, -299.644), (209.772, -315.356), (186.174, -278.273), (196.51, -252.624), (204.441, -251.632), (227.25, -264.938), (252.462, -283.847), (252.98, -299.644)))
(((302.716, 369.982), (214.363, 321.789), (212.257, 322.073), (187.055, 348.051), (205.202, 429.016), (217.299, 436.946), (247.791, 431.01), (302.716, 369.982)))
(((261.888, -212.65), (250.016, -213.654), (208.281, -185.035), (206.514, -172.226), (225.036, -157.604), (259.819, -161.082), (285.548, -184.973), (261.888, -212.65)))
(((301.885, -347.485), (219.274, -362.237), (204.125, -336.531), (209.772, -315.356), (252.98, -299.644), (301.885, -347.485)))
(((296.733, 107.115), (215.423, 141.962), (184.418, 205.851), (183.881, 210.322), (264.293, 238.083), (324.413, 223.817), (338, 182), (318.902, 123.221), (296.733, 107.115)))
(((259.819, -161.082), (225.036, -157.604), (222.482, -114.193), (257.95, -128.38), (259.819, -161.082)))
(((268.701, -233.849), (227.25, -264.938), (204.441, -251.632), (250.016, -213.654), (261.888, -212.65), (268.701, -233.849)))
(((276.929, -253.671), (252.462, -283.847), (227.25, -264.938), (268.701, -233.849), (276.929, -253.671)))
(((328.205, 544.766), (247.791, 431.01), (217.299, 436.946), (196.665, 509.616), (230.129, 585.106), (276.902, 585.106), (326.902, 548.779), (328.205, 544.766)))
(((227.712, -481.106), (201.577, -413.017), (219.274, -362.237), (301.885, -347.485), (339.702, -360.461), (348, -386), (328.902, -444.779), (278.902, -481.106), (227.712, -481.106)))
(((247.308, -53), (334.804, -53), (337.946, -62.6692), (257.95, -128.38), (222.482, -114.193), (220.428, -111.24), (247.308, -53)))
(((323.308, 224.08), (264.293, 238.083), (214.363, 321.789), (302.716, 369.982), (346.925, 358.707), (366, 300), (346.902, 241.221), (323.308, 224.08)))
(((370.494, -120.054), (289.355, -184.051), (285.548, -184.973), (259.819, -161.082), (257.95, -128.38), (336.796, -63.6139), (356.902, -78.2215), (370.494, -120.054)))
(((339.608, -360.429), (301.885, -347.485), (252.98, -299.644), (252.462, -283.847), (276.929, -253.671), (358.167, -278.667), (380.132, -292.828), (363.902, -342.779), (339.608, -360.429)))
(((289.355, -184.051), (358.167, -278.667), (276.929, -253.671), (268.701, -233.849), (261.888, -212.65), (285.548, -184.973), (289.355, -184.051)))
(((400, 461.311), (400, 436.689), (384.902, 390.221), (342.929, 359.726), (302.716, 369.982), (247.791, 431.01), (327.738, 544.106), (334.902, 544.106), (384.902, 507.779), (400, 461.311)))
(((400, -139.848), (400, -276.152), (378.497, -291.775), (358.167, -278.667), (289.355, -184.051), (371.579, -119.199), (400, -139.848)))
