(((-225, -60), (-187.667, -102), (-186.676, -113.882), (-215.276, -144.682), (-225, -145.594), (-225, -60)))
(((-225, -145.594), (-215.276, -144.682), (-178.305, -166.087), (-205.865, -224.449), (-219.086, -235.545), (-225, -235.746), (-225, -145.594)))
(((-225, 466.894), (-225, 625), (-170.174, 625), (-164.204, 487.683), (-189.189, 466.894), (-225, 466.894)))
(((-225, -235.746), (-219.086, -235.545), (-207.135, -243.834), (-169.152, -315.332), (-174.615, -322.859), (-225, -349.179), (-225, -235.746)))
(((-225, -360.618), (-176.856, -388.937), (-167.45, -425.778), (-176.225, -437.093), (-225, -471.798), (-225, -360.618)))
(((-169.605, -163.872), (-178.305, -166.087), (-215.276, -144.682), (-186.676, -113.882), (-158.649, -132.568), (-169.605, -163.872)))
(((-225, -482.213), (-155.438, -501.65), (-136.32, -547.533), (-138.751, -551.585), (-225, -580.822), (-225, -482.213)))
(((-225, -60), (-225, -53), (-148.5, -53), (-148.5, -85.2143), (-187.667, -102), (-225, -60)))
(((-139.552, -277.359), (-161.62, -311.687), (-169.152, -315.332), (-207.135, -243.834), (-149.721, -257.868), (-139.552, -277.359)))
(((-144.193, -179.988), (-163.741, -212.568), (-205.865, -224.449), (-178.305, -166.087), (-169.605, -163.872), (-144.193, -179.988)))
(((-225, -360.618), (-225, -349.179), (-174.615, -322.859), (-143.583, -360.943), (-145.539, -375.286), (-176.856, -388.937), (-225, -360.618)))
(((-133.444, -121.111), (-158.649, -132.568), (-186.676, -113.882), (-187.667, -102), (-148.5, -85.2143), (-129.95, -112.376), (-133.444, -121.111)))
(((-225, -482.213), (-225, -471.798), (-176.225, -437.093), (-129.624, -477.037), (-155.438, -501.65), (-225, -482.213)))
(((-126.953, -800), (-189.047, -800), (-225, -773.879), (-225, -648), (-123.241, -648), (-110.811, -788.272), (-126.953, -800)))
(((-225, -580.822), (-138.751, -551.585), (-115.638, -642.387), (-123.241, -648), (-225, -648), (-225, -580.822)))
(((-136.5, -235.833), (-149.721, -257.868), (-207.135, -243.834), (-219.086, -235.545), (-205.865, -224.449), (-163.741, -212.568), (-136.5, -228.458), (-136.5, -235.833)))
(((-132.28, -424.371), (-167.45, -425.778), (-176.856, -388.937), (-145.539, -375.286), (-123.182, -393.578), (-132.28, -424.371)))
(((-122.376, -473.349), (-129.624, -477.037), (-176.225, -437.093), (-167.45, -425.778), (-132.28, -424.371), (-120.96, -437.221), (-122.376, -473.349)))
(((-117.022, -204.922), (-136.5, -228.458), (-163.741, -212.568), (-144.193, -179.988), (-131.386, -180.216), (-117.022, -204.922)))
(((-131.386, -180.216), (-144.193, -179.988), (-169.605, -163.872), (-158.649, -132.568), (-133.444, -121.111), (-114.995, -158.01), (-131.386, -180.216)))
(((-102.5, -336), (-143.583, -360.943), (-174.615, -322.859), (-169.152, -315.332), (-161.62, -311.687), (-104.374, -331.315), (-102.5, -336)))
(((-99.8795, 625), (-87.1732, 543.875), (-121.393, 499.389), (-164.204, 487.683), (-170.174, 625), (-99.8795, 625)))
(((-104.374, -331.315), (-161.62, -311.687), (-139.552, -277.359), (-119.866, -278.903), (-98.9227, -299.211), (-104.374, -331.315)))
(((-119.866, -278.903), (-139.552, -277.359), (-149.721, -257.868), (-136.5, -235.833), (-100.898, -249.396), (-119.866, -278.903)))
(((-101.808, -336.615), (-94.2531, -382.887), (-123.182, -393.578), (-145.539, -375.286), (-143.583, -360.943), (-102.5, -336), (-101.808, -336.615)))
(((-95.4921, -53), (-90.2612, -72.3848), (-116.963, -107.631), (-129.95, -112.376), (-148.5, -85.2143), (-148.5, -53), (-95.4921, -53)))
(((-76, -534.607), (-136.32, -547.533), (-155.438, -501.65), (-129.624, -477.037), (-122.376, -473.349), (-101.249, -481.801), (-73.4351, -532.079), (-76, -534.607)))
(((-96.0812, -246.926), (-100.898, -249.396), (-136.5, -235.833), (-136.5, -228.458), (-117.022, -204.922), (-106.232, -208.005), (-92.964, -230.561), (-96.0812, -246.926)))
(((-73.7216, -426.32), (-120.96, -437.221), (-132.28, -424.371), (-123.182, -393.578), (-94.2531, -382.887), (-92.9849, -383.639), (-73.6966, -426.276), (-73.7216, -426.32)))
(((-78.8921, -635.098), (-115.638, -642.387), (-138.751, -551.585), (-136.32, -547.533), (-76, -534.607), (-76, -628.431), (-78.8921, -635.098)))
(((-74.1441, -130.72), (-78.2857, -151.429), (-83.8966, -156.79), (-114.995, -158.01), (-133.444, -121.111), (-129.95, -112.376), (-116.963, -107.631), (-75, -129.389), (-74.1441, -130.72)))
(((-79.1364, -189.318), (-106.232, -208.005), (-117.022, -204.922), (-131.386, -180.216), (-114.995, -158.01), (-83.8966, -156.79), (-79.1364, -189.318)))
(((-127.872, 341.894), (-128.902, 341.894), (-178.902, 378.221), (-198, 437), (-187.952, 467.924), (-164.204, 487.683), (-121.393, 499.389), (-34.779, 444.618), (-118.937, 345.431), (-127.872, 341.894)))
(((-70.2687, -455.094), (-101.249, -481.801), (-122.376, -473.349), (-120.96, -437.221), (-73.7216, -426.32), (-70.2687, -455.094)))
(((-73.9878, -286.744), (-98.9227, -299.211), (-119.866, -278.903), (-100.898, -249.396), (-96.0812, -246.926), (-68.7702, -266.308), (-73.9878, -286.744)))
(((-75, -83.2857), (-75, -129.389), (-116.963, -107.631), (-90.2612, -72.3848), (-75, -83.2857)))
(((-63.266, -222.076), (-92.964, -230.561), (-106.232, -208.005), (-79.1364, -189.318), (-62.6311, -199.221), (-63.266, -222.076)))
(((-75.7019, -793.106), (-109.902, -793.106), (-110.416, -792.732), (-123.241, -648), (-115.638, -642.387), (-78.8921, -635.098), (-33.5287, -666.586), (-75.7019, -793.106)))
(((-57.8397, -335.66), (-101.808, -336.615), (-102.5, -336), (-104.374, -331.315), (-98.9227, -299.211), (-73.9878, -286.744), (-52.8119, -305.096), (-54.7616, -331.742), (-57.8397, -335.66)))
(((-46.8099, -370.446), (-92.9849, -383.639), (-94.2531, -382.887), (-101.808, -336.615), (-57.8397, -335.66), (-46.8099, -370.446)))
(((-49.216, -254.94), (-68.7702, -266.308), (-96.0812, -246.926), (-92.964, -230.561), (-63.266, -222.076), (-46.748, -239.206), (-49.216, -254.94)))
(((-73.4351, -532.079), (-101.249, -481.801), (-70.2687, -455.094), (-49.4609, -469.957), (-45.2664, -481.059), (-69.0869, -531.082), (-73.4351, -532.079)))
(((-45.0796, -371.563), (-47.8841, -417.837), (-73.6966, -426.276), (-92.9849, -383.639), (-46.8099, -370.446), (-45.0796, -371.563)))
(((-43.0547, -120.085), (-74.1441, -130.72), (-75, -129.389), (-75, -83.2857), (-44.064, -84.7589), (-43.0547, -120.085)))
(((-35.3596, -168.781), (-37.4833, -188.743), (-62.6311, -199.221), (-79.1364, -189.318), (-83.8966, -156.79), (-78.2857, -151.429), (-36.6964, -166.107), (-35.3596, -168.781)))
(((-35.9091, -53), (-32.8974, -58.5215), (-39.2076, -80.85), (-44.064, -84.7589), (-75, -83.2857), (-90.2612, -72.3848), (-95.4921, -53), (-35.9091, -53)))
(((-10.226, 449.172), (-34.779, 444.618), (-121.393, 499.389), (-87.1732, 543.875), (-20.652, 539.319), (2.59664, 463.063), (-10.226, 449.172)))
(((32.7597, 625), (-20.652, 539.319), (-87.1732, 543.875), (-99.8795, 625), (32.7597, 625)))
(((-13.2141, -577.853), (-76, -628.431), (-76, -534.607), (-73.4351, -532.079), (-69.0869, -531.082), (-37.8937, -539.291), (-13.2141, -577.853)))
(((-20.1127, -290.233), (-52.8119, -305.096), (-73.9878, -286.744), (-68.7702, -266.308), (-49.216, -254.94), (-15.5604, -279.941), (-20.1127, -290.233)))
(((-36.6964, -166.107), (-78.2857, -151.429), (-74.1441, -130.72), (-43.0547, -120.085), (-25.0861, -130.221), (-36.6964, -166.107)))
(((-26.4882, -444.431), (-49.4609, -469.957), (-70.2687, -455.094), (-73.7216, -426.32), (-73.6966, -426.276), (-47.8841, -417.837), (-30.9458, -423.257), (-26.4882, -444.431)))
(((-19.6797, -221.418), (-46.748, -239.206), (-63.266, -222.076), (-62.6311, -199.221), (-37.4833, -188.743), (-17.7816, -209.08), (-19.6797, -221.418)))
(((-86.1958, 103.827), (-123.902, 131.221), (-143, 190), (-125.738, 243.126), (-28.2204, 241.232), (-16.8997, 231.997), (-9.18464, 154.846), (-86.1958, 103.827)))
(((-124.789, 243.108), (-141, 293), (-124.706, 343.148), (-118.937, 345.431), (9.74905, 332.27), (10.0359, 326.246), (-28.2204, 241.232), (-124.789, 243.108)))
(((-16.9146, -330.48), (-54.7616, -331.742), (-52.8119, -305.096), (-20.1127, -290.233), (-11.3431, -322.68), (-16.9146, -330.48)))
(((-11.0731, -370.203), (-45.0796, -371.563), (-46.8099, -370.446), (-57.8397, -335.66), (-54.7616, -331.742), (-16.9146, -330.48), (-11.0731, -370.203)))
(((24.1289, 348.902), (9.74905, 332.27), (-118.937, 345.431), (-34.779, 444.618), (-10.226, 449.172), (24.2184, 349.529), (24.1289, 348.902)))
(((2.61715, -397.213), (-5.24779, -409.796), (-30.9458, -423.257), (-47.8841, -417.837), (-45.0796, -371.563), (-11.0731, -370.203), (-1.93086, -375.522), (2.61715, -397.213)))
(((-6.23016, -517.702), (-37.8937, -539.291), (-69.0869, -531.082), (-45.2664, -481.059), (-9.5, -483.959), (1.11551, -494.288), (-6.23016, -517.702)))
(((-9.5, -483.959), (-45.2664, -481.059), (-49.4609, -469.957), (-26.4882, -444.431), (-9.5, -456.192), (-9.5, -483.959)))
(((1.00303, -123.959), (-25.0861, -130.221), (-43.0547, -120.085), (-44.064, -84.7589), (-39.2076, -80.85), (-4.52063, -96.9547), (1.00303, -123.959)))
(((-15.5604, -279.941), (-49.216, -254.94), (-46.748, -239.206), (-19.6797, -221.418), (-2.70166, -239.654), (-5.60638, -275.479), (-15.5604, -279.941)))
(((-9.32727, -665.673), (-33.5287, -666.586), (-78.8921, -635.098), (-76, -628.431), (-13.2141, -577.853), (-0.0210138, -581.927), (8.56212, -640.783), (-9.32727, -665.673)))
(((-3.20122, -800), (-66.3165, -800), (-75.7221, -793.166), (-33.5287, -666.586), (-9.32727, -665.673), (36.6597, -711.66), (-3.20122, -800)))
(((-35.9091, -53), (-30, -53), (-30, 0.462687), (-1.37604, -6.80011), (17.6551, -52.8755), (16.4824, -55.8523), (-32.8974, -58.5215), (-35.9091, -53)))
(((5.26298, -126.27), (4.15217, -167.37), (-35.3596, -168.781), (-36.6964, -166.107), (-25.0861, -130.221), (1.00303, -123.959), (5.26298, -126.27)))
(((14.7011, -192.423), (-17.7816, -209.08), (-37.4833, -188.743), (-35.3596, -168.781), (4.15217, -167.37), (17.7674, -185.523), (14.7011, -192.423)))
(((17.3998, -61.1898), (-4.52063, -96.9547), (-39.2076, -80.85), (-32.8974, -58.5215), (16.4824, -55.8523), (17.3998, -61.1898)))
(((10.7687, -444.499), (-9.5, -456.192), (-26.4882, -444.431), (-30.9458, -423.257), (-5.24779, -409.796), (10.7687, -444.499)))
(((25.1643, -570.78), (-0.0210138, -581.927), (-13.2141, -577.853), (-37.8937, -539.291), (-6.23016, -517.702), (23.8371, -540.253), (25.1643, -570.78)))
(((18.4149, -360.989), (-1.93086, -375.522), (-11.0731, -370.203), (-16.9146, -330.48), (-11.3431, -322.68), (20.5, -324.5), (18.4149, -360.989)))
(((-30, 0.462687), (-30, 53), (-89.877, 53), (-81.8922, 77.5748), (10.5382, 68.5573), (31.7671, 50.7401), (28.9666, 11.5319), (-1.37604, -6.80011), (-30, 0.462687)))
(((25.7074, -319.856), (20.5, -324.5), (-11.3431, -322.68), (-20.1127, -290.233), (-15.5604, -279.941), (-5.60638, -275.479), (23.875, -281.375), (25.7074, -319.856)))
(((33.3116, -485.176), (1.11551, -494.288), (-9.5, -483.959), (-9.5, -456.192), (10.7687, -444.499), (32.5507, -450.804), (37.3339, -479.503), (33.3116, -485.176)))
(((31.5132, -230.53), (-2.70166, -239.654), (-19.6797, -221.418), (-17.7816, -209.08), (14.7011, -192.423), (31.5132, -230.53)))
(((-79.385, 77.3302), (-87.6756, 102.846), (-9.18464, 154.846), (44.839, 150.449), (46.3147, 149.606), (49.7878, 127.432), (10.5382, 68.5573), (-79.385, 77.3302)))
(((45.9801, -258.907), (36.8095, -273.81), (23.875, -281.375), (-5.60638, -275.479), (-2.70166, -239.654), (31.5132, -230.53), (41.0842, -236.06), (45.9801, -258.907)))
(((44.839, 150.449), (-9.18464, 154.846), (-16.8997, 231.997), (35.9459, 230.487), (44.839, 150.449)))
(((51.7518, -422.334), (32.5507, -450.804), (10.7687, -444.499), (-5.24779, -409.796), (2.61715, -397.213), (43.5736, -410.547), (51.7518, -422.334)))
(((44.622, -91.1341), (16.5319, -125.331), (5.26298, -126.27), (1.00303, -123.959), (-4.52063, -96.9547), (17.3998, -61.1898), (44.622, -91.1341)))
(((63.2043, 248.52), (35.9459, 230.487), (-16.8997, 231.997), (-28.2204, 241.232), (10.0359, 326.246), (63.1702, 251.526), (63.2043, 248.52)))
(((45.3489, -519.568), (23.8371, -540.253), (-6.23016, -517.702), (1.11551, -494.288), (33.3116, -485.176), (45.3489, -519.568)))
(((41.3644, -177.195), (17.7674, -185.523), (4.15217, -167.37), (5.26298, -126.27), (16.5319, -125.331), (39.1403, -139.384), (41.3644, -177.195)))
(((58.0471, 625), (84.3665, 605.878), (111.689, 519.842), (72.6858, 475.807), (2.59664, 463.063), (-20.652, 539.319), (32.7597, 625), (58.0471, 625)))
(((77.1373, -620.081), (8.56212, -640.783), (-0.0210138, -581.927), (25.1643, -570.78), (45.9084, -577.036), (77.1373, -620.081)))
(((54.6942, -36.4137), (17.6551, -52.8755), (-1.37604, -6.80011), (28.9666, 11.5319), (52.4589, -2.88389), (54.6942, -36.4137)))
(((55.0582, -365.885), (43.5736, -410.547), (2.61715, -397.213), (-1.93086, -375.522), (18.4149, -360.989), (54.6771, -365.522), (55.0582, -365.885)))
(((54.6771, -365.522), (18.4149, -360.989), (20.5, -324.5), (25.7074, -319.856), (53.5228, -326.274), (54.6771, -365.522)))
(((60.1618, -218.717), (41.0842, -236.06), (31.5132, -230.53), (14.7011, -192.423), (17.7674, -185.523), (41.3644, -177.195), (51.4752, -180.247), (60.1618, -218.717)))
(((80, -621.194), (80, -701.83), (36.6597, -711.66), (-9.32727, -665.673), (8.56212, -640.783), (77.1373, -620.081), (80, -621.194)))
(((59.2451, -322.51), (53.5228, -326.274), (25.7074, -319.856), (23.875, -281.375), (36.8095, -273.81), (68, -305), (59.2451, -322.51)))
(((67.2105, -111.5), (62.913, -131.913), (39.1403, -139.384), (16.5319, -125.331), (44.622, -91.1341), (56.5791, -92.2622), (67.2105, -111.5)))
(((78.3084, -537.159), (45.9084, -577.036), (25.1643, -570.78), (23.8371, -540.253), (45.3489, -519.568), (77.5189, -531.632), (78.3084, -537.159)))
(((82.7581, 65.7581), (74.0882, 57.0882), (31.7671, 50.7401), (10.5382, 68.5573), (49.7878, 127.432), (85.4725, 87.172), (82.7581, 65.7581)))
(((95.0947, 409.38), (24.2184, 349.529), (-10.226, 449.172), (2.59664, 463.063), (72.6858, 475.807), (95.0947, 409.38)))
(((79.5429, -68.5807), (56.5791, -92.2622), (44.622, -91.1341), (17.3998, -61.1898), (16.4824, -55.8523), (17.6551, -52.8755), (54.6942, -36.4137), (77.7427, -48.4181), (79.5429, -68.5807)))
(((74.007, -172.9), (51.4752, -180.247), (41.3644, -177.195), (39.1403, -139.384), (62.913, -131.913), (84.4242, -153.424), (74.007, -172.9)))
(((82.7701, 10.4234), (52.4589, -2.88389), (28.9666, 11.5319), (31.7671, 50.7401), (74.0882, 57.0882), (82.7701, 10.4234)))
(((76.877, -478.68), (37.3339, -479.503), (32.5507, -450.804), (51.7518, -422.334), (64.53, -423.55), (90.9759, -446.03), (76.877, -478.68)))
(((77.5189, -531.632), (45.3489, -519.568), (33.3116, -485.176), (37.3339, -479.503), (76.877, -478.68), (94.6743, -505.069), (77.5189, -531.632)))
(((97.5, 169.949), (46.3147, 149.606), (44.839, 150.449), (35.9459, 230.487), (63.2043, 248.52), (97.5, 225.136), (97.5, 169.949)))
(((63.1702, 251.526), (10.0359, 326.246), (9.74905, 332.27), (24.1289, 348.902), (111.437, 318.477), (63.1702, 251.526)))
(((-3.20122, -800), (36.6597, -711.66), (80, -701.83), (162.159, -744.18), (166, -756), (151.704, -800), (-3.20122, -800)))
(((89.8076, -392.778), (64.53, -423.55), (51.7518, -422.334), (43.5736, -410.547), (55.0582, -365.885), (81.963, -368.037), (89.8076, -392.778)))
(((99.4288, -264.508), (86.539, -297.87), (68, -305), (36.8095, -273.81), (45.9801, -258.907), (99.3088, -263.755), (99.4288, -264.508)))
(((91.7, -358.3), (81.963, -368.037), (55.0582, -365.885), (54.6771, -365.522), (53.5228, -326.274), (59.2451, -322.51), (93.2532, -341.214), (91.7, -358.3)))
(((99.3088, -263.755), (45.9801, -258.907), (41.0842, -236.06), (60.1618, -218.717), (82.0174, -219.263), (105.895, -250.782), (99.3088, -263.755)))
(((82.0174, -219.263), (60.1618, -218.717), (51.4752, -180.247), (74.007, -172.9), (92.9438, -195.953), (82.0174, -219.263)))
(((110.23, -24.9967), (77.7427, -48.4181), (54.6942, -36.4137), (52.4589, -2.88389), (82.7701, 10.4234), (107.041, -1.95946), (110.23, -24.9967)))
(((95.658, -614.757), (80, -621.194), (77.1373, -620.081), (45.9084, -577.036), (78.3084, -537.159), (115.733, -570.306), (95.658, -614.757)))
(((93.2532, -341.214), (59.2451, -322.51), (68, -305), (86.539, -297.87), (106.061, -323.603), (93.2532, -341.214)))
(((99.7189, -148.53), (84.4242, -153.424), (62.913, -131.913), (67.2105, -111.5), (103.833, -111.5), (99.7189, -148.53)))
(((103.833, -111.5), (67.2105, -111.5), (56.5791, -92.2622), (79.5429, -68.5807), (105.5, -84.7162), (105.5, -109.682), (103.833, -111.5)))
(((127.941, 325.472), (122.617, 320.782), (111.437, 318.477), (24.1289, 348.902), (24.2184, 349.529), (95.0947, 409.38), (137.373, 383.318), (127.941, 325.472)))
(((125.301, 109.576), (85.4725, 87.172), (49.7878, 127.432), (46.3147, 149.606), (97.5, 169.949), (126.005, 155.331), (125.301, 109.576)))
(((123.91, -440.448), (90.9759, -446.03), (64.53, -423.55), (89.8076, -392.778), (119.5, -403.5), (126.728, -425.183), (123.91, -440.448)))
(((118.046, -193.311), (92.9438, -195.953), (74.007, -172.9), (84.4242, -153.424), (99.7189, -148.53), (119.029, -156.926), (118.046, -193.311)))
(((140.753, 31.7526), (107.041, -1.95946), (82.7701, 10.4234), (74.0882, 57.0882), (82.7581, 65.7581), (137.636, 41.5098), (140.753, 31.7526)))
(((132.363, -236.179), (105.895, -250.782), (82.0174, -219.263), (92.9438, -195.953), (118.046, -193.311), (126.471, -200.825), (132.363, -236.179)))
(((126.572, -443.563), (123.617, -502.657), (94.6743, -505.069), (76.877, -478.68), (90.9759, -446.03), (123.91, -440.448), (126.572, -443.563)))
(((130.577, -71.1612), (105.5, -84.7162), (79.5429, -68.5807), (77.7427, -48.4181), (110.23, -24.9967), (139.869, -44.3762), (130.577, -71.1612)))
(((122.617, 320.782), (141.473, 242.459), (97.5, 225.136), (63.2043, 248.52), (63.1702, 251.526), (111.437, 318.477), (122.617, 320.782)))
(((119.5, -403.5), (89.8076, -392.778), (81.963, -368.037), (91.7, -358.3), (122.235, -364.777), (130.786, -380.929), (119.5, -403.5)))
(((129.286, -563.637), (115.733, -570.306), (78.3084, -537.159), (77.5189, -531.632), (94.6743, -505.069), (123.617, -502.657), (142.841, -514.258), (129.286, -563.637)))
(((136.134, -298.95), (129.749, -321.544), (106.061, -323.603), (86.539, -297.87), (99.4288, -264.508), (135.767, -296.952), (136.134, -298.95)))
(((139.417, -333.849), (122.235, -364.777), (91.7, -358.3), (93.2532, -341.214), (106.061, -323.603), (129.749, -321.544), (139.417, -333.849)))
(((161.226, -743.699), (80, -701.83), (80, -621.194), (95.658, -614.757), (214.77, -662.786), (196.902, -717.779), (161.226, -743.699)))
(((133.505, -151.69), (119.029, -156.926), (99.7189, -148.53), (103.833, -111.5), (105.5, -109.682), (150.187, -119.161), (133.505, -151.69)))
(((137.636, 41.5098), (82.7581, 65.7581), (85.4725, 87.172), (125.301, 109.576), (154.433, 86.0223), (137.636, 41.5098)))
(((153.976, -116.873), (150.187, -119.161), (105.5, -109.682), (105.5, -84.7162), (130.577, -71.1612), (154.893, -106.42), (153.976, -116.873)))
(((200.098, 416.82), (137.373, 383.318), (95.0947, 409.38), (72.6858, 475.807), (111.689, 519.842), (150.388, 507.956), (200.098, 416.82)))
(((180.325, 172.521), (126.005, 155.331), (97.5, 169.949), (97.5, 225.136), (141.473, 242.459), (177.845, 229.568), (180.325, 172.521)))
(((164.637, -260.484), (135.767, -296.952), (99.4288, -264.508), (99.3088, -263.755), (105.895, -250.782), (132.363, -236.179), (155.94, -241.894), (164.514, -256.899), (164.637, -260.484)))
(((155.313, -185.907), (126.471, -200.825), (118.046, -193.311), (119.029, -156.926), (133.505, -151.69), (160.812, -173.939), (155.313, -185.907)))
(((213.153, -662.134), (95.658, -614.757), (115.733, -570.306), (129.286, -563.637), (175.055, -582.318), (224.222, -648.637), (221.902, -655.779), (213.153, -662.134)))
(((153.394, -41.4362), (139.869, -44.3762), (110.23, -24.9967), (107.041, -1.95946), (140.753, 31.7526), (176.606, 13.5412), (153.394, -41.4362)))
(((159.637, -377.81), (130.786, -380.929), (122.235, -364.777), (139.417, -333.849), (173.162, -344.394), (159.637, -377.81)))
(((188.425, -465.556), (146.719, -513.396), (142.841, -514.258), (123.617, -502.657), (126.572, -443.563), (186.449, -461.892), (188.425, -465.556)))
(((172.851, -402.917), (126.728, -425.183), (119.5, -403.5), (130.786, -380.929), (159.637, -377.81), (172.851, -402.917)))
(((155.94, -241.894), (132.363, -236.179), (126.471, -200.825), (155.313, -185.907), (174.16, -220.459), (155.94, -241.894)))
(((191.263, -65.6854), (154.893, -106.42), (130.577, -71.1612), (139.869, -44.3762), (153.394, -41.4362), (191.391, -64.2346), (191.263, -65.6854)))
(((173.162, -344.394), (139.417, -333.849), (129.749, -321.544), (136.134, -298.95), (178.696, -304.754), (175.947, -343.237), (173.162, -344.394)))
(((193.929, 161.539), (177.019, 91.0789), (154.433, 86.0223), (125.301, 109.576), (126.005, 155.331), (180.325, 172.521), (193.929, 161.539)))
(((187.79, -141.011), (167.728, -171.581), (160.812, -173.939), (133.505, -151.69), (150.187, -119.161), (153.976, -116.873), (184.566, -132.805), (187.79, -141.011)))
(((186.449, -461.892), (126.572, -443.563), (123.91, -440.448), (126.728, -425.183), (172.851, -402.917), (192.895, -412.735), (186.449, -461.892)))
(((178.696, -304.754), (136.134, -298.95), (135.767, -296.952), (164.637, -260.484), (185.462, -294.2), (178.696, -304.754)))
(((175.055, -582.318), (129.286, -563.637), (142.841, -514.258), (146.719, -513.396), (182.516, -535.063), (175.055, -582.318)))
(((212.575, 259.204), (177.845, 229.568), (141.473, 242.459), (122.617, 320.782), (127.941, 325.472), (196.221, 307.66), (212.575, 259.204)))
(((236.857, 53), (210, 53), (210, 18.8354), (176.606, 13.5412), (140.753, 31.7526), (137.636, 41.5098), (154.433, 86.0223), (177.019, 91.0789), (236.857, 53)))
(((201.747, -209.664), (174.16, -220.459), (155.313, -185.907), (160.812, -173.939), (167.728, -171.581), (200.407, -195.736), (201.747, -209.664)))
(((90.5961, 625), (214.92, 625), (221.537, 542.757), (150.388, 507.956), (111.689, 519.842), (84.3746, 605.852), (90.5961, 625)))
(((258.285, 399.278), (196.221, 307.66), (127.941, 325.472), (137.373, 383.318), (200.098, 416.82), (258.285, 399.278)))
(((191.548, -467.097), (212.654, -524.788), (182.516, -535.063), (146.719, -513.396), (188.425, -465.556), (191.548, -467.097)))
(((192.895, -412.735), (172.851, -402.917), (159.637, -377.81), (173.162, -344.394), (175.947, -343.237), (199.347, -348.898), (202.727, -406.353), (192.895, -412.735)))
(((209.196, -103.439), (184.566, -132.805), (153.976, -116.873), (154.893, -106.42), (191.263, -65.6854), (209.196, -103.439)))
(((210, -51.6071), (191.391, -64.2346), (153.394, -41.4362), (176.606, 13.5412), (210, 18.8354), (210, -51.6071)))
(((200.407, -195.736), (167.728, -171.581), (187.79, -141.011), (191.122, -142.871), (210.762, -175.603), (200.407, -195.736)))
(((211.25, -216), (206.487, -254.101), (164.514, -256.899), (155.94, -241.894), (174.16, -220.459), (201.747, -209.664), (211.25, -216)))
(((203.418, -292.248), (185.462, -294.2), (164.637, -260.484), (164.514, -256.899), (206.487, -254.101), (216.887, -266.101), (203.418, -292.248)))
(((250.316, -634.274), (229.902, -649.106), (224.57, -649.106), (175.055, -582.318), (182.516, -535.063), (212.654, -524.788), (218.927, -527.553), (250.316, -634.274)))
(((199.347, -348.898), (175.947, -343.237), (178.696, -304.754), (185.462, -294.2), (203.418, -292.248), (215.941, -304.34), (208.774, -345.913), (199.347, -348.898)))
(((236.857, 53), (177.019, 91.0789), (193.929, 161.539), (297.262, 143.048), (308, 110), (289.48, 53), (236.857, 53)))
(((238.602, -141.175), (191.122, -142.871), (187.79, -141.011), (184.566, -132.805), (209.196, -103.439), (234.864, -108.573), (241.194, -137.692), (238.602, -141.175)))
(((236.053, -167.938), (210.762, -175.603), (191.122, -142.871), (238.602, -141.175), (236.053, -167.938)))
(((248.569, -379.099), (228.313, -405.052), (202.727, -406.353), (199.347, -348.898), (208.774, -345.913), (231.699, -350.082), (248.569, -379.099)))
(((264.89, 400.057), (258.285, 399.278), (200.098, 416.82), (150.388, 507.956), (221.537, 542.757), (313.976, 503.541), (320, 485), (300.902, 426.221), (264.89, 400.057)))
(((251.795, -438.101), (220.026, -465.198), (191.548, -467.097), (188.425, -465.556), (186.449, -461.892), (192.895, -412.735), (202.727, -406.353), (228.313, -405.052), (251.795, -438.101)))
(((236.336, -264.744), (216.887, -266.101), (206.487, -254.101), (211.25, -216), (228.929, -216.643), (249.904, -234.217), (236.336, -264.744)))
(((210, -51.6071), (210, -53), (249.5, -53), (249.5, -93.1), (234.864, -108.573), (209.196, -103.439), (191.263, -65.6854), (191.391, -64.2346), (210, -51.6071)))
(((218.927, -527.553), (212.654, -524.788), (191.548, -467.097), (220.026, -465.198), (260.38, -504), (218.927, -527.553)))
(((300.689, 142.435), (193.929, 161.539), (180.325, 172.521), (177.845, 229.568), (212.575, 259.204), (312.48, 243.533), (325, 205), (305.902, 146.221), (300.689, 142.435)))
(((249.767, -183.07), (228.929, -216.643), (211.25, -216), (201.747, -209.664), (200.407, -195.736), (210.762, -175.603), (236.053, -167.938), (249.767, -183.07)))
(((242.071, -303.571), (215.941, -304.34), (203.418, -292.248), (216.887, -266.101), (236.336, -264.744), (249.461, -280.786), (242.071, -303.571)))
(((254.899, -324.561), (231.699, -350.082), (208.774, -345.913), (215.941, -304.34), (242.071, -303.571), (254.899, -324.561)))
(((314.921, 243.15), (212.575, 259.204), (196.221, 307.66), (258.285, 399.278), (273.348, 401.055), (321.902, 365.779), (341, 307), (321.902, 248.221), (314.921, 243.15)))
(((250.266, -634.106), (218.927, -527.553), (260.38, -504), (262.179, -504), (280.573, -563.427), (267.061, -634.106), (250.266, -634.106)))
(((274.228, -495.121), (262.179, -504), (260.38, -504), (220.026, -465.198), (251.795, -438.101), (258.104, -439.032), (279.689, -464.542), (274.228, -495.121)))
(((277.047, -231.656), (249.904, -234.217), (228.929, -216.643), (249.767, -183.07), (257.483, -183.563), (282.469, -209.548), (277.047, -231.656)))
(((286.031, -153.717), (257.483, -183.563), (249.767, -183.07), (236.053, -167.938), (238.602, -141.175), (241.194, -137.692), (273.143, -139.974), (286.041, -153.632), (286.031, -153.717)))
(((280.696, -414.826), (258.104, -439.032), (251.795, -438.101), (228.313, -405.052), (248.569, -379.099), (271.255, -379.895), (280.696, -414.826)))
(((287.75, -244.5), (281.564, -277.493), (249.461, -280.786), (236.336, -264.744), (249.904, -234.217), (277.047, -231.656), (287.75, -244.5)))
(((282.71, -327.188), (280.474, -373.03), (271.255, -379.895), (248.569, -379.099), (231.699, -350.082), (254.899, -324.561), (281.49, -326.096), (282.71, -327.188)))
(((280.868, -108.108), (273.143, -139.974), (241.194, -137.692), (234.864, -108.573), (249.5, -93.1), (278.712, -104.785), (280.868, -108.108)))
(((214.92, 625), (348.678, 625), (362, 584), (342.902, 525.221), (313.398, 503.786), (221.537, 542.757), (214.92, 625)))
(((285.738, -283.616), (281.49, -326.096), (254.899, -324.561), (242.071, -303.571), (249.461, -280.786), (281.564, -277.493), (285.738, -283.616)))
(((303.478, -53), (278.712, -104.785), (249.5, -93.1), (249.5, -53), (303.478, -53)))
(((306.16, -192.716), (282.469, -209.548), (257.483, -183.563), (286.031, -153.717), (306.16, -192.716)))
(((317.862, -449.45), (279.689, -464.542), (258.104, -439.032), (280.696, -414.826), (308.695, -419.983), (317.862, -449.45)))
(((325.155, -518.845), (280.573, -563.427), (262.179, -504), (274.228, -495.121), (321.235, -509.123), (325.155, -518.845)))
(((319.378, -138.63), (286.041, -153.632), (273.143, -139.974), (280.868, -108.108), (328.199, -114.025), (319.378, -138.63)))
(((308.695, -419.983), (280.696, -414.826), (271.255, -379.895), (280.474, -373.03), (307.679, -376.657), (321.635, -399.494), (308.695, -419.983)))
(((303.478, -53), (317.708, -53), (329.065, -113.193), (328.199, -114.025), (280.868, -108.108), (278.712, -104.785), (303.478, -53)))
(((329.318, -348.433), (307.679, -376.657), (280.474, -373.03), (282.71, -327.188), (324.973, -328.879), (329.318, -348.433)))
(((324.973, -328.879), (282.71, -327.188), (281.49, -326.096), (285.738, -283.616), (330.095, -288.835), (328.726, -323.744), (324.973, -328.879)))
(((321.235, -509.123), (274.228, -495.121), (279.689, -464.542), (317.862, -449.45), (318.144, -449.588), (332.114, -485.387), (321.235, -509.123)))
(((343.376, -271.496), (330.095, -288.835), (285.738, -283.616), (281.564, -277.493), (287.75, -244.5), (336.315, -244.5), (343.376, -271.496)))
(((345.335, -226.179), (336.315, -244.5), (287.75, -244.5), (277.047, -231.656), (282.469, -209.548), (306.16, -192.716), (335.089, -194.858), (344.086, -216.184), (345.335, -226.179)))
(((335.089, -194.858), (306.16, -192.716), (286.031, -153.717), (286.041, -153.632), (319.378, -138.63), (342.814, -177.69), (335.089, -194.858)))
(((400, -607.398), (398.902, -610.779), (348.902, -647.106), (287.098, -647.106), (267.322, -632.738), (280.573, -563.427), (325.155, -518.845), (400, -571.676), (400, -607.398)))
(((356.623, -388.431), (349.047, -398.302), (321.635, -399.494), (307.679, -376.657), (329.318, -348.433), (354.124, -365.442), (356.623, -388.431)))
(((361, -436), (318.144, -449.588), (317.862, -449.45), (308.695, -419.983), (321.635, -399.494), (349.047, -398.302), (361, -436)))
(((400, -472.882), (332.114, -485.387), (318.144, -449.588), (361, -436), (400, -456.222), (400, -472.882)))
(((400, -147.906), (342.814, -177.69), (319.378, -138.63), (328.199, -114.025), (329.065, -113.193), (400, -117.844), (400, -147.906)))
(((317.708, -53), (400, -53), (400, -117.844), (329.065, -113.193), (317.708, -53)))
(((400, -571.676), (325.155, -518.845), (321.235, -509.123), (332.114, -485.387), (400, -472.882), (400, -571.676)))
(((400, -321.764), (328.726, -323.744), (330.095, -288.835), (343.376, -271.496), (400, -290.726), (400, -321.764)))
(((400, -321.764), (400, -331.8), (354.124, -365.442), (329.318, -348.433), (324.973, -328.879), (328.726, -323.744), (400, -321.764)))
(((400, -191.333), (344.086, -216.184), (335.089, -194.858), (342.814, -177.69), (400, -147.906), (400, -191.333)))
(((400, -290.726), (343.376, -271.496), (336.315, -244.5), (345.335, -226.179), (400, -235.512), (400, -290.726)))
(((400, -456.222), (361, -436), (349.047, -398.302), (356.623, -388.431), (400, -391.855), (400, -456.222)))
(((400, -391.855), (356.623, -388.431), (354.124, -365.442), (400, -331.8), (400, -391.855)))
(((400, -235.512), (345.335, -226.179), (344.086, -216.184), (400, -191.333), (400, -235.512)))
