(((-225, -133.5), (-134.864, -133.5), (-124.902, -170.024), (-225, -205.353), (-225, -133.5)))
(((-225, -133.5), (-225, -53), (-150.227, -53), (-132.69, -130.164), (-134.864, -133.5), (-225, -133.5)))
(((-225, -261.066), (-225, -205.353), (-124.902, -170.024), (-105.51, -190.162), (-170.039, -277.363), (-193.146, -284.21), (-225, -261.066)))
(((-81.9688, -53), (-87.442, -111.382), (-132.69, -130.164), (-150.227, -53), (-81.9688, -53)))
(((-153.091, -472.609), (-196.902, -440.779), (-216, -382), (-204.403, -346.308), (-99.3942, -359.166), (-78.8962, -415.536), (-153.091, -472.609)))
(((-158.12, 356.045), (-196.902, 384.221), (-216, 443), (-196.902, 501.779), (-187.668, 508.487), (-66.2002, 476.375), (-61.75, 451.079), (-76.934, 417.514), (-158.12, 356.045)))
(((-205.729, -346.145), (-210, -333), (-194.254, -284.538), (-170.039, -277.363), (-113.402, -283.143), (-85.7837, -294.456), (-73.7191, -329.601), (-99.3942, -359.166), (-205.729, -346.145)))
(((-71.8406, -216.645), (-113.402, -283.143), (-170.039, -277.363), (-105.51, -190.162), (-91.8523, -190.776), (-71.8406, -216.645)))
(((-91.8523, -190.776), (-105.51, -190.162), (-124.902, -170.024), (-134.864, -133.5), (-132.69, -130.164), (-87.442, -111.382), (-72, -125.181), (-72, -170.51), (-91.8523, -190.776)))
(((-185.854, 508.007), (-193, 530), (-173.902, 588.779), (-126.971, 622.875), (-35.4907, 514.762), (-66.2002, 476.375), (-185.854, 508.007)))
(((-59.9688, -280.258), (-85.7837, -294.456), (-113.402, -283.143), (-71.8406, -216.645), (-46.5042, -229.766), (-59.9688, -280.258)))
(((-33.6742, -407.838), (-78.8962, -415.536), (-99.3942, -359.166), (-73.7191, -329.601), (-45.5402, -344.193), (-33.6742, -407.838)))
(((-118.722, 295.927), (-143.902, 314.221), (-157.615, 356.427), (-76.934, 417.514), (-6.94202, 349.709), (-56.8885, 309.391), (-118.722, 295.927)))
(((-152.141, -471.878), (-78.8962, -415.536), (-33.6742, -407.838), (-18.1302, -414.204), (-30.7483, -555.106), (-86.9017, -555.106), (-136.902, -518.779), (-152.141, -471.878)))
(((-81.9688, -53), (-48.8922, -53), (-30.9357, -70.6112), (-37.537, -120.781), (-72, -125.181), (-87.442, -111.382), (-81.9688, -53)))
(((-20.2127, -161.301), (-33.8494, -169.716), (-72, -170.51), (-72, -125.181), (-37.537, -120.781), (-20.7164, -133.597), (-20.2127, -161.301)))
(((-46.5042, -229.766), (-71.8406, -216.645), (-91.8523, -190.776), (-72, -170.51), (-33.8494, -169.716), (-31.8281, -226.312), (-46.5042, -229.766)))
(((-6.4375, -318.125), (-45.5402, -344.193), (-73.7191, -329.601), (-85.7837, -294.456), (-59.9688, -280.258), (-7.8169, -293.296), (-6.4375, -318.125)))
(((-124.429, 625), (39.2308, 625), (33.9146, 601.963), (-24.2487, 518.074), (-35.4907, 514.762), (-125.633, 621.294), (-124.429, 625)))
(((-87.4108, 168.795), (-116.902, 190.221), (-136, 249), (-120.907, 295.452), (-56.8885, 309.391), (10.3346, 243.808), (-7.58531, 188.128), (-87.4108, 168.795)))
(((30.395, 361.398), (-6.94202, 349.709), (-76.934, 417.514), (-61.75, 451.079), (30.5763, 412.205), (39.0288, 370.618), (30.395, 361.398)))
(((-7.8169, -293.296), (-59.9688, -280.258), (-46.5042, -229.766), (-31.8281, -226.312), (-30.9604, -226.463), (2.23926, -279.583), (-7.8169, -293.296)))
(((-16.9345, -163.077), (12.0832, -208.895), (-30.9604, -226.463), (-31.8281, -226.312), (-33.8494, -169.716), (-20.2127, -161.301), (-16.9345, -163.077)))
(((10.0112, -116.36), (-20.7164, -133.597), (-37.537, -120.781), (-30.9357, -70.6112), (-7.28333, -76.0056), (10.0112, -116.36)))
(((24.8052, -355.829), (-12.1991, -412.921), (-18.1302, -414.204), (-33.6742, -407.838), (-45.5402, -344.193), (-6.4375, -318.125), (22.5092, -342.936), (24.8052, -355.829)))
(((30.5763, 412.205), (-61.75, 451.079), (-66.2002, 476.375), (-35.4907, 514.762), (-24.2487, 518.074), (48.3666, 467.243), (30.5763, 412.205)))
(((-77.7008, 56.2632), (-85.9017, 62.2215), (-105, 121), (-89.6464, 168.254), (-7.58531, 188.128), (40.6354, 161.124), (37.5696, 124.335), (-27.3678, 62.728), (-77.7008, 56.2632)))
(((-48.8922, -53), (-30, -53), (-30, -10.7881), (8.94794, -18.7098), (18.9083, -62.2861), (-7.28333, -76.0056), (-30.9357, -70.6112), (-48.8922, -53)))
(((34.5894, -265.43), (2.23926, -279.583), (-30.9604, -226.463), (12.0832, -208.895), (31.2319, -211.711), (34.5894, -265.43)))
(((45.5714, 267.81), (10.3346, 243.808), (-56.8885, 309.391), (-6.94202, 349.709), (30.395, 361.398), (45.5714, 267.81)))
(((34.9061, -130.596), (18.121, -158.242), (-16.9345, -163.077), (-20.2127, -161.301), (-20.7164, -133.597), (10.0112, -116.36), (33.3405, -121.359), (34.9061, -130.596)))
(((-30, -10.7881), (-30, 53), (-77.6783, 53), (-76.5709, 56.4083), (-27.3678, 62.728), (43.3545, 39.4907), (29.3553, -9.50643), (8.94794, -18.7098), (-30, -10.7881)))
(((-30.5902, -553.34), (-18.1302, -414.204), (-12.1991, -412.921), (55.9909, -439.839), (17.9818, -561.106), (-19.9017, -561.106), (-30.5902, -553.34)))
(((31.2319, -211.711), (12.0832, -208.895), (-16.9345, -163.077), (18.121, -158.242), (36.5814, -195.163), (32.9337, -210.275), (31.2319, -211.711)))
(((33.3405, -121.359), (10.0112, -116.36), (-7.28333, -76.0056), (18.9083, -62.2861), (33.554, -66.094), (38.1329, -116.462), (33.3405, -121.359)))
(((61.4714, -309.386), (22.5092, -342.936), (-6.4375, -318.125), (-7.8169, -293.296), (2.23926, -279.583), (34.5894, -265.43), (45.6579, -271.289), (61.4714, -309.386)))
(((53.5639, -57.5792), (33.554, -66.094), (18.9083, -62.2861), (8.94794, -18.7098), (29.3553, -9.50643), (59.5867, -30.7501), (53.5639, -57.5792)))
(((55.4617, 43.2382), (43.3545, 39.4907), (-27.3678, 62.728), (37.5696, 124.335), (76.9296, 66.5253), (55.4617, 43.2382)))
(((48.3666, 467.243), (-24.2487, 518.074), (33.9146, 601.963), (79.9704, 486.824), (48.3666, 467.243)))
(((36.5814, -195.163), (18.121, -158.242), (34.9061, -130.596), (62.0893, -161.806), (36.5814, -195.163)))
(((55.9909, -439.839), (-12.1991, -412.921), (24.8052, -355.829), (67.1801, -372.603), (57.0075, -439.451), (55.9909, -439.839)))
(((105.71, 178.153), (40.6354, 161.124), (-7.58531, 188.128), (10.3346, 243.808), (45.5714, 267.81), (85.4843, 254.505), (111.785, 211.566), (105.71, 178.153)))
(((75.5789, -105.763), (38.1329, -116.462), (33.554, -66.094), (53.5639, -57.5792), (77.8674, -77.1571), (75.5789, -105.763)))
(((83.713, -19.1896), (59.5867, -30.7501), (29.3553, -9.50643), (43.3545, 39.4907), (55.4617, 43.2382), (90.2582, -9.6524), (83.713, -19.1896)))
(((105.725, -353.68), (67.1801, -372.603), (24.8052, -355.829), (22.5092, -342.936), (61.4714, -309.386), (112.569, -328.768), (105.725, -353.68)))
(((89.2092, -255.194), (45.6579, -271.289), (34.5894, -265.43), (31.2319, -211.711), (32.9337, -210.275), (63.7153, -212.737), (96.4238, -242.93), (89.2092, -255.194)))
(((93, -150.302), (82.1243, -160.672), (62.0893, -161.806), (34.9061, -130.596), (33.3405, -121.359), (38.1329, -116.462), (75.5789, -105.763), (93, -119.7), (93, -150.302)))
(((90.0504, -190.791), (63.7153, -212.737), (32.9337, -210.275), (36.5814, -195.163), (62.0893, -161.806), (82.1243, -160.672), (90.0504, -190.791)))
(((109.046, -582.001), (108.902, -582.106), (47.0983, -582.106), (18.0212, -560.98), (55.9909, -439.839), (57.0075, -439.451), (111.156, -444.866), (109.046, -582.001)))
(((119.101, 310.183), (85.4843, 254.505), (45.5714, 267.81), (30.395, 361.398), (39.0288, 370.618), (105.174, 363.9), (119.101, 310.183)))
(((134.688, 146.448), (89.5603, 68.8849), (76.9296, 66.5253), (37.5696, 124.335), (40.6354, 161.124), (105.71, 178.153), (134.688, 146.448)))
(((104.206, -63.3291), (77.8674, -77.1571), (53.5639, -57.5792), (59.5867, -30.7501), (83.713, -19.1896), (104.206, -63.3291)))
(((119.966, -322.619), (112.569, -328.768), (61.4714, -309.386), (45.6579, -271.289), (89.2092, -255.194), (120.4, -321.476), (119.966, -322.619)))
(((111.156, -444.866), (57.0075, -439.451), (67.1801, -372.603), (105.725, -353.68), (140.115, -427.045), (111.156, -444.866)))
(((96.4238, -242.93), (63.7153, -212.737), (90.0504, -190.791), (104.955, -198.682), (102.19, -240.149), (96.4238, -242.93)))
(((136.394, 625), (124.372, 487.603), (79.9704, 486.824), (33.9146, 601.963), (39.2308, 625), (136.394, 625)))
(((167.687, 403.628), (105.174, 363.9), (39.0288, 370.618), (30.5763, 412.205), (48.3666, 467.243), (79.9704, 486.824), (124.372, 487.603), (153.106, 466.657), (167.687, 403.628)))
(((119.975, -3.2137), (90.2582, -9.6524), (55.4617, 43.2382), (76.9296, 66.5253), (89.5603, 68.8849), (121.033, 48.6144), (119.975, -3.2137)))
(((145.044, -92.3653), (138.708, -101.417), (93, -119.7), (75.5789, -105.763), (77.8674, -77.1571), (104.206, -63.3291), (130.237, -66.7672), (145.381, -87.5454), (145.044, -92.3653)))
(((144.267, -166.678), (136.635, -188.122), (104.955, -198.682), (90.0504, -190.791), (82.1243, -160.672), (93, -150.302), (143.286, -165.505), (144.267, -166.678)))
(((130.237, -66.7672), (104.206, -63.3291), (83.713, -19.1896), (90.2582, -9.6524), (119.975, -3.2137), (140.098, -15.4918), (130.237, -66.7672)))
(((120.4, -321.476), (89.2092, -255.194), (96.4238, -242.93), (102.19, -240.149), (145.035, -242.53), (140.915, -298.146), (120.4, -321.476)))
(((145.035, -242.53), (102.19, -240.149), (104.955, -198.682), (136.635, -188.122), (152.035, -236.375), (145.035, -242.53)))
(((143.286, -165.505), (93, -150.302), (93, -119.7), (138.708, -101.417), (143.286, -165.505)))
(((190.259, 256.882), (111.785, 211.566), (85.4843, 254.505), (119.101, 310.183), (175.422, 280.428), (190.259, 256.882)))
(((166.342, 56.9211), (121.033, 48.6144), (89.5603, 68.8849), (134.688, 146.448), (139.036, 145.035), (176.785, 65.3428), (166.342, 56.9211)))
(((109.063, -580.9), (111.156, -444.866), (140.115, -427.045), (225.018, -432.658), (243, -488), (223.902, -546.779), (173.902, -583.106), (112.098, -583.106), (109.063, -580.9)))
(((162.9, -10.2044), (140.098, -15.4918), (119.975, -3.2137), (121.033, 48.6144), (166.342, 56.9211), (162.9, -10.2044)))
(((222.648, -432.502), (140.115, -427.045), (105.725, -353.68), (112.569, -328.768), (119.966, -322.619), (191.497, -356.895), (226.079, -430.009), (222.648, -432.502)))
(((190.587, 377.918), (175.422, 280.428), (119.101, 310.183), (105.174, 363.9), (167.687, 403.628), (171.296, 401.902), (190.587, 377.918)))
(((184.402, -17.5859), (175.509, -70.9438), (145.381, -87.5454), (130.237, -66.7672), (140.098, -15.4918), (162.9, -10.2044), (184.402, -17.5859)))
(((184.746, -137.459), (157.285, -165.901), (144.267, -166.678), (143.286, -165.505), (138.708, -101.417), (145.044, -92.3653), (187.283, -122.871), (184.746, -137.459)))
(((201.574, -209.94), (170.268, -235.376), (152.035, -236.375), (136.635, -188.122), (144.267, -166.678), (157.285, -165.901), (197.706, -191.812), (200.748, -203.787), (201.574, -209.94)))
(((157.896, 625), (235.303, 527.223), (153.106, 466.657), (124.372, 487.603), (136.394, 625), (157.896, 625)))
(((207.926, -292.442), (140.915, -298.146), (145.035, -242.53), (152.035, -236.375), (170.268, -235.376), (208.5, -288.9), (208.5, -291.917), (207.926, -292.442)))
(((214.804, 250.169), (199.644, 157.83), (139.036, 145.035), (134.688, 146.448), (105.71, 178.153), (111.785, 211.566), (190.259, 256.882), (214.804, 250.169)))
(((191.497, -356.895), (119.966, -322.619), (120.4, -321.476), (140.915, -298.146), (207.926, -292.442), (191.497, -356.895)))
(((273.278, 53), (210, 53), (210, -13.0274), (184.402, -17.5859), (162.9, -10.2044), (166.342, 56.9211), (176.785, 65.3428), (271.693, 57.8781), (273.278, 53)))
(((203.47, -115.513), (187.283, -122.871), (145.044, -92.3653), (145.381, -87.5454), (175.509, -70.9438), (210.516, -78.2709), (203.47, -115.513)))
(((197.706, -191.812), (157.285, -165.901), (184.746, -137.459), (215.026, -163.197), (197.706, -191.812)))
(((274.322, 57.6713), (176.785, 65.3428), (139.036, 145.035), (199.644, 157.83), (289.188, 103.424), (274.322, 57.6713)))
(((210, -13.0274), (210, -53), (255.643, -53), (210.516, -78.2709), (175.509, -70.9438), (184.402, -17.5859), (210, -13.0274)))
(((302.937, 312.728), (289.222, 270.518), (214.804, 250.169), (190.259, 256.882), (175.422, 280.428), (190.587, 377.918), (302.937, 312.728)))
(((241.674, -233.168), (208.5, -288.9), (170.268, -235.376), (201.574, -209.94), (238.621, -228.138), (241.806, -232.363), (241.674, -233.168)))
(((252.351, -144.968), (215.026, -163.197), (184.746, -137.459), (187.283, -122.871), (203.47, -115.513), (253.887, -138.678), (252.351, -144.968)))
(((319.683, -348.365), (305.902, -390.779), (255.902, -427.106), (224.705, -427.106), (191.497, -356.895), (207.926, -292.442), (208.5, -291.917), (291.646, -322.404), (315.424, -337.506), (319.683, -348.365)))
(((255.643, -53), (308.754, -53), (313.536, -67.7163), (253.887, -138.678), (203.47, -115.513), (210.516, -78.2709), (255.643, -53)))
(((248.841, 525.594), (257.7, 437.003), (171.296, 401.902), (167.687, 403.628), (153.106, 466.657), (235.303, 527.223), (248.841, 525.594)))
(((259.748, -166.824), (257.559, -171.324), (200.748, -203.787), (197.706, -191.812), (215.026, -163.197), (252.351, -144.968), (259.748, -166.824)))
(((238.621, -228.138), (201.574, -209.94), (200.748, -203.787), (257.559, -171.324), (238.621, -228.138)))
(((286.577, 105.01), (199.644, 157.83), (214.804, 250.169), (287.773, 270.121), (319.902, 246.779), (339, 188), (319.902, 129.221), (286.577, 105.01)))
(((266.5, 625), (266.5, 531.713), (248.841, 525.594), (235.303, 527.223), (157.896, 625), (266.5, 625)))
(((291.646, -322.404), (208.5, -291.917), (208.5, -288.9), (241.674, -233.168), (291.646, -322.404)))
(((299.532, 314.704), (190.587, 377.918), (171.296, 401.902), (257.7, 437.003), (349.509, 392.41), (331.902, 338.221), (299.532, 314.704)))
(((330.544, -223.022), (241.806, -232.363), (238.621, -228.138), (257.559, -171.324), (259.748, -166.824), (333.46, -218.422), (330.544, -223.022)))
(((315.424, -337.506), (291.646, -322.404), (241.674, -233.168), (241.806, -232.363), (330.544, -223.022), (315.424, -337.506)))
(((346.291, 393.973), (257.7, 437.003), (248.841, 525.594), (266.5, 531.713), (365.224, 526.271), (365.902, 525.779), (385, 467), (365.902, 408.221), (346.291, 393.973)))
(((266.5, 625), (381.927, 625), (392, 594), (372.902, 535.221), (360.91, 526.509), (266.5, 531.713), (266.5, 625)))
(((388.999, -176.393), (333.46, -218.422), (259.748, -166.824), (252.351, -144.968), (253.887, -138.678), (315.067, -65.8943), (324.902, -65.8943), (374.902, -102.221), (394, -161), (388.999, -176.393)))
(((400, -176.894), (400, -367.106), (347.098, -367.106), (319.036, -346.717), (315.424, -337.506), (330.544, -223.022), (333.46, -218.422), (388.336, -176.894), (400, -176.894)))
