(((-225, 465.934), (-225, 592.066), (-207.288, 604.935), (-81.23, 514.502), (-90.7373, 489.279), (-162.136, 433.894), (-180.902, 433.894), (-225, 465.934)))
(((-225, -126.855), (-225, -59.1455), (-223.003, -53), (-126.768, -53), (-109.546, -103.438), (-119.037, -119.148), (-222.693, -133.956), (-225, -126.855)))
(((-225, -158.233), (-225, -139.767), (-223.132, -134.019), (-119.037, -119.148), (-90.2386, -161.813), (-208.006, -208.429), (-208.902, -207.779), (-225, -158.233)))
(((-200.754, 625), (-33.246, 625), (-18.2404, 578.818), (-81.23, 514.502), (-207.276, 604.926), (-200.754, 625)))
(((-159.083, -445.349), (-192.902, -420.779), (-212, -362), (-201.275, -328.991), (-92.6129, -332.613), (-79.889, -385.629), (-159.083, -445.349)))
(((-201.23, -328.992), (-210, -302), (-192.684, -248.708), (-130.535, -249.3), (-102.296, -259.537), (-60.6303, -296.657), (-60.3679, -300.368), (-92.6129, -332.613), (-201.23, -328.992)))
(((-192.198, -248.712), (-205.596, -207.476), (-90.2386, -161.813), (-83.0867, -163.816), (-73.1202, -184.995), (-130.535, -249.3), (-192.198, -248.712)))
(((-65.375, -53), (-56.8721, -87.0116), (-62.1234, -95.7178), (-109.546, -103.438), (-126.768, -53), (-65.375, -53)))
(((-58.4478, -136.885), (-83.0867, -163.816), (-90.2386, -161.813), (-119.037, -119.148), (-109.546, -103.438), (-62.1234, -95.7178), (-58.4478, -136.885)))
(((-48.5, -216.5), (-102.296, -259.537), (-130.535, -249.3), (-73.1202, -184.995), (-47.0335, -203.301), (-48.5, -216.5)))
(((-126.317, 347.539), (-147.902, 363.221), (-167, 422), (-163.472, 432.858), (-90.7373, 489.279), (-15.4164, 428.243), (-26.0463, 373.974), (-126.317, 347.539)))
(((-65.3447, -518.106), (-96.9017, -518.106), (-146.902, -481.779), (-158.806, -445.141), (-79.889, -385.629), (-26.8852, -388.534), (-16.5304, -394.193), (-65.3447, -518.106)))
(((-50.8801, -309.166), (-26.8852, -388.534), (-79.889, -385.629), (-92.6129, -332.613), (-60.3679, -300.368), (-50.8801, -309.166)))
(((-60.6303, -296.657), (-102.296, -259.537), (-48.5, -216.5), (-28.8178, -263.519), (-60.6303, -296.657)))
(((-25.1328, -195.431), (-47.0335, -203.301), (-73.1202, -184.995), (-83.0867, -163.816), (-58.4478, -136.885), (-25.2092, -143.117), (-20.2022, -188.18), (-25.1328, -195.431)))
(((-85.6457, 229.06), (-118.902, 253.221), (-138, 312), (-126.465, 347.5), (-26.0463, 373.974), (26.7626, 334.513), (5.95731, 281.404), (-85.6457, 229.06)))
(((3.30214, -106.692), (-2.61545, -129.253), (-25.2092, -143.117), (-58.4478, -136.885), (-62.1234, -95.7178), (-56.8721, -87.0116), (-4.02123, -91.8163), (3.30214, -106.692)))
(((-65.375, -53), (-30, -53), (-30, -29.7812), (1.11954, -78.4055), (-4.02123, -91.8163), (-56.8721, -87.0116), (-65.375, -53)))
(((40.8039, 553.38), (9.96988, 444.727), (-15.4164, 428.243), (-90.7373, 489.279), (-81.23, 514.502), (-21.8759, 575.106), (10.9017, 575.106), (40.8039, 553.38)))
(((21.7288, -325.241), (-7.48522, -392.658), (-16.5304, -394.193), (-26.8852, -388.534), (-50.8801, -309.166), (20.9925, -322.856), (21.7288, -325.241)))
(((-6.89626, -261.194), (-28.8178, -263.519), (-48.5, -216.5), (-47.0335, -203.301), (-25.1328, -195.431), (18.1143, -234.353), (-6.89626, -261.194)))
(((-97.0032, 110.689), (-114, 163), (-94.9017, 221.779), (-87.5793, 227.099), (40.461, 179.822), (41.1754, 160.177), (-0.756787, 111.624), (-97.0032, 110.689)))
(((-30, 11.377), (-30, 53), (-110.726, 53), (-113, 60), (-96.5286, 110.694), (-0.756787, 111.624), (3.6174, 105.443), (14.286, 35.335), (-30, 11.377)))
(((20.9925, -322.856), (-50.8801, -309.166), (-60.3679, -300.368), (-60.6303, -296.657), (-28.8178, -263.519), (-6.89626, -261.194), (24.5232, -307.694), (20.9925, -322.856)))
(((17.0093, -174.47), (-20.2022, -188.18), (-25.2092, -143.117), (-2.61545, -129.253), (14.6423, -150.208), (17.0093, -174.47)))
(((-30, -29.7812), (-30, -4.43333), (36.2676, -36.8308), (35.9972, -47.105), (1.11954, -78.4055), (-30, -29.7812)))
(((38.4949, -538.589), (30.9017, -544.106), (-30.9017, -544.106), (-65.6435, -518.864), (-16.5304, -394.193), (-7.48522, -392.658), (45.4318, -417.886), (38.4949, -538.589)))
(((36.5232, -229.945), (18.1143, -234.353), (-25.1328, -195.431), (-20.2022, -188.18), (17.0093, -174.47), (41.6383, -190.303), (36.5232, -229.945)))
(((40.461, 179.822), (-88.4895, 227.435), (5.95731, 281.404), (66.6536, 216.749), (40.461, 179.822)))
(((-30, -4.43333), (-30, 11.377), (14.286, 35.335), (33.7656, 31.611), (47.3525, -24.0951), (36.2676, -36.8308), (-30, -4.43333)))
(((38.0146, -231.01), (56.7906, -280.037), (24.5232, -307.694), (-6.89626, -261.194), (18.1143, -234.353), (36.5232, -229.945), (38.0146, -231.01)))
(((56.6614, -137.953), (14.6423, -150.208), (-2.61545, -129.253), (3.30214, -106.692), (66.1695, -111.931), (56.6614, -137.953)))
(((83.2033, 347.201), (26.7626, 334.513), (-26.0463, 373.974), (-15.4164, 428.243), (9.96988, 444.727), (72.7721, 417.812), (83.2033, 347.201)))
(((66.7455, -111.518), (66.1695, -111.931), (3.30214, -106.692), (-4.02123, -91.8163), (1.11954, -78.4055), (35.9972, -47.105), (72.6852, -87.7593), (66.7455, -111.518)))
(((49.8465, 39.3742), (33.7656, 31.611), (14.286, 35.335), (3.6174, 105.443), (67.0665, 74.5317), (49.8465, 39.3742)))
(((60.9742, -176.768), (41.6383, -190.303), (17.0093, -174.47), (14.6423, -150.208), (56.6614, -137.953), (60.9742, -176.768)))
(((45.4318, -417.886), (-7.48522, -392.658), (21.7288, -325.241), (69, -344.706), (69, -405.973), (45.4318, -417.886)))
(((87.2642, 84.1496), (67.0665, 74.5317), (3.6174, 105.443), (-0.756787, 111.624), (41.1754, 160.177), (91.0527, 124.2), (87.2642, 84.1496)))
(((79.0304, 554.106), (103.224, 463.136), (72.7721, 417.812), (9.96988, 444.727), (41.0097, 554.106), (79.0304, 554.106)))
(((112.004, 335.234), (107.876, 231.004), (66.6536, 216.749), (5.95731, 281.404), (26.7626, 334.513), (83.2033, 347.201), (112.004, 335.234)))
(((88.5, -14.7105), (47.3525, -24.0951), (33.7656, 31.611), (49.8465, 39.3742), (88.5, 15.5), (88.5, -14.7105)))
(((106.783, -318.777), (69, -344.706), (21.7288, -325.241), (20.9925, -322.856), (24.5232, -307.694), (56.7906, -280.037), (102.548, -288.425), (106.783, -318.777)))
(((87.0119, -228.833), (38.0146, -231.01), (36.5232, -229.945), (41.6383, -190.303), (60.9742, -176.768), (65.6455, -177.617), (96.0694, -212.605), (87.0119, -228.833)))
(((102.548, -288.425), (56.7906, -280.037), (38.0146, -231.01), (87.0119, -228.833), (110.873, -275.418), (102.548, -288.425)))
(((98.6412, -22.183), (96.4836, -72.8852), (72.6852, -87.7593), (35.9972, -47.105), (36.2676, -36.8308), (47.3525, -24.0951), (88.5, -14.7105), (98.6412, -22.183)))
(((117.012, -154.323), (112.177, -160.334), (65.6455, -177.617), (60.9742, -176.768), (56.6614, -137.953), (66.1695, -111.931), (66.7455, -111.518), (117.912, -141.365), (117.012, -154.323)))
(((126.4, 53.4), (88.5, 15.5), (49.8465, 39.3742), (67.0665, 74.5317), (87.2642, 84.1496), (126.4, 53.4)))
(((132.666, -538.379), (117.902, -549.106), (56.0983, -549.106), (38.6203, -536.407), (45.4318, -417.886), (69, -405.973), (128.734, -412.537), (139.783, -418.564), (132.666, -538.379)))
(((109.375, -206.557), (96.0694, -212.605), (65.6455, -177.617), (112.177, -160.334), (109.375, -206.557)))
(((136.748, 144.359), (91.0527, 124.2), (41.1754, 160.177), (40.461, 179.822), (66.6536, 216.749), (107.876, 231.004), (133.156, 215.296), (136.748, 144.359)))
(((112.533, -323.431), (128.734, -412.537), (69, -405.973), (69, -344.706), (106.783, -318.777), (112.533, -323.431)))
(((133.562, -128.373), (117.912, -141.365), (66.7455, -111.518), (72.6852, -87.7593), (96.4836, -72.8852), (123.419, -78.871), (142.703, -102.692), (133.562, -128.373)))
(((150.255, -220.112), (132.37, -264.825), (110.873, -275.418), (87.0119, -228.833), (96.0694, -212.605), (109.375, -206.557), (150.154, -219.179), (150.255, -220.112)))
(((162.524, 13.5579), (139.294, -18.7378), (98.6412, -22.183), (88.5, -14.7105), (88.5, 15.5), (126.4, 53.4), (146.47, 51.17), (162.524, 13.5579)))
(((174.33, 426.773), (130.72, 340.618), (112.004, 335.234), (83.2033, 347.201), (72.7721, 417.812), (103.224, 463.136), (167.324, 434.857), (174.33, 426.773)))
(((147.57, -42.6456), (123.419, -78.871), (96.4836, -72.8852), (98.6412, -22.183), (139.294, -18.7378), (147.57, -42.6456)))
(((146.47, 51.17), (126.4, 53.4), (87.2642, 84.1496), (91.0527, 124.2), (136.748, 144.359), (155.657, 131.49), (160.497, 69.533), (146.47, 51.17)))
(((150.154, -219.179), (109.375, -206.557), (112.177, -160.334), (117.012, -154.323), (164.705, -193.073), (150.154, -219.179)))
(((202.402, -390.535), (139.783, -418.564), (128.734, -412.537), (112.533, -323.431), (172.217, -331.028), (202.402, -390.535)))
(((172.217, -331.028), (112.533, -323.431), (106.783, -318.777), (102.548, -288.425), (110.873, -275.418), (132.37, -264.825), (185.863, -288.726), (172.217, -331.028)))
(((79.6228, 551.878), (113.754, 576.676), (174.592, 543.877), (167.324, 434.857), (103.224, 463.136), (79.6228, 551.878)))
(((177.443, -74.3293), (161.181, -96.9805), (142.703, -102.692), (123.419, -78.871), (147.57, -42.6456), (171.5, -56.5), (177.443, -74.3293)))
(((189.348, -180.005), (164.705, -193.073), (117.012, -154.323), (117.912, -141.365), (133.562, -128.373), (186.151, -153.024), (188.023, -161.712), (189.348, -180.005)))
(((204.336, 310.136), (180.289, 222.438), (133.156, 215.296), (107.876, 231.004), (112.004, 335.234), (130.72, 340.618), (201.807, 314.215), (204.336, 310.136)))
(((186.151, -153.024), (133.562, -128.373), (142.703, -102.692), (161.181, -96.9805), (196.088, -125.423), (186.151, -153.024)))
(((193.287, -284.183), (185.863, -288.726), (132.37, -264.825), (150.255, -220.112), (198.572, -250.712), (193.287, -284.183)))
(((210, -18), (171.5, -56.5), (147.57, -42.6456), (139.294, -18.7378), (162.524, 13.5579), (210, -2.05921), (210, -18)))
(((196.007, 213.429), (203.138, 142.12), (155.657, 131.49), (136.748, 144.359), (133.156, 215.296), (180.289, 222.438), (196.007, 213.429)))
(((132.724, -537.397), (139.783, -418.564), (202.402, -390.535), (268.486, -400.919), (268.902, -401.221), (288, -460), (268.902, -518.779), (218.902, -555.106), (157.098, -555.106), (132.724, -537.397)))
(((231.556, -218.574), (198.572, -250.712), (150.255, -220.112), (150.154, -219.179), (164.705, -193.073), (189.348, -180.005), (210.071, -189.929), (231.556, -218.574)))
(((251.594, -90.8858), (196.088, -125.423), (161.181, -96.9805), (177.443, -74.3293), (254.677, -85.1061), (251.594, -90.8858)))
(((284.158, 86.0211), (160.497, 69.533), (155.657, 131.49), (203.138, 142.12), (288.848, 100.456), (284.158, 86.0211)))
(((277.274, 432.6), (174.33, 426.773), (167.324, 434.857), (174.592, 543.877), (225.254, 536.578), (292.086, 478.188), (277.274, 432.6)))
(((210, -18), (210, -53), (289.458, -53), (254.677, -85.1061), (177.443, -74.3293), (171.5, -56.5), (210, -18)))
(((295.076, 53), (210, 53), (210, -2.05921), (162.524, 13.5579), (146.47, 51.17), (160.497, 69.533), (284.339, 86.0452), (295.076, 53)))
(((280.23, 432.768), (281.854, 427.77), (201.807, 314.215), (130.72, 340.618), (174.33, 426.773), (280.23, 432.768)))
(((261.861, -399.878), (202.402, -390.535), (172.217, -331.028), (185.863, -288.726), (193.287, -284.183), (279.034, -307.837), (290.119, -316.354), (301.835, -345.13), (290.902, -378.779), (261.861, -399.878)))
(((118.448, 625), (256.068, 625), (225.254, 536.578), (174.592, 543.877), (117.997, 574.389), (110, 599), (118.448, 625)))
(((249.489, -134.394), (188.023, -161.712), (186.151, -153.024), (196.088, -125.423), (251.594, -90.8858), (249.489, -134.394)))
(((251, -149), (210.071, -189.929), (189.348, -180.005), (188.023, -161.712), (249.489, -134.394), (251, -149)))
(((310.593, 217.893), (196.007, 213.429), (180.289, 222.438), (204.336, 310.136), (321.793, 253.638), (322, 253), (310.593, 217.893)))
(((285.24, 102.21), (203.138, 142.12), (196.007, 213.429), (311.378, 217.924), (325, 176), (305.902, 117.221), (285.24, 102.21)))
(((233.746, -219.148), (279.034, -307.837), (193.287, -284.183), (198.572, -250.712), (231.556, -218.574), (233.746, -219.148)))
(((295.441, -193.441), (233.746, -219.148), (231.556, -218.574), (210.071, -189.929), (251, -149), (295.441, -193.441)))
(((317.072, 255.908), (204.336, 310.136), (201.807, 314.215), (281.386, 427.106), (290.902, 427.106), (340.902, 390.779), (360, 332), (340.902, 273.221), (317.072, 255.908)))
(((290.119, -316.354), (279.034, -307.837), (233.746, -219.148), (295.441, -193.441), (329.192, -196.009), (290.119, -316.354)))
(((256.068, 625), (360.079, 625), (376, 576), (356.902, 517.221), (306.902, 480.894), (288.988, 480.894), (225.254, 536.578), (256.068, 625)))
(((289.458, -53), (313.8, -53), (360.902, -87.2215), (380, -146), (372.09, -170.343), (329.192, -196.009), (295.441, -193.441), (251, -149), (249.489, -134.394), (251.594, -90.8858), (254.677, -85.1061), (289.458, -53)))
(((400, -181.77), (400, -344.23), (380.902, -358.106), (319.098, -358.106), (302.086, -345.745), (290.119, -316.354), (329.192, -196.009), (376.184, -167.894), (380.902, -167.894), (400, -181.77)))
