(((-225, 502.894), (-225, 625), (-123.519, 625), (-171.384, 508.499), (-179.098, 502.894), (-225, 502.894)))
(((-225, -146.6), (-179.216, -155.757), (-178.076, -175.519), (-225, -187.25), (-225, -146.6)))
(((-225, -415.161), (-165.79, -434.192), (-182.743, -464.592), (-225, -474.619), (-225, -415.161)))
(((-225, -94.7368), (-167.287, -122.075), (-179.216, -155.757), (-225, -146.6), (-225, -94.7368)))
(((-225, -187.25), (-178.076, -175.519), (-168.752, -184.626), (-162.444, -212.285), (-201.708, -260.169), (-225, -263.004), (-225, -187.25)))
(((-225, -380.683), (-175.593, -385.433), (-149.158, -421.198), (-149.373, -421.808), (-165.79, -434.192), (-225, -415.161), (-225, -380.683)))
(((-225, -548.5), (-220.722, -548.5), (-164.781, -572.1), (-149.108, -599.298), (-150.126, -603.428), (-192.858, -636.779), (-225, -645.545), (-225, -548.5)))
(((-225, -474.619), (-182.743, -464.592), (-164.175, -488.112), (-163.739, -509.05), (-220.722, -548.5), (-225, -548.5), (-225, -474.619)))
(((-225, -330.25), (-166.731, -339.962), (-161.247, -352.757), (-175.593, -385.433), (-225, -380.683), (-225, -330.25)))
(((-225, -263.004), (-201.708, -260.169), (-176.217, -272.57), (-150.025, -306.549), (-166.731, -339.962), (-225, -330.25), (-225, -263.004)))
(((-225, -94.7368), (-225, -53), (-135.586, -53), (-135.81, -70.0862), (-152.857, -117.98), (-167.287, -122.075), (-225, -94.7368)))
(((-225, -743.597), (-225, -645.545), (-192.858, -636.779), (-125.962, -674.241), (-200.855, -739.242), (-220.293, -747.017), (-225, -743.597)))
(((-164.781, -572.1), (-220.722, -548.5), (-163.739, -509.05), (-124.825, -529.48), (-164.781, -572.1)))
(((-125.962, -674.241), (-192.858, -636.779), (-150.126, -603.428), (-113.313, -669.051), (-125.962, -674.241)))
(((-118.766, -159.633), (-168.752, -184.626), (-178.076, -175.519), (-179.216, -155.757), (-167.287, -122.075), (-152.857, -117.98), (-124.524, -138.294), (-118.766, -159.633)))
(((-117.169, -471.903), (-164.175, -488.112), (-182.743, -464.592), (-165.79, -434.192), (-149.373, -421.808), (-117.169, -471.903)))
(((-118.031, -402.23), (-149.158, -421.198), (-175.593, -385.433), (-161.247, -352.757), (-120.448, -361.126), (-118.705, -363.82), (-118.031, -402.23)))
(((-124.93, -255.937), (-176.217, -272.57), (-201.708, -260.169), (-162.444, -212.285), (-137.711, -215.491), (-122.089, -242.048), (-124.93, -255.937)))
(((-112.419, -527.53), (-124.825, -529.48), (-163.739, -509.05), (-164.175, -488.112), (-117.169, -471.903), (-108.21, -477.023), (-112.419, -527.53)))
(((-113.575, -311.872), (-120.448, -361.126), (-161.247, -352.757), (-166.731, -339.962), (-150.025, -306.549), (-115.425, -310.128), (-113.575, -311.872)))
(((-118.359, -160.048), (-114.961, -197.425), (-137.711, -215.491), (-162.444, -212.285), (-168.752, -184.626), (-118.766, -159.633), (-118.359, -160.048)))
(((-115.425, -310.128), (-150.025, -306.549), (-176.217, -272.57), (-124.93, -255.937), (-110.211, -272.759), (-115.425, -310.128)))
(((-99.676, -581.021), (-106.27, -587.765), (-149.108, -599.298), (-164.781, -572.1), (-124.825, -529.48), (-112.419, -527.53), (-97.5615, -538.731), (-99.676, -581.021)))
(((-218.577, -800), (-225, -780.233), (-225, -761.767), (-220.195, -746.978), (-200.855, -739.242), (-89.4276, -747.813), (-79.3675, -800), (-218.577, -800)))
(((-89.4276, -747.813), (-200.855, -739.242), (-125.962, -674.241), (-113.313, -669.051), (-107.935, -669.531), (-72.0268, -709.628), (-89.4276, -747.813)))
(((-107.935, -669.531), (-113.313, -669.051), (-150.126, -603.428), (-149.108, -599.298), (-106.27, -587.765), (-91.2579, -645.938), (-107.935, -669.531)))
(((-124.524, -138.294), (-152.857, -117.98), (-135.81, -70.0862), (-86.5719, -111.939), (-124.524, -138.294)))
(((-83.6464, -228.792), (-122.089, -242.048), (-137.711, -215.491), (-114.961, -197.425), (-85.0225, -210.819), (-81.2087, -224.549), (-83.6464, -228.792)))
(((-104.452, -475.297), (-108.21, -477.023), (-117.169, -471.903), (-149.373, -421.808), (-149.158, -421.198), (-118.031, -402.23), (-103.643, -406.214), (-81.986, -449.528), (-104.452, -475.297)))
(((-81.7672, -263.557), (-110.211, -272.759), (-124.93, -255.937), (-122.089, -242.048), (-83.6464, -228.792), (-81.7672, -263.557)))
(((-70.0508, -53), (-68.2565, -88.2893), (-81.1214, -111.16), (-86.5719, -111.939), (-135.81, -70.0862), (-135.586, -53), (-70.0508, -53)))
(((-72.3191, -355.122), (-118.705, -363.82), (-120.448, -361.126), (-113.575, -311.872), (-81.3525, -315.205), (-65.3301, -333.281), (-72.3191, -355.122)))
(((-68.0263, -183.477), (-85.0225, -210.819), (-114.961, -197.425), (-118.359, -160.048), (-79.724, -163.642), (-68.0263, -183.477)))
(((-68.125, -394.375), (-103.643, -406.214), (-118.031, -402.23), (-118.705, -363.82), (-72.3191, -355.122), (-63.3043, -379.913), (-68.125, -394.375)))
(((-81.3525, -315.205), (-113.575, -311.872), (-115.425, -310.128), (-110.211, -272.759), (-81.7672, -263.557), (-62.4898, -277.48), (-81.3525, -315.205)))
(((-63.5689, -135.371), (-79.724, -163.642), (-118.359, -160.048), (-118.766, -159.633), (-124.524, -138.294), (-86.5719, -111.939), (-81.1214, -111.16), (-63.5689, -135.371)))
(((-62.7486, -630.229), (-91.2579, -645.938), (-106.27, -587.765), (-99.676, -581.021), (-60.4254, -595.381), (-62.7486, -630.229)))
(((-123.519, 625), (-29.3072, 625), (-0.0983005, 603.779), (13.8202, 560.942), (8.51607, 540.448), (-103.771, 449.894), (-111.902, 449.894), (-161.902, 486.221), (-170.131, 511.549), (-123.519, 625)))
(((-91.1884, -537.7), (-97.5615, -538.731), (-112.419, -527.53), (-108.21, -477.023), (-104.452, -475.297), (-44.6813, -499.648), (-91.1884, -537.7)))
(((-51.566, -446.546), (-81.986, -449.528), (-103.643, -406.214), (-68.125, -394.375), (-47.1051, -418.107), (-51.566, -446.546)))
(((-46.85, -586.125), (-60.4254, -595.381), (-99.676, -581.021), (-97.5615, -538.731), (-91.1884, -537.7), (-37.3285, -562.321), (-46.85, -586.125)))
(((-40.4248, -498.513), (-44.6813, -499.648), (-104.452, -475.297), (-81.986, -449.528), (-51.566, -446.546), (-36.3437, -462.83), (-40.3642, -498.44), (-40.4248, -498.513)))
(((-33.9286, -234.929), (-33.5275, -247.161), (-50.2443, -274.808), (-62.4898, -277.48), (-81.7672, -263.557), (-83.6464, -228.792), (-81.2087, -224.549), (-35.7653, -232.122), (-33.9286, -234.929)))
(((-104.45, 181.831), (-144.902, 211.221), (-164, 270), (-148.016, 319.193), (-25.4242, 307.085), (-41.2946, 205.515), (-104.45, 181.831)))
(((-72.0268, -709.628), (-107.935, -669.531), (-91.2579, -645.938), (-62.7486, -630.229), (-32.606, -642.024), (-58.1017, -707.888), (-72.0268, -709.628)))
(((-35.7653, -232.122), (-81.2087, -224.549), (-85.0225, -210.819), (-68.0263, -183.477), (-29.8919, -185.135), (-35.7653, -232.122)))
(((-145.587, 318.953), (-156, 351), (-136.902, 409.779), (-100.762, 436.036), (-10.9302, 391.564), (-20.063, 310.384), (-25.4242, 307.085), (-145.587, 318.953)))
(((-29.8919, -185.135), (-68.0263, -183.477), (-79.724, -163.642), (-63.5689, -135.371), (-41.8618, -137.586), (-27.5, -150.474), (-27.5, -183.019), (-29.8919, -185.135)))
(((-37.3285, -562.321), (-91.1884, -537.7), (-44.6813, -499.648), (-40.4248, -498.513), (-24.4658, -554.37), (-37.3285, -562.321)))
(((-47.5994, -331.347), (-65.3301, -333.281), (-81.3525, -315.205), (-62.4898, -277.48), (-50.2443, -274.808), (-24.7331, -302.078), (-47.5994, -331.347)))
(((-41.8618, -137.586), (-63.5689, -135.371), (-81.1214, -111.16), (-68.2565, -88.2893), (-30.0941, -102.282), (-41.8618, -137.586)))
(((-24.0974, -371.596), (-63.3043, -379.913), (-72.3191, -355.122), (-65.3301, -333.281), (-47.5994, -331.347), (-22.1225, -353.427), (-24.0974, -371.596)))
(((-79.3675, -800), (-89.4276, -747.813), (-72.0268, -709.628), (-58.1017, -707.888), (-20.0559, -716.493), (-15.4167, -800), (-79.3675, -800)))
(((-28.921, -641.198), (-32.606, -642.024), (-62.7486, -630.229), (-60.4254, -595.381), (-46.85, -586.125), (-11.584, -615.513), (-28.921, -641.198)))
(((-18.9681, -406.564), (-47.1051, -418.107), (-68.125, -394.375), (-63.3043, -379.913), (-24.0974, -371.596), (-9.71918, -391.623), (-18.9681, -406.564)))
(((-36.1, -53), (-18.5756, -96.8109), (-30.0941, -102.282), (-68.2565, -88.2893), (-70.0508, -53), (-36.1, -53)))
(((-20.0559, -716.493), (-58.1017, -707.888), (-32.606, -642.024), (-28.921, -641.198), (2.34176, -668.427), (-13.3254, -713.585), (-20.0559, -716.493)))
(((-0.947205, -451.503), (-36.3437, -462.83), (-51.566, -446.546), (-47.1051, -418.107), (-18.9681, -406.564), (1.9, -448.3), (-0.947205, -451.503)))
(((1.44988, -287.371), (-23.9278, -302.063), (-24.7331, -302.078), (-50.2443, -274.808), (-33.5275, -247.161), (3.21479, -270.781), (1.44988, -287.371)))
(((-23.9278, -302.063), (3.88389, -338.566), (-22.1225, -353.427), (-47.5994, -331.347), (-24.7331, -302.078), (-23.9278, -302.063)))
(((10.0815, -131.202), (-27.5, -150.474), (-41.8618, -137.586), (-30.0941, -102.282), (-18.5756, -96.8109), (-5.64679, -98.3624), (10.7804, -128.36), (10.0815, -131.202)))
(((18.8365, -603.584), (-11.584, -615.513), (-46.85, -586.125), (-37.3285, -562.321), (-24.4658, -554.37), (8.70405, -558.33), (20.7508, -586.993), (18.8365, -603.584)))
(((-101.58, 97.621), (-116, 142), (-102.865, 182.426), (-41.2946, 205.515), (-29.2591, 203.883), (15.2779, 166.768), (21.8575, 103.793), (-101.58, 97.621)))
(((-36.1, -53), (-30, -53), (-30, -35.2981), (19.5787, -55.3202), (21.4343, -62.2543), (-5.64679, -98.3624), (-18.5756, -96.8109), (-36.1, -53)))
(((-30, 14.628), (-30, 53), (-109.076, 53), (-112, 62), (-100.407, 97.6797), (21.8575, 103.793), (25.4032, 101.225), (15.9082, 25.2653), (-30, 14.628)))
(((8.70405, -558.33), (-24.4658, -554.37), (-40.4248, -498.513), (-40.3642, -498.44), (3.97242, -502.766), (10.2227, -555.893), (8.70405, -558.33)))
(((12.1309, -226.8), (-33.9286, -234.929), (-35.7653, -232.122), (-29.8919, -185.135), (-27.5, -183.019), (-7.12872, -186.545), (19.8834, -210.943), (12.1309, -226.8)))
(((3.97242, -502.766), (-40.3642, -498.44), (-36.3437, -462.83), (-0.947205, -451.503), (13.9421, -494.682), (3.97242, -502.766)))
(((-100.823, 436.066), (-104.995, 448.907), (8.51607, 540.448), (44.2938, 471.083), (0.222121, 394.606), (-10.9302, 391.564), (-100.823, 436.066)))
(((20.8853, -255.252), (3.21479, -270.781), (-33.5275, -247.161), (-33.9286, -234.929), (12.1309, -226.8), (20.8853, -255.252)))
(((22.5713, -364.091), (1.42531, -391.004), (-9.71918, -391.623), (-24.0974, -371.596), (-22.1225, -353.427), (3.88389, -338.566), (18.5563, -338.854), (22.5713, -364.091)))
(((25.3018, -157.203), (-7.12872, -186.545), (-27.5, -183.019), (-27.5, -150.474), (10.0815, -131.202), (25.3018, -157.203)))
(((42.9667, 246.222), (-29.2591, 203.883), (-41.2946, 205.515), (-25.4242, 307.085), (-20.063, 310.384), (35.7946, 294.036), (42.9667, 246.222)))
(((35.1078, -653.409), (2.34176, -668.427), (-28.921, -641.198), (-11.584, -615.513), (18.8365, -603.584), (37.2044, -628.949), (35.1078, -653.409)))
(((22.3344, -335.162), (18.5563, -338.854), (3.88389, -338.566), (-23.9278, -302.063), (1.44988, -287.371), (28.3629, -307.76), (22.3344, -335.162)))
(((22.0721, -441.069), (1.9, -448.3), (-18.9681, -406.564), (-9.71918, -391.623), (1.42531, -391.004), (28.378, -412.061), (22.0721, -441.069)))
(((-30, -35.2981), (-30, 14.628), (15.9082, 25.2653), (37.9644, 11.8527), (46.9003, -13.9238), (19.5787, -55.3202), (-30, -35.2981)))
(((-15.4167, -800), (-20.0559, -716.493), (-13.3254, -713.585), (13.2055, -719.389), (53.9017, -762.41), (60.1667, -800), (-15.4167, -800)))
(((43.4, -203.4), (19.8834, -210.943), (-7.12872, -186.545), (25.3018, -157.203), (25.4494, -157.275), (47.7841, -185.864), (43.4, -203.4)))
(((60.0108, -472.795), (41.9597, -494.086), (13.9421, -494.682), (-0.947205, -451.503), (1.9, -448.3), (22.0721, -441.069), (60.4135, -465.143), (60.0108, -472.795)))
(((46.0106, -110.745), (10.7804, -128.36), (-5.64679, -98.3624), (21.4343, -62.2543), (41.4779, -77.505), (46.0106, -110.745)))
(((60.2163, -682.104), (13.2055, -719.389), (-13.3254, -713.585), (2.34176, -668.427), (35.1078, -653.409), (60.2163, -682.104)))
(((48.5655, -531.244), (10.2227, -555.893), (3.97242, -502.766), (13.9421, -494.682), (41.9597, -494.086), (48.5655, -531.244)))
(((74.2485, 324.799), (35.7946, 294.036), (-20.063, 310.384), (-10.9302, 391.564), (0.222121, 394.606), (70.7095, 367.71), (74.2485, 324.799)))
(((54.0418, -293.169), (28.3629, -307.76), (1.44988, -287.371), (3.21479, -270.781), (20.8853, -255.252), (32.8884, -257.92), (55.2729, -287.117), (54.0418, -293.169)))
(((58.8051, -396.847), (28.378, -412.061), (1.42531, -391.004), (22.5713, -364.091), (54.7687, -381.855), (58.8051, -396.847)))
(((91.8624, 207.395), (80.7483, 187.768), (15.2779, 166.768), (-29.2591, 203.883), (42.9667, 246.222), (90.8372, 214.764), (91.8624, 207.395)))
(((66.9524, -226.952), (32.8884, -257.92), (20.8853, -255.252), (12.1309, -226.8), (19.8834, -210.943), (43.4, -203.4), (66.9524, -226.952)))
(((65.6765, -137.162), (25.4494, -157.275), (25.3018, -157.203), (10.0815, -131.202), (10.7804, -128.36), (46.0106, -110.745), (64.3716, -121.177), (65.6765, -137.162)))
(((54.7687, -381.855), (22.5713, -364.091), (18.5563, -338.854), (22.3344, -335.162), (70.0104, -345.275), (54.7687, -381.855)))
(((85.7639, -691.1), (53.9017, -762.41), (13.2055, -719.389), (60.2163, -682.104), (85.7639, -691.1)))
(((60.4135, -465.143), (22.0721, -441.069), (28.378, -412.061), (58.8051, -396.847), (70.9685, -403.581), (72.0665, -452.994), (60.4135, -465.143)))
(((68.7795, -575.618), (20.7508, -586.993), (8.70405, -558.33), (10.2227, -555.893), (48.5655, -531.244), (58.5879, -534.852), (68.7795, -575.618)))
(((77.331, -340.852), (70.0104, -345.275), (22.3344, -335.162), (28.3629, -307.76), (54.0418, -293.169), (79.8621, -320.603), (77.331, -340.852)))
(((68.6867, -142.053), (64.3491, -175.67), (47.7841, -185.864), (25.4494, -157.275), (65.6765, -137.162), (68.6867, -142.053)))
(((85.7746, 132.48), (38.2311, 101.36), (25.4032, 101.225), (21.8575, 103.793), (15.2779, 166.768), (80.7483, 187.768), (85.7746, 132.48)))
(((95.4342, 47.7713), (37.9644, 11.8527), (15.9082, 25.2653), (25.4032, 101.225), (38.2311, 101.36), (95.4744, 51.2724), (95.4342, 47.7713)))
(((107.343, 404.343), (70.7095, 367.71), (0.222121, 394.606), (44.2938, 471.083), (115.859, 440.043), (107.343, 404.343)))
(((83.9178, -263.382), (55.2729, -287.117), (32.8884, -257.92), (66.9524, -226.952), (74.9103, -229.431), (83.9178, -263.382)))
(((88.4755, -41.5527), (75.2922, -69.8968), (41.4779, -77.505), (21.4343, -62.2543), (19.5787, -55.3202), (46.9003, -13.9238), (82.3899, -28.9618), (88.4755, -41.5527)))
(((96.0092, -602.776), (86.2135, -616.697), (37.2044, -628.949), (18.8365, -603.584), (20.7508, -586.993), (68.7795, -575.618), (89.5943, -584.406), (96.0092, -602.776)))
(((93.1744, -103.895), (64.3716, -121.177), (46.0106, -110.745), (41.4779, -77.505), (75.2922, -69.8968), (93.9831, -101.671), (93.1744, -103.895)))
(((94.4817, -526.504), (58.5879, -534.852), (48.5655, -531.244), (41.9597, -494.086), (60.0108, -472.795), (98.1667, -505.5), (94.4817, -526.504)))
(((94.6877, -688.966), (85.7639, -691.1), (60.2163, -682.104), (35.1078, -653.409), (37.2044, -628.949), (86.2135, -616.697), (99.0197, -670.483), (94.6877, -688.966)))
(((107.407, -209.12), (74.9103, -229.431), (66.9524, -226.952), (43.4, -203.4), (47.7841, -185.864), (64.3491, -175.67), (98.3361, -182.467), (105.445, -192.02), (107.407, -209.12)))
(((109.03, -547.225), (89.5943, -584.406), (68.7795, -575.618), (58.5879, -534.852), (94.4817, -526.504), (109.03, -547.225)))
(((104.339, -395.087), (70.9685, -403.581), (58.8051, -396.847), (54.7687, -381.855), (70.0104, -345.275), (77.331, -340.852), (111.183, -363.145), (104.339, -395.087)))
(((90.8372, 214.764), (42.9667, 246.222), (35.7946, 294.036), (74.2485, 324.799), (147.017, 286.549), (90.8372, 214.764)))
(((98.3361, -182.467), (64.3491, -175.67), (68.6867, -142.053), (100.936, -151.267), (98.3361, -182.467)))
(((120.183, 15.1296), (82.3899, -28.9618), (46.9003, -13.9238), (37.9644, 11.8527), (95.4342, 47.7713), (119.512, 18.5702), (120.183, 15.1296)))
(((105.918, -305.905), (79.8621, -320.603), (54.0418, -293.169), (55.2729, -287.117), (83.9178, -263.382), (108.839, -273.766), (105.918, -305.905)))
(((137.111, 104.08), (95.4744, 51.2724), (38.2311, 101.36), (85.7746, 132.48), (136.202, 107.679), (137.111, 104.08)))
(((184.028, 485.698), (115.859, 440.043), (44.2938, 471.083), (8.51607, 540.448), (14.7746, 564.629), (58.0983, 596.106), (119.902, 596.106), (169.902, 559.779), (189, 501), (184.028, 485.698)))
(((100.936, -151.267), (68.6867, -142.053), (65.6765, -137.162), (64.3716, -121.177), (93.1744, -103.895), (115.342, -138.255), (100.936, -151.267)))
(((60.1667, -800), (53.9017, -762.41), (85.7639, -691.1), (94.6877, -688.966), (112.167, -698.5), (117, -800), (60.1667, -800)))
(((120, -449), (72.0665, -452.994), (70.9685, -403.581), (104.339, -395.087), (129.711, -419.868), (120, -449)))
(((129.09, -467.181), (106.063, -500.762), (98.1667, -505.5), (60.0108, -472.795), (60.4135, -465.143), (72.0665, -452.994), (120, -449), (129.09, -467.181)))
(((128.132, -56.7647), (116.564, -89.8162), (93.9831, -101.671), (75.2922, -69.8968), (88.4755, -41.5527), (127.253, -55.0062), (128.132, -56.7647)))
(((108.596, -209.79), (142.602, -258.184), (108.839, -273.766), (83.9178, -263.382), (74.9103, -229.431), (107.407, -209.12), (108.596, -209.79)))
(((130.134, -352.776), (111.183, -363.145), (77.331, -340.852), (79.8621, -320.603), (105.918, -305.905), (131.419, -321.935), (130.134, -352.776)))
(((153.371, -622.654), (99.0197, -670.483), (86.2135, -616.697), (96.0092, -602.776), (150.219, -610.908), (153.371, -622.654)))
(((148.55, -11.3469), (127.253, -55.0062), (88.4755, -41.5527), (82.3899, -28.9618), (120.183, 15.1296), (148.55, -11.3469)))
(((136.202, 107.679), (85.7746, 132.48), (80.7483, 187.768), (91.8624, 207.395), (168.04, 168.702), (136.202, 107.679)))
(((141.054, -166.381), (105.445, -192.02), (98.3361, -182.467), (100.936, -151.267), (115.342, -138.255), (124.681, -138.805), (141.054, -166.381)))
(((142.986, -122.216), (124.681, -138.805), (115.342, -138.255), (93.1744, -103.895), (93.9831, -101.671), (116.564, -89.8162), (143.818, -109.732), (142.986, -122.216)))
(((164.769, 290.315), (147.017, 286.549), (74.2485, 324.799), (70.7095, 367.71), (107.343, 404.343), (171.785, 341.436), (164.769, 290.315)))
(((150.219, -610.908), (96.0092, -602.776), (89.5943, -584.406), (109.03, -547.225), (131.154, -548.41), (159.439, -593.196), (150.219, -610.908)))
(((131.154, -548.41), (109.03, -547.225), (94.4817, -526.504), (98.1667, -505.5), (106.063, -500.762), (156.982, -520.16), (131.154, -548.41)))
(((147.579, -259.013), (159.068, -302.506), (131.419, -321.935), (105.918, -305.905), (108.839, -273.766), (142.602, -258.184), (147.579, -259.013)))
(((156.982, -520.16), (106.063, -500.762), (129.09, -467.181), (146.234, -474.104), (160.518, -503.388), (157.846, -519.72), (156.982, -520.16)))
(((208.715, -800), (117, -800), (112.167, -698.5), (141.198, -698.5), (191.497, -744.519), (215.782, -794.865), (208.715, -800)))
(((168.81, -656.096), (141.198, -698.5), (112.167, -698.5), (94.6877, -688.966), (99.0197, -670.483), (153.371, -622.654), (165.268, -637.842), (168.81, -656.096)))
(((173, -407.5), (129.711, -419.868), (104.339, -395.087), (111.183, -363.145), (130.134, -352.776), (151.214, -360.629), (173.497, -406.257), (173, -407.5)))
(((157.5, -199.672), (108.596, -209.79), (107.407, -209.12), (105.445, -192.02), (141.054, -166.381), (147.798, -168.527), (160.365, -196.017), (157.5, -199.672)))
(((192.836, 64.3973), (119.512, 18.5702), (95.4342, 47.7713), (95.4744, 51.2724), (137.111, 104.08), (192.836, 64.3973)))
(((174.283, -82.4183), (143.818, -109.732), (116.564, -89.8162), (128.132, -56.7647), (169.082, -73.9062), (174.283, -82.4183)))
(((147.579, -259.013), (142.602, -258.184), (108.596, -209.79), (157.5, -199.672), (157.5, -252.812), (147.579, -259.013)))
(((196.594, 270.356), (181.538, 173.747), (168.04, 168.702), (91.8624, 207.395), (90.8372, 214.764), (147.017, 286.549), (164.769, 290.315), (196.594, 270.356)))
(((178.555, -145.459), (147.798, -168.527), (141.054, -166.381), (124.681, -138.805), (142.986, -122.216), (178.74, -141.943), (178.555, -145.459)))
(((192, -445.5), (146.234, -474.104), (129.09, -467.181), (120, -449), (129.711, -419.868), (173, -407.5), (192, -445.5)))
(((188.295, -330.964), (151.214, -360.629), (130.134, -352.776), (131.419, -321.935), (159.068, -302.506), (190.341, -319.063), (188.295, -330.964)))
(((169.082, -73.9062), (128.132, -56.7647), (127.253, -55.0062), (148.55, -11.3469), (158.915, -11.5064), (181.611, -28.7991), (169.082, -73.9062)))
(((211.429, 59.2745), (158.915, -11.5064), (148.55, -11.3469), (120.183, 15.1296), (119.512, 18.5702), (192.836, 64.3973), (211.429, 59.2745)))
(((176.647, -583.482), (159.439, -593.196), (131.154, -548.41), (156.982, -520.16), (157.846, -519.72), (192.497, -541.771), (176.647, -583.482)))
(((186.13, 487.106), (192.902, 487.106), (236.35, 455.539), (219.29, 393.183), (171.785, 341.436), (107.343, 404.343), (115.859, 440.043), (186.13, 487.106)))
(((194.051, -122.326), (178.74, -141.943), (142.986, -122.216), (143.818, -109.732), (174.283, -82.4183), (186.648, -88.0021), (194.051, -122.326)))
(((184.436, -194.947), (160.365, -196.017), (147.798, -168.527), (178.555, -145.459), (196.181, -170.84), (184.436, -194.947)))
(((189.598, -248.299), (157.5, -252.812), (157.5, -199.672), (160.365, -196.017), (184.436, -194.947), (193.715, -208.152), (189.598, -248.299)))
(((204.064, -482.365), (160.518, -503.388), (146.234, -474.104), (192, -445.5), (203.579, -453.219), (204.064, -482.365)))
(((191.497, -744.519), (141.198, -698.5), (168.81, -656.096), (201.404, -675.175), (191.497, -744.519)))
(((208.293, -381.965), (173.497, -406.257), (151.214, -360.629), (188.295, -330.964), (210.337, -377.367), (208.293, -381.965)))
(((208.605, -274.183), (198.105, -314.429), (190.341, -319.063), (159.068, -302.506), (147.579, -259.013), (157.5, -252.812), (189.598, -248.299), (200.111, -253.556), (208.605, -274.183)))
(((267.193, 61.1179), (211.429, 59.2745), (192.836, 64.3973), (137.111, 104.08), (136.202, 107.679), (168.04, 168.702), (181.538, 173.747), (283.434, 126.898), (286, 119), (267.193, 61.1179)))
(((228.825, -526.825), (225.524, -530.238), (192.497, -541.771), (157.846, -519.72), (160.518, -503.388), (204.064, -482.365), (230.624, -523.089), (228.825, -526.825)))
(((272.129, 53), (210, 53), (210, -26.6154), (181.611, -28.7991), (158.915, -11.5064), (211.429, 59.2745), (265.028, 61.0464), (270.902, 56.7785), (272.129, 53)))
(((210, -26.6154), (210, -53), (233.522, -53), (215.27, -75.0938), (186.648, -88.0021), (174.283, -82.4183), (169.082, -73.9062), (181.611, -28.7991), (210, -26.6154)))
(((214.146, -627.779), (165.268, -637.842), (153.371, -622.654), (150.219, -610.908), (159.439, -593.196), (176.647, -583.482), (207.883, -594.378), (214.146, -627.779)))
(((229.785, -664.306), (201.404, -675.175), (168.81, -656.096), (165.268, -637.842), (214.146, -627.779), (235.9, -641.375), (229.785, -664.306)))
(((227.327, -168.716), (196.181, -170.84), (178.555, -145.459), (178.74, -141.943), (194.051, -122.326), (223.151, -129.093), (235.862, -158.047), (227.327, -168.716)))
(((231.013, -583.751), (207.883, -594.378), (176.647, -583.482), (192.497, -541.771), (225.524, -530.238), (231.013, -583.751)))
(((234.323, -205.445), (193.715, -208.152), (184.436, -194.947), (196.181, -170.84), (227.327, -168.716), (234.323, -205.445)))
(((235.679, -206.872), (222.215, -241.654), (200.111, -253.556), (189.598, -248.299), (193.715, -208.152), (234.323, -205.445), (235.679, -206.872)))
(((228.952, -445.853), (203.579, -453.219), (192, -445.5), (173, -407.5), (173.497, -406.257), (208.293, -381.965), (230.412, -404.968), (228.952, -445.853)))
(((223.151, -129.093), (194.051, -122.326), (186.648, -88.0021), (215.27, -75.0938), (236.462, -112.587), (223.151, -129.093)))
(((243.369, -361.203), (210.337, -377.367), (188.295, -330.964), (190.341, -319.063), (198.105, -314.429), (242.561, -322.431), (243.369, -361.203)))
(((254.934, -787.176), (250.902, -790.106), (213.486, -790.106), (191.497, -744.519), (201.404, -675.175), (229.785, -664.306), (259.142, -704.079), (254.934, -787.176)))
(((291.67, 272.55), (196.594, 270.356), (164.769, 290.315), (171.785, 341.436), (219.29, 393.183), (291.67, 272.55)))
(((280.675, 128.167), (181.538, 173.747), (196.594, 270.356), (291.67, 272.55), (298.848, 270.63), (306.902, 264.779), (326, 206), (306.902, 147.221), (280.675, 128.167)))
(((269.732, -606.844), (262.19, -624.944), (235.9, -641.375), (214.146, -627.779), (207.883, -594.378), (231.013, -583.751), (268.668, -603.956), (269.732, -606.844)))
(((266.649, -284.946), (264.182, -305.222), (242.561, -322.431), (198.105, -314.429), (208.605, -274.183), (265.957, -282.872), (266.649, -284.946)))
(((265.957, -282.872), (208.605, -274.183), (200.111, -253.556), (222.215, -241.654), (268.701, -258.871), (265.957, -282.872)))
(((230.624, -523.089), (204.064, -482.365), (203.579, -453.219), (228.952, -445.853), (253.198, -449.827), (247.307, -514.627), (230.624, -523.089)))
(((273.887, -53), (264.781, -106.625), (236.462, -112.587), (215.27, -75.0938), (233.522, -53), (273.887, -53)))
(((264.039, -402.382), (230.412, -404.968), (208.293, -381.965), (210.337, -377.367), (243.369, -361.203), (265.36, -372.656), (264.039, -402.382)))
(((268.701, -258.871), (222.215, -241.654), (235.679, -206.872), (259.611, -211.18), (273.784, -250.156), (268.701, -258.871)))
(((267.662, -444.629), (253.198, -449.827), (228.952, -445.853), (230.412, -404.968), (264.039, -402.382), (274.964, -421.955), (267.662, -444.629)))
(((275.237, -122.851), (249.603, -157.029), (235.862, -158.047), (223.151, -129.093), (236.462, -112.587), (264.781, -106.625), (275.237, -122.851)))
(((268.668, -603.956), (231.013, -583.751), (225.524, -530.238), (228.825, -526.825), (275.903, -573.903), (268.668, -603.956)))
(((274.641, -195.708), (259.611, -211.18), (235.679, -206.872), (234.323, -205.445), (227.327, -168.716), (235.862, -158.047), (249.603, -157.029), (267.516, -170.057), (274.641, -195.708)))
(((292.797, -668.5), (259.142, -704.079), (229.785, -664.306), (235.9, -641.375), (262.19, -624.944), (292.797, -668.5)))
(((305.378, -505.163), (294.45, -513.198), (247.307, -514.627), (253.198, -449.827), (267.662, -444.629), (268.705, -445.464), (305.561, -501.549), (305.378, -505.163)))
(((293.079, -361.569), (265.36, -372.656), (243.369, -361.203), (242.561, -322.431), (264.182, -305.222), (301.619, -337.98), (293.079, -361.569)))
(((301.639, 269.883), (291.67, 272.55), (219.29, 393.183), (237.041, 458.064), (237.098, 458.106), (298.902, 458.106), (348.902, 421.779), (368, 363), (348.902, 304.221), (301.639, 269.883)))
(((292.639, -556.66), (275.903, -573.903), (228.825, -526.825), (230.624, -523.089), (247.307, -514.627), (294.45, -513.198), (292.639, -556.66)))
(((308.28, -148.789), (267.516, -170.057), (249.603, -157.029), (275.237, -122.851), (304.403, -132.767), (308.28, -148.789)))
(((305.485, -410.599), (274.964, -421.955), (264.039, -402.382), (265.36, -372.656), (293.079, -361.569), (313.891, -388.84), (305.485, -410.599)))
(((314.757, -237.302), (273.784, -250.156), (259.611, -211.18), (274.641, -195.708), (308.927, -196.487), (314.757, -237.302)))
(((322.39, -179.021), (308.927, -196.487), (274.641, -195.708), (267.516, -170.057), (308.28, -148.789), (320.977, -165.496), (322.39, -179.021)))
(((273.887, -53), (298.174, -53), (322.062, -110.064), (304.403, -132.767), (275.237, -122.851), (264.781, -106.625), (273.887, -53)))
(((255.063, -784.635), (259.142, -704.079), (292.797, -668.5), (319.439, -668.5), (304.214, -794.106), (268.098, -794.106), (255.063, -784.635)))
(((338.852, -658.645), (319.439, -668.5), (292.797, -668.5), (262.19, -624.944), (269.732, -606.844), (316.701, -610.083), (337.814, -631.665), (338.852, -658.645)))
(((332.991, -456.848), (305.561, -501.549), (268.705, -445.464), (329.245, -448.216), (332.991, -456.848)))
(((330.596, -305.199), (312.616, -333.833), (301.619, -337.98), (264.182, -305.222), (266.649, -284.946), (327.575, -286.738), (330.596, -305.199)))
(((316.701, -610.083), (269.732, -606.844), (268.668, -603.956), (275.903, -573.903), (292.639, -556.66), (328.257, -572.745), (316.701, -610.083)))
(((329.245, -448.216), (268.705, -445.464), (267.662, -444.629), (274.964, -421.955), (305.485, -410.599), (329.008, -435.932), (329.245, -448.216)))
(((335.86, -268.842), (327.575, -286.738), (266.649, -284.946), (265.957, -282.872), (268.701, -258.871), (273.784, -250.156), (314.757, -237.302), (333.619, -248.033), (335.86, -268.842)))
(((340.441, -564.992), (328.257, -572.745), (292.639, -556.66), (294.45, -513.198), (305.378, -505.163), (345.442, -523.317), (340.441, -564.992)))
(((345.341, -384.738), (313.891, -388.84), (293.079, -361.569), (301.619, -337.98), (312.616, -333.833), (354.012, -358.183), (345.341, -384.738)))
(((360.18, -406.008), (329.008, -435.932), (305.485, -410.599), (313.891, -388.84), (345.341, -384.738), (360.18, -406.008)))
(((400, -771.152), (362.902, -798.106), (303.73, -798.106), (319.439, -668.5), (338.852, -658.645), (400, -699.11), (400, -771.152)))
(((360.325, -231.276), (333.619, -248.033), (314.757, -237.302), (308.927, -196.487), (322.39, -179.021), (354.863, -193.043), (360.325, -231.276)))
(((392, -53), (335.441, -109.559), (322.062, -110.064), (298.174, -53), (392, -53)))
(((368.842, -139.248), (320.977, -165.496), (308.28, -148.789), (304.403, -132.767), (322.062, -110.064), (335.441, -109.559), (368.842, -139.248)))
(((337.814, -631.665), (316.701, -610.083), (328.257, -572.745), (340.441, -564.992), (388.673, -592.916), (337.814, -631.665)))
(((400, -328.333), (400, -331.51), (354.012, -358.183), (312.616, -333.833), (330.596, -305.199), (400, -328.333)))
(((400, -506.95), (345.442, -523.317), (305.378, -505.163), (305.561, -501.549), (332.991, -456.848), (400, -468.91), (400, -506.95)))
(((400, -468.91), (332.991, -456.848), (329.245, -448.216), (329.008, -435.932), (360.18, -406.008), (400, -419.764), (400, -468.91)))
(((400, -165.724), (354.863, -193.043), (322.39, -179.021), (320.977, -165.496), (368.842, -139.248), (400, -143.009), (400, -165.724)))
(((400, -328.333), (330.596, -305.199), (327.575, -286.738), (335.86, -268.842), (400, -290.891), (400, -328.333)))
(((392, -53), (400, -53), (400, -143.009), (368.842, -139.248), (335.441, -109.559), (392, -53)))
(((400, -591.5), (388.673, -592.916), (340.441, -564.992), (345.442, -523.317), (400, -506.95), (400, -591.5)))
(((400, -290.891), (335.86, -268.842), (333.619, -248.033), (360.325, -231.276), (400, -238.237), (400, -290.891)))
(((400, -419.764), (360.18, -406.008), (345.341, -384.738), (354.012, -358.183), (400, -331.51), (400, -419.764)))
(((400, -699.11), (338.852, -658.645), (337.814, -631.665), (388.673, -592.916), (400, -591.5), (400, -699.11)))
(((400, -238.237), (360.325, -231.276), (354.863, -193.043), (400, -165.724), (400, -238.237)))
