(((-225, -119.077), (-184.053, -147.425), (-194.543, -191.479), (-225, -197.301), (-225, -119.077)))
(((-225, -458.148), (-211.91, -460.508), (-162.48, -519.824), (-213.324, -605.17), (-225, -610.242), (-225, -458.148)))
(((-225, -197.301), (-194.543, -191.479), (-179.026, -199.237), (-164.105, -232.47), (-180.444, -261.334), (-225, -271.854), (-225, -197.301)))
(((-225, -69.9184), (-162.304, -99.347), (-149.07, -136.715), (-184.053, -147.425), (-225, -119.077), (-225, -69.9184)))
(((-225, -271.854), (-180.444, -261.334), (-151.281, -286.331), (-155.815, -319.367), (-225, -328.391), (-225, -271.854)))
(((-225, -371.932), (-192.71, -373.574), (-140.351, -404.99), (-143.268, -417.39), (-184.63, -451.858), (-211.91, -460.508), (-225, -458.148), (-225, -371.932)))
(((-225, -328.391), (-155.815, -319.367), (-137.441, -340.568), (-140.006, -346.313), (-192.71, -373.574), (-225, -371.932), (-225, -328.391)))
(((-146.905, -137.798), (-144.928, -180.293), (-179.026, -199.237), (-194.543, -191.479), (-184.053, -147.425), (-149.07, -136.715), (-146.905, -137.798)))
(((-225, -69.9184), (-225, -53), (-122.472, -53), (-122.905, -68.5661), (-162.304, -99.347), (-225, -69.9184)))
(((-140.351, -404.99), (-192.71, -373.574), (-140.006, -346.313), (-134.863, -399.025), (-140.351, -404.99)))
(((-104.214, -598.205), (-213.324, -605.17), (-162.48, -519.824), (-130.328, -520.297), (-100.114, -594.575), (-104.214, -598.205)))
(((-108.543, -491.579), (-130.328, -520.297), (-162.48, -519.824), (-211.91, -460.508), (-184.63, -451.858), (-112.057, -481.741), (-108.543, -491.579)))
(((-116.779, -216.055), (-130.262, -229.866), (-164.105, -232.47), (-179.026, -199.237), (-144.928, -180.293), (-115.068, -198.367), (-116.779, -216.055)))
(((-225, -707.434), (-225, -610.242), (-213.324, -605.17), (-104.214, -598.205), (-107.766, -738.505), (-114.098, -743.106), (-175.902, -743.106), (-225, -707.434)))
(((-122.87, -277.634), (-151.281, -286.331), (-180.444, -261.334), (-164.105, -232.47), (-130.262, -229.866), (-118.569, -270.261), (-122.87, -277.634)))
(((-112.057, -481.741), (-184.63, -451.858), (-143.268, -417.39), (-106.838, -449.267), (-112.057, -481.741)))
(((-103.527, -98.9239), (-123.153, -134.086), (-146.905, -137.798), (-149.07, -136.715), (-162.304, -99.347), (-122.905, -68.5661), (-103.527, -98.9239)))
(((-116.382, -336.948), (-137.441, -340.568), (-155.815, -319.367), (-151.281, -286.331), (-122.87, -277.634), (-105.29, -305.258), (-116.382, -336.948)))
(((-101.447, -186.294), (-115.068, -198.367), (-144.928, -180.293), (-146.905, -137.798), (-123.153, -134.086), (-96.5989, -155.993), (-101.447, -186.294)))
(((-92.252, -381.652), (-102.638, -393.225), (-134.863, -399.025), (-140.006, -346.313), (-137.441, -340.568), (-116.382, -336.948), (-92.8862, -350.576), (-92.252, -381.652)))
(((-106.838, -449.267), (-143.268, -417.39), (-140.351, -404.99), (-134.863, -399.025), (-102.638, -393.225), (-82.8182, -432.864), (-106.838, -449.267)))
(((-89.7447, -262.87), (-118.569, -270.261), (-130.262, -229.866), (-116.779, -216.055), (-78.5689, -237.889), (-89.7447, -262.87)))
(((-138.392, 330.43), (-184.902, 364.221), (-204, 423), (-184.902, 481.779), (-157.643, 501.583), (-64.0422, 434.474), (-109.255, 348.893), (-138.392, 330.43)))
(((-71.7778, -298.556), (-105.29, -305.258), (-122.87, -277.634), (-118.569, -270.261), (-89.7447, -262.87), (-67.8611, -290.722), (-71.7778, -298.556)))
(((-73.9458, -588.905), (-100.114, -594.575), (-130.328, -520.297), (-108.543, -491.579), (-55.7106, -500.768), (-73.9458, -588.905)))
(((-79.0647, -149.783), (-96.5989, -155.993), (-123.153, -134.086), (-103.527, -98.9239), (-82.6883, -100.468), (-61.1136, -132.83), (-79.0647, -149.783)))
(((-64.2408, -338.884), (-92.8862, -350.576), (-116.382, -336.948), (-105.29, -305.258), (-71.7778, -298.556), (-62, -335), (-64.2408, -338.884)))
(((-59.0242, -53), (-54.75, -70.6667), (-82.6883, -100.468), (-103.527, -98.9239), (-122.905, -68.5661), (-122.472, -53), (-59.0242, -53)))
(((-78.5689, -237.889), (-116.779, -216.055), (-115.068, -198.367), (-101.447, -186.294), (-70.2828, -195.816), (-66.7229, -233.789), (-78.5689, -237.889)))
(((-55.7106, -500.768), (-108.543, -491.579), (-112.057, -481.741), (-106.838, -449.267), (-82.8182, -432.864), (-64.4263, -433.52), (-40.2717, -492), (-55.7106, -500.768)))
(((-50.1289, -416.518), (-64.4263, -433.52), (-82.8182, -432.864), (-102.638, -393.225), (-92.252, -381.652), (-55.1406, -391.961), (-50.1289, -416.518)))
(((-70.2828, -195.816), (-101.447, -186.294), (-96.5989, -155.993), (-79.0647, -149.783), (-53.9207, -185.404), (-70.2828, -195.816)))
(((-55.1406, -391.961), (-92.252, -381.652), (-92.8862, -350.576), (-64.2408, -338.884), (-43.2851, -374.178), (-55.1406, -391.961)))
(((-42.8301, -279.839), (-67.8611, -290.722), (-89.7447, -262.87), (-78.5689, -237.889), (-66.7229, -233.789), (-46.6766, -238.891), (-39.9489, -274.772), (-42.8301, -279.839)))
(((-43.9189, -745.106), (-96.9017, -745.106), (-107.734, -737.236), (-104.214, -598.205), (-100.114, -594.575), (-73.9458, -588.905), (-52.6383, -595.218), (-12.7573, -630.314), (-10.7982, -635.097), (-43.9189, -745.106)))
(((-157.679, 501.609), (-146.902, 534.779), (-126.11, 549.884), (-17.1557, 501.613), (-15.4934, 468.369), (-45.4248, 437.921), (-64.0422, 434.474), (-157.679, 501.609)))
(((-26.6985, -150.813), (-42.6537, -184.403), (-53.9207, -185.404), (-79.0647, -149.783), (-61.1136, -132.83), (-39.7372, -133.542), (-33.5266, -138.258), (-26.6985, -150.813)))
(((-39.7372, -133.542), (-61.1136, -132.83), (-82.6883, -100.468), (-54.75, -70.6667), (-32.3605, -85.593), (-39.7372, -133.542)))
(((-46.6766, -238.891), (-66.7229, -233.789), (-70.2828, -195.816), (-53.9207, -185.404), (-42.6537, -184.403), (-31.807, -199.421), (-44.4038, -237.212), (-46.6766, -238.891)))
(((-6.94589, 364.31), (-109.255, 348.893), (-64.0422, 434.474), (-45.4248, 437.921), (-6.94589, 364.31)))
(((-121.76, 170.033), (-128.902, 175.221), (-148, 234), (-131.13, 285.921), (-25.4709, 276.316), (-9.24829, 253.14), (-33.2201, 196.48), (-121.76, 170.033)))
(((-21.5541, -324.149), (-62, -335), (-71.7778, -298.556), (-67.8611, -290.722), (-42.8301, -279.839), (-20.2327, -321.046), (-21.5541, -324.149)))
(((-128.19, 285.654), (-140, 322), (-136.968, 331.332), (-109.255, 348.893), (-6.94589, 364.31), (-4.06652, 363.32), (11.562, 335.188), (-25.4709, 276.316), (-128.19, 285.654)))
(((-14.6973, -369.731), (-43.2851, -374.178), (-64.2408, -338.884), (-62, -335), (-21.5541, -324.149), (-6.81162, -359.367), (-14.6973, -369.731)))
(((-4.55384, -545.677), (-52.6383, -595.218), (-73.9458, -588.905), (-55.7106, -500.768), (-40.2717, -492), (-37.4375, -492), (-30.9858, -495.441), (-4.38593, -535.77), (-4.55384, -545.677)))
(((-40.2717, -492), (-64.4263, -433.52), (-50.1289, -416.518), (-31.1905, -418.533), (-12.7723, -452.536), (-37.4375, -492), (-40.2717, -492)))
(((-96.4567, 625), (9.15244, 625), (10.3624, 525.785), (-17.1557, 501.613), (-129.881, 551.555), (-131, 555), (-111.902, 613.779), (-96.4567, 625)))
(((-5.81926, -404.355), (-31.1905, -418.533), (-50.1289, -416.518), (-55.1406, -391.961), (-43.2851, -374.178), (-14.6973, -369.731), (-5.81926, -404.355)))
(((-59.0242, -53), (-30, -53), (-30, -14.4516), (2.56369, -53.318), (-3.98034, -80.5848), (-32.3605, -85.593), (-54.75, -70.6667), (-59.0242, -53)))
(((-89.0185, 85.9551), (-105.902, 98.2215), (-125, 157), (-120.659, 170.362), (-33.2201, 196.48), (11.7619, 172.762), (14.1427, 150.144), (-89.0185, 85.9551)))
(((-5.18826, -236.091), (-44.4038, -237.212), (-31.807, -199.421), (-5.04042, -201.591), (2.09727, -225.6), (-5.18826, -236.091)))
(((4.85294, -271.235), (-39.9489, -274.772), (-46.6766, -238.891), (-44.4038, -237.212), (-5.18826, -236.091), (4.85294, -271.235)))
(((-5.04042, -201.591), (-31.807, -199.421), (-42.6537, -184.403), (-26.6985, -150.813), (-6.17645, -157.79), (1.71839, -192.753), (-5.04042, -201.591)))
(((14.1008, -301.305), (-20.2327, -321.046), (-42.8301, -279.839), (-39.9489, -274.772), (4.85294, -271.235), (9.15517, -274.103), (14.1008, -301.305)))
(((16.2953, -103.599), (-33.5266, -138.258), (-39.7372, -133.542), (-32.3605, -85.593), (-3.98034, -80.5848), (16.089, -101.683), (16.2953, -103.599)))
(((18.4852, -425.264), (7.41472, -444.036), (-12.7723, -452.536), (-31.1905, -418.533), (-5.81926, -404.355), (16.1439, -414.338), (18.4852, -425.264)))
(((44.443, 423.429), (-4.06652, 363.32), (-6.94589, 364.31), (-45.4248, 437.921), (-15.4934, 468.369), (40.12, 432.176), (44.443, 423.429)))
(((-30, -4.92857), (-30, 53), (-100.476, 53), (-90.2386, 84.5085), (11.3817, 72.4745), (3.55682, 4.65909), (-30, -4.92857)))
(((-12.7573, -630.314), (-52.6383, -595.218), (-4.55384, -545.677), (32.7656, -574.833), (-12.7573, -630.314)))
(((26.3265, -119.983), (15.2603, -150.811), (-6.17645, -157.79), (-26.6985, -150.813), (-33.5266, -138.258), (16.2953, -103.599), (26.3265, -119.983)))
(((-87.9806, 84.2411), (-88.6184, 86.2041), (14.1427, 150.144), (43.3385, 123.703), (26.0638, 75.634), (11.3817, 72.4745), (-87.9806, 84.2411)))
(((54.0155, 232.642), (47.1441, 208.144), (11.7619, 172.762), (-33.2201, 196.48), (-9.24829, 253.14), (49.5229, 238.241), (54.0155, 232.642)))
(((29.1464, -485.874), (-30.9858, -495.441), (-37.4375, -492), (-12.7723, -452.536), (7.41472, -444.036), (31.0484, -480.274), (29.1464, -485.874)))
(((38.4066, -331.811), (20.8796, -357.799), (-6.81162, -359.367), (-21.5541, -324.149), (-20.2327, -321.046), (14.1008, -301.305), (23.4986, -307.319), (38.4066, -331.811)))
(((39.2239, -388.373), (16.1439, -414.338), (-5.81926, -404.355), (-14.6973, -369.731), (-6.81162, -359.367), (20.8796, -357.799), (39.2239, -388.373)))
(((-30, -14.4516), (-30, -4.92857), (3.55682, 4.65909), (20.7531, 2.36626), (36.7577, -42.9802), (2.56369, -53.318), (-30, -14.4516)))
(((46.5516, -516.668), (-4.38593, -535.77), (-30.9858, -495.441), (29.1464, -485.874), (46.5516, -516.668)))
(((30.4345, -190.142), (1.71839, -192.753), (-6.17645, -157.79), (15.2603, -150.811), (40.2603, -172.362), (30.4345, -190.142)))
(((34.5879, -258.71), (9.15517, -274.103), (4.85294, -271.235), (-5.18826, -236.091), (2.09727, -225.6), (42.9622, -226.735), (34.5879, -258.71)))
(((42.9622, -226.735), (2.09727, -225.6), (-5.04042, -201.591), (1.71839, -192.753), (30.4345, -190.142), (42.9764, -226.723), (42.9622, -226.735)))
(((55.8556, 27.0289), (51.1232, 18.8167), (20.7531, 2.36626), (3.55682, 4.65909), (11.3817, 72.4745), (26.0638, 75.634), (51.438, 54.3377), (55.8556, 27.0289)))
(((49.5229, 238.241), (-9.24829, 253.14), (-25.4709, 276.316), (11.562, 335.188), (57.3831, 320.773), (49.5229, 238.241)))
(((66.4615, -567.462), (32.7656, -574.833), (-4.55384, -545.677), (-4.38593, -535.77), (46.5516, -516.668), (53.6219, -520.813), (76.7991, -547.935), (66.4615, -567.462)))
(((49.4729, -76.6453), (16.089, -101.683), (-3.98034, -80.5848), (2.56369, -53.318), (36.7577, -42.9802), (46.2782, -46.6153), (49.4729, -76.6453)))
(((79.9462, -757.089), (57.9017, -773.106), (-3.9017, -773.106), (-43.6535, -744.224), (-10.7982, -635.097), (48.5169, -645.123), (79.9462, -757.089)))
(((52.6283, -460.656), (31.0484, -480.274), (7.41472, -444.036), (18.4852, -425.264), (45.6128, -438.44), (52.6283, -460.656)))
(((40.12, 432.176), (-15.4934, 468.369), (-17.1557, 501.613), (10.3624, 525.785), (74.4987, 511.247), (40.12, 432.176)))
(((80.2878, -619.128), (48.5169, -645.123), (-10.7982, -635.097), (-12.7573, -630.314), (32.7656, -574.833), (66.4615, -567.462), (80.2878, -619.128)))
(((63.2124, -282.047), (23.4986, -307.319), (14.1008, -301.305), (9.15517, -274.103), (34.5879, -258.71), (64.0426, -279.437), (63.2124, -282.047)))
(((65.7413, -149.079), (47.4841, -170.484), (40.2603, -172.362), (15.2603, -150.811), (26.3265, -119.983), (57.2519, -127.012), (66.9575, -141.917), (65.7413, -149.079)))
(((78.3199, -408.577), (45.6128, -438.44), (18.4852, -425.264), (16.1439, -414.338), (39.2239, -388.373), (58.0571, -389.718), (78.1063, -407.858), (78.3199, -408.577)))
(((72.9896, -32.7254), (46.2782, -46.6153), (36.7577, -42.9802), (20.7531, 2.36626), (51.1232, 18.8167), (72.9896, -32.7254)))
(((57.2519, -127.012), (26.3265, -119.983), (16.2953, -103.599), (16.089, -101.683), (49.4729, -76.6453), (74.2149, -92.0255), (57.2519, -127.012)))
(((76.0417, -346.042), (58.0571, -389.718), (39.2239, -388.373), (20.8796, -357.799), (38.4066, -331.811), (63.1111, -333.111), (76.0417, -346.042)))
(((124.829, 382.74), (98.2063, 335.813), (57.3831, 320.773), (11.562, 335.188), (-4.06652, 363.32), (44.443, 423.429), (115.425, 399.503), (124.829, 382.74)))
(((94.1465, 134.399), (43.3385, 123.703), (14.1427, 150.144), (11.7619, 172.762), (47.1441, 208.144), (93.9505, 139.885), (94.1465, 134.399)))
(((96.7857, 625), (75.1567, 511.448), (74.4987, 511.247), (10.3624, 525.785), (9.15244, 625), (96.7857, 625)))
(((73.7412, -204.876), (54.3437, -225.567), (42.9764, -226.723), (30.4345, -190.142), (40.2603, -172.362), (47.4841, -170.484), (73.1154, -196.115), (73.7412, -204.876)))
(((63.1111, -333.111), (38.4066, -331.811), (23.4986, -307.319), (63.2124, -282.047), (71.5102, -313.163), (63.1111, -333.111)))
(((83.915, -267.32), (64.0426, -279.437), (34.5879, -258.71), (42.9622, -226.735), (42.9764, -226.723), (54.3437, -225.567), (81.7694, -250.155), (83.915, -267.32)))
(((46.5516, -516.668), (29.1464, -485.874), (31.0484, -480.274), (52.6283, -460.656), (82.3635, -465.942), (53.6219, -520.813), (46.5516, -516.668)))
(((82.3635, -465.942), (52.6283, -460.656), (45.6128, -438.44), (78.3199, -408.577), (86.6868, -417.144), (91.9784, -463.71), (82.3635, -465.942)))
(((97.728, 131.316), (92.2632, 73.3895), (51.438, 54.3377), (26.0638, 75.634), (43.3385, 123.703), (94.1465, 134.399), (97.728, 131.316)))
(((112.444, -78.8165), (105.218, -86.1758), (74.2149, -92.0255), (49.4729, -76.6453), (46.2782, -46.6153), (72.9896, -32.7254), (102.21, -35.9214), (118.921, -61.545), (112.444, -78.8165)))
(((73.1154, -196.115), (47.4841, -170.484), (65.7413, -149.079), (92.0276, -174.051), (73.1154, -196.115)))
(((102.21, -35.9214), (72.9896, -32.7254), (51.1232, 18.8167), (55.8556, 27.0289), (91.3834, 19.9233), (106.137, -23.1068), (102.21, -35.9214)))
(((90.5882, -543.439), (76.7991, -547.935), (53.6219, -520.813), (82.3635, -465.942), (91.9784, -463.71), (101.344, -468.47), (115.231, -500.873), (90.5882, -543.439)))
(((115.425, 399.503), (44.443, 423.429), (40.12, 432.176), (74.4987, 511.247), (75.1567, 511.448), (134.29, 487.224), (115.425, 399.503)))
(((104.203, -131.85), (66.9575, -141.917), (57.2519, -127.012), (74.2149, -92.0255), (105.218, -86.1758), (104.203, -131.85)))
(((108, -301), (71.5102, -313.163), (63.2124, -282.047), (64.0426, -279.437), (83.915, -267.32), (86.3368, -268.505), (108, -301)))
(((79.9507, -757.106), (48.5169, -645.123), (80.2878, -619.128), (139.534, -639.944), (93.2484, -757.106), (79.9507, -757.106)))
(((113.948, -367.342), (78.1063, -407.858), (58.0571, -389.718), (76.0417, -346.042), (102.213, -349.373), (113.948, -367.342)))
(((111.256, -221.95), (81.7694, -250.155), (54.3437, -225.567), (73.7412, -204.876), (103.763, -213.974), (111.256, -221.95)))
(((121.444, 233.408), (54.0155, 232.642), (49.5229, 238.241), (57.3831, 320.773), (98.2063, 335.813), (131.149, 272.672), (121.444, 233.408)))
(((129.455, 222.727), (93.9505, 139.885), (47.1441, 208.144), (54.0155, 232.642), (121.444, 233.408), (129.455, 222.727)))
(((125.498, 46.8015), (91.3834, 19.9233), (55.8556, 27.0289), (51.438, 54.3377), (92.2632, 73.3895), (125.498, 46.8015)))
(((117.845, -320.826), (102.213, -349.373), (76.0417, -346.042), (63.1111, -333.111), (71.5102, -313.163), (108, -301), (110.595, -302.297), (117.845, -320.826)))
(((118.332, -145.587), (106.671, -173.28), (92.0276, -174.051), (65.7413, -149.079), (66.9575, -141.917), (104.203, -131.85), (118.332, -145.587)))
(((107.223, -174.183), (103.763, -213.974), (73.7412, -204.876), (73.1154, -196.115), (92.0276, -174.051), (106.671, -173.28), (107.223, -174.183)))
(((131.98, -235.851), (128.754, -257.508), (86.3368, -268.505), (83.915, -267.32), (81.7694, -250.155), (111.256, -221.95), (127.151, -225.188), (131.98, -235.851)))
(((189.391, -614.075), (139.534, -639.944), (80.2878, -619.128), (66.4615, -567.462), (76.7991, -547.935), (90.5882, -543.439), (202.714, -594.75), (189.391, -614.075)))
(((132.724, -415.899), (86.6868, -417.144), (78.3199, -408.577), (78.1063, -407.858), (113.948, -367.342), (122.957, -371.109), (138.47, -403.688), (132.724, -415.899)))
(((139.661, -442.58), (101.344, -468.47), (91.9784, -463.71), (86.6868, -417.144), (132.724, -415.899), (139.661, -442.58)))
(((138.342, -276.684), (110.595, -302.297), (108, -301), (86.3368, -268.505), (128.754, -257.508), (138.342, -276.684)))
(((149.734, 14.865), (106.137, -23.1068), (91.3834, 19.9233), (125.498, 46.8015), (157.401, 44.1794), (149.734, 14.865)))
(((148.308, 625), (151.808, 497.259), (134.29, 487.224), (75.1567, 511.448), (96.7857, 625), (148.308, 625)))
(((127.151, -225.188), (111.256, -221.95), (103.763, -213.974), (107.223, -174.183), (147.861, -196.195), (127.151, -225.188)))
(((157.401, 44.1794), (125.498, 46.8015), (92.2632, 73.3895), (97.728, 131.316), (129.111, 125.712), (159.174, 97.8759), (160.482, 46.1995), (157.401, 44.1794)))
(((151.109, -119.092), (121.006, -145.432), (118.332, -145.587), (104.203, -131.85), (105.218, -86.1758), (112.444, -78.8165), (151.109, -119.092)))
(((149.11, -195.524), (147.861, -196.195), (107.223, -174.183), (106.671, -173.28), (118.332, -145.587), (121.006, -145.432), (148.197, -162.912), (152.189, -188.194), (149.11, -195.524)))
(((160.277, -350.85), (122.957, -371.109), (113.948, -367.342), (102.213, -349.373), (117.845, -320.826), (147.767, -323.746), (160.277, -350.85)))
(((179.764, 184.808), (129.111, 125.712), (97.728, 131.316), (94.1465, 134.399), (93.9505, 139.885), (129.455, 222.727), (174.051, 202.736), (179.764, 184.808)))
(((147.264, -500.311), (115.231, -500.873), (101.344, -468.47), (139.661, -442.58), (162.314, -453.907), (147.264, -500.311)))
(((202.714, -594.75), (90.5882, -543.439), (115.231, -500.873), (147.264, -500.311), (196.907, -540.025), (211.405, -588.666), (202.714, -594.75)))
(((159.704, -305.581), (147.767, -323.746), (117.845, -320.826), (110.595, -302.297), (138.342, -276.684), (158.735, -283.777), (159.704, -305.581)))
(((164.2, -24.4), (121.265, -61.2011), (118.921, -61.545), (102.21, -35.9214), (106.137, -23.1068), (149.734, 14.865), (164.2, -24.4)))
(((172.945, -140.413), (148.197, -162.912), (121.006, -145.432), (151.109, -119.092), (159.944, -119.829), (172.945, -140.413)))
(((180.231, -395.146), (138.47, -403.688), (122.957, -371.109), (160.277, -350.85), (168.478, -353.944), (181.874, -387.436), (180.231, -395.146)))
(((181.679, -89.0377), (159.944, -119.829), (151.109, -119.092), (112.444, -78.8165), (118.921, -61.545), (121.265, -61.2011), (164.689, -73.2119), (180.976, -86.9268), (181.679, -89.0377)))
(((158.735, -283.777), (138.342, -276.684), (128.754, -257.508), (131.98, -235.851), (166.868, -242.603), (176.655, -271.966), (158.735, -283.777)))
(((204.402, 297.932), (131.149, 272.672), (98.2063, 335.813), (124.829, 382.74), (215.486, 369.283), (204.402, 297.932)))
(((183.232, -220.512), (166.868, -242.603), (131.98, -235.851), (127.151, -225.188), (147.861, -196.195), (149.11, -195.524), (182.354, -216.68), (183.232, -220.512)))
(((187.288, -406.982), (182.906, -449.921), (162.314, -453.907), (139.661, -442.58), (132.724, -415.899), (138.47, -403.688), (180.231, -395.146), (187.288, -406.982)))
(((220.068, -771.548), (195.902, -789.106), (134.098, -789.106), (92.536, -758.909), (139.534, -639.944), (189.391, -614.075), (220.068, -771.548)))
(((184.591, -31.197), (164.689, -73.2119), (121.265, -61.2011), (164.2, -24.4), (184.591, -31.197)))
(((189.065, -171.804), (152.189, -188.194), (148.197, -162.912), (172.945, -140.413), (196.462, -149.615), (189.065, -171.804)))
(((229.835, 137.283), (159.174, 97.8759), (129.111, 125.712), (179.764, 184.808), (229.835, 137.283)))
(((197.484, -333.225), (168.478, -353.944), (160.277, -350.85), (147.767, -323.746), (159.704, -305.581), (201.618, -322.347), (197.484, -333.225)))
(((196.907, -540.025), (147.264, -500.311), (162.314, -453.907), (182.906, -449.921), (211.62, -468.56), (196.907, -540.025)))
(((257.699, 393.908), (215.486, 369.283), (124.829, 382.74), (115.425, 399.503), (134.29, 487.224), (151.808, 497.259), (214.323, 488.924), (267.827, 456.921), (273, 441), (257.699, 393.908)))
(((228.068, 251.164), (174.051, 202.736), (129.455, 222.727), (121.444, 233.408), (131.149, 272.672), (204.402, 297.932), (228.068, 251.164)))
(((210, -28.7059), (184.591, -31.197), (164.2, -24.4), (149.734, 14.865), (157.401, 44.1794), (160.482, 46.1995), (210, 35.4348), (210, -28.7059)))
(((199.43, -195.723), (182.354, -216.68), (149.11, -195.524), (152.189, -188.194), (189.065, -171.804), (199.43, -195.723)))
(((201.618, -322.347), (159.704, -305.581), (158.735, -283.777), (176.655, -271.966), (183.775, -272.484), (211.509, -313.355), (201.618, -322.347)))
(((210, -48.7368), (180.976, -86.9268), (164.689, -73.2119), (184.591, -31.197), (210, -28.7059), (210, -48.7368)))
(((204.656, -258.562), (183.775, -272.484), (176.655, -271.966), (166.868, -242.603), (183.232, -220.512), (205.265, -235.437), (204.656, -258.562)))
(((196.462, -149.615), (172.945, -140.413), (159.944, -119.829), (181.679, -89.0377), (208.716, -103.499), (198.962, -148.615), (196.462, -149.615)))
(((208.88, 625), (214.323, 488.924), (151.808, 497.259), (148.308, 625), (208.88, 625)))
(((219.688, -367.919), (181.874, -387.436), (168.478, -353.944), (197.484, -333.225), (219.688, -367.919)))
(((288.278, 53), (210, 53), (210, 35.4348), (160.482, 46.1995), (159.174, 97.8759), (229.835, 137.283), (286.843, 123.417), (299, 86), (288.278, 53)))
(((234.248, -220.04), (205.265, -235.437), (183.232, -220.512), (182.354, -216.68), (199.43, -195.723), (221.273, -197.595), (235.375, -213.155), (234.248, -220.04)))
(((210, -48.7368), (210, -53), (238.312, -53), (236.138, -93.5851), (234.361, -96.4596), (208.716, -103.499), (181.679, -89.0377), (180.976, -86.9268), (210, -48.7368)))
(((245.778, -447.58), (236.784, -457.573), (211.62, -468.56), (182.906, -449.921), (187.288, -406.982), (233.711, -410.851), (246.498, -436.935), (245.778, -447.58)))
(((240.367, -293.571), (224.149, -310.948), (211.509, -313.355), (183.775, -272.484), (204.656, -258.562), (237.227, -271.591), (240.367, -293.571)))
(((221.273, -197.595), (199.43, -195.723), (189.065, -171.804), (196.462, -149.615), (198.962, -148.615), (229.811, -156.328), (221.273, -197.595)))
(((233.711, -410.851), (187.288, -406.982), (180.231, -395.146), (181.874, -387.436), (219.688, -367.919), (225.054, -368.946), (237.68, -393.534), (233.711, -410.851)))
(((247.056, -346.944), (225.054, -368.946), (219.688, -367.919), (197.484, -333.225), (201.618, -322.347), (211.509, -313.355), (224.149, -310.948), (247.056, -346.944)))
(((247.024, -127), (235.517, -154.754), (229.811, -156.328), (198.962, -148.615), (208.716, -103.499), (234.361, -96.4596), (247.024, -127)))
(((237.227, -271.591), (204.656, -258.562), (205.265, -235.437), (234.248, -220.04), (251.764, -248.979), (237.227, -271.591)))
(((286.604, 123.475), (229.835, 137.283), (179.764, 184.808), (174.051, 202.736), (228.068, 251.164), (317.399, 223.471), (326, 197), (306.902, 138.221), (286.604, 123.475)))
(((208.88, 625), (292.822, 625), (317.902, 606.779), (337, 548), (317.902, 489.221), (270.908, 455.078), (214.323, 488.924), (208.88, 625)))
(((275.893, -188.63), (235.375, -213.155), (221.273, -197.595), (229.811, -156.328), (235.517, -154.754), (272.919, -177.561), (275.893, -188.63)))
(((274.519, -588.318), (211.405, -588.666), (196.907, -540.025), (211.62, -468.56), (236.784, -457.573), (276.279, -524.947), (274.519, -588.318)))
(((220.566, -774.106), (189.391, -614.075), (202.714, -594.75), (211.405, -588.666), (274.519, -588.318), (284.365, -592.223), (322.902, -620.221), (342, -679), (322.902, -737.779), (272.902, -774.106), (220.566, -774.106)))
(((268.398, -382.271), (237.68, -393.534), (225.054, -368.946), (247.056, -346.944), (261.986, -348.468), (276.474, -365.221), (268.398, -382.271)))
(((261.986, -348.468), (247.056, -346.944), (224.149, -310.948), (240.367, -293.571), (256.013, -297.013), (277.765, -318.765), (261.986, -348.468)))
(((317.54, 223.428), (228.068, 251.164), (204.402, 297.932), (215.486, 369.283), (254.61, 392.106), (287.902, 392.106), (337.902, 355.779), (357, 297), (337.902, 238.221), (317.54, 223.428)))
(((280.953, -410.519), (246.498, -436.935), (233.711, -410.851), (237.68, -393.534), (268.398, -382.271), (280.953, -410.519)))
(((289.245, -199.451), (271.818, -247.375), (251.764, -248.979), (234.248, -220.04), (235.375, -213.155), (275.893, -188.63), (289.176, -199.067), (289.245, -199.451)))
(((272.919, -177.561), (235.517, -154.754), (247.024, -127), (276.75, -127), (288.136, -149.773), (272.919, -177.561)))
(((289.958, -100.583), (276.75, -127), (247.024, -127), (234.361, -96.4596), (236.138, -93.5851), (287.501, -95.242), (289.958, -100.583)))
(((294.398, -53), (287.501, -95.242), (236.138, -93.5851), (238.312, -53), (294.398, -53)))
(((298.308, -267.59), (256.013, -297.013), (240.367, -293.571), (237.227, -271.591), (251.764, -248.979), (271.818, -247.375), (298.308, -267.59)))
(((300.962, -469.085), (276.279, -524.947), (236.784, -457.573), (245.778, -447.58), (298.177, -462.551), (300.962, -469.085)))
(((302.591, -270.21), (306.739, -302.703), (296.756, -316.607), (277.765, -318.765), (256.013, -297.013), (298.308, -267.59), (300.234, -268.001), (302.591, -270.21)))
(((321.178, -415.55), (298.177, -462.551), (245.778, -447.58), (246.498, -436.935), (280.953, -410.519), (320.23, -414.26), (321.178, -415.55)))
(((306.09, -364.628), (276.474, -365.221), (261.986, -348.468), (277.765, -318.765), (296.756, -316.607), (310.936, -346.738), (306.09, -364.628)))
(((320.23, -414.26), (280.953, -410.519), (268.398, -382.271), (276.474, -365.221), (306.09, -364.628), (317.278, -378.84), (320.23, -414.26)))
(((298.308, -267.59), (271.818, -247.375), (289.245, -199.451), (315.231, -231.085), (300.234, -268.001), (298.308, -267.59)))
(((316.744, -144.051), (288.136, -149.773), (276.75, -127), (289.958, -100.583), (326.57, -115.228), (316.744, -144.051)))
(((330.098, -183.607), (289.176, -199.067), (275.893, -188.63), (272.919, -177.561), (288.136, -149.773), (316.744, -144.051), (333.569, -168.279), (330.098, -183.607)))
(((400, -540.01), (393.902, -558.779), (343.902, -595.106), (291.633, -595.106), (274.519, -588.318), (276.279, -524.947), (300.962, -469.085), (400, -508.7), (400, -540.01)))
(((354.48, -53), (333.314, -111.795), (326.57, -115.228), (289.958, -100.583), (287.501, -95.242), (294.398, -53), (354.48, -53)))
(((349.605, -328.07), (310.936, -346.738), (296.756, -316.607), (306.739, -302.703), (342.614, -311.144), (349.605, -328.07)))
(((359.407, -226.177), (315.231, -231.085), (289.245, -199.451), (289.176, -199.067), (330.098, -183.607), (364.38, -221.005), (359.407, -226.177)))
(((347.183, -268.087), (302.591, -270.21), (300.234, -268.001), (315.231, -231.085), (359.407, -226.177), (347.183, -268.087)))
(((354.722, -280.471), (342.614, -311.144), (306.739, -302.703), (302.591, -270.21), (347.183, -268.087), (354.722, -280.471)))
(((400, -508.7), (300.962, -469.085), (298.177, -462.551), (321.178, -415.55), (400, -434.693), (400, -508.7)))
(((349.902, -328.268), (353.978, -363.931), (317.278, -378.84), (306.09, -364.628), (310.936, -346.738), (349.605, -328.07), (349.902, -328.268)))
(((364, -154.297), (333.569, -168.279), (316.744, -144.051), (326.57, -115.228), (333.314, -111.795), (364, -130.041), (364, -154.297)))
(((400, -434.693), (321.178, -415.55), (320.23, -414.26), (317.278, -378.84), (353.978, -363.931), (400, -392.056), (400, -434.693)))
(((400, -180.568), (400, -214.139), (364.38, -221.005), (330.098, -183.607), (333.569, -168.279), (364, -154.297), (400, -180.568)))
(((354.48, -53), (400, -53), (400, -108.635), (364, -130.041), (333.314, -111.795), (354.48, -53)))
(((400, -324.852), (349.902, -328.268), (349.605, -328.07), (342.614, -311.144), (354.722, -280.471), (400, -288.895), (400, -324.852)))
(((400, -392.056), (353.978, -363.931), (349.902, -328.268), (400, -324.852), (400, -392.056)))
(((400, -288.895), (354.722, -280.471), (347.183, -268.087), (359.407, -226.177), (364.38, -221.005), (400, -214.139), (400, -288.895)))
(((400, -180.568), (364, -154.297), (364, -130.041), (400, -108.635), (400, -180.568)))
