(((-225, -129.143), (-180.392, -183.309), (-198.155, -214.736), (-225, -221.948), (-225, -129.143)))
(((-225, -378.686), (-216.561, -378.794), (-166.366, -419.578), (-171.56, -451.69), (-186.082, -468.466), (-225, -475.267), (-225, -378.686)))
(((-225, -291.951), (-207.118, -293.523), (-195.023, -299.144), (-172.848, -353.842), (-173.366, -355.319), (-216.561, -378.794), (-225, -378.686), (-225, -291.951)))
(((-225, -128.185), (-225, -53), (-154.946, -53), (-154.171, -74.7179), (-191.175, -118.918), (-225, -128.185)))
(((-225, -221.948), (-198.155, -214.736), (-163.191, -238.614), (-207.118, -293.523), (-225, -291.951), (-225, -221.948)))
(((-225, -475.267), (-186.082, -468.466), (-138.081, -520.734), (-173.711, -588.142), (-225, -602.853), (-225, -475.267)))
(((-225, -129.143), (-225, -128.185), (-191.175, -118.918), (-142.512, -149.168), (-170.603, -181.134), (-180.392, -183.309), (-225, -129.143)))
(((-166.366, -419.578), (-216.561, -378.794), (-173.366, -355.319), (-141.159, -394.958), (-166.366, -419.578)))
(((-140.296, -295.235), (-195.023, -299.144), (-207.118, -293.523), (-163.191, -238.614), (-152.91, -239.119), (-132.744, -274.223), (-140.296, -295.235)))
(((-135.061, -216.02), (-152.91, -239.119), (-163.191, -238.614), (-198.155, -214.736), (-180.392, -183.309), (-170.603, -181.134), (-135.546, -210.581), (-135.061, -216.02)))
(((-129.089, -315.611), (-134.297, -331.812), (-172.848, -353.842), (-195.023, -299.144), (-140.296, -295.235), (-129.089, -315.611)))
(((-125.748, -146.629), (-142.512, -149.168), (-191.175, -118.918), (-154.171, -74.7179), (-131.342, -98.7178), (-118.769, -133.64), (-125.748, -146.629)))
(((-225, 500.387), (-225, 623.613), (-223.091, 625), (-129.417, 625), (-94.1642, 546.437), (-221.577, 497.899), (-225, 500.387)))
(((-225, -710.16), (-225, -602.853), (-173.711, -588.142), (-107.811, -611.78), (-101.634, -735.323), (-115.098, -745.106), (-176.902, -745.106), (-225, -710.16)))
(((-124.095, -392.485), (-141.159, -394.958), (-173.366, -355.319), (-172.848, -353.842), (-134.297, -331.812), (-111.109, -380.916), (-124.095, -392.485)))
(((-112.925, -170.993), (-135.546, -210.581), (-170.603, -181.134), (-142.512, -149.168), (-125.748, -146.629), (-112.925, -170.993)))
(((-91.4449, -473.61), (-129.73, -518.596), (-138.081, -520.734), (-186.082, -468.466), (-171.56, -451.69), (-102.313, -453.164), (-101.354, -453.793), (-91.4449, -473.61)))
(((-102.313, -453.164), (-171.56, -451.69), (-166.366, -419.578), (-141.159, -394.958), (-124.095, -392.485), (-102.313, -453.164)))
(((-158.882, 406.786), (-204.902, 440.221), (-223.415, 497.199), (-94.1642, 546.437), (-89.4595, 543.845), (-108.812, 432.032), (-158.882, 406.786)))
(((-102.802, -264.043), (-132.744, -274.223), (-152.91, -239.119), (-135.061, -216.02), (-102.385, -226.074), (-96.6082, -254.959), (-102.802, -264.043)))
(((-71.2182, -592.236), (-107.811, -611.78), (-173.711, -588.142), (-138.081, -520.734), (-129.73, -518.596), (-81.4765, -548.467), (-71.2182, -592.236)))
(((-86.0089, -53), (-83.7482, -78.3206), (-131.342, -98.7178), (-154.171, -74.7179), (-154.946, -53), (-86.0089, -53)))
(((-82.5435, -208.152), (-102.385, -226.074), (-135.061, -216.02), (-135.546, -210.581), (-112.925, -170.993), (-91.5847, -180.383), (-82.5435, -208.152)))
(((-91.0983, -369.06), (-110.053, -380.725), (-111.109, -380.916), (-134.297, -331.812), (-129.089, -315.611), (-94.8785, -318.294), (-80.4533, -330.916), (-91.0983, -369.06)))
(((-94.8785, -318.294), (-129.089, -315.611), (-140.296, -295.235), (-132.744, -274.223), (-102.802, -264.043), (-84.4291, -288.846), (-94.8785, -318.294)))
(((-75.3224, -93.5518), (-85.6383, -123.21), (-118.769, -133.64), (-131.342, -98.7178), (-83.7482, -78.3206), (-75.3224, -93.5518)))
(((-102.313, -453.164), (-124.095, -392.485), (-111.109, -380.916), (-110.053, -380.725), (-70.5512, -418.251), (-101.354, -453.793), (-102.313, -453.164)))
(((-39.5882, -489.513), (-81.4765, -548.467), (-129.73, -518.596), (-91.4449, -473.61), (-39.5882, -489.513)))
(((-64.3438, -164.492), (-91.5847, -180.383), (-112.925, -170.993), (-125.748, -146.629), (-118.769, -133.64), (-85.6383, -123.21), (-62.2601, -141.051), (-64.3438, -164.492)))
(((-53.9872, -223.192), (-60.1946, -251.126), (-96.6082, -254.959), (-102.385, -226.074), (-82.5435, -208.152), (-60.1087, -215.63), (-53.9872, -223.192)))
(((-54.7445, -285.015), (-84.4291, -288.846), (-102.802, -264.043), (-96.6082, -254.959), (-60.1946, -251.126), (-48.7737, -267.849), (-54.7445, -285.015)))
(((-44.5053, -395.731), (-55.6292, -414.683), (-70.5512, -418.251), (-110.053, -380.725), (-91.0983, -369.06), (-48.8023, -380.692), (-44.5053, -395.731)))
(((-55.3775, -327.058), (-80.4533, -330.916), (-94.8785, -318.294), (-84.4291, -288.846), (-54.7445, -285.015), (-47.3337, -305.766), (-55.3775, -327.058)))
(((-47.3362, 436.503), (-108.812, 432.032), (-89.4595, 543.845), (-41.53, 542.949), (-47.3362, 436.503)))
(((-21.7234, 625), (-24.8734, 550.975), (-41.53, 542.949), (-89.4595, 543.845), (-94.1642, 546.437), (-129.417, 625), (-21.7234, 625)))
(((-101.512, -737.756), (-107.811, -611.78), (-71.2182, -592.236), (-50.0389, -595.731), (-17.5473, -622.238), (-38.2801, -741.106), (-96.9017, -741.106), (-101.512, -737.756)))
(((-60.1087, -215.63), (-82.5435, -208.152), (-91.5847, -180.383), (-64.3438, -164.492), (-45.1418, -178.894), (-60.1087, -215.63)))
(((-39.5882, -489.513), (-91.4449, -473.61), (-101.354, -453.793), (-70.5512, -418.251), (-55.6292, -414.683), (-33.0047, -456.36), (-35.5483, -488.919), (-39.5882, -489.513)))
(((-48.8023, -380.692), (-91.0983, -369.06), (-80.4533, -330.916), (-55.3775, -327.058), (-32.8812, -350.84), (-48.8023, -380.692)))
(((-116.853, 300.843), (-144.902, 321.221), (-164, 380), (-154.594, 408.948), (-108.812, 432.032), (-47.3362, 436.503), (-37.5343, 432.197), (-27.4194, 374.036), (-103.936, 306.417), (-116.853, 300.843)))
(((-29.9962, -98.7256), (-47.8136, -135.548), (-62.2601, -141.051), (-85.6383, -123.21), (-75.3224, -93.5518), (-34.7294, -94.5183), (-29.9962, -98.7256)))
(((-37.9231, -53), (-34.7294, -94.5183), (-75.3224, -93.5518), (-83.7482, -78.3206), (-86.0089, -53), (-37.9231, -53)))
(((-109.093, 147.923), (-132.902, 165.221), (-152, 224), (-132.902, 282.779), (-118.694, 293.101), (-9.98739, 241.42), (-14.0178, 187.009), (-109.093, 147.923)))
(((-34.4623, -489.468), (-9.91469, -528.858), (-50.0389, -595.731), (-71.2182, -592.236), (-81.4765, -548.467), (-39.5882, -489.513), (-35.5483, -488.919), (-34.4623, -489.468)))
(((-12.4604, -158.756), (-29.7935, -177.823), (-45.1418, -178.894), (-64.3438, -164.492), (-62.2601, -141.051), (-47.8136, -135.548), (-12.5236, -155.154), (-12.4604, -158.756)))
(((-22.7198, -221.06), (-53.9872, -223.192), (-60.1087, -215.63), (-45.1418, -178.894), (-29.7935, -177.823), (-15.9022, -209.88), (-22.7198, -221.06)))
(((-10.6605, -245.179), (-22.3551, -264.847), (-48.7737, -267.849), (-60.1946, -251.126), (-53.9872, -223.192), (-22.7198, -221.06), (-10.6605, -245.179)))
(((-14.0069, -302.641), (-47.3337, -305.766), (-54.7445, -285.015), (-48.7737, -267.849), (-22.3551, -264.847), (-5.51243, -289.346), (-14.0069, -302.641)))
(((-33.0047, -456.36), (-55.6292, -414.683), (-44.5053, -395.731), (-36.9156, -397.496), (-7.37742, -425.394), (-33.0047, -456.36)))
(((-16.8241, -348.663), (-32.8812, -350.84), (-55.3775, -327.058), (-47.3337, -305.766), (-14.0069, -302.641), (-4.37671, -337.952), (-16.8241, -348.663)))
(((3.49619, -129.275), (-12.5236, -155.154), (-47.8136, -135.548), (-29.9962, -98.7256), (-5.77491, -102.359), (3.18565, -110.954), (3.49619, -129.275)))
(((31.8447, 314.251), (-103.936, 306.417), (-27.4194, 374.036), (11.625, 352.03), (31.8447, 314.251)))
(((-120.144, 293.79), (-118.016, 300.341), (-103.936, 306.417), (31.8447, 314.251), (33.1018, 313.301), (31.6635, 273.746), (-9.98739, 241.42), (-120.144, 293.79)))
(((3.82497, -386.089), (-36.9156, -397.496), (-44.5053, -395.731), (-48.8023, -380.692), (-32.8812, -350.84), (-16.8241, -348.663), (3.82497, -386.089)))
(((-37.9231, -53), (-30, -53), (-30, -29.3333), (6.16434, -61.1141), (-5.77491, -102.359), (-29.9962, -98.7256), (-34.7294, -94.5183), (-37.9231, -53)))
(((33.6046, 448.672), (-37.5343, 432.197), (-47.3362, 436.503), (-41.53, 542.949), (-24.8734, 550.975), (29.4136, 529.977), (33.6046, 448.672)))
(((-100.222, 88.5179), (-115, 134), (-110.689, 147.267), (-14.0178, 187.009), (5.78732, 176.635), (21.4108, 102.424), (1.08664, 90.8468), (-100.222, 88.5179)))
(((-30, -3.77976), (-30, 53), (-111.05, 53), (-99.5047, 88.5344), (1.08664, 90.8468), (16.1369, 9.95147), (-30, -3.77976)))
(((20.1479, -404.396), (7.86422, -421.039), (-7.37742, -425.394), (-36.9156, -397.496), (3.82497, -386.089), (16.0203, -392.633), (20.1479, -404.396)))
(((13.3333, -201.417), (-15.9022, -209.88), (-29.7935, -177.823), (-12.4604, -158.756), (6.8051, -173.672), (13.3333, -201.417)))
(((19.1165, -612.568), (-17.5473, -622.238), (-50.0389, -595.731), (-9.91469, -528.858), (-3.33803, -531.113), (24.5649, -568.981), (19.1165, -612.568)))
(((24.894, -467.484), (-34.4623, -489.468), (-35.5483, -488.919), (-33.0047, -456.36), (-7.37742, -425.394), (7.86422, -421.039), (24.894, -467.484)))
(((19.7559, -287.099), (-5.51243, -289.346), (-22.3551, -264.847), (-10.6605, -245.179), (17.5728, -245.868), (25.4112, -262.782), (19.7559, -287.099)))
(((17.5728, -245.868), (-10.6605, -245.179), (-22.7198, -221.06), (-15.9022, -209.88), (13.3333, -201.417), (16.4677, -202.984), (26.3725, -229.868), (17.5728, -245.868)))
(((48.0829, 437.813), (11.625, 352.03), (-27.4194, 374.036), (-37.5343, 432.197), (33.6046, 448.672), (48.0829, 437.813)))
(((43.6616, -318.728), (20.2121, -336.061), (-4.37671, -337.952), (-14.0069, -302.641), (-5.51243, -289.346), (19.7559, -287.099), (45.1234, -315.366), (43.6616, -318.728)))
(((16.0203, -392.633), (3.82497, -386.089), (-16.8241, -348.663), (-4.37671, -337.952), (20.2121, -336.061), (27.65, -373.25), (16.0203, -392.633)))
(((-30, -29.3333), (-30, -3.77976), (16.1369, 9.95147), (20.6718, 9.06422), (47.7821, -16.1765), (49.7285, -29.6245), (28.9335, -56.4568), (6.16434, -61.1141), (-30, -29.3333)))
(((36.2065, -160.888), (6.8051, -173.672), (-12.4604, -158.756), (-12.5236, -155.154), (3.49619, -129.275), (34.9985, -149.11), (36.2065, -160.888)))
(((55.4681, -752.788), (50.9017, -756.106), (-10.9017, -756.106), (-37.5228, -736.764), (-17.5473, -622.238), (19.1165, -612.568), (46.5177, -623.007), (55.4681, -752.788)))
(((54.8216, -511.726), (-3.33803, -531.113), (-9.91469, -528.858), (-34.4623, -489.468), (24.894, -467.484), (29.1139, -468.133), (51.0463, -493.721), (54.8216, -511.726)))
(((46.3855, -100.154), (3.18565, -110.954), (-5.77491, -102.359), (6.16434, -61.1141), (28.9335, -56.4568), (46.9438, -99.4044), (46.3855, -100.154)))
(((113.603, 625), (122.246, 598.399), (102.565, 570.536), (29.4136, 529.977), (-24.8734, 550.975), (-21.7234, 625), (113.603, 625)))
(((52.4959, -186.096), (16.4677, -202.984), (13.3333, -201.417), (6.8051, -173.672), (36.2065, -160.888), (52.0216, -177.875), (52.4959, -186.096)))
(((64.9127, 243.136), (43.7906, 183.497), (5.78732, 176.635), (-14.0178, 187.009), (-9.98739, 241.42), (31.6635, 273.746), (64.9127, 243.136)))
(((54.8973, -439.682), (29.1139, -468.133), (24.894, -467.484), (7.86422, -421.039), (20.1479, -404.396), (41.9848, -410.819), (54.8973, -439.682)))
(((54.5, 44.8824), (20.6718, 9.06422), (16.1369, 9.95147), (1.08664, 90.8468), (21.4108, 102.424), (54.5, 98.0604), (54.5, 44.8824)))
(((54.2234, -130.721), (34.9985, -149.11), (3.49619, -129.275), (3.18565, -110.954), (46.3855, -100.154), (54.2234, -130.721)))
(((84.882, -537.961), (24.5649, -568.981), (-3.33803, -531.113), (54.8216, -511.726), (84.882, -537.961)))
(((65.3907, -366.261), (27.65, -373.25), (20.2121, -336.061), (43.6616, -318.728), (65.3907, -366.261)))
(((65.4104, -199.748), (55.1102, -228.272), (26.3725, -229.868), (16.4677, -202.984), (52.4959, -186.096), (65.4104, -199.748)))
(((54.5, 98.0604), (21.4108, 102.424), (5.78732, 176.635), (43.7906, 183.497), (79.7464, 160.616), (54.7677, 98.1693), (54.5, 98.0604)))
(((61.9966, -260.259), (25.4112, -262.782), (17.5728, -245.868), (26.3725, -229.868), (55.1102, -228.272), (67.3113, -246.308), (61.9966, -260.259)))
(((82.2762, -383.563), (41.9848, -410.819), (20.1479, -404.396), (16.0203, -392.633), (27.65, -373.25), (65.3907, -366.261), (81.034, -377.175), (82.2762, -383.563)))
(((59.2105, -308.864), (45.1234, -315.366), (19.7559, -287.099), (25.4112, -262.782), (61.9966, -260.259), (68.0595, -278.914), (59.2105, -308.864)))
(((52.2767, 436.558), (91.1968, 339.258), (33.1018, 313.301), (31.8447, 314.251), (11.625, 352.03), (48.0829, 437.813), (52.2767, 436.558)))
(((85.2703, -538.09), (100.434, -605.484), (46.5177, -623.007), (19.1165, -612.568), (24.5649, -568.981), (84.882, -537.961), (85.2703, -538.09)))
(((56, -35), (75.0633, -88.3771), (46.9438, -99.4044), (28.9335, -56.4568), (49.7285, -29.6245), (56, -35)))
(((79.0236, -151.998), (52.0216, -177.875), (36.2065, -160.888), (34.9985, -149.11), (54.2234, -130.721), (74.5414, -141.188), (79.0236, -151.998)))
(((95.9499, -454.674), (51.0463, -493.721), (29.1139, -468.133), (54.8973, -439.682), (95.1023, -444.926), (95.9499, -454.674)))
(((95.852, 6.32435), (47.7821, -16.1765), (20.6718, 9.06422), (54.5, 44.8824), (96.9501, 28.6514), (95.852, 6.32435)))
(((95.1023, -444.926), (54.8973, -439.682), (41.9848, -410.819), (82.2762, -383.563), (84.663, -386), (97.755, -440.748), (95.1023, -444.926)))
(((92.8, -113.8), (74.5414, -141.188), (54.2234, -130.721), (46.3855, -100.154), (46.9438, -99.4044), (75.0633, -88.3771), (81.1348, -89.1734), (92.8, -113.8)))
(((106.661, -340.059), (81.034, -377.175), (65.3907, -366.261), (43.6616, -318.728), (45.1234, -315.366), (59.2105, -308.864), (102.865, -320.617), (108.364, -330.617), (106.661, -340.059)))
(((92.0833, -213.264), (84.3763, -242.807), (67.3113, -246.308), (55.1102, -228.272), (65.4104, -199.748), (80.7727, -200.068), (92.0833, -213.264)))
(((100.907, 166.112), (79.7464, 160.616), (43.7906, 183.497), (64.9127, 243.136), (86.8798, 240.39), (111.017, 183.222), (100.907, 166.112)))
(((55.4211, -752.106), (46.5177, -623.007), (100.434, -605.484), (174.527, -646.311), (178, -657), (158.902, -715.779), (108.902, -752.106), (55.4211, -752.106)))
(((105.709, -172.015), (80.7727, -200.068), (65.4104, -199.748), (52.4959, -186.096), (52.0216, -177.875), (79.0236, -151.998), (99.2821, -160.892), (105.709, -172.015)))
(((132.52, 74.7967), (96.9501, 28.6514), (54.5, 44.8824), (54.5, 98.0604), (54.7677, 98.1693), (130.076, 78.5237), (132.52, 74.7967)))
(((108.175, -70.3085), (81.1348, -89.1734), (75.0633, -88.3771), (56, -35), (102.102, -46.5256), (108.175, -70.3085)))
(((122.981, 451.443), (52.2767, 436.558), (48.0829, 437.813), (33.6046, 448.672), (29.4136, 529.977), (102.565, 570.536), (122.981, 451.443)))
(((85.2703, -538.09), (84.882, -537.961), (54.8216, -511.726), (51.0463, -493.721), (95.9499, -454.674), (111.491, -480.932), (97.0945, -529.879), (85.2703, -538.09)))
(((105.381, -273.172), (68.0595, -278.914), (61.9966, -260.259), (67.3113, -246.308), (84.3763, -242.807), (106.821, -253.009), (105.381, -273.172)))
(((159.676, 282.158), (86.8798, 240.39), (64.9127, 243.136), (31.6635, 273.746), (33.1018, 313.301), (91.1968, 339.258), (91.8937, 339.18), (135.25, 315.657), (159.676, 282.158)))
(((118.782, -14), (102.102, -46.5256), (56, -35), (49.7285, -29.6245), (47.7821, -16.1765), (95.852, 6.32435), (118.782, -14)))
(((102.865, -320.617), (59.2105, -308.864), (68.0595, -278.914), (105.381, -273.172), (115.533, -289.946), (102.865, -320.617)))
(((99.2821, -160.892), (79.0236, -151.998), (74.5414, -141.188), (92.8, -113.8), (119.367, -124.739), (99.2821, -160.892)))
(((130.076, 78.5237), (54.7677, 98.1693), (79.7464, 160.616), (100.907, 166.112), (135.015, 124.824), (130.076, 78.5237)))
(((127.5, -237.5), (106.821, -253.009), (84.3763, -242.807), (92.0833, -213.264), (117.5, -217.5), (127.5, -237.5)))
(((149.668, 438.973), (91.8937, 339.18), (91.1968, 339.258), (52.2767, 436.558), (122.981, 451.443), (149.668, 438.973)))
(((117.5, -217.5), (92.0833, -213.264), (80.7727, -200.068), (105.709, -172.015), (129.774, -180.679), (117.5, -217.5)))
(((133.715, -79.2312), (127.201, -122.661), (119.367, -124.739), (92.8, -113.8), (81.1348, -89.1734), (108.175, -70.3085), (132.273, -77.7572), (133.715, -79.2312)))
(((142.093, -425.969), (97.755, -440.748), (84.663, -386), (132.394, -389.87), (142.373, -425.63), (142.093, -425.969)))
(((132.394, -389.87), (84.663, -386), (82.2762, -383.563), (81.034, -377.175), (106.661, -340.059), (140.923, -376.224), (132.394, -389.87)))
(((196.276, 260.535), (163.353, 202.171), (111.017, 183.222), (86.8798, 240.39), (159.676, 282.158), (189.459, 268.29), (196.276, 260.535)))
(((133.359, -179.797), (129.774, -180.679), (105.709, -172.015), (99.2821, -160.892), (119.367, -124.739), (127.201, -122.661), (146.311, -134.661), (133.433, -179.734), (133.359, -179.797)))
(((155.303, -247.76), (146.43, -284.061), (115.533, -289.946), (105.381, -273.172), (106.821, -253.009), (127.5, -237.5), (148.152, -241.63), (155.303, -247.76)))
(((150.508, -24.877), (132.273, -77.7572), (108.175, -70.3085), (102.102, -46.5256), (118.782, -14), (138.872, -14), (150.508, -24.877)))
(((143.659, 69.2601), (159.682, 35.7126), (138.872, -14), (118.782, -14), (95.852, 6.32435), (96.9501, 28.6514), (132.52, 74.7967), (143.079, 69.9483), (143.659, 69.2601)))
(((154.212, -478.99), (111.491, -480.932), (95.9499, -454.674), (95.1023, -444.926), (97.755, -440.748), (142.093, -425.969), (154.212, -478.99)))
(((174.017, -646.03), (100.434, -605.484), (85.2703, -538.09), (97.0945, -529.879), (175.522, -531.255), (199.788, -627.306), (174.017, -646.03)))
(((175.522, -531.255), (97.0945, -529.879), (111.491, -480.932), (154.212, -478.99), (186.645, -499.573), (175.522, -531.255)))
(((152.929, -329.604), (108.364, -330.617), (102.865, -320.617), (115.533, -289.946), (146.43, -284.061), (150.555, -288.986), (154.76, -325.775), (152.929, -329.604)))
(((163.507, -365.194), (140.923, -376.224), (106.661, -340.059), (108.364, -330.617), (152.929, -329.604), (166.439, -357.238), (163.507, -365.194)))
(((148.152, -241.63), (127.5, -237.5), (117.5, -217.5), (129.774, -180.679), (133.359, -179.797), (154.295, -209.893), (148.152, -241.63)))
(((185.831, 410.495), (135.25, 315.657), (91.8937, 339.18), (149.668, 438.973), (151.821, 438.772), (185.831, 410.495)))
(((176.003, 150.665), (135.015, 124.824), (100.907, 166.112), (111.017, 183.222), (163.353, 202.171), (176.003, 150.665)))
(((167.373, -131.481), (146.311, -134.661), (127.201, -122.661), (133.715, -79.2312), (168.038, -83.2692), (174.02, -125.143), (167.373, -131.481)))
(((122.745, 599.106), (180.902, 599.106), (191.59, 591.34), (203.095, 518.248), (151.821, 438.772), (149.668, 438.973), (122.981, 451.443), (102.565, 570.536), (122.745, 599.106)))
(((180.987, -72.9103), (168.038, -83.2692), (133.715, -79.2312), (132.273, -77.7572), (150.508, -24.877), (157, -26.5), (185.094, -61.6172), (180.987, -72.9103)))
(((178.041, -419.793), (142.373, -425.63), (132.394, -389.87), (140.923, -376.224), (163.507, -365.194), (182.685, -396.575), (178.041, -419.793)))
(((175.775, -176.105), (133.433, -179.734), (146.311, -134.661), (167.373, -131.481), (179.44, -171.303), (175.775, -176.105)))
(((179.967, -200.557), (154.295, -209.893), (133.359, -179.797), (133.433, -179.734), (175.775, -176.105), (179.967, -200.557)))
(((186.645, -499.573), (154.212, -478.99), (142.093, -425.969), (142.373, -425.63), (178.041, -419.793), (205.538, -444.846), (192.996, -495.014), (186.645, -499.573)))
(((182.057, -246.422), (155.303, -247.76), (148.152, -241.63), (154.295, -209.893), (179.967, -200.557), (188.17, -208.468), (184.111, -245), (182.057, -246.422)))
(((195.755, -294.755), (191.427, -310.262), (154.76, -325.775), (150.555, -288.986), (193.14, -292.14), (195.755, -294.755)))
(((210, 7.10543e-15), (157, -26.5), (150.508, -24.877), (138.872, -14), (159.682, 35.7126), (210, 11.56), (210, 7.10543e-15)))
(((193.14, -292.14), (150.555, -288.986), (146.43, -284.061), (155.303, -247.76), (182.057, -246.422), (193.14, -292.14)))
(((229.819, 125.551), (143.079, 69.9483), (132.52, 74.7967), (130.076, 78.5237), (135.015, 124.824), (176.003, 150.665), (229.819, 125.551)))
(((206.159, -346.153), (166.439, -357.238), (152.929, -329.604), (154.76, -325.775), (191.427, -310.262), (206.574, -344.884), (206.159, -346.153)))
(((229.824, 383.882), (189.459, 268.29), (159.676, 282.158), (135.25, 315.657), (185.831, 410.495), (220.218, 401.67), (229.824, 383.882)))
(((210, -47.4659), (185.094, -61.6172), (157, -26.5), (210, 0), (210, -47.4659)))
(((205.5, -167.962), (179.44, -171.303), (167.373, -131.481), (174.02, -125.143), (205.5, -125.786), (205.5, -167.962)))
(((208.38, -124.14), (205.5, -125.786), (174.02, -125.143), (168.038, -83.2692), (180.987, -72.9103), (215.023, -98.7772), (208.38, -124.14)))
(((224.292, -378.372), (182.685, -396.575), (163.507, -365.194), (166.439, -357.238), (206.159, -346.153), (224.388, -377.507), (224.292, -378.372)))
(((290, 53), (210, 53), (210, 11.56), (159.682, 35.7126), (143.659, 69.2601), (290, 53)))
(((220.668, -199.328), (188.17, -208.468), (179.967, -200.557), (175.775, -176.105), (179.44, -171.303), (205.5, -167.962), (226.155, -180.672), (220.668, -199.328)))
(((289.23, 53.0856), (143.659, 69.2601), (143.079, 69.9483), (229.819, 125.551), (281.736, 123.978), (297, 77), (289.23, 53.0856)))
(((283.084, 123.937), (229.819, 125.551), (176.003, 150.665), (163.353, 202.171), (196.276, 260.535), (280.166, 235.313), (280.902, 234.779), (300, 176), (283.084, 123.937)))
(((235.398, -275.194), (221.366, -290.395), (195.755, -294.755), (193.14, -292.14), (182.057, -246.422), (184.111, -245), (225.333, -245), (235.398, -275.194)))
(((225.333, -245), (184.111, -245), (188.17, -208.468), (220.668, -199.328), (233.63, -231.351), (225.333, -245)))
(((238.708, -426.32), (235.897, -429.908), (205.538, -444.846), (178.041, -419.793), (182.685, -396.575), (224.292, -378.372), (241.417, -411.938), (238.708, -426.32)))
(((210, -47.4659), (210, -53), (238.927, -53), (238.698, -65.6038), (225.439, -92.1224), (215.023, -98.7772), (180.987, -72.9103), (185.094, -61.6172), (210, -47.4659)))
(((220.218, 401.67), (185.831, 410.495), (151.821, 438.772), (203.095, 518.248), (271.332, 463.179), (220.218, 401.67)))
(((233.766, -325.34), (206.574, -344.884), (191.427, -310.262), (195.755, -294.755), (221.366, -290.395), (233.766, -325.34)))
(((249.773, -168.864), (226.155, -180.672), (205.5, -167.962), (205.5, -125.786), (208.38, -124.14), (251.21, -139.919), (255.833, -149.167), (249.773, -168.864)))
(((206.581, -630.106), (200.495, -630.106), (175.522, -531.255), (186.645, -499.573), (192.996, -495.014), (274.494, -508.395), (274.645, -508.563), (206.581, -630.106)))
(((251.21, -139.919), (208.38, -124.14), (215.023, -98.7772), (225.439, -92.1224), (256.411, -114.491), (251.21, -139.919)))
(((260.718, -354.802), (224.388, -377.507), (206.159, -346.153), (206.574, -344.884), (233.766, -325.34), (252.48, -328.822), (260.718, -354.802)))
(((274.494, -508.395), (192.996, -495.014), (205.538, -444.846), (235.897, -429.908), (273.932, -498.846), (274.494, -508.395)))
(((252.48, -328.822), (233.766, -325.34), (221.366, -290.395), (235.398, -275.194), (248.861, -278.242), (271.786, -307.586), (252.48, -328.822)))
(((279.238, 235.592), (196.276, 260.535), (189.459, 268.29), (229.824, 383.882), (345.529, 327.551), (326.902, 270.221), (279.238, 235.592)))
(((274.68, -196.701), (254.511, -227.435), (233.63, -231.351), (220.668, -199.328), (226.155, -180.672), (249.773, -168.864), (274.68, -196.701)))
(((256.411, -114.491), (225.439, -92.1224), (238.698, -65.6038), (269.25, -99.75), (256.411, -114.491)))
(((278.841, -392.242), (241.417, -411.938), (224.292, -378.372), (224.388, -377.507), (260.718, -354.802), (265.667, -357.111), (278.841, -392.242)))
(((284.375, -252.875), (248.861, -278.242), (235.398, -275.194), (225.333, -245), (233.63, -231.351), (254.511, -227.435), (284.375, -252.875)))
(((344.324, 478.91), (271.332, 463.179), (203.095, 518.248), (191.736, 590.413), (227.098, 616.106), (288.902, 616.106), (338.902, 579.779), (358, 521), (344.324, 478.91)))
(((311.601, -53), (301.883, -90.8501), (269.25, -99.75), (238.698, -65.6038), (238.927, -53), (311.601, -53)))
(((273.932, -498.846), (235.897, -429.908), (238.708, -426.32), (291.914, -440.404), (273.932, -498.846)))
(((306.028, -431.199), (291.914, -440.404), (238.708, -426.32), (241.417, -411.938), (278.841, -392.242), (302.148, -397.836), (313.974, -411.005), (306.028, -431.199)))
(((302.429, -285.633), (286.71, -307.314), (271.786, -307.586), (248.861, -278.242), (284.375, -252.875), (289.884, -253.176), (294.498, -257.569), (302.429, -285.633)))
(((206.864, -629.6), (274.645, -508.563), (368.218, -535.973), (377, -563), (357.902, -621.779), (307.902, -658.106), (246.098, -658.106), (206.864, -629.6)))
(((300.986, -345.338), (265.667, -357.111), (260.718, -354.802), (252.48, -328.822), (271.786, -307.586), (286.71, -307.314), (303.129, -331.944), (300.986, -345.338)))
(((312.122, -116.242), (292.543, -143.922), (255.833, -149.167), (251.21, -139.919), (256.411, -114.491), (269.25, -99.75), (301.883, -90.8501), (312.122, -116.242)))
(((289.884, -253.176), (284.375, -252.875), (254.511, -227.435), (274.68, -196.701), (276.94, -196.948), (302.007, -218.673), (289.884, -253.176)))
(((341.144, 329.687), (229.824, 383.882), (220.218, 401.67), (271.332, 463.179), (343.36, 478.703), (363.902, 463.779), (383, 405), (363.902, 346.221), (341.144, 329.687)))
(((308.76, -171.492), (276.94, -196.948), (274.68, -196.701), (249.773, -168.864), (255.833, -149.167), (292.543, -143.922), (308.76, -171.492)))
(((308.708, -357.384), (302.148, -397.836), (278.841, -392.242), (265.667, -357.111), (300.986, -345.338), (308.708, -357.384)))
(((321.172, -213.77), (302.007, -218.673), (276.94, -196.948), (308.76, -171.492), (316.914, -174.029), (321.172, -213.77)))
(((368.591, -536.082), (274.645, -508.563), (274.494, -508.395), (273.932, -498.846), (291.914, -440.404), (306.028, -431.199), (376.423, -530.392), (368.591, -536.082)))
(((342.617, -319.168), (303.129, -331.944), (286.71, -307.314), (302.429, -285.633), (336.632, -290.519), (342.699, -319.033), (342.617, -319.168)))
(((344.259, -247.274), (294.498, -257.569), (289.884, -253.176), (302.007, -218.673), (321.172, -213.77), (347.924, -223.657), (344.259, -247.274)))
(((349.455, -163.182), (316.914, -174.029), (308.76, -171.492), (292.543, -143.922), (312.122, -116.242), (344.55, -128.853), (349.455, -163.182)))
(((352.883, -269.696), (336.632, -290.519), (302.429, -285.633), (294.498, -257.569), (344.259, -247.274), (352.883, -269.696)))
(((383.885, -398.667), (313.974, -411.005), (302.148, -397.836), (308.708, -357.384), (348.125, -359.927), (383.885, -398.667)))
(((348.125, -359.927), (308.708, -357.384), (300.986, -345.338), (303.129, -331.944), (342.617, -319.168), (348.125, -359.927)))
(((347.924, -223.657), (321.172, -213.77), (316.914, -174.029), (349.455, -163.182), (386.878, -194.618), (347.924, -223.657)))
(((400, -402.851), (400, -513.785), (376.668, -530.737), (306.028, -431.199), (313.974, -411.005), (383.885, -398.667), (400, -402.851)))
(((311.601, -53), (400, -53), (400, -86.663), (344.55, -128.853), (312.122, -116.242), (301.883, -90.8501), (311.601, -53)))
(((400, -317.564), (342.699, -319.033), (336.632, -290.519), (352.883, -269.696), (400, -279.663), (400, -317.564)))
(((400, -402.851), (383.885, -398.667), (348.125, -359.927), (342.617, -319.168), (342.699, -319.033), (400, -317.564), (400, -402.851)))
(((400, -279.663), (352.883, -269.696), (344.259, -247.274), (347.924, -223.657), (386.878, -194.618), (400, -194.743), (400, -279.663)))
(((400, -194.743), (386.878, -194.618), (349.455, -163.182), (344.55, -128.853), (400, -86.663), (400, -194.743)))
