(((-225, -283.66), (-212.612, -284.403), (-165.487, -306.207), (-195.219, -406.552), (-225, -413.095), (-225, -283.66)))
(((-225, -168.426), (-154.869, -174.615), (-151.549, -179.507), (-157.505, -210.777), (-225, -215.085), (-225, -168.426)))
(((-225, -215.085), (-157.505, -210.777), (-144.609, -232.885), (-212.612, -284.403), (-225, -283.66), (-225, -215.085)))
(((-225, -104.562), (-169.385, -123.385), (-157.699, -137.116), (-154.869, -174.615), (-225, -168.426), (-225, -104.562)))
(((-225, 520.677), (-225, 625), (-77.474, 625), (-79.0344, 571.011), (-84.4283, 561.854), (-225, 520.677)))
(((-144.466, -391.34), (-169.928, -406.144), (-195.219, -406.552), (-165.487, -306.207), (-152.901, -306.879), (-132.882, -374.216), (-144.466, -391.34)))
(((-225, -104.562), (-225, -53), (-128.12, -53), (-124.395, -78.3953), (-169.385, -123.385), (-225, -104.562)))
(((-225, -538.332), (-225, -413.095), (-195.219, -406.552), (-169.928, -406.144), (-117.4, -472.495), (-218.66, -542.938), (-225, -538.332)))
(((-136.421, -298.381), (-152.901, -306.879), (-165.487, -306.207), (-212.612, -284.403), (-144.609, -232.885), (-138.859, -235.845), (-130.033, -288.8), (-136.421, -298.381)))
(((-115.139, -91.2513), (-119.528, -130.755), (-157.699, -137.116), (-169.385, -123.385), (-124.395, -78.3953), (-115.139, -91.2513)))
(((-225, 459.145), (-225, 520.677), (-84.4283, 561.854), (-72.5469, 454.922), (-88.4059, 428.42), (-148.186, 397.894), (-166.902, 397.894), (-216.902, 434.221), (-225, 459.145)))
(((-113.521, -174.183), (-151.549, -179.507), (-154.869, -174.615), (-157.699, -137.116), (-119.528, -130.755), (-103.271, -145.996), (-113.521, -174.183)))
(((-207.068, -574.111), (-208.902, -572.779), (-218.609, -542.902), (-117.4, -472.495), (-113.01, -473.331), (-84.3426, -527.799), (-207.068, -574.111)))
(((-97.2857, -354.857), (-132.882, -374.216), (-152.901, -306.879), (-136.421, -298.381), (-92.098, -339.294), (-97.2857, -354.857)))
(((-99.8772, -189.031), (-124.33, -232.697), (-138.859, -235.845), (-144.609, -232.885), (-157.505, -210.777), (-151.549, -179.507), (-113.521, -174.183), (-99.8772, -189.031)))
(((-57.6238, -431.279), (-113.01, -473.331), (-117.4, -472.495), (-169.928, -406.144), (-144.466, -391.34), (-58.0601, -430.223), (-57.6238, -431.279)))
(((-92.9071, -281.536), (-130.033, -288.8), (-138.859, -235.845), (-124.33, -232.697), (-80.7106, -244.075), (-92.9071, -281.536)))
(((-62.4656, -651.474), (-77.0983, -662.106), (-138.902, -662.106), (-188.902, -625.779), (-205.84, -573.647), (-84.3426, -527.799), (-66.5507, -535.73), (-62.4656, -651.474)))
(((-63.7551, -315.776), (-92.098, -339.294), (-136.421, -298.381), (-130.033, -288.8), (-92.9071, -281.536), (-63.2165, -313.082), (-63.7551, -315.776)))
(((-78.2739, -138.705), (-103.271, -145.996), (-119.528, -130.755), (-115.139, -91.2513), (-81.9495, -102.868), (-78.2739, -138.705)))
(((-63.2285, -201.514), (-70.4391, -238.769), (-80.7106, -244.075), (-124.33, -232.697), (-99.8772, -189.031), (-65.8333, -197.542), (-63.2285, -201.514)))
(((-58.0601, -430.223), (-144.466, -391.34), (-132.882, -374.216), (-97.2857, -354.857), (-56.9912, -390.674), (-58.0601, -430.223)))
(((-65.8333, -197.542), (-99.8772, -189.031), (-113.521, -174.183), (-103.271, -145.996), (-78.2739, -138.705), (-57.8319, -148.533), (-65.8333, -197.542)))
(((-60, -53), (-53.9195, -83.4024), (-81.9495, -102.868), (-115.139, -91.2513), (-124.395, -78.3953), (-128.12, -53), (-60, -53)))
(((-43.8903, -449.479), (-61.3976, -532.639), (-66.5507, -535.73), (-84.3426, -527.799), (-113.01, -473.331), (-57.6238, -431.279), (-50.7922, -435.066), (-43.8903, -449.479)))
(((-63.2165, -313.082), (-92.9071, -281.536), (-80.7106, -244.075), (-70.4391, -238.769), (-40.4926, -258.109), (-52.8049, -304), (-63.2165, -313.082)))
(((-102.025, 262.07), (-144.902, 293.221), (-164, 352), (-149.267, 397.342), (-88.4059, 428.42), (-32.2692, 380.92), (-60.0024, 293.454), (-102.025, 262.07)))
(((-33.2928, -364.481), (-56.9912, -390.674), (-97.2857, -354.857), (-92.098, -339.294), (-63.7551, -315.776), (-39.76, -342.77), (-33.2928, -364.481)))
(((-32.3811, -99.1075), (-53.5946, -146.838), (-57.8319, -148.533), (-78.2739, -138.705), (-81.9495, -102.868), (-53.9195, -83.4024), (-32.3811, -99.1075)))
(((-13.5, -172.868), (-29.1415, -200.858), (-63.2285, -201.514), (-65.8333, -197.542), (-57.8319, -148.533), (-53.5946, -146.838), (-21.7376, -155.526), (-13.5, -172.868)))
(((-19.7163, -254.588), (-40.4926, -258.109), (-70.4391, -238.769), (-63.2285, -201.514), (-29.1415, -200.858), (-14.6818, -215.318), (-19.7163, -254.588)))
(((-18.2605, -526.647), (-61.3976, -532.639), (-43.8903, -449.479), (-2.45925, -482.032), (-18.2605, -526.647)))
(((-7.68433, -323.168), (-39.76, -342.77), (-63.7551, -315.776), (-63.2165, -313.082), (-52.8049, -304), (-18.3333, -304), (-7.68433, -323.168)))
(((6.52699, -272.037), (-18.3333, -304), (-52.8049, -304), (-40.4926, -258.109), (-19.7163, -254.588), (5.18926, -267.963), (6.52699, -272.037)))
(((-60, -53), (-30, -53), (-30, -22.3333), (-28.8793, -22.7069), (6.11702, -71.961), (-6.77861, -98.7075), (-32.3811, -99.1075), (-53.9195, -83.4024), (-60, -53)))
(((8.59249, -121.556), (-21.7376, -155.526), (-53.5946, -146.838), (-32.3811, -99.1075), (-6.77861, -98.7075), (8.59249, -121.556)))
(((-62.4146, -652.921), (-66.5507, -535.73), (-61.3976, -532.639), (-18.2605, -526.647), (20.1345, -553.175), (-4.62859, -659.106), (-53.9017, -659.106), (-62.4146, -652.921)))
(((0.553097, 309.969), (-60.0024, 293.454), (-32.2692, 380.92), (7.77169, 373.733), (0.553097, 309.969)))
(((6.21642, -370.649), (-2.68166, -418.476), (-50.7922, -435.066), (-57.6238, -431.279), (-58.0601, -430.223), (-56.9912, -390.674), (-33.2928, -364.481), (5.40066, -368.202), (6.21642, -370.649)))
(((-101.951, 136.53), (-119, 189), (-100.558, 245.76), (15.9231, 226.346), (22.7504, 201.412), (-2.87805, 148.324), (-101.951, 136.53)))
(((65.304, 490.478), (56.6148, 469.434), (-72.5469, 454.922), (-84.4283, 561.854), (-79.0344, 571.011), (64.7216, 523.093), (65.304, 490.478)))
(((5.40066, -368.202), (-33.2928, -364.481), (-39.76, -342.77), (-7.68433, -323.168), (3.00242, -328.35), (13.5827, -354.139), (5.40066, -368.202)))
(((-92.1042, 53), (-109, 105), (-98.6268, 136.925), (-2.87805, 148.324), (42.236, 109.655), (39.167, 103.194), (-7.21415, 57.7401), (-56.7222, 53), (-92.1042, 53)))
(((67.0647, 408.825), (55.3243, 395.811), (7.77169, 373.733), (-32.2692, 380.92), (-88.4059, 428.42), (-72.5469, 454.922), (56.6148, 469.434), (67.0647, 408.825)))
(((-95.8967, 244.983), (-101.561, 262.416), (-60.0024, 293.454), (0.553097, 309.969), (57.5715, 276.708), (58.5633, 275.278), (15.9231, 226.346), (-95.8967, 244.983)))
(((20.3717, -209.783), (-14.6818, -215.318), (-29.1415, -200.858), (-13.5, -172.868), (13.0185, -177.056), (23.1226, -207.368), (20.3717, -209.783)))
(((36.7349, -443.94), (14.7447, -477.658), (-2.45925, -482.032), (-43.8903, -449.479), (-50.7922, -435.066), (-2.68166, -418.476), (34.6638, -435.655), (36.7349, -443.94)))
(((-30, -22.3333), (-30, 53), (-56.7222, 53), (-7.21415, 57.7401), (24.3361, 29.0581), (19.7541, -11.2637), (-28.8793, -22.7069), (-30, -22.3333)))
(((9.30333, -274.619), (19.4759, -306.062), (3.00242, -328.35), (-7.68433, -323.168), (-18.3333, -304), (6.52699, -272.037), (9.30333, -274.619)))
(((5.18926, -267.963), (-19.7163, -254.588), (-14.6818, -215.318), (20.3717, -209.783), (15.8156, -255.344), (5.18926, -267.963)))
(((29.223, -155.666), (13.0185, -177.056), (-13.5, -172.868), (-21.7376, -155.526), (8.59249, -121.556), (11.6304, -122.879), (29.223, -155.666)))
(((59.243, 625), (65.7842, 525.014), (64.7216, 523.093), (-79.0344, 571.011), (-77.474, 625), (59.243, 625)))
(((43.4215, -59.5262), (6.11702, -71.961), (-28.8793, -22.7069), (19.7541, -11.2637), (45.2979, -29.0334), (43.4215, -59.5262)))
(((37.914, -543.676), (20.1345, -553.175), (-18.2605, -526.647), (-2.45925, -482.032), (14.7447, -477.658), (42.0798, -506.878), (37.914, -543.676)))
(((46.8469, -417), (34.6638, -435.655), (-2.68166, -418.476), (6.21642, -370.649), (47.7105, -395.842), (46.8469, -417)))
(((41.7159, -344.761), (13.5827, -354.139), (3.00242, -328.35), (19.4759, -306.062), (37.6151, -313.188), (46.7331, -338.884), (41.7159, -344.761)))
(((53.8173, -69.2982), (48.8726, -109.845), (11.6304, -122.879), (8.59249, -121.556), (-6.77861, -98.7075), (6.11702, -71.961), (43.4215, -59.5262), (53.8173, -69.2982)))
(((57.5715, 276.708), (0.553097, 309.969), (7.77169, 373.733), (55.3243, 395.811), (57.5715, 276.708)))
(((62.6336, -242.429), (15.8156, -255.344), (20.3717, -209.783), (23.1226, -207.368), (31.8409, -207.852), (61.1305, -235.05), (62.6336, -242.429)))
(((37.6151, -313.188), (19.4759, -306.062), (9.30333, -274.619), (62, -284.5), (37.6151, -313.188)))
(((68.4352, -175.48), (31.8409, -207.852), (23.1226, -207.368), (13.0185, -177.056), (29.223, -155.666), (54.817, -160.022), (68.4352, -175.48)))
(((42.236, 109.655), (-2.87805, 148.324), (22.7504, 201.412), (69.5651, 177.545), (57.7523, 114.937), (42.236, 109.655)))
(((47.7105, -395.842), (6.21642, -370.649), (5.40066, -368.202), (13.5827, -354.139), (41.7159, -344.761), (60.94, -381.731), (47.7105, -395.842)))
(((55.1711, 31.5752), (24.3361, 29.0581), (-7.21415, 57.7401), (39.167, 103.194), (63.9706, 39.1176), (55.1711, 31.5752)))
(((64.3703, -283.823), (62, -284.5), (9.30333, -274.619), (6.52699, -272.037), (5.18926, -267.963), (15.8156, -255.344), (62.6336, -242.429), (71.4476, -252.565), (64.3703, -283.823)))
(((54.817, -160.022), (29.223, -155.666), (11.6304, -122.879), (48.8726, -109.845), (65.7466, -122.862), (54.817, -160.022)))
(((45.2979, -29.0334), (19.7541, -11.2637), (24.3361, 29.0581), (55.1711, 31.5752), (65.5109, -15.6928), (45.2979, -29.0334)))
(((93.3886, -474.627), (42.0798, -506.878), (14.7447, -477.658), (36.7349, -443.94), (93.3886, -474.627)))
(((105.563, -662.094), (84.9017, -677.106), (23.0983, -677.106), (-4.20001, -657.272), (20.1345, -553.175), (37.914, -543.676), (69.0717, -550.187), (105.563, -662.094)))
(((95.671, -323.494), (91.9661, -329.051), (46.7331, -338.884), (37.6151, -313.188), (62, -284.5), (64.3703, -283.823), (95.9062, -317.063), (95.671, -323.494)))
(((90.5956, -186.519), (61.1305, -235.05), (31.8409, -207.852), (68.4352, -175.48), (86.5808, -180.953), (90.5956, -186.519)))
(((92.7982, -376.544), (60.94, -381.731), (41.7159, -344.761), (46.7331, -338.884), (91.9661, -329.051), (93.6176, -375.293), (92.7982, -376.544)))
(((102.906, 192.303), (69.5651, 177.545), (22.7504, 201.412), (15.9231, 226.346), (58.5633, 275.278), (78.0474, 272.403), (102.906, 192.303)))
(((95.5926, -474.733), (109.62, -525.234), (69.0717, -550.187), (37.914, -543.676), (42.0798, -506.878), (93.3886, -474.627), (95.5926, -474.733)))
(((86.6154, -119.615), (65.7466, -122.862), (48.8726, -109.845), (53.8173, -69.2982), (100.193, -74.3574), (86.6154, -119.615)))
(((89.2925, 41.4623), (63.9706, 39.1176), (39.167, 103.194), (42.236, 109.655), (57.7523, 114.937), (101.786, 103.929), (89.2925, 41.4623)))
(((95.5926, -474.733), (93.3886, -474.627), (36.7349, -443.94), (34.6638, -435.655), (46.8469, -417), (98.6979, -417), (105.718, -426.107), (100.367, -469.58), (95.5926, -474.733)))
(((98.6979, -417), (46.8469, -417), (47.7105, -395.842), (60.94, -381.731), (92.7982, -376.544), (98.6979, -417)))
(((105.114, 5.94368), (78.7146, -15.4611), (65.5109, -15.6928), (55.1711, 31.5752), (63.9706, 39.1176), (89.2925, 41.4623), (106.805, 25.8958), (105.114, 5.94368)))
(((109.268, -69.7523), (100.193, -74.3574), (53.8173, -69.2982), (43.4215, -59.5262), (45.2979, -29.0334), (65.5109, -15.6928), (78.7146, -15.4611), (110.35, -61.3326), (109.268, -69.7523)))
(((86.5808, -180.953), (68.4352, -175.48), (54.817, -160.022), (65.7466, -122.862), (86.6154, -119.615), (105.697, -138.697), (86.5808, -180.953)))
(((82.3127, 401.342), (132.067, 293.18), (78.0474, 272.403), (58.5633, 275.278), (57.5715, 276.708), (55.3243, 395.811), (67.0647, 408.825), (82.3127, 401.342)))
(((108.994, -203.245), (99.6204, -248.772), (71.4476, -252.565), (62.6336, -242.429), (61.1305, -235.05), (90.5956, -186.519), (106.304, -195.017), (108.994, -203.245)))
(((101.786, 103.929), (57.7523, 114.937), (69.5651, 177.545), (102.906, 192.303), (123.433, 184.248), (109.024, 105.796), (101.786, 103.929)))
(((127.911, -282.658), (95.9062, -317.063), (64.3703, -283.823), (71.4476, -252.565), (99.6204, -248.772), (124.274, -263.565), (127.911, -282.658)))
(((197.676, -574.153), (180.902, -625.779), (130.902, -662.106), (105.567, -662.106), (69.0717, -550.187), (109.62, -525.234), (197.676, -574.153)))
(((110.35, -61.3326), (78.7146, -15.4611), (105.114, 5.94368), (137.303, -23.2274), (110.35, -61.3326)))
(((126.823, -80.6486), (129.9, -134.508), (105.697, -138.697), (86.6154, -119.615), (100.193, -74.3574), (109.268, -69.7523), (126.823, -80.6486)))
(((59.243, 625), (204.927, 625), (215, 594), (211.527, 583.311), (65.7842, 525.014), (59.243, 625)))
(((144.561, 40.2433), (106.805, 25.8958), (89.2925, 41.4623), (101.786, 103.929), (109.024, 105.796), (109.247, 105.73), (131.658, 94.2047), (144.561, 40.2433)))
(((158.917, -406.009), (105.718, -426.107), (98.6979, -417), (92.7982, -376.544), (93.6176, -375.293), (132.831, -376.324), (158.917, -406.009)))
(((130.758, -134.921), (142.526, -179.375), (106.304, -195.017), (90.5956, -186.519), (86.5808, -180.953), (105.697, -138.697), (129.9, -134.508), (130.758, -134.921)))
(((132.831, -376.324), (93.6176, -375.293), (91.9661, -329.051), (95.671, -323.494), (142.545, -341.786), (132.831, -376.324)))
(((124.274, -263.565), (99.6204, -248.772), (108.994, -203.245), (150.815, -234.611), (124.274, -263.565)))
(((174.421, 248.179), (150.264, 189.736), (123.433, 184.248), (102.906, 192.303), (78.0474, 272.403), (132.067, 293.18), (139.315, 292.609), (174.421, 248.179)))
(((204.259, 365.799), (139.315, 292.609), (132.067, 293.18), (82.3127, 401.342), (162.028, 398.528), (204.259, 365.799)))
(((166.5, -17.4836), (137.303, -23.2274), (105.114, 5.94368), (106.805, 25.8958), (144.561, 40.2433), (160.856, 33.031), (167.007, -17.0595), (166.5, -17.4836)))
(((162.028, 398.528), (82.3127, 401.342), (67.0647, 408.825), (56.6148, 469.434), (65.304, 490.478), (168.129, 470.527), (162.028, 398.528)))
(((173.287, -419.473), (170.643, -465.747), (100.367, -469.58), (105.718, -426.107), (158.917, -406.009), (167.74, -407.917), (173.287, -419.473)))
(((153.984, -338.125), (142.545, -341.786), (95.671, -323.494), (95.9062, -317.063), (127.911, -282.658), (159.536, -294.821), (153.984, -338.125)))
(((150.815, -234.611), (108.994, -203.245), (106.304, -195.017), (142.526, -179.375), (160.065, -184.339), (158.901, -232.058), (150.815, -234.611)))
(((194.946, -572.637), (109.62, -525.234), (95.5926, -474.733), (100.367, -469.58), (170.643, -465.747), (200.301, -504.709), (206.885, -563.962), (194.946, -572.637)))
(((179.26, 160.74), (109.247, 105.73), (109.024, 105.796), (123.433, 184.248), (150.264, 189.736), (179.26, 160.74)))
(((168.483, -103.966), (146.439, -132.133), (130.758, -134.921), (129.9, -134.508), (126.823, -80.6486), (157.095, -81.1892), (168.483, -103.966)))
(((157.095, -81.1892), (126.823, -80.6486), (109.268, -69.7523), (110.35, -61.3326), (137.303, -23.2274), (166.5, -17.4836), (166.5, -71), (157.095, -81.1892)))
(((209.59, 582.536), (212.447, 580.46), (207.414, 495.626), (168.129, 470.527), (65.304, 490.478), (64.7216, 523.093), (65.7842, 525.014), (209.59, 582.536)))
(((183.943, 157.706), (178.087, 102.074), (131.658, 94.2047), (109.247, 105.73), (179.26, 160.74), (183.943, 157.706)))
(((190.992, -371.816), (167.74, -407.917), (158.917, -406.009), (132.831, -376.324), (142.545, -341.786), (153.984, -338.125), (181.966, -352.427), (190.992, -371.816)))
(((182.652, -155.338), (175.123, -177.089), (160.065, -184.339), (142.526, -179.375), (130.758, -134.921), (146.439, -132.133), (182.028, -151.904), (182.652, -155.338)))
(((184.366, -270.828), (172.364, -290.545), (159.536, -294.821), (127.911, -282.658), (124.274, -263.565), (150.815, -234.611), (158.901, -232.058), (174.976, -238.66), (179.616, -247.081), (184.366, -270.828)))
(((219.318, 65.5102), (160.856, 33.031), (144.561, 40.2433), (131.658, 94.2047), (178.087, 102.074), (219.318, 65.5102)))
(((182.028, -151.904), (146.439, -132.133), (168.483, -103.966), (196.983, -116.716), (182.028, -151.904)))
(((181.966, -352.427), (153.984, -338.125), (159.536, -294.821), (172.364, -290.545), (200.377, -316.627), (181.966, -352.427)))
(((208.08, -208.98), (174.976, -238.66), (158.901, -232.058), (160.065, -184.339), (175.123, -177.089), (205.891, -199.31), (208.08, -208.98)))
(((215.275, -109.067), (196.983, -116.716), (168.483, -103.966), (157.095, -81.1892), (166.5, -71), (209.304, -71), (215.275, -109.067)))
(((210, -20.8529), (210, -53), (219.186, -53), (209.304, -71), (166.5, -71), (166.5, -17.4836), (167.007, -17.0595), (210, -20.8529)))
(((279.653, 53), (210, 53), (210, -20.8529), (167.007, -17.0595), (160.856, 33.031), (219.318, 65.5102), (278.651, 56.0835), (279.653, 53)))
(((204.259, 365.799), (162.028, 398.528), (168.129, 470.527), (207.414, 495.626), (248.054, 450.609), (205.695, 365.89), (204.259, 365.799)))
(((289.482, 172.783), (183.943, 157.706), (179.26, 160.74), (150.264, 189.736), (174.421, 248.179), (230.29, 244.65), (295.374, 190.918), (289.482, 172.783)))
(((225.373, -312.373), (200.377, -316.627), (172.364, -290.545), (184.366, -270.828), (212.886, -273.83), (227.723, -293.182), (225.373, -312.373)))
(((243.838, 342.5), (230.29, 244.65), (174.421, 248.179), (139.315, 292.609), (204.259, 365.799), (205.695, 365.89), (243.838, 342.5)))
(((238.177, -237.241), (230.029, -244.116), (179.616, -247.081), (174.976, -238.66), (208.08, -208.98), (236.846, -227.923), (238.177, -237.241)))
(((234, -167.688), (205.891, -199.31), (175.123, -177.089), (182.652, -155.338), (226.832, -160.071), (234, -167.688)))
(((249.467, -440.017), (200.301, -504.709), (170.643, -465.747), (173.287, -419.473), (246.695, -428.649), (249.467, -440.017)))
(((212.886, -273.83), (184.366, -270.828), (179.616, -247.081), (230.029, -244.116), (212.886, -273.83)))
(((220.553, -111.413), (226.832, -160.071), (182.652, -155.338), (182.028, -151.904), (196.983, -116.716), (215.275, -109.067), (220.553, -111.413)))
(((279.821, 55.8976), (219.318, 65.5102), (178.087, 102.074), (183.943, 157.706), (292.366, 173.195), (309, 122), (289.902, 63.2215), (279.821, 55.8976)))
(((252.925, -341.215), (224.143, -371.305), (190.992, -371.816), (181.966, -352.427), (200.377, -316.627), (225.373, -312.373), (252.012, -339.012), (252.925, -341.215)))
(((246.695, -428.649), (173.287, -419.473), (167.74, -407.917), (190.992, -371.816), (224.143, -371.305), (248.2, -422.856), (246.695, -428.649)))
(((258.692, -272.892), (227.723, -293.182), (212.886, -273.83), (230.029, -244.116), (238.177, -237.241), (257.975, -254.625), (258.692, -272.892)))
(((263.245, -198.224), (236.846, -227.923), (208.08, -208.98), (205.891, -199.31), (234, -167.688), (258.509, -170.751), (263.245, -198.224)))
(((252.141, -53), (253.376, -92.5197), (225.887, -111.141), (220.553, -111.413), (215.275, -109.067), (209.304, -71), (219.186, -53), (252.141, -53)))
(((271.525, -156.32), (258.509, -170.751), (234, -167.688), (226.832, -160.071), (220.553, -111.413), (225.887, -111.141), (274.625, -142.473), (271.525, -156.32)))
(((273.183, -287.85), (252.012, -339.012), (225.373, -312.373), (227.723, -293.182), (258.692, -272.892), (273.183, -287.85)))
(((352.221, -496.708), (337.902, -540.779), (287.902, -577.106), (226.098, -577.106), (206.786, -563.074), (200.301, -504.709), (249.467, -440.017), (352.221, -496.708)))
(((255.238, -341.975), (275.5, -382.5), (280.896, -397.338), (248.2, -422.856), (224.143, -371.305), (252.925, -341.215), (255.238, -341.975)))
(((274.625, -142.473), (225.887, -111.141), (253.376, -92.5197), (303.378, -109.708), (274.625, -142.473)))
(((212.413, 579.898), (236.098, 597.106), (294.27, 597.106), (311.471, 451.852), (248.054, 450.609), (207.414, 495.626), (212.413, 579.898)))
(((299.361, -238.707), (257.975, -254.625), (238.177, -237.241), (236.846, -227.923), (263.245, -198.224), (297.846, -216.348), (299.361, -238.707)))
(((252.141, -53), (360.227, -53), (367.483, -75.3324), (362.828, -79.5869), (303.378, -109.708), (253.376, -92.5197), (252.141, -53)))
(((296.614, 189.894), (230.29, 244.65), (243.838, 342.5), (350.317, 342.5), (369, 285), (349.902, 226.221), (299.902, 189.894), (296.614, 189.894)))
(((350.317, 342.5), (243.838, 342.5), (205.695, 365.89), (248.054, 450.609), (311.471, 451.852), (363.401, 417.233), (369, 400), (350.317, 342.5)))
(((310.074, -336.303), (255.238, -341.975), (252.925, -341.215), (252.012, -339.012), (273.183, -287.85), (294.008, -289.303), (319.775, -321.289), (310.074, -336.303)))
(((310.596, -250.203), (294.008, -289.303), (273.183, -287.85), (258.692, -272.892), (257.975, -254.625), (299.361, -238.707), (310.596, -250.203)))
(((312.553, -345.447), (275.5, -382.5), (255.238, -341.975), (310.074, -336.303), (312.553, -345.447)))
(((351.373, -496.24), (249.467, -440.017), (246.695, -428.649), (248.2, -422.856), (280.896, -397.338), (330.477, -398.273), (383.675, -440.389), (369.902, -482.779), (351.373, -496.24)))
(((330.477, -398.273), (280.896, -397.338), (275.5, -382.5), (312.553, -345.447), (330.477, -398.273)))
(((324.136, -190.749), (297.846, -216.348), (263.245, -198.224), (258.509, -170.751), (271.525, -156.32), (323.223, -183.002), (324.603, -189.69), (324.136, -190.749)))
(((323.223, -183.002), (271.525, -156.32), (274.625, -142.473), (303.378, -109.708), (362.828, -79.5869), (323.223, -183.002)))
(((327.919, -317.963), (319.775, -321.289), (294.008, -289.303), (310.596, -250.203), (354.946, -258.761), (327.919, -317.963)))
(((354.946, -258.761), (310.596, -250.203), (299.361, -238.707), (297.846, -216.348), (324.136, -190.749), (359.997, -256.495), (354.946, -258.761)))
(((400, 587.144), (400, 434.856), (373.902, 415.894), (365.408, 415.894), (311.471, 451.852), (294.701, 593.466), (312.098, 606.106), (373.902, 606.106), (400, 587.144)))
(((400, -342.47), (400, -430.324), (384.858, -441.325), (330.477, -398.273), (312.553, -345.447), (310.074, -336.303), (319.775, -321.289), (327.919, -317.963), (400, -342.47)))
(((400, -250.717), (359.997, -256.495), (324.136, -190.749), (324.603, -189.69), (400, -197.423), (400, -250.717)))
(((400, -197.423), (324.603, -189.69), (323.223, -183.002), (362.828, -79.5869), (364.68, -77.8943), (384.902, -77.8943), (400, -88.8639), (400, -197.423)))
(((400, -342.47), (327.919, -317.963), (354.946, -258.761), (359.997, -256.495), (400, -250.717), (400, -342.47)))
