(((-225, -148.667), (-153.416, -172.528), (-153.537, -183.998), (-225, -222.837), (-225, -148.667)))
(((-225, -148.667), (-225, -53), (-192.176, -53), (-147.527, -161.435), (-153.416, -172.528), (-225, -148.667)))
(((-225, 516.864), (-225, 625), (-100.286, 625), (-168.346, 505.894), (-209.902, 505.894), (-225, 516.864)))
(((-225, -307.956), (-225, -222.837), (-153.537, -183.998), (-137.715, -208.61), (-175.154, -298.803), (-220.586, -311.163), (-225, -307.956)))
(((-225, -405.088), (-225, -318.912), (-222.666, -311.729), (-175.154, -298.803), (-146.374, -302.842), (-121.356, -313.754), (-101.056, -353.757), (-111.283, -380.882), (-198.571, -436.276), (-219.902, -420.779), (-225, -405.088)))
(((-114.452, -53), (-98.8237, -89.0315), (-102.487, -140.322), (-147.527, -161.435), (-192.176, -53), (-114.452, -53)))
(((-92.6809, -235.726), (-146.374, -302.842), (-175.154, -298.803), (-137.715, -208.61), (-101.146, -217.888), (-92.6809, -235.726)))
(((-198.729, -436.376), (-111.283, -380.882), (-60.9822, -429.448), (-156.659, -494.751), (-186.902, -472.779), (-198.729, -436.376)))
(((-80.8459, -196.026), (-101.146, -217.888), (-137.715, -208.61), (-153.537, -183.998), (-153.416, -172.528), (-147.527, -161.435), (-102.487, -140.322), (-82.5683, -153.827), (-80.8459, -196.026)))
(((-75.4098, -293.844), (-121.356, -313.754), (-146.374, -302.842), (-92.6809, -235.726), (-66.6, -254.2), (-75.4098, -293.844)))
(((-118.656, 351.443), (-167.902, 387.221), (-187, 446), (-169.238, 500.666), (-55.7126, 493.786), (-22.1349, 421.716), (-25.6454, 415.981), (-118.656, 351.443)))
(((-100.286, 625), (-29.3072, 625), (-0.0983005, 603.779), (6.8851, 582.286), (-55.7126, 493.786), (-166.542, 500.503), (-168.313, 505.953), (-100.286, 625)))
(((-60.9822, -429.448), (-111.283, -380.882), (-101.056, -353.757), (-53.5828, -358.754), (-45.9994, -427.005), (-60.9822, -429.448)))
(((-23.3089, -330.261), (-53.5828, -358.754), (-101.056, -353.757), (-121.356, -313.754), (-75.4098, -293.844), (-24, -323.833), (-22.6504, -325.745), (-23.3089, -330.261)))
(((-58.4928, -150.025), (-82.5683, -153.827), (-102.487, -140.322), (-98.8237, -89.0315), (-43.1174, -106.694), (-58.4928, -150.025)))
(((-37.946, -203.662), (-52.4118, -249.471), (-66.6, -254.2), (-92.6809, -235.726), (-101.146, -217.888), (-80.8459, -196.026), (-38.3114, -203.288), (-37.946, -203.662)))
(((-67.5244, -572.106), (-93.9017, -572.106), (-143.902, -535.779), (-157.128, -495.072), (-60.9822, -429.448), (-45.9994, -427.005), (-16.3812, -438.792), (-11.0735, -447.524), (-67.5244, -572.106)))
(((-38.3114, -203.288), (-80.8459, -196.026), (-82.5683, -153.827), (-58.4928, -150.025), (-39.5392, -159.09), (-38.3114, -203.288)))
(((-33.25, -53), (-30.2031, -55.0312), (-35.0916, -103.916), (-43.1174, -106.694), (-98.8237, -89.0315), (-114.452, -53), (-33.25, -53)))
(((-24, -323.833), (-75.4098, -293.844), (-66.6, -254.2), (-52.4118, -249.471), (-24, -260.125), (-24, -323.833)))
(((-125.605, 204.462), (-143, 258), (-123.902, 316.779), (-112.831, 324.822), (-12.5754, 298.087), (-4.9052, 238.429), (-26.2258, 217.476), (-125.605, 204.462)))
(((-8.18966, -118.603), (-15.5265, -151.619), (-39.5392, -159.09), (-58.4928, -150.025), (-43.1174, -106.694), (-35.0916, -103.916), (-9.38222, -115.7), (-8.18966, -118.603)))
(((-97.1928, 103.808), (-112.902, 115.221), (-132, 174), (-121.946, 204.942), (-26.2258, 217.476), (13.4896, 147.211), (-19.9198, 117.365), (-97.1928, 103.808)))
(((-2.74138, -223.328), (-13.0476, -255.105), (-24, -260.125), (-52.4118, -249.471), (-37.946, -203.662), (-14.5533, -205.828), (-2.74138, -223.328)))
(((-16.3812, -438.792), (-45.9994, -427.005), (-53.5828, -358.754), (-23.3089, -330.261), (16.2849, -381.626), (-16.3812, -438.792)))
(((-14.5533, -205.828), (-37.946, -203.662), (-38.3114, -203.288), (-39.5392, -159.09), (-15.5265, -151.619), (9.89525, -174.136), (-14.5533, -205.828)))
(((-111.34, 324.424), (-119, 348), (-117.656, 352.137), (-25.6454, 415.981), (27.5892, 321.341), (27.4152, 320.798), (-12.5754, 298.087), (-111.34, 324.424)))
(((-33.25, -53), (-30, -53), (-30, 18.5893), (5.14478, 17.3341), (28.2574, -7.77092), (8.97721, -53.7466), (-30.2031, -55.0312), (-33.25, -53)))
(((17, -79.82), (-9.38222, -115.7), (-35.0916, -103.916), (-30.2031, -55.0312), (8.97721, -53.7466), (17, -67.5), (17, -79.82)))
(((-30, 18.5893), (-30, 53), (-109.726, 53), (-112, 60), (-97.8005, 103.702), (-19.9198, 117.365), (25.0219, 63.2044), (5.14478, 17.3341), (-30, 18.5893)))
(((29.5916, -302.152), (-22.6504, -325.745), (-24, -323.833), (-24, -260.125), (-13.0476, -255.105), (28.2137, -272.297), (29.5916, -302.152)))
(((26.6992, -601.106), (-29.9017, -601.106), (-68.0922, -573.359), (-11.0735, -447.524), (44.6181, -470.78), (45.2258, -471.419), (26.6992, -601.106)))
(((6.75766, 582.106), (31.9017, 582.106), (41.3751, 575.223), (58.2142, 551.44), (51.8499, 499.995), (3.5285, 428.132), (-22.1349, 421.716), (-55.7126, 493.786), (6.75766, 582.106)))
(((9.89525, -174.136), (-15.5265, -151.619), (-8.18966, -118.603), (22.6481, -128.883), (27.3759, -173.008), (9.89525, -174.136)))
(((28.2137, -272.297), (-13.0476, -255.105), (-2.74138, -223.328), (31.2319, -225.941), (35.2826, -261.587), (28.2137, -272.297)))
(((31.46, -174.516), (40.27, -215.042), (31.2319, -225.941), (-2.74138, -223.328), (-14.5533, -205.828), (9.89525, -174.136), (27.3759, -173.008), (31.46, -174.516)))
(((61.354, 184.064), (25.2548, 149.657), (13.4896, 147.211), (-26.2258, 217.476), (-4.9052, 238.429), (46.7687, 228.403), (61.354, 184.064)))
(((49.529, -113.65), (22.6481, -128.883), (-8.18966, -118.603), (-9.38222, -115.7), (17, -79.82), (49.529, -113.65)))
(((59.0816, -335.281), (21.583, -380.538), (16.2849, -381.626), (-23.3089, -330.261), (-22.6504, -325.745), (29.5916, -302.152), (48.8882, -313.136), (59.0816, -335.281)))
(((46.7687, 228.403), (-4.9052, 238.429), (-12.5754, 298.087), (27.4152, 320.798), (74.0804, 269.371), (46.7687, 228.403)))
(((67.4877, 356.506), (27.5892, 321.341), (-25.6454, 415.981), (-22.1349, 421.716), (3.5285, 428.132), (70.2847, 400.698), (67.4877, 356.506)))
(((77.3945, 73.6789), (25.0219, 63.2044), (-19.9198, 117.365), (13.4896, 147.211), (25.2548, 149.657), (79.1822, 91.3571), (77.3945, 73.6789)))
(((64.6801, -161.228), (31.46, -174.516), (27.3759, -173.008), (22.6481, -128.883), (49.529, -113.65), (49.9209, -113.714), (64.9523, -160.061), (64.6801, -161.228)))
(((44.6181, -470.78), (-11.0735, -447.524), (-16.3812, -438.792), (16.2849, -381.626), (21.583, -380.538), (67.2422, -401.292), (44.6181, -470.78)))
(((74.0216, -98.0208), (49.9209, -113.714), (49.529, -113.65), (17, -79.82), (17, -67.5), (71.0294, -67.5), (74.0216, -98.0208)))
(((82.5361, -47.9387), (71.0294, -67.5), (17, -67.5), (8.97721, -53.7466), (28.2574, -7.77092), (51.0601, -8.04238), (82.7122, -35.4336), (82.5361, -47.9387)))
(((94.0523, 51.0719), (51.0601, -8.04238), (28.2574, -7.77092), (5.14478, 17.3341), (25.0219, 63.2044), (77.3945, 73.6789), (94.0523, 51.0719)))
(((81.4519, -234.104), (62.5694, -257.279), (35.2826, -261.587), (31.2319, -225.941), (40.27, -215.042), (74.8303, -218.969), (81.4519, -234.104)))
(((99.1542, -388.637), (67.2422, -401.292), (21.583, -380.538), (59.0816, -335.281), (108.716, -359.242), (99.1542, -388.637)))
(((102.186, 420.739), (70.2847, 400.698), (3.5285, 428.132), (51.8499, 499.995), (103.089, 425.983), (102.186, 420.739)))
(((91.6385, -187.545), (74.8303, -218.969), (40.27, -215.042), (31.46, -174.516), (64.6801, -161.228), (91.1962, -185.804), (91.6385, -187.545)))
(((48.8882, -313.136), (29.5916, -302.152), (28.2137, -272.297), (35.2826, -261.587), (62.5694, -257.279), (85.1655, -286.936), (48.8882, -313.136)))
(((103.002, -126.402), (64.9523, -160.061), (49.9209, -113.714), (74.0216, -98.0208), (104.504, -112.627), (103.002, -126.402)))
(((115.448, 129.988), (79.1822, 91.3571), (25.2548, 149.657), (61.354, 184.064), (102.346, 177.155), (115.448, 129.988)))
(((114.155, -608.289), (108.902, -612.106), (47.0983, -612.106), (27.1937, -597.644), (45.2258, -471.419), (117.624, -474.71), (114.155, -608.289)))
(((123.38, 274.246), (74.0804, 269.371), (27.4152, 320.798), (27.5892, 321.341), (67.4877, 356.506), (117.261, 331.62), (123.38, 274.246)))
(((117.624, -474.71), (45.2258, -471.419), (44.6181, -470.78), (67.2422, -401.292), (99.1542, -388.637), (135.947, -459.849), (117.624, -474.71)))
(((96.7786, -285.819), (85.1655, -286.936), (62.5694, -257.279), (81.4519, -234.104), (99.6986, -243.016), (102.658, -280.5), (96.7786, -285.819)))
(((108.716, -359.242), (59.0816, -335.281), (48.8882, -313.136), (85.1655, -286.936), (96.7786, -285.819), (117.338, -353.664), (108.716, -359.242)))
(((160.005, 224.787), (102.346, 177.155), (61.354, 184.064), (46.7687, 228.403), (74.0804, 269.371), (123.38, 274.246), (148.153, 257.731), (159.917, 237.054), (160.005, 224.787)))
(((119.179, 15.463), (107.133, -23.4534), (82.7122, -35.4336), (51.0601, -8.04238), (94.0523, 51.0719), (109.138, 45.5862), (119.179, 15.463)))
(((121.308, -155.692), (91.1962, -185.804), (64.6801, -161.228), (64.9523, -160.061), (103.002, -126.402), (121.308, -155.692)))
(((123.429, -101.412), (104.504, -112.627), (74.0216, -98.0208), (71.0294, -67.5), (82.5361, -47.9387), (127.733, -79.1092), (123.429, -101.412)))
(((139.622, 471.862), (103.089, 425.983), (51.8499, 499.995), (58.2142, 551.44), (112.99, 531.338), (139.622, 471.862)))
(((136.165, -227.517), (99.6986, -243.016), (81.4519, -234.104), (74.8303, -218.969), (91.6385, -187.545), (135.786, -210.185), (139.77, -218.29), (136.165, -227.517)))
(((117.261, 331.62), (67.4877, 356.506), (70.2847, 400.698), (102.186, 420.739), (161.992, 378.296), (117.261, 331.62)))
(((157.306, -51.7546), (127.733, -79.1092), (82.5361, -47.9387), (82.7122, -35.4336), (107.133, -23.4534), (152.835, -41.7341), (157.306, -51.7546)))
(((138.294, -348.811), (117.338, -353.664), (96.7786, -285.819), (102.658, -280.5), (143.9, -280.5), (153.106, -322.695), (138.294, -348.811)))
(((143.9, -280.5), (102.658, -280.5), (99.6986, -243.016), (136.165, -227.517), (149.889, -270.519), (143.9, -280.5)))
(((148.293, -161.407), (135.786, -210.185), (91.6385, -187.545), (91.1962, -185.804), (121.308, -155.692), (147.063, -159.699), (148.293, -161.407)))
(((169.876, 88.6681), (148.172, 59.7289), (109.138, 45.5862), (94.0523, 51.0719), (77.3945, 73.6789), (79.1822, 91.3571), (115.448, 129.988), (149.627, 118.077), (169.876, 88.6681)))
(((147.063, -159.699), (121.308, -155.692), (103.002, -126.402), (104.504, -112.627), (123.429, -101.412), (155.375, -119.986), (147.063, -159.699)))
(((152.835, -41.7341), (107.133, -23.4534), (119.179, 15.463), (161.248, -4.25707), (152.835, -41.7341)))
(((51.3217, 625), (176.462, 625), (191.691, 559.005), (190.5, 557.829), (112.99, 531.338), (58.2142, 551.44), (40.4081, 576.588), (38, 584), (51.3217, 625)))
(((200.357, -452.929), (135.947, -459.849), (99.1542, -388.637), (108.716, -359.242), (117.338, -353.664), (138.294, -348.811), (183.189, -384.254), (200.357, -452.929)))
(((192.608, 186.129), (149.627, 118.077), (115.448, 129.988), (102.346, 177.155), (160.005, 224.787), (192.608, 186.129)))
(((161.248, -4.25707), (119.179, 15.463), (109.138, 45.5862), (148.172, 59.7289), (181.22, 11.534), (161.248, -4.25707)))
(((206.181, 449.053), (181.754, 379.028), (161.992, 378.296), (102.186, 420.739), (103.089, 425.983), (139.622, 471.862), (190.5, 462.801), (206.181, 449.053)))
(((114.191, -606.907), (117.624, -474.71), (135.947, -459.849), (200.357, -452.929), (239.967, -472.734), (255, -519), (235.902, -577.779), (185.902, -614.106), (124.098, -614.106), (114.191, -606.907)))
(((175.52, -113.012), (155.375, -119.986), (123.429, -101.412), (127.733, -79.1092), (157.306, -51.7546), (182.193, -61.8537), (175.52, -113.012)))
(((209.179, 350.196), (148.153, 257.731), (123.38, 274.246), (117.261, 331.62), (161.992, 378.296), (181.754, 379.028), (209.179, 350.196)))
(((174.934, -215.034), (139.77, -218.29), (135.786, -210.185), (148.293, -161.407), (181.844, -169.43), (174.934, -215.034)))
(((190.5, 462.801), (139.622, 471.862), (112.99, 531.338), (190.5, 557.829), (190.5, 462.801)))
(((186.224, -264.463), (149.889, -270.519), (136.165, -227.517), (139.77, -218.29), (174.934, -215.034), (200.688, -229.75), (186.224, -264.463)))
(((202.61, -160.472), (181.844, -169.43), (148.293, -161.407), (147.063, -159.699), (155.375, -119.986), (175.52, -113.012), (196.089, -125.532), (206.116, -152.976), (202.61, -160.472)))
(((205.928, -310.017), (153.106, -322.695), (143.9, -280.5), (149.889, -270.519), (186.224, -264.463), (206.457, -293.367), (205.928, -310.017)))
(((210, -47.2288), (193.149, -59.2241), (182.193, -61.8537), (157.306, -51.7546), (152.835, -41.7341), (161.248, -4.25707), (181.22, 11.534), (210, 11.1045), (210, -47.2288)))
(((281.401, 53), (210, 53), (210, 11.1045), (181.22, 11.534), (148.172, 59.7289), (169.876, 88.6681), (270.186, 87.5151), (281.401, 53)))
(((270.545, 87.511), (169.876, 88.6681), (149.627, 118.077), (192.608, 186.129), (281.191, 143.722), (285, 132), (270.545, 87.511)))
(((229.044, -334.578), (183.189, -384.254), (138.294, -348.811), (153.106, -322.695), (205.928, -310.017), (229.044, -334.578)))
(((206.412, -228.091), (200.688, -229.75), (174.934, -215.034), (181.844, -169.43), (202.61, -160.472), (224.065, -199.481), (206.412, -228.091)))
(((222, -102.5), (196.089, -125.532), (175.52, -113.012), (182.193, -61.8537), (193.149, -59.2241), (222, -102.5)))
(((242.455, 267.53), (159.917, 237.054), (148.153, 257.731), (209.179, 350.196), (238.21, 341.827), (242.455, 267.53)))
(((247.738, -261.717), (206.457, -293.367), (186.224, -264.463), (200.688, -229.75), (206.412, -228.091), (223.531, -239.646), (247.738, -261.717)))
(((283.602, 491.532), (246.596, 457.686), (206.181, 449.053), (190.5, 462.801), (190.5, 557.829), (191.691, 559.005), (250.431, 551.369), (283.602, 491.532)))
(((237.689, -146.398), (206.116, -152.976), (196.089, -125.532), (222, -102.5), (239.315, -102.5), (237.689, -146.398)))
(((210, -47.2288), (210, -53), (315.902, -53), (316.58, -55.087), (239.315, -102.5), (222, -102.5), (193.149, -59.2241), (210, -47.2288)))
(((238.711, -472.106), (200.357, -452.929), (183.189, -384.254), (229.044, -334.578), (311.071, -346.296), (316.975, -349.222), (326, -377), (306.902, -435.779), (256.902, -472.106), (238.711, -472.106)))
(((296.101, 625), (250.431, 551.369), (191.691, 559.005), (176.462, 625), (296.101, 625)))
(((279.604, 144.482), (192.608, 186.129), (160.005, 224.787), (159.917, 237.054), (242.455, 267.53), (325.504, 212.164), (310.902, 167.221), (279.604, 144.482)))
(((270.978, -180.42), (258.385, -194.771), (224.065, -199.481), (202.61, -160.472), (206.116, -152.976), (237.689, -146.398), (278.02, -160.986), (270.978, -180.42)))
(((311.071, -346.296), (229.044, -334.578), (205.928, -310.017), (206.457, -293.367), (247.738, -261.717), (250.657, -262.082), (311.071, -346.296)))
(((238.21, 341.827), (209.179, 350.196), (181.754, 379.028), (206.181, 449.053), (246.596, 457.686), (285.805, 358.73), (238.21, 341.827)))
(((262.042, -213.972), (223.531, -239.646), (206.412, -228.091), (224.065, -199.481), (258.385, -194.771), (262.042, -213.972)))
(((270.711, -237.5), (250.657, -262.082), (247.738, -261.717), (223.531, -239.646), (262.042, -213.972), (270.711, -237.5)))
(((347.409, -110.871), (278.02, -160.986), (237.689, -146.398), (239.315, -102.5), (317.12, -54.7557), (332.902, -66.2215), (347.409, -110.871)))
(((324.61, 212.76), (242.455, 267.53), (238.21, 341.827), (285.805, 358.73), (358.043, 350.264), (376, 295), (356.902, 236.221), (324.61, 212.76)))
(((320.556, -350.998), (311.071, -346.296), (250.657, -262.082), (270.711, -237.5), (322.35, -237.5), (382.939, -256.735), (384, -260), (364.902, -318.779), (320.556, -350.998)))
(((322.35, -237.5), (270.711, -237.5), (262.042, -213.972), (258.385, -194.771), (270.978, -180.42), (322.35, -237.5)))
(((353.435, 350.805), (285.805, 358.73), (246.596, 457.686), (283.602, 491.532), (372.421, 480.179), (391, 423), (371.902, 364.221), (353.435, 350.805)))
(((400, -184.689), (400, -209.311), (384.902, -255.779), (383.389, -256.877), (322.35, -237.5), (270.978, -180.42), (278.02, -160.986), (347.333, -110.926), (384.902, -138.221), (400, -184.689)))
(((400, 580.621), (400, 531.379), (388.902, 497.221), (366.489, 480.938), (283.602, 491.532), (250.431, 551.369), (296.101, 625), (374.833, 625), (388.902, 614.779), (400, 580.621)))
