(((-225, -172.544), (-190.616, -185.563), (-164.137, -247.348), (-225, -299.69), (-225, -172.544)))
(((-225, 438.958), (-225, 613.042), (-213.902, 621.106), (-152.098, 621.106), (-110.87, 591.151), (-130.805, 472.537), (-169.773, 430.894), (-213.902, 430.894), (-225, 438.958)))
(((-225, -61.309), (-213.564, -53), (-193, -53), (-133.318, -112.682), (-140.071, -169.601), (-190.616, -185.563), (-225, -172.544), (-225, -61.309)))
(((-225, -468.238), (-225, -340.83), (-156.375, -342.125), (-153.962, -343.279), (-123.631, -395.276), (-125.652, -408.584), (-212.224, -477.521), (-225, -468.238)))
(((-225, -299.69), (-164.137, -247.348), (-128.286, -256.66), (-128.089, -257.266), (-156.375, -342.125), (-225, -340.83), (-225, -299.69)))
(((-128.286, -256.66), (-164.137, -247.348), (-190.616, -185.563), (-140.071, -169.601), (-116.611, -181.502), (-113.408, -239.156), (-128.286, -256.66)))
(((-171.173, -530.104), (-201.902, -507.779), (-211.834, -477.21), (-125.652, -408.584), (-70.6, -455.771), (-67.8182, -468.091), (-171.173, -530.104)))
(((-89.5457, -325.197), (-153.962, -343.279), (-156.375, -342.125), (-128.089, -257.266), (-84.4152, -298.756), (-89.5457, -325.197)))
(((-86.8, -53), (-78.7214, -93.393), (-98.5025, -111.024), (-133.318, -112.682), (-193, -53), (-86.8, -53)))
(((-86.9845, -172.973), (-116.611, -181.502), (-140.071, -169.601), (-133.318, -112.682), (-98.5025, -111.024), (-77.9004, -157.076), (-86.9845, -172.973)))
(((-53.5331, -366.939), (-123.631, -395.276), (-153.962, -343.279), (-89.5457, -325.197), (-53.5331, -366.939)))
(((-71.9005, -234.545), (-113.408, -239.156), (-116.611, -181.502), (-86.9845, -172.973), (-61.2279, -201.002), (-71.9005, -234.545)))
(((-41.5398, -376.894), (-70.6, -455.771), (-125.652, -408.584), (-123.631, -395.276), (-53.5331, -366.939), (-44.0182, -370.285), (-41.5398, -376.894)))
(((-63.1225, -287.105), (-84.4152, -298.756), (-128.089, -257.266), (-128.286, -256.66), (-113.408, -239.156), (-71.9005, -234.545), (-54.036, -251.516), (-63.1225, -287.105)))
(((-67.9014, -619.106), (-106.902, -619.106), (-156.902, -582.779), (-173.553, -531.532), (-67.8182, -468.091), (-34.3333, -484.833), (-67.9014, -619.106)))
(((-148.438, 360.525), (-154.902, 365.221), (-174, 424), (-172.817, 427.642), (-130.805, 472.537), (-44.5733, 462.021), (-27.7836, 399.899), (-38.9513, 385.129), (-148.438, 360.525)))
(((-38.4569, -142.586), (-77.9004, -157.076), (-98.5025, -111.024), (-78.7214, -93.393), (-54.3765, -99.3724), (-34.4161, -132.64), (-38.4569, -142.586)))
(((-111.185, 589.275), (-94.9017, 601.106), (-33.0983, 601.106), (14.1702, 566.763), (1.78272, 509.872), (-44.5733, 462.021), (-130.805, 472.537), (-111.185, 589.275)))
(((-31.8529, -53), (-27.4811, -71.5804), (-54.3765, -99.3724), (-78.7214, -93.393), (-86.8, -53), (-31.8529, -53)))
(((-123.299, 267.792), (-134.902, 276.221), (-154, 335), (-145.491, 361.187), (-38.9513, 385.129), (-13.948, 327.714), (-64.6331, 274.872), (-123.299, 267.792)))
(((-44.0182, -370.285), (-53.5331, -366.939), (-89.5457, -325.197), (-84.4152, -298.756), (-63.1225, -287.105), (-39.408, -297.516), (-26.9572, -350.432), (-44.0182, -370.285)))
(((-26.2424, -167.015), (-42.8761, -198.326), (-61.2279, -201.002), (-86.9845, -172.973), (-77.9004, -157.076), (-38.4569, -142.586), (-26.2424, -167.015)))
(((-10.8281, -230.203), (-17.8515, -245.253), (-54.036, -251.516), (-71.9005, -234.545), (-61.2279, -201.002), (-42.8761, -198.326), (-11.8021, -223.385), (-10.8281, -230.203)))
(((-80.7487, 131.049), (-120.902, 160.221), (-140, 219), (-124.181, 267.685), (-64.6331, 274.872), (-3.01206, 243.615), (-31.046, 147.248), (-80.7487, 131.049)))
(((-12.1633, -257.341), (-14.1105, -285.251), (-39.408, -297.516), (-63.1225, -287.105), (-54.036, -251.516), (-17.8515, -245.253), (-12.1633, -257.341)))
(((-9.80682, -482.182), (-34.3333, -484.833), (-67.8182, -468.091), (-70.6, -455.771), (-41.5398, -376.894), (11.71, -413.328), (-9.80682, -482.182)))
(((4.59022, -118.656), (-34.4161, -132.64), (-54.3765, -99.3724), (-27.4811, -71.5804), (1.44873, -85.3565), (4.59022, -118.656)))
(((13.2648, -331.279), (-26.9572, -350.432), (-39.408, -297.516), (-14.1105, -285.251), (15.5105, -311.909), (13.2648, -331.279)))
(((-11.8021, -223.385), (-42.8761, -198.326), (-26.2424, -167.015), (-13.2322, -171.569), (1.91304, -199.696), (-11.8021, -223.385)))
(((29.1691, -623.74), (14.9017, -634.106), (-46.9017, -634.106), (-67.847, -618.888), (-34.3333, -484.833), (-9.80682, -482.182), (11.5282, -494.373), (29.1691, -623.74)))
(((26.4883, -153.236), (-13.2322, -171.569), (-26.2424, -167.015), (-38.4569, -142.586), (-34.4161, -132.64), (4.59022, -118.656), (26.8303, -131.694), (26.4883, -153.236)))
(((-30, 47.3187), (23.1879, 41.3351), (22.2976, -7.63216), (1.44156, -26.4026), (-30, -26.918), (-30, 47.3187)))
(((67.4329, 306.213), (43.3062, 254.513), (-3.01206, 243.615), (-64.6331, 274.872), (-13.948, 327.714), (57.6633, 315.133), (67.4329, 306.213)))
(((-31.8529, -53), (-30, -53), (-30, -26.918), (1.44156, -26.4026), (24.4859, -64.8099), (1.44873, -85.3565), (-27.4811, -71.5804), (-31.8529, -53)))
(((34.6297, 405.988), (-27.7836, 399.899), (-44.5733, 462.021), (1.78272, 509.872), (50.7642, 425.904), (34.6297, 405.988)))
(((-30, 47.3188), (-30, 53), (-80.5, 53), (-86.1334, 53.6338), (-96, 84), (-80.7088, 131.062), (-31.046, 147.248), (-12.4245, 145.527), (42.6698, 79.0894), (38.1063, 49.8073), (23.1879, 41.3351), (-30, 47.3188)))
(((34.951, -170.5), (31.1364, -189.955), (1.91304, -199.696), (-13.2322, -171.569), (26.4883, -153.236), (34.951, -170.5)))
(((15.5105, -311.909), (-14.1105, -285.251), (-12.1633, -257.341), (27.9618, -269.229), (22.0538, -304.677), (15.5105, -311.909)))
(((57.6633, 315.133), (-13.948, 327.714), (-38.9513, 385.129), (-27.7836, 399.899), (34.6297, 405.988), (57.6633, 315.133)))
(((51.2761, -362.166), (16.8446, -411.661), (11.71, -413.328), (-41.5398, -376.894), (-44.0182, -370.285), (-26.9572, -350.432), (13.2648, -331.279), (49.8329, -357.209), (51.2761, -362.166)))
(((57.7541, 220.4), (33.7469, 161.822), (-12.4245, 145.527), (-31.046, 147.248), (-3.01206, 243.615), (43.3062, 254.513), (57.7541, 220.4)))
(((27.9618, -269.229), (-12.1633, -257.341), (-17.8515, -245.253), (-10.8281, -230.203), (28.9213, -233.426), (35.377, -262.938), (27.9618, -269.229)))
(((47.8919, -215.088), (28.9213, -233.426), (-10.8281, -230.203), (-11.8021, -223.385), (1.91304, -199.696), (31.1364, -189.955), (47.8919, -215.088)))
(((52.0909, -119.277), (26.8303, -131.694), (4.59022, -118.656), (1.44873, -85.3565), (24.4859, -64.8099), (37.1418, -65.2463), (63.1737, -98.22), (52.0909, -119.277)))
(((37.1418, -65.2463), (24.4859, -64.8099), (1.44156, -26.4026), (22.2976, -7.63216), (65.5599, -28.7087), (37.1418, -65.2463)))
(((51.5324, -487.543), (11.5282, -494.373), (-9.80682, -482.182), (11.71, -413.328), (16.8446, -411.661), (64.1279, -433.726), (51.5324, -487.543)))
(((68.7, -283.1), (57.6417, -298.005), (22.0538, -304.677), (27.9618, -269.229), (35.377, -262.938), (62.8966, -265.69), (68.7, -283.1)))
(((81.8791, 109.775), (42.6698, 79.0894), (-12.4245, 145.527), (33.7469, 161.822), (71.3581, 142.39), (81.8791, 109.775)))
(((62.8966, -265.69), (35.377, -262.938), (28.9213, -233.426), (47.8919, -215.088), (57.0577, -216.725), (78.5151, -240.075), (62.8966, -265.69)))
(((29.3553, -625.106), (11.5282, -494.373), (51.5324, -487.543), (101.514, -510.774), (74.5369, -625.106), (29.3553, -625.106)))
(((49.8329, -357.209), (13.2648, -331.279), (15.5105, -311.909), (22.0538, -304.677), (57.6417, -298.005), (69.9172, -332.103), (49.8329, -357.209)))
(((65.5599, -28.7087), (22.2976, -7.63216), (23.1879, 41.3351), (38.1063, 49.8073), (61.8163, 39.155), (73.1212, -26.7902), (65.5599, -28.7087)))
(((112.467, -403.688), (106.905, -413.866), (64.1279, -433.726), (16.8446, -411.661), (51.2761, -362.166), (107.458, -395.875), (112.467, -403.688)))
(((80.4097, -188.065), (57.0577, -216.725), (47.8919, -215.088), (31.1364, -189.955), (34.951, -170.5), (73.6538, -170.5), (80.4097, -188.065)))
(((73.6538, -170.5), (34.951, -170.5), (26.4883, -153.236), (26.8303, -131.694), (52.0909, -119.277), (84.0819, -150.165), (73.6538, -170.5)))
(((13.264, 562.601), (29.0983, 574.106), (90.9017, 574.106), (92.6501, 572.835), (145.075, 498.425), (84.4481, 432.369), (50.7642, 425.904), (1.78272, 509.872), (13.264, 562.601)))
(((86.8304, -90.7287), (63.1737, -98.22), (37.1418, -65.2463), (65.5599, -28.7087), (73.1212, -26.7902), (76.2898, -27.5715), (90.4658, -82.7005), (86.8304, -90.7287)))
(((101.914, -320.397), (69.9172, -332.103), (57.6417, -298.005), (68.7, -283.1), (98.1349, -293.944), (101.914, -320.397)))
(((120.143, 180.198), (71.3581, 142.39), (33.7469, 161.822), (57.7541, 220.4), (117.657, 196.832), (120.143, 180.198)))
(((105.766, 311.923), (67.4329, 306.213), (57.6633, 315.133), (34.6297, 405.988), (50.7642, 425.904), (84.4481, 432.369), (125.522, 363.057), (112.463, 317.111), (105.766, 311.923)))
(((93.0697, 41.1393), (61.8163, 39.155), (38.1063, 49.8073), (42.6698, 79.0894), (81.8791, 109.775), (119.899, 94.7975), (93.0697, 41.1393)))
(((101.514, -510.774), (51.5324, -487.543), (64.1279, -433.726), (106.905, -413.866), (119.774, -499.659), (101.514, -510.774)))
(((108.142, -223.442), (94.1668, -239.014), (78.5151, -240.075), (57.0577, -216.725), (80.4097, -188.065), (106.952, -196.674), (108.142, -223.442)))
(((121.879, 2.44085), (91.9418, -23.4139), (76.2898, -27.5715), (73.1212, -26.7902), (61.8163, 39.155), (93.0697, 41.1393), (118.235, 16.5879), (121.879, 2.44085)))
(((106.873, -145.049), (84.0819, -150.165), (52.0909, -119.277), (63.1737, -98.22), (86.8304, -90.7287), (121.625, -123.591), (106.873, -145.049)))
(((98.1349, -293.944), (68.7, -283.1), (62.8966, -265.69), (78.5151, -240.075), (94.1668, -239.014), (117.129, -272.5), (98.1349, -293.944)))
(((107.458, -395.875), (51.2761, -362.166), (49.8329, -357.209), (69.9172, -332.103), (101.914, -320.397), (114.828, -329.545), (107.458, -395.875)))
(((122.754, -181.775), (106.952, -196.674), (80.4097, -188.065), (73.6538, -170.5), (84.0819, -150.165), (106.873, -145.049), (122.754, -181.775)))
(((143.332, 230.53), (117.657, 196.832), (57.7541, 220.4), (43.3062, 254.513), (67.4329, 306.213), (105.766, 311.923), (143.332, 230.53)))
(((122.865, -65.0284), (90.4658, -82.7005), (76.2898, -27.5715), (91.9418, -23.4139), (122.12, -55.1011), (122.865, -65.0284)))
(((139.646, 98.8368), (119.899, 94.7975), (81.8791, 109.775), (71.3581, 142.39), (120.143, 180.198), (145.614, 153.286), (139.646, 98.8368)))
(((152.73, -93.422), (123.756, -123.158), (121.625, -123.591), (86.8304, -90.7287), (90.4658, -82.7005), (122.865, -65.0284), (155.313, -84.8578), (152.73, -93.422)))
(((153.75, -19.75), (122.12, -55.1011), (91.9418, -23.4139), (121.879, 2.44085), (149.716, -10.3367), (153.75, -19.75)))
(((153.056, -321.611), (114.828, -329.545), (101.914, -320.397), (98.1349, -293.944), (117.129, -272.5), (137.071, -272.5), (155.5, -315.5), (153.056, -321.611)))
(((137.071, -272.5), (117.129, -272.5), (94.1668, -239.014), (108.142, -223.442), (141.477, -228.848), (146.539, -261.753), (137.071, -272.5)))
(((162.628, 64.6802), (118.235, 16.5879), (93.0697, 41.1393), (119.899, 94.7975), (139.646, 98.8368), (152.5, 90), (162.628, 64.6802)))
(((164.871, -203.944), (141.477, -228.848), (108.142, -223.442), (106.952, -196.674), (122.754, -181.775), (149.042, -183.837), (164.871, -203.944)))
(((203.894, 417.519), (125.522, 363.057), (84.4481, 432.369), (145.075, 498.425), (201.352, 477.673), (203.894, 417.519)))
(((149.042, -183.837), (122.754, -181.775), (106.873, -145.049), (121.625, -123.591), (123.756, -123.158), (159.43, -151.928), (149.042, -183.837)))
(((146.414, -400.889), (112.467, -403.688), (107.458, -395.875), (114.828, -329.545), (153.056, -321.611), (168.452, -352.405), (146.414, -400.889)))
(((75.2185, -622.217), (101.514, -510.774), (119.774, -499.659), (218.288, -503.561), (225.277, -508.765), (239, -551), (219.902, -609.779), (169.902, -646.106), (108.098, -646.106), (75.2185, -622.217)))
(((161.105, -80.5396), (155.313, -84.8578), (122.865, -65.0284), (122.12, -55.1011), (153.75, -19.75), (177.276, -43.2763), (161.105, -80.5396)))
(((218.288, -503.561), (119.774, -499.659), (106.905, -413.866), (112.467, -403.688), (146.414, -400.889), (191.346, -430.219), (218.288, -503.561)))
(((194.497, 35.7618), (149.716, -10.3367), (121.879, 2.44085), (118.235, 16.5879), (162.628, 64.6802), (194.497, 35.7618)))
(((159.43, -151.928), (123.756, -123.158), (152.73, -93.422), (189.519, -139.892), (159.43, -151.928)))
(((201.197, -257.94), (146.539, -261.753), (141.477, -228.848), (164.871, -203.944), (165.694, -204.113), (198.85, -247.927), (201.197, -257.94)))
(((190.467, 165.786), (145.614, 153.286), (120.143, 180.198), (117.657, 196.832), (143.332, 230.53), (180.517, 229.576), (196.586, 218.234), (190.467, 165.786)))
(((180.517, 229.576), (143.332, 230.53), (105.766, 311.923), (112.463, 317.111), (197.564, 307.993), (180.517, 229.576)))
(((202.177, -258.971), (192.17, -296.332), (155.5, -315.5), (137.071, -272.5), (146.539, -261.753), (201.197, -257.94), (202.177, -258.971)))
(((229.649, 377.5), (220.039, 316.84), (197.564, 307.993), (112.463, 317.111), (125.522, 363.057), (203.894, 417.519), (229.649, 377.5)))
(((196.5, -140.547), (196.5, -186.4), (165.694, -204.113), (164.871, -203.944), (149.042, -183.837), (159.43, -151.928), (189.519, -139.892), (196.5, -140.547)))
(((241.122, 125.449), (152.5, 90), (139.646, 98.8368), (145.614, 153.286), (190.467, 165.786), (241.122, 125.449)))
(((196.5, -140.547), (189.519, -139.892), (152.73, -93.422), (155.313, -84.8578), (161.105, -80.5396), (203.101, -96.2877), (200.949, -138.253), (196.5, -140.547)))
(((210, -38.8806), (177.276, -43.2763), (153.75, -19.75), (149.716, -10.3367), (194.497, 35.7618), (210, 33.2955), (210, -38.8806)))
(((211.981, -351.568), (168.452, -352.405), (153.056, -321.611), (155.5, -315.5), (192.17, -296.332), (219.03, -326.896), (211.981, -351.568)))
(((228.764, -377.209), (191.346, -430.219), (146.414, -400.889), (168.452, -352.405), (211.981, -351.568), (228.764, -377.209)))
(((109.221, 625), (274.779, 625), (292, 572), (274.089, 516.876), (201.352, 477.673), (145.075, 498.425), (92.3909, 573.203), (109.221, 625)))
(((210, -38.8806), (210, -53), (242.648, -53), (236.84, -69.4948), (203.101, -96.2877), (161.105, -80.5396), (177.276, -43.2763), (210, -38.8806)))
(((221.987, -199.873), (198.85, -247.927), (165.694, -204.113), (196.5, -186.4), (219.632, -195.653), (221.987, -199.873)))
(((291.227, 53), (210, 53), (210, 33.2955), (194.497, 35.7618), (162.628, 64.6802), (152.5, 90), (241.122, 125.449), (288.648, 114.938), (300, 80), (291.227, 53)))
(((303.302, 235.308), (196.586, 218.234), (180.517, 229.576), (197.564, 307.993), (220.039, 316.84), (306.692, 245.74), (303.302, 235.308)))
(((239.73, -161.737), (219.632, -195.653), (196.5, -186.4), (196.5, -140.547), (200.949, -138.253), (232.494, -141.306), (239.73, -161.737)))
(((252.356, -309.862), (219.03, -326.896), (192.17, -296.332), (202.177, -258.971), (216.988, -259.986), (238.188, -286.484), (252.356, -309.862)))
(((232.494, -141.306), (200.949, -138.253), (203.101, -96.2877), (236.84, -69.4948), (248.477, -126.388), (232.494, -141.306)))
(((289.492, 114.752), (241.122, 125.449), (190.467, 165.786), (196.586, 218.234), (306.179, 235.769), (323, 184), (303.902, 125.221), (289.492, 114.752)))
(((265.184, -235.396), (216.988, -259.986), (202.177, -258.971), (201.197, -257.94), (198.85, -247.927), (221.987, -199.873), (267.803, -219.685), (265.184, -235.396)))
(((225.735, -509.106), (218.288, -503.561), (191.346, -430.219), (228.764, -377.209), (330.889, -382.883), (341, -414), (321.902, -472.779), (271.902, -509.106), (225.735, -509.106)))
(((285.283, -198.009), (267.803, -219.685), (221.987, -199.873), (219.632, -195.653), (239.73, -161.737), (287.044, -191.846), (285.283, -198.009)))
(((331.702, -382.928), (228.764, -377.209), (211.981, -351.568), (219.03, -326.896), (252.356, -309.862), (276, -313.5), (333.824, -376.396), (331.702, -382.928)))
(((279.062, -255.828), (238.188, -286.484), (216.988, -259.986), (265.184, -235.396), (279.062, -255.828)))
(((283.935, -261.919), (276, -313.5), (252.356, -309.862), (238.188, -286.484), (279.062, -255.828), (283.935, -261.919)))
(((287.044, -191.846), (239.73, -161.737), (232.494, -141.306), (248.477, -126.388), (275.698, -127.396), (300.492, -176.983), (287.044, -191.846)))
(((342.263, -53), (275.698, -127.396), (248.477, -126.388), (236.84, -69.4948), (242.648, -53), (342.263, -53)))
(((308.807, 244.005), (220.039, 316.84), (229.649, 377.5), (361.841, 377.5), (375, 337), (355.902, 278.221), (308.807, 244.005)))
(((361.841, 377.5), (229.649, 377.5), (203.894, 417.519), (201.352, 477.673), (267.094, 513.106), (305.902, 513.106), (355.902, 476.779), (375, 418), (361.841, 377.5)))
(((342.263, -53), (354.316, -53), (384.902, -75.2215), (400, -121.689), (400, -146.311), (399.659, -147.362), (300.492, -176.983), (275.698, -127.396), (342.263, -53)))
(((357.206, -258.866), (283.935, -261.919), (279.062, -255.828), (265.184, -235.396), (267.803, -219.685), (285.283, -198.009), (357.206, -258.866)))
(((400, -270.432), (400, -306.544), (387.902, -343.779), (337.902, -380.106), (337.234, -380.106), (276, -313.5), (283.935, -261.919), (357.206, -258.866), (400, -270.432)))
(((400, -270.432), (357.206, -258.866), (285.283, -198.009), (287.044, -191.846), (300.492, -176.983), (400, -147.26), (400, -270.432)))
