(((-225, 546.566), (-225, 625), (-97, 625), (-117.256, 530.47), (-198.463, 527.286), (-225, 546.566)))
(((-225, 409.912), (-225, 496.088), (-219.902, 511.779), (-198.563, 527.282), (-117.256, 530.47), (-83.8455, 511.166), (-115.239, 357.894), (-169.902, 357.894), (-219.902, 394.221), (-225, 409.912)))
(((25, 625), (-31.0485, 512.903), (-83.8455, 511.166), (-117.256, 530.47), (-97, 625), (25, 625)))
(((-78.7507, 340.894), (-86.9017, 340.894), (-114.599, 361.017), (-83.8455, 511.166), (-31.0485, 512.903), (7.23152, 472.67), (3.21504, 455.265), (-78.7507, 340.894)))
(((-50.1543, 314.788), (-76.9017, 334.221), (-78.9703, 340.588), (3.21504, 455.265), (54.0171, 337.618), (-2.61315, 315.402), (-50.1543, 314.788)))
(((72.2848, 168.602), (36.9017, 142.894), (-24.9017, 142.894), (-74.9017, 179.221), (-94, 238), (-74.9017, 296.779), (-50.1126, 314.789), (-2.61315, 315.402), (72.2848, 168.602)))
(((25, 625), (83.5526, 625), (111.51, 604.687), (61.6728, 473.116), (7.23152, 472.67), (-31.0485, 512.903), (25, 625)))
(((77.8105, 338.736), (54.0171, 337.618), (3.21504, 455.265), (7.23152, 472.67), (61.6728, 473.116), (125.689, 430.219), (77.8105, 338.736)))
(((153.106, 257.17), (135.902, 204.221), (85.9017, 167.894), (72.6457, 167.894), (-2.61315, 315.402), (54.0171, 337.618), (77.8105, 338.736), (152.424, 258.507), (153.106, 257.17)))
(((111.29, 604.106), (142.532, 604.106), (155.957, 438.527), (125.689, 430.219), (61.6728, 473.116), (111.29, 604.106)))
(((153.173, 260.894), (150.203, 260.894), (77.8105, 338.736), (125.689, 430.219), (155.957, 438.527), (205.756, 428.505), (153.173, 260.894)))
(((233.969, 431.568), (205.756, 428.505), (155.957, 438.527), (142.827, 600.464), (156.098, 610.106), (217.902, 610.106), (267.902, 573.779), (287, 515), (267.902, 456.221), (233.969, 431.568)))
(((153.155, 260.837), (205.756, 428.505), (240.756, 432.305), (286.902, 398.779), (306, 340), (286.902, 281.221), (236.902, 244.894), (175.098, 244.894), (153.155, 260.837)))
