(((-225, -154.566), (-145.695, -156.062), (-135.743, -187.728), (-225, -237.547), (-225, -154.566)))
(((-225, -154.566), (-225, -53), (-193.656, -53), (-135.329, -132.991), (-145.695, -156.062), (-225, -154.566)))
(((-225, -289.519), (-225, -237.547), (-135.743, -187.728), (-111.527, -204.866), (-158.781, -286.144), (-216.7, -295.55), (-225, -289.519)))
(((-225, 506.301), (-225, 561.699), (-214.902, 592.779), (-170.553, 625), (-115.342, 625), (-62.4987, 513.81), (-150.524, 438.894), (-164.902, 438.894), (-214.902, 475.221), (-225, 506.301)))
(((-225, -366.621), (-225, -317.379), (-217.975, -295.757), (-158.781, -286.144), (-115.932, -297.322), (-88.6662, -319.212), (-87.2247, -330.383), (-103.123, -357.505), (-214.147, -400.024), (-225, -366.621)))
(((-93.3023, -53), (-83.45, -79.4782), (-97.0286, -120.805), (-135.329, -132.991), (-193.656, -53), (-93.3023, -53)))
(((-211.72, -399.095), (-103.123, -357.505), (-82.5111, -420.927), (-166.184, -469.37), (-195.902, -447.779), (-211.72, -399.095)))
(((-78.1111, -237.889), (-115.932, -297.322), (-158.781, -286.144), (-111.527, -204.866), (-111.121, -204.879), (-78.1111, -237.889)))
(((-80.8653, -179.13), (-111.121, -204.879), (-111.527, -204.866), (-135.743, -187.728), (-145.695, -156.062), (-135.329, -132.991), (-97.0286, -120.805), (-80.0999, -140.095), (-80.8653, -179.13)))
(((-57.4967, -300.193), (-88.6662, -319.212), (-115.932, -297.322), (-78.1111, -237.889), (-48.5241, -242.512), (-57.4967, -300.193)))
(((-46.2007, -419.296), (-82.5111, -420.927), (-103.123, -357.505), (-87.2247, -330.383), (-57.2137, -353.218), (-46.2007, -419.296)))
(((-69.6265, -560.106), (-101.902, -560.106), (-151.902, -523.779), (-169.042, -471.025), (-82.5111, -420.927), (-46.2007, -419.296), (-24.1551, -428.022), (-69.6265, -560.106)))
(((-34.862, -190.153), (-45.4103, -240.977), (-48.5241, -242.512), (-78.1111, -237.889), (-111.121, -204.879), (-80.8653, -179.13), (-34.8836, -190.126), (-34.862, -190.153)))
(((-145.036, 295.866), (-146.902, 297.221), (-166, 356), (-148.257, 410.608), (-30.8464, 393.835), (-24.6263, 339.928), (-38.6517, 322.462), (-145.036, 295.866)))
(((-43.9104, -138.45), (-80.0999, -140.095), (-97.0286, -120.805), (-83.45, -79.4782), (-40.701, -91.9143), (-43.9104, -138.45)))
(((-34.8836, -190.126), (-80.8653, -179.13), (-80.0999, -140.095), (-43.9104, -138.45), (-31.8872, -146.18), (-34.8836, -190.126)))
(((-144.265, 410.038), (-152.966, 436.816), (-62.4987, 513.81), (-60.2936, 513.484), (-2.69227, 418.611), (-30.8464, 393.835), (-144.265, 410.038)))
(((-99.4072, 200.519), (-127.902, 221.221), (-147, 280), (-141.563, 296.734), (-38.6517, 322.462), (-0.64405, 244.794), (-46.1705, 211.408), (-99.4072, 200.519)))
(((-93.3023, -53), (-30, -53), (-30, -25.2632), (-6.77966, -80.2587), (-7.86408, -84.4251), (-40.701, -91.9143), (-83.45, -79.4782), (-93.3023, -53)))
(((-6.86375, -344.181), (-57.2137, -353.218), (-87.2247, -330.383), (-88.6662, -319.212), (-57.4967, -300.193), (-10.2747, -308.366), (-6.86375, -344.181)))
(((-24.1551, -428.022), (-46.2007, -419.296), (-57.2137, -353.218), (-6.86375, -344.181), (8.97964, -363.897), (-21.8627, -427.571), (-24.1551, -428.022)))
(((31, 625), (-17.8867, 527.227), (-60.2936, 513.484), (-62.4987, 513.81), (-115.342, 625), (31, 625)))
(((-10.2747, -308.366), (-57.4967, -300.193), (-48.5241, -242.512), (-45.4103, -240.977), (-22.4389, -247.868), (-0.119847, -296.445), (-10.2747, -308.366)))
(((-4.61607, -89.5536), (-6.75848, -136.687), (-31.8872, -146.18), (-43.9104, -138.45), (-40.701, -91.9143), (-7.86408, -84.4251), (-4.61607, -89.5536)))
(((-86.4146, 78.696), (-100.902, 89.2215), (-120, 148), (-103.187, 199.746), (-46.1705, 211.408), (21.6131, 148.466), (-1.45303, 91.9943), (-86.4146, 78.696)))
(((9.86531, -233.594), (-22.4389, -247.868), (-45.4103, -240.977), (-34.862, -190.153), (-10.5543, -191.054), (9.86531, -233.594)))
(((21.2324, -162.232), (8.55925, -180.587), (-10.5543, -191.054), (-34.862, -190.153), (-34.8836, -190.126), (-31.8872, -146.18), (-6.75848, -136.687), (22.1697, -154.851), (21.2324, -162.232)))
(((-69.6624, -560.21), (-24.1551, -428.022), (-21.8627, -427.571), (35.241, -454.795), (9.97887, -581.106), (-40.9017, -581.106), (-69.6624, -560.21)))
(((-30, -7.44737), (-30, 53), (-95.5016, 53), (-87.192, 78.5743), (-1.45303, 91.9943), (38.6745, 67.2646), (38.7079, 66.9705), (7.12048, -4.5168), (-30, -7.44737)))
(((59.2829, 276.76), (29.2808, 249.826), (-0.64405, 244.794), (-38.6517, 322.462), (-24.6263, 339.928), (46.8236, 326.099), (59.2829, 276.76)))
(((48.2273, 457.955), (7.94061, 419.586), (-2.69227, 418.611), (-60.2936, 513.484), (-17.8867, 527.227), (55.8849, 494.328), (48.2273, 457.955)))
(((-30, -25.2632), (-30, -7.44737), (7.12048, -4.5168), (36.6913, -23.7119), (32.396, -51.3924), (-6.77966, -80.2587), (-30, -25.2632)))
(((31.347, -287.954), (-0.119847, -296.445), (-22.4389, -247.868), (9.86531, -233.594), (25.3619, -235.285), (31.347, -287.954)))
(((33.213, -229.318), (25.3619, -235.285), (9.86531, -233.594), (-10.5543, -191.054), (8.55925, -180.587), (35.5714, -220.066), (33.213, -229.318)))
(((46.8236, 326.099), (-24.6263, 339.928), (-30.8464, 393.835), (-2.69227, 418.611), (7.94061, 419.586), (61.7215, 361.129), (46.8236, 326.099)))
(((22.1697, -154.851), (-6.75848, -136.687), (-4.61607, -89.5536), (31.6372, -104.055), (35.3013, -145.581), (22.1697, -154.851)))
(((63.6245, 167.401), (21.6131, 148.466), (-46.1705, 211.408), (-0.64405, 244.794), (29.2808, 249.826), (63.6245, 167.401)))
(((58.38, -328.405), (28.7672, -361.814), (8.97964, -363.897), (-6.86375, -344.181), (-10.2747, -308.366), (-0.119847, -296.445), (31.347, -287.954), (40.6899, -291.664), (58.38, -328.405)))
(((58.106, -447.098), (35.241, -454.795), (-21.8627, -427.571), (8.97964, -363.897), (28.7672, -361.814), (69.3892, -401.338), (58.106, -447.098)))
(((35.5714, -220.066), (8.55925, -180.587), (21.2324, -162.232), (55.069, -196.069), (35.5714, -220.066)))
(((53.3251, -93.504), (31.6372, -104.055), (-4.61607, -89.5536), (-7.86408, -84.4251), (-6.77966, -80.2587), (32.396, -51.3924), (57.2476, -77.101), (53.3251, -93.504)))
(((31, 625), (31.0833, 625), (79.1391, 509.666), (55.8849, 494.328), (-17.8867, 527.227), (31, 625)))
(((73.3174, -7.23353), (67.2826, -13.9783), (36.6913, -23.7119), (7.12048, -4.5168), (38.7079, 66.9705), (75.5411, 9.81546), (73.3174, -7.23353)))
(((82.1349, -265.02), (40.6899, -291.664), (31.347, -287.954), (25.3619, -235.285), (33.213, -229.318), (66.5814, -241.042), (82.1349, -265.02)))
(((58.2254, -144.732), (35.3013, -145.581), (31.6372, -104.055), (53.3251, -93.504), (70.5, -112), (58.2254, -144.732)))
(((100.993, 95.9638), (38.6745, 67.2646), (-1.45303, 91.9943), (21.6131, 148.466), (63.6245, 167.401), (83.4597, 161.616), (107.79, 129.948), (100.993, 95.9638)))
(((85.6425, -167.368), (70.9826, -192.345), (55.069, -196.069), (21.2324, -162.232), (22.1697, -154.851), (35.3013, -145.581), (58.2254, -144.732), (85.0749, -163.911), (85.6425, -167.368)))
(((88.3929, -64.6429), (57.2476, -77.101), (32.396, -51.3924), (36.6913, -23.7119), (67.2826, -13.9783), (88.3929, -64.6429)))
(((120.093, 387.15), (61.7215, 361.129), (7.94061, 419.586), (48.2273, 457.955), (117.451, 401.61), (120.093, 387.15)))
(((82.2647, -212.088), (66.5814, -241.042), (33.213, -229.318), (35.5714, -220.066), (55.069, -196.069), (70.9826, -192.345), (82.2647, -212.088)))
(((103.248, -590.768), (95.9017, -596.106), (34.0983, -596.106), (10.4196, -578.902), (35.241, -454.795), (58.106, -447.098), (114.584, -473.636), (103.248, -590.768)))
(((96.9532, -382.795), (69.3892, -401.338), (28.7672, -361.814), (58.38, -328.405), (105.652, -335.677), (96.9532, -382.795)))
(((105.652, -335.677), (58.38, -328.405), (40.6899, -291.664), (82.1349, -265.02), (86.9884, -265.756), (108.911, -333.35), (105.652, -335.677)))
(((99.47, -108.951), (70.5, -112), (53.3251, -93.504), (57.2476, -77.101), (88.3929, -64.6429), (102.092, -69.6243), (99.47, -108.951)))
(((119.24, 220.165), (83.4597, 161.616), (63.6245, 167.401), (29.2808, 249.826), (59.2829, 276.76), (106.889, 268.334), (119.24, 220.165)))
(((115.444, -127.663), (85.0749, -163.911), (58.2254, -144.732), (70.5, -112), (99.47, -108.951), (115.444, -127.663)))
(((107.23, 625), (125.358, 565.101), (79.3585, 509.693), (79.1391, 509.666), (31.0833, 625), (107.23, 625)))
(((133.594, 46.4806), (75.5411, 9.81546), (38.7079, 66.9705), (38.6745, 67.2646), (100.993, 95.9638), (133.758, 54.2623), (133.594, 46.4806)))
(((99.0082, -259.746), (86.9884, -265.756), (82.1349, -265.02), (66.5814, -241.042), (82.2647, -212.088), (107.115, -220.372), (99.0082, -259.746)))
(((117.451, 401.61), (48.2273, 457.955), (55.8849, 494.328), (79.1391, 509.666), (79.3585, 509.693), (142.759, 474.37), (117.451, 401.61)))
(((130.279, -207.052), (107.115, -220.372), (82.2647, -212.088), (70.9826, -192.345), (85.6425, -167.368), (126.602, -190.004), (132.782, -200.304), (130.279, -207.052)))
(((122.992, -60.6155), (102.092, -69.6243), (88.3929, -64.6429), (67.2826, -13.9783), (73.3174, -7.23353), (122.188, -21.1965), (122.992, -60.6155)))
(((173.955, 310.16), (106.889, 268.334), (59.2829, 276.76), (46.8236, 326.099), (61.7215, 361.129), (120.093, 387.15), (156.295, 363.37), (175.144, 320.786), (173.955, 310.16)))
(((114.584, -473.636), (58.106, -447.098), (69.3892, -401.338), (96.9532, -382.795), (178.681, -436.013), (114.584, -473.636)))
(((153.556, 7.1116), (122.188, -21.1965), (73.3174, -7.23353), (75.5411, 9.81546), (133.594, 46.4806), (153.556, 7.1116)))
(((147.239, -299.359), (116.048, -331.906), (108.911, -333.35), (86.9884, -265.756), (99.0082, -259.746), (144.676, -266.547), (147.239, -299.359)))
(((142.761, -131.43), (126.602, -190.004), (85.6425, -167.368), (85.0749, -163.911), (115.444, -127.663), (139.643, -129.13), (142.761, -131.43)))
(((144.676, -266.547), (99.0082, -259.746), (107.115, -220.372), (130.279, -207.052), (151.925, -256.709), (144.676, -266.547)))
(((139.643, -129.13), (115.444, -127.663), (99.47, -108.951), (102.092, -69.6243), (122.992, -60.6155), (146.816, -70.3066), (139.643, -129.13)))
(((178.681, -436.013), (96.9532, -382.795), (105.652, -335.677), (108.911, -333.35), (116.048, -331.906), (181.721, -377.724), (192.27, -433.396), (178.681, -436.013)))
(((175.78, 148.565), (107.79, 129.948), (83.4597, 161.616), (119.24, 220.165), (171.397, 196.547), (190.948, 165.629), (175.78, 148.565)))
(((194.95, 537.049), (182.576, 487.078), (142.759, 474.37), (79.3585, 509.693), (125.358, 565.101), (189.65, 543.031), (194.95, 537.049)))
(((182.358, -5.60596), (157.626, -67.4353), (146.816, -70.3066), (122.992, -60.6155), (122.188, -21.1965), (153.556, 7.1116), (182.358, -5.60596)))
(((175.709, -142.192), (164.81, -193.052), (132.782, -200.304), (126.602, -190.004), (142.761, -131.43), (171.923, -138.192), (175.709, -142.192)))
(((190.171, 79.005), (133.758, 54.2623), (100.993, 95.9638), (107.79, 129.948), (175.78, 148.565), (190.171, 79.005)))
(((192.114, 287.701), (171.397, 196.547), (119.24, 220.165), (106.889, 268.334), (173.955, 310.16), (192.114, 287.701)))
(((103.519, -587.974), (114.584, -473.636), (178.681, -436.013), (192.27, -433.396), (240.122, -454.976), (258, -510), (238.902, -568.779), (188.902, -605.106), (127.098, -605.106), (103.519, -587.974)))
(((185.259, 625), (189.65, 543.031), (125.358, 565.101), (107.23, 625), (185.259, 625)))
(((199.79, -221.539), (179.441, -248.315), (151.925, -256.709), (130.279, -207.052), (132.782, -200.304), (164.81, -193.052), (198.37, -215.934), (199.79, -221.539)))
(((181.721, -377.724), (116.048, -331.906), (147.239, -299.359), (204.904, -317.45), (181.721, -377.724)))
(((190.851, -90.8716), (171.923, -138.192), (142.761, -131.43), (139.643, -129.13), (146.816, -70.3066), (157.626, -67.4353), (186.285, -81.1677), (190.851, -90.8716)))
(((224.196, 441.173), (156.295, 363.37), (120.093, 387.15), (117.451, 401.61), (142.759, 474.37), (182.576, 487.078), (224.196, 441.173)))
(((213.9, -311.65), (204.904, -317.45), (147.239, -299.359), (144.676, -266.547), (151.925, -256.709), (179.441, -248.315), (212.195, -298.226), (213.9, -311.65)))
(((244.545, 53), (210, 53), (210, -3.82258), (182.358, -5.60596), (153.556, 7.1116), (133.594, 46.4806), (133.758, 54.2623), (190.171, 79.005), (244.545, 53)))
(((210, -3.82258), (210, -53), (210.429, -53), (186.285, -81.1677), (157.626, -67.4353), (182.358, -5.60596), (210, -3.82258)))
(((198.37, -215.934), (164.81, -193.052), (175.709, -142.192), (183.56, -143.965), (217.806, -180.95), (198.37, -215.934)))
(((285.17, 176.28), (190.948, 165.629), (171.397, 196.547), (192.114, 287.701), (300.835, 224.491), (285.17, 176.28)))
(((234.073, -126.218), (183.56, -143.965), (175.709, -142.192), (171.923, -138.192), (190.851, -90.8716), (225.463, -100.39), (234.073, -126.218)))
(((235.93, -241.629), (212.195, -298.226), (179.441, -248.315), (199.79, -221.539), (205.952, -224.242), (235.93, -241.629)))
(((244.545, 53), (190.171, 79.005), (175.78, 148.565), (190.948, 165.629), (284.657, 176.222), (294.902, 168.779), (314, 110), (295.48, 53), (244.545, 53)))
(((256.203, -53), (225.463, -100.39), (190.851, -90.8716), (186.285, -81.1677), (210.429, -53), (256.203, -53)))
(((304.927, 625), (310.26, 608.588), (256.79, 553.797), (194.95, 537.049), (189.65, 543.031), (185.259, 625), (304.927, 625)))
(((252.695, -168.39), (217.806, -180.95), (183.56, -143.965), (234.073, -126.218), (260.119, -143.418), (252.695, -168.39)))
(((253.308, 436.154), (250.571, 352.657), (175.144, 320.786), (156.295, 363.37), (224.196, 441.173), (253.308, 436.154)))
(((233.756, -452.106), (192.27, -433.396), (181.721, -377.724), (204.904, -317.45), (213.9, -311.65), (272.09, -321.348), (324.365, -348.891), (327, -357), (307.902, -415.779), (257.902, -452.106), (233.756, -452.106)))
(((259.639, -182.278), (258.267, -194.347), (205.952, -224.242), (199.79, -221.539), (198.37, -215.934), (217.806, -180.95), (252.695, -168.39), (259.639, -182.278)))
(((251.464, -241.136), (235.93, -241.629), (205.952, -224.242), (258.267, -194.347), (260.304, -235.079), (251.464, -241.136)))
(((272.09, -321.348), (213.9, -311.65), (212.195, -298.226), (235.93, -241.629), (251.464, -241.136), (272.09, -321.348)))
(((253.308, 436.154), (224.196, 441.173), (182.576, 487.078), (194.95, 537.049), (256.79, 553.797), (284.864, 447.118), (253.308, 436.154)))
(((296.891, 226.784), (192.114, 287.701), (173.955, 310.16), (175.144, 320.786), (250.571, 352.657), (350.018, 307.977), (331.902, 252.221), (296.891, 226.784)))
(((256.203, -53), (336.729, -53), (350.788, -96.2702), (260.119, -143.418), (234.073, -126.218), (225.463, -100.39), (256.203, -53)))
(((322.392, -347.852), (272.09, -321.348), (251.464, -241.136), (260.304, -235.079), (368.486, -240.874), (376, -264), (356.902, -322.779), (322.392, -347.852)))
(((373.862, -223.813), (368.321, -240.865), (260.304, -235.079), (258.267, -194.347), (259.639, -182.278), (373.862, -223.813)))
(((346.715, 309.461), (250.571, 352.657), (253.308, 436.154), (284.864, 447.118), (363.256, 437.687), (382, 380), (362.902, 321.221), (346.715, 309.461)))
(((375.005, -224.229), (259.639, -182.278), (252.695, -168.39), (260.119, -143.418), (347.089, -98.1938), (371.902, -116.221), (391, -175), (375.005, -224.229)))
(((357.155, 438.421), (284.864, 447.118), (256.79, 553.797), (309.79, 608.106), (328.902, 608.106), (378.902, 571.779), (398, 513), (378.902, 454.221), (357.155, 438.421)))
