(((-225, -192.835), (-214.213, -194.485), (-168.551, -237.538), (-170.74, -243.271), (-225, -269.466), (-225, -192.835)))
(((-225, -413.664), (-189.539, -417.543), (-169.28, -442.713), (-179.505, -479.231), (-225, -482.841), (-225, -413.664)))
(((-225, -482.841), (-179.505, -479.231), (-168.588, -489.256), (-162.26, -518.787), (-164.988, -524.049), (-225, -543), (-225, -482.841)))
(((-225, -275.926), (-167.85, -286.509), (-187.317, -321.794), (-225, -324.692), (-225, -275.926)))
(((-225, -363.622), (-164.225, -368.549), (-157.37, -382.26), (-189.539, -417.543), (-225, -413.664), (-225, -363.622)))
(((-225, -324.692), (-187.317, -321.794), (-159.559, -341.07), (-164.225, -368.549), (-225, -363.622), (-225, -324.692)))
(((-225, -125.333), (-157.513, -144.08), (-150.164, -159.304), (-149.664, -168.666), (-214.213, -194.485), (-225, -192.835), (-225, -125.333)))
(((-225, -275.926), (-225, -269.466), (-170.74, -243.271), (-162.848, -283.717), (-167.85, -286.509), (-225, -275.926)))
(((-225, -102.306), (-225, -53), (-144.889, -53), (-176.278, -93.3571), (-225, -102.306)))
(((-126.442, -800), (-225, -800), (-225, -693.35), (-153.473, -699.599), (-126.442, -800)))
(((-225, -543), (-164.988, -524.049), (-150.208, -586.127), (-172.065, -597.589), (-225, -602), (-225, -543)))
(((-225, -125.333), (-225, -102.306), (-176.278, -93.3571), (-153.863, -122.176), (-157.513, -144.08), (-225, -125.333)))
(((-225, -602), (-172.065, -597.589), (-136.854, -685.615), (-153.473, -699.599), (-225, -693.35), (-225, -602)))
(((-225, 416.676), (-225, 573.324), (-201.902, 590.106), (-200.612, 590.106), (-118.65, 499.363), (-165.959, 399.894), (-201.902, 399.894), (-225, 416.676)))
(((-142.926, -175.529), (-153.241, -231.523), (-168.551, -237.538), (-214.213, -194.485), (-149.664, -168.666), (-142.926, -175.529)))
(((-143.022, -330.78), (-159.559, -341.07), (-187.317, -321.794), (-167.85, -286.509), (-162.848, -283.717), (-149.599, -288.134), (-139.414, -325.819), (-143.022, -330.78)))
(((-138.889, -436.894), (-169.28, -442.713), (-189.539, -417.543), (-157.37, -382.26), (-140.267, -388.638), (-138.889, -436.894)))
(((-124.683, -53), (-138.174, -110.815), (-153.863, -122.176), (-176.278, -93.3571), (-144.889, -53), (-124.683, -53)))
(((-118.834, -474.464), (-168.588, -489.256), (-179.505, -479.231), (-169.28, -442.713), (-138.889, -436.894), (-124.567, -444.651), (-118.834, -474.464)))
(((-128.148, -277.67), (-149.599, -288.134), (-162.848, -283.717), (-170.74, -243.271), (-168.551, -237.538), (-153.241, -231.523), (-117.479, -243.201), (-128.148, -277.67)))
(((-110.577, -542.5), (-142.959, -586.048), (-150.208, -586.127), (-164.988, -524.049), (-162.26, -518.787), (-123.992, -520.7), (-110.577, -542.5)))
(((-123.663, -680.943), (-136.854, -685.615), (-172.065, -597.589), (-150.208, -586.127), (-142.959, -586.048), (-98.567, -612.825), (-123.663, -680.943)))
(((-108.062, -483.861), (-123.992, -520.7), (-162.26, -518.787), (-168.588, -489.256), (-118.834, -474.464), (-108.062, -483.861)))
(((-125.666, -385.365), (-140.267, -388.638), (-157.37, -382.26), (-164.225, -368.549), (-159.559, -341.07), (-143.022, -330.78), (-115.054, -365.203), (-125.666, -385.365)))
(((-101.629, -236.554), (-117.479, -243.201), (-153.241, -231.523), (-142.926, -175.529), (-111.599, -184.259), (-97.7072, -217.997), (-99.8872, -233.741), (-101.629, -236.554)))
(((-150.164, -159.304), (-157.513, -144.08), (-153.863, -122.176), (-138.174, -110.815), (-102.381, -125.458), (-150.164, -159.304)))
(((-105.987, -320.248), (-139.414, -325.819), (-149.599, -288.134), (-128.148, -277.67), (-107.369, -293.996), (-105.987, -320.248)))
(((-100.45, -428.15), (-124.567, -444.651), (-138.889, -436.894), (-140.267, -388.638), (-125.666, -385.365), (-105.066, -398.917), (-100.45, -428.15)))
(((-124.683, -53), (-122.205, -53), (-90.7512, -117.563), (-91.5108, -121.245), (-94.1787, -124.031), (-102.381, -125.458), (-138.174, -110.815), (-124.683, -53)))
(((-78.0882, -340.559), (-115.054, -365.203), (-143.022, -330.78), (-139.414, -325.819), (-105.987, -320.248), (-78.2407, -339.796), (-78.0882, -340.559)))
(((-93.0389, -168.483), (-111.599, -184.259), (-142.926, -175.529), (-149.664, -168.666), (-150.164, -159.304), (-102.381, -125.458), (-94.1787, -124.031), (-93.0389, -168.483)))
(((-168.951, 625), (-101.55, 625), (-71.4671, 509.296), (-118.65, 499.363), (-197.436, 586.59), (-189.902, 609.779), (-168.951, 625)))
(((-126.442, -800), (-153.473, -699.599), (-136.854, -685.615), (-123.663, -680.943), (-67.7424, -698.092), (-58.4435, -710.942), (-90.25, -800), (-126.442, -800)))
(((-80.5638, -277.501), (-107.369, -293.996), (-128.148, -277.67), (-117.479, -243.201), (-101.629, -236.554), (-80.4186, -270.674), (-80.5638, -277.501)))
(((-53.4186, -586.192), (-62.3255, -604.627), (-98.567, -612.825), (-142.959, -586.048), (-110.577, -542.5), (-90.75, -542.5), (-54.3662, -579.923), (-53.4186, -586.192)))
(((-73.9437, -508.887), (-90.75, -542.5), (-110.577, -542.5), (-123.992, -520.7), (-108.062, -483.861), (-84.2841, -485.371), (-76.6719, -492.821), (-73.9437, -508.887)))
(((-51.7865, -377.273), (-105.066, -398.917), (-125.666, -385.365), (-115.054, -365.203), (-78.0882, -340.559), (-52.5945, -370.735), (-51.7865, -377.273)))
(((-84.2841, -485.371), (-108.062, -483.861), (-118.834, -474.464), (-124.567, -444.651), (-100.45, -428.15), (-66.0588, -437.529), (-84.2841, -485.371)))
(((-151.939, 384.17), (-167.916, 395.779), (-118.65, 499.363), (-71.4671, 509.296), (-34.6211, 499.061), (-95.062, 399.938), (-151.939, 384.17)))
(((-78.2407, -339.796), (-105.987, -320.248), (-107.369, -293.996), (-80.5638, -277.501), (-58.3696, -305.022), (-78.2407, -339.796)))
(((-45.0417, -389.194), (-61.1383, -435.069), (-66.0588, -437.529), (-100.45, -428.15), (-105.066, -398.917), (-51.7865, -377.273), (-45.0417, -389.194)))
(((-69.0909, -53), (-55.2857, -90.9643), (-90.7512, -117.563), (-122.205, -53), (-69.0909, -53)))
(((-44.1697, -635.625), (-67.7424, -698.092), (-123.663, -680.943), (-98.567, -612.825), (-62.3255, -604.627), (-44.1697, -635.625)))
(((-54.3218, -175.723), (-55.2578, -198.187), (-97.7072, -217.997), (-111.599, -184.259), (-93.0389, -168.483), (-56.5541, -172.932), (-54.3218, -175.723)))
(((-56.5541, -172.932), (-93.0389, -168.483), (-94.1787, -124.031), (-91.5108, -121.245), (-52.5294, -140.735), (-56.5541, -172.932)))
(((-41.5172, -254.466), (-80.4186, -270.674), (-101.629, -236.554), (-99.8872, -233.741), (-50.2241, -237.052), (-41.5172, -254.466)))
(((-50.2241, -237.052), (-99.8872, -233.741), (-97.7072, -217.997), (-55.2578, -198.187), (-42.9247, -213.163), (-50.2241, -237.052)))
(((-54.3662, -579.923), (-90.75, -542.5), (-73.9437, -508.887), (-34.1381, -533.95), (-54.3662, -579.923)))
(((-139.563, 294.522), (-141.902, 296.221), (-161, 355), (-151.481, 384.297), (-95.062, 399.938), (-38.5611, 390.274), (-19.5005, 315.302), (-22.8187, 311.547), (-139.563, 294.522)))
(((16.3405, 625), (-12.5478, 500.887), (-34.6211, 499.061), (-71.4671, 509.296), (-101.55, 625), (16.3405, 625)))
(((-24.8414, -122.776), (-52.5294, -140.735), (-91.5108, -121.245), (-90.7512, -117.563), (-55.2857, -90.9643), (-33.9033, -99.8736), (-24.7238, -122.405), (-24.8414, -122.776)))
(((-25.8348, -264.677), (-43.9992, -300.141), (-58.3696, -305.022), (-80.5638, -277.501), (-80.4186, -270.674), (-41.5172, -254.466), (-25.8348, -264.677)))
(((-15.8318, -481.614), (-76.6719, -492.821), (-84.2841, -485.371), (-66.0588, -437.529), (-61.1383, -435.069), (-31.9286, -454.786), (-15.8318, -481.614)))
(((4.5413, 483.959), (-9.65933, 412.068), (-38.5611, 390.274), (-95.062, 399.938), (-34.6211, 499.061), (-12.5478, 500.887), (4.5413, 483.959)))
(((-8.71641, -485.773), (-24.4288, -527.411), (-34.1381, -533.95), (-73.9437, -508.887), (-76.6719, -492.821), (-15.8318, -481.614), (-8.71641, -485.773)))
(((-82.8771, 167.509), (-127.902, 200.221), (-147, 259), (-135.254, 295.15), (-22.8187, 311.547), (3.62094, 216.365), (-82.8771, 167.509)))
(((-4.5, -331.5), (-52.5945, -370.735), (-78.0882, -340.559), (-78.2407, -339.796), (-58.3696, -305.022), (-43.9992, -300.141), (-5.80137, -327.596), (-4.5, -331.5)))
(((-69.0909, -53), (-30, -53), (-30, -27.4038), (-13.8513, -34.236), (-8.76681, -67.0028), (-33.9033, -99.8736), (-55.2857, -90.9643), (-69.0909, -53)))
(((-90.25, -800), (-58.4435, -710.942), (-4.86945, -714.96), (34.8896, -800), (-90.25, -800)))
(((-10.9935, -154.544), (-19.2286, -172.952), (-54.3218, -175.723), (-56.5541, -172.932), (-52.5294, -140.735), (-24.8414, -122.776), (-10.9935, -154.544)))
(((0.719768, -210.925), (-42.9247, -213.163), (-55.2578, -198.187), (-54.3218, -175.723), (-19.2286, -172.952), (1.01205, -206.687), (1.25182, -210.403), (0.719768, -210.925)))
(((-11.1632, -261.697), (-25.8348, -264.677), (-41.5172, -254.466), (-50.2241, -237.052), (-42.9247, -213.163), (0.719768, -210.925), (-11.1632, -261.697)))
(((-4.86945, -714.96), (-58.4435, -710.942), (-67.7424, -698.092), (-44.1697, -635.625), (-1.32314, -647.566), (7.88575, -694.378), (-4.86945, -714.96)))
(((-9.40437, -423.598), (-31.9286, -454.786), (-61.1383, -435.069), (-45.0417, -389.194), (-27.9245, -394.356), (-9.40437, -423.598)))
(((-30, 43.2244), (-30, 53), (-113.278, 53), (-124, 86), (-104.902, 144.779), (-80.4, 162.58), (19.9779, 103.898), (20.7021, 102.34), (-3.02835, 49.7944), (-30, 43.2244)))
(((7.60395, -286.263), (-5.80137, -327.596), (-43.9992, -300.141), (-25.8348, -264.677), (-11.1632, -261.697), (-1.03846, -268.192), (7.60395, -286.263)))
(((19.0767, -558.359), (-0.697745, -583.368), (-53.4186, -586.192), (-54.3662, -579.923), (-34.1381, -533.95), (-24.4288, -527.411), (18.7443, -557.186), (19.0767, -558.359)))
(((-1.32314, -647.566), (-44.1697, -635.625), (-62.3255, -604.627), (-53.4186, -586.192), (-0.697745, -583.368), (22.7312, -625.966), (-1.32314, -647.566)))
(((-5.18379, -485.15), (-8.71641, -485.773), (-15.8318, -481.614), (-31.9286, -454.786), (-9.40437, -423.598), (7.97976, -430.117), (-0.861897, -481.399), (-5.18379, -485.15)))
(((4.31967, -335.91), (11.6752, -384.456), (-27.9245, -394.356), (-45.0417, -389.194), (-51.7865, -377.273), (-52.5945, -370.735), (-4.5, -331.5), (4.31967, -335.91)))
(((-30, 43.2244), (-3.02835, 49.7944), (29.254, 22.0316), (23.9317, -20.5465), (-13.8513, -34.236), (-30, -27.4038), (-30, 43.2244)))
(((11.7656, -114.586), (-24.7238, -122.405), (-33.9033, -99.8736), (-8.76681, -67.0028), (22.2825, -88.2937), (11.7656, -114.586)))
(((49.2808, 365.978), (17.9944, 326.427), (-19.5005, 315.302), (-38.5611, 390.274), (-9.65933, 412.068), (49.1549, 366.324), (49.2808, 365.978)))
(((15.8472, -386.329), (23.4034, -423.031), (7.97976, -430.117), (-9.40437, -423.598), (-27.9245, -394.356), (11.6752, -384.456), (15.8472, -386.329)))
(((22.0672, -173.246), (1.01205, -206.687), (-19.2286, -172.952), (-10.9935, -154.544), (17.1927, -155.373), (22.0672, -173.246)))
(((17.1927, -155.373), (-10.9935, -154.544), (-24.8414, -122.776), (-24.7238, -122.405), (11.7656, -114.586), (31.0731, -137.606), (17.1927, -155.373)))
(((18.7443, -557.186), (-24.4288, -527.411), (-8.71641, -485.773), (-5.18379, -485.15), (30.1005, -519.332), (18.7443, -557.186)))
(((-81.9441, 163.483), (-80.1321, 169.06), (3.62094, 216.365), (20.9523, 214.875), (57.9504, 176.805), (19.9779, 103.898), (-81.9441, 163.483)))
(((9.60461, -212.414), (38.7619, -252.786), (-1.03846, -268.192), (-11.1632, -261.697), (0.719768, -210.925), (1.25182, -210.403), (9.60461, -212.414)))
(((44.3272, -465.395), (-0.861897, -481.399), (7.97976, -430.117), (23.4034, -423.031), (49.2164, -433.004), (44.3272, -465.395)))
(((43.5161, -33.0676), (35.2186, -84.2353), (22.2825, -88.2937), (-8.76681, -67.0028), (-13.8513, -34.236), (23.9317, -20.5465), (43.5161, -33.0676)))
(((48.1552, -332.601), (4.31967, -335.91), (-4.5, -331.5), (-5.80137, -327.596), (7.60395, -286.263), (48.9324, -297.203), (53.6641, -312.186), (48.1552, -332.601)))
(((52.5804, -339.854), (43.6174, -378.395), (15.8472, -386.329), (11.6752, -384.456), (4.31967, -335.91), (48.1552, -332.601), (52.5804, -339.854)))
(((20.9523, 214.875), (3.62094, 216.365), (-22.8187, 311.547), (-19.5005, 315.302), (17.9944, 326.427), (73.3485, 268.159), (20.9523, 214.875)))
(((57.8728, -585.853), (24.5296, -625.865), (22.7312, -625.966), (-0.697745, -583.368), (19.0767, -558.359), (47.5263, -567.842), (57.8728, -585.853)))
(((48.9324, -297.203), (7.60395, -286.263), (-1.03846, -268.192), (38.7619, -252.786), (41.6385, -253.178), (54.3434, -280.97), (48.9324, -297.203)))
(((46.5273, -207.911), (9.60461, -212.414), (1.25182, -210.403), (1.01205, -206.687), (22.0672, -173.246), (54.8646, -180.815), (46.5273, -207.911)))
(((71.1069, -683.088), (7.88575, -694.378), (-1.32314, -647.566), (22.7312, -625.966), (24.5296, -625.865), (64.8458, -648.652), (71.1069, -683.088)))
(((70.8241, 454.667), (49.1549, 366.324), (-9.65933, 412.068), (4.5413, 483.959), (50.2631, 474.965), (70.8241, 454.667)))
(((61.9688, -232.122), (41.6385, -253.178), (38.7619, -252.786), (9.60461, -212.414), (46.5273, -207.911), (62.0837, -226.15), (61.9688, -232.122)))
(((51.2234, -137.211), (31.0731, -137.606), (11.7656, -114.586), (22.2825, -88.2937), (35.2186, -84.2353), (46.7586, -89.6207), (62.9039, -122.861), (51.2234, -137.211)))
(((64.5, -512.295), (30.1005, -519.332), (-5.18379, -485.15), (-0.861897, -481.399), (44.3272, -465.395), (64.5, -483.55), (64.5, -512.295)))
(((60.2126, -425.391), (49.2164, -433.004), (23.4034, -423.031), (15.8472, -386.329), (43.6174, -378.395), (64.5, -398.625), (64.5, -418.156), (60.2126, -425.391)))
(((54.8646, -180.815), (22.0672, -173.246), (17.1927, -155.373), (31.0731, -137.606), (51.2234, -137.211), (64.6102, -172.352), (54.8646, -180.815)))
(((74.7369, 74.6923), (51.4014, 30.0505), (29.254, 22.0316), (-3.02835, 49.7944), (20.7021, 102.34), (71.3996, 84.4472), (74.7369, 74.6923)))
(((34.8896, -800), (-4.86945, -714.96), (7.88575, -694.378), (71.1069, -683.088), (78.8161, -689.437), (75.6571, -800), (34.8896, -800)))
(((79.4554, -527.931), (47.5263, -567.842), (19.0767, -558.359), (18.7443, -557.186), (30.1005, -519.332), (64.5, -512.295), (79.4554, -527.931)))
(((87.8835, -69.0583), (46.7586, -89.6207), (35.2186, -84.2353), (43.5161, -33.0676), (56.4658, -33.4542), (90.9038, -57.1782), (87.8835, -69.0583)))
(((77.2336, 625), (117.726, 556.227), (50.2631, 474.965), (4.5413, 483.959), (-12.5478, 500.887), (16.3405, 625), (77.2336, 625)))
(((88.2774, -621.085), (64.8458, -648.652), (24.5296, -625.865), (57.8728, -585.853), (77.2044, -592.173), (88.2774, -621.085)))
(((56.4658, -33.4542), (43.5161, -33.0676), (23.9317, -20.5465), (29.254, 22.0316), (51.4014, 30.0505), (86.93, 6.70316), (56.4658, -33.4542)))
(((109.167, 131.207), (71.3996, 84.4472), (20.7021, 102.34), (19.9779, 103.898), (57.9504, 176.805), (96.2602, 167.431), (109.167, 131.207)))
(((75.8737, -272.223), (54.3434, -280.97), (41.6385, -253.178), (61.9688, -232.122), (89.4644, -255.544), (75.8737, -272.223)))
(((97.1232, 273.061), (73.3485, 268.159), (17.9944, 326.427), (49.2808, 365.978), (105.776, 352.02), (97.1232, 273.061)))
(((92.9565, -377.283), (64.5, -398.625), (43.6174, -378.395), (52.5804, -339.854), (84.8451, -351.077), (92.9565, -377.283)))
(((93.9215, -207.047), (62.0837, -226.15), (46.5273, -207.911), (54.8646, -180.815), (64.6102, -172.352), (79.1701, -174.778), (93.9215, -207.047)))
(((94.6207, -92.3793), (64.3636, -122.636), (62.9039, -122.861), (46.7586, -89.6207), (87.8835, -69.0583), (94.6207, -92.3793)))
(((89.5073, -471.672), (64.5, -483.55), (44.3272, -465.395), (49.2164, -433.004), (60.2126, -425.391), (93.6562, -455.491), (89.5073, -471.672)))
(((99.6017, -572.41), (77.2044, -592.173), (57.8728, -585.853), (47.5263, -567.842), (79.4554, -527.931), (92.8748, -531.088), (99.6017, -572.41)))
(((98.8818, -304.435), (53.6641, -312.186), (48.9324, -297.203), (54.3434, -280.97), (75.8737, -272.223), (98.8818, -304.435)))
(((104.053, -157.753), (79.1701, -174.778), (64.6102, -172.352), (51.2234, -137.211), (62.9039, -122.861), (64.3636, -122.636), (94.053, -135.087), (104.053, -157.753)))
(((113.826, 9.53433), (86.93, 6.70316), (51.4014, 30.0505), (74.7369, 74.6923), (111.812, 50.4796), (113.826, 9.53433)))
(((103.101, -336.693), (84.8451, -351.077), (52.5804, -339.854), (48.1552, -332.601), (53.6641, -312.186), (98.8818, -304.435), (108.322, -306.113), (103.101, -336.693)))
(((125.992, 197.635), (96.2602, 167.431), (57.9504, 176.805), (20.9523, 214.875), (73.3485, 268.159), (97.1232, 273.061), (111.45, 264.53), (125.992, 197.635)))
(((139.623, 370.945), (105.776, 352.02), (49.2808, 365.978), (49.1549, 366.324), (70.8241, 454.667), (118.066, 442.208), (154.91, 409.671), (139.623, 370.945)))
(((114.858, -214.784), (94.6915, -255.117), (89.4644, -255.544), (61.9688, -232.122), (62.0837, -226.15), (93.9215, -207.047), (114.858, -214.784)))
(((124.981, -20.1133), (108.387, -49.0194), (90.9038, -57.1782), (56.4658, -33.4542), (86.93, 6.70316), (113.826, 9.53433), (124.716, -0.447548), (124.981, -20.1133)))
(((108.797, -444.892), (93.6562, -455.491), (60.2126, -425.391), (64.5, -418.156), (108.072, -419.518), (108.797, -444.892)))
(((112.93, -522.211), (92.8748, -531.088), (79.4554, -527.931), (64.5, -512.295), (64.5, -483.55), (89.5073, -471.672), (124.351, -494.9), (112.93, -522.211)))
(((115.016, -411.902), (108.072, -419.518), (64.5, -418.156), (64.5, -398.625), (92.9565, -377.283), (108.637, -383.555), (115.016, -411.902)))
(((108.322, -306.113), (98.8818, -304.435), (75.8737, -272.223), (89.4644, -255.544), (94.6915, -255.117), (115.211, -270.808), (114.529, -302.174), (108.322, -306.113)))
(((115.411, -107.055), (94.053, -135.087), (64.3636, -122.636), (94.6207, -92.3793), (115.411, -107.055)))
(((117.422, -681.716), (78.8161, -689.437), (71.1069, -683.088), (64.8458, -648.652), (88.2774, -621.085), (111.673, -624.235), (117.422, -681.716)))
(((134.219, -202.067), (122.677, -213.118), (114.858, -214.784), (93.9215, -207.047), (79.1701, -174.778), (104.053, -157.753), (108.019, -158.352), (134.314, -196.48), (134.219, -202.067)))
(((130, -615.633), (111.673, -624.235), (88.2774, -621.085), (77.2044, -592.173), (99.6017, -572.41), (130, -582.049), (130, -615.633)))
(((135.179, -367.335), (108.637, -383.555), (92.9565, -377.283), (84.8451, -351.077), (103.101, -336.693), (136.894, -356.189), (135.179, -367.335)))
(((149.278, 540.303), (118.066, 442.208), (70.8241, 454.667), (50.2631, 474.965), (117.726, 556.227), (149.278, 540.303)))
(((141.735, -483.42), (124.351, -494.9), (89.5073, -471.672), (93.6562, -455.491), (108.797, -444.892), (134.909, -456.685), (141.735, -483.42)))
(((75.6571, -800), (78.8161, -689.437), (117.422, -681.716), (204.004, -700.693), (208.243, -704.359), (213, -719), (193.902, -777.779), (163.316, -800), (75.6571, -800)))
(((134.452, -141.53), (108.019, -158.352), (104.053, -157.753), (94.053, -135.087), (115.411, -107.055), (136.716, -108.333), (134.452, -141.53)))
(((144.465, 71.0646), (111.812, 50.4796), (74.7369, 74.6923), (71.3996, 84.4472), (109.167, 131.207), (143, 114.986), (144.465, 71.0646)))
(((150.009, -98.0497), (136.716, -108.333), (115.411, -107.055), (94.6207, -92.3793), (87.8835, -69.0583), (90.9038, -57.1782), (108.387, -49.0194), (149.65, -86.0135), (150.009, -98.0497)))
(((141.375, -255.857), (115.211, -270.808), (94.6915, -255.117), (114.858, -214.784), (122.677, -213.118), (141.375, -255.857)))
(((158.515, -557.707), (130, -582.049), (99.6017, -572.41), (92.8748, -531.088), (112.93, -522.211), (158.608, -555.869), (158.515, -557.707)))
(((161.927, -328.948), (136.894, -356.189), (103.101, -336.693), (108.322, -306.113), (114.529, -302.174), (149.597, -311.113), (160.977, -324.39), (161.927, -328.948)))
(((152.44, -426.236), (134.909, -456.685), (108.797, -444.892), (108.072, -419.518), (115.016, -411.902), (146.062, -416.559), (152.44, -426.236)))
(((204.004, -700.693), (117.422, -681.716), (111.673, -624.235), (130, -615.633), (174.348, -638.259), (204.004, -700.693)))
(((146.062, -416.559), (115.016, -411.902), (108.637, -383.555), (135.179, -367.335), (154.362, -387.887), (146.062, -416.559)))
(((154.212, -168.054), (134.314, -196.48), (108.019, -158.352), (134.452, -141.53), (152.595, -155.439), (154.212, -168.054)))
(((160.82, -266.218), (149.597, -311.113), (114.529, -302.174), (115.211, -270.808), (141.375, -255.857), (154.778, -259.139), (160.82, -266.218)))
(((185.44, 280.527), (111.45, 264.53), (97.1232, 273.061), (105.776, 352.02), (139.623, 370.945), (197.977, 295.572), (185.44, 280.527)))
(((165.297, -62.2534), (149.65, -86.0135), (108.387, -49.0194), (124.981, -20.1133), (166.954, -46.346), (165.297, -62.2534)))
(((154.829, 9.25012), (124.716, -0.447548), (113.826, 9.53433), (111.812, 50.4796), (144.465, 71.0646), (173.683, 52.1944), (154.829, 9.25012)))
(((178.959, -531.157), (158.608, -555.869), (112.93, -522.211), (124.351, -494.9), (141.735, -483.42), (147.589, -484.501), (172.207, -507.751), (178.959, -531.157)))
(((175.662, 126.487), (143, 114.986), (109.167, 131.207), (96.2602, 167.431), (125.992, 197.635), (185.596, 193.814), (175.662, 126.487)))
(((174.991, -217.268), (154.778, -259.139), (141.375, -255.857), (122.677, -213.118), (134.219, -202.067), (174.144, -214.218), (174.991, -217.268)))
(((174.348, -638.259), (130, -615.633), (130, -582.049), (158.515, -557.707), (184.321, -588.395), (174.348, -638.259)))
(((185.596, 193.814), (125.992, 197.635), (111.45, 264.53), (185.44, 280.527), (190.36, 196.881), (185.596, 193.814)))
(((215.725, 493.285), (186.613, 421.625), (154.91, 409.671), (118.066, 442.208), (149.278, 540.303), (187.957, 537.107), (215.725, 493.285)))
(((185.473, -122.652), (183.137, -135.893), (152.595, -155.439), (134.452, -141.53), (136.716, -108.333), (150.009, -98.0497), (179.568, -112.023), (185.473, -122.652)))
(((182, -458.397), (147.589, -484.501), (141.735, -483.42), (134.909, -456.685), (152.44, -426.236), (182, -433.01), (182, -458.397)))
(((193.882, -351.773), (167.077, -385.279), (154.362, -387.887), (135.179, -367.335), (136.894, -356.189), (161.927, -328.948), (193.882, -351.773)))
(((166.954, -46.346), (124.981, -20.1133), (124.716, -0.447548), (154.829, 9.25012), (204.91, -17.6223), (166.954, -46.346)))
(((174.144, -214.218), (134.219, -202.067), (134.314, -196.48), (154.212, -168.054), (198.137, -183.259), (174.144, -214.218)))
(((243.011, 625), (187.957, 537.107), (149.278, 540.303), (117.726, 556.227), (77.2336, 625), (243.011, 625)))
(((182, -433.01), (152.44, -426.236), (146.062, -416.559), (154.362, -387.887), (167.077, -385.279), (203.17, -417.574), (182, -433.01)))
(((201.439, -181.463), (198.137, -183.259), (154.212, -168.054), (152.595, -155.439), (183.137, -135.893), (201.946, -177.039), (201.439, -181.463)))
(((202.295, -289.193), (160.977, -324.39), (149.597, -311.113), (160.82, -266.218), (192.971, -269.872), (202.513, -286.754), (202.295, -289.193)))
(((267.641, 66.4305), (173.683, 52.1944), (144.465, 71.0646), (143, 114.986), (175.662, 126.487), (269.459, 72.0239), (267.641, 66.4305)))
(((192.971, -269.872), (160.82, -266.218), (154.778, -259.139), (174.991, -217.268), (204.788, -242.955), (192.971, -269.872)))
(((206.313, -478.518), (172.207, -507.751), (147.589, -484.501), (182, -458.397), (206.313, -478.518)))
(((179.568, -112.023), (150.009, -98.0497), (149.65, -86.0135), (165.297, -62.2534), (211.017, -76.8009), (179.568, -112.023)))
(((273.278, 53), (210, 53), (210, -17.2308), (204.91, -17.6223), (154.829, 9.25012), (173.683, 52.1944), (268.854, 66.6143), (273.278, 53)))
(((209.685, -356.343), (208.355, -414.867), (206.172, -416.767), (203.17, -417.574), (167.077, -385.279), (193.882, -351.773), (208.412, -353.879), (209.685, -356.343)))
(((210, -17.2308), (210, -53), (229.026, -53), (218.185, -73.5981), (211.017, -76.8009), (165.297, -62.2534), (166.954, -46.346), (204.91, -17.6223), (210, -17.2308)))
(((208.412, -353.879), (193.882, -351.773), (161.927, -328.948), (160.977, -324.39), (202.295, -289.193), (221.573, -318.109), (219.885, -338.783), (208.412, -353.879)))
(((216.494, -581.022), (184.321, -588.395), (158.515, -557.707), (158.608, -555.869), (178.959, -531.157), (229.555, -532.045), (216.494, -581.022)))
(((230.145, -531.668), (229.555, -532.045), (178.959, -531.157), (172.207, -507.751), (206.313, -478.518), (219.221, -480.067), (233.497, -524.678), (230.145, -531.668)))
(((299, 353.922), (285.333, 311.859), (197.977, 295.572), (139.623, 370.945), (154.91, 409.671), (186.613, 421.625), (299, 353.922)))
(((234.582, -232.813), (204.788, -242.955), (174.991, -217.268), (174.144, -214.218), (198.137, -183.259), (201.439, -181.463), (240.959, -205.176), (234.582, -232.813)))
(((219.221, -480.067), (206.313, -478.518), (182, -458.397), (182, -433.01), (203.17, -417.574), (206.172, -416.767), (228.92, -467.515), (219.221, -480.067)))
(((236.132, -138.395), (201.946, -177.039), (183.137, -135.893), (185.473, -122.652), (232.079, -126.237), (236.132, -138.395)))
(((250.91, -695.108), (239.902, -703.106), (206.794, -703.106), (204.004, -700.693), (174.348, -638.259), (184.321, -588.395), (216.494, -581.022), (240.959, -604.128), (250.91, -695.108)))
(((268.221, 72.7428), (175.662, 126.487), (185.596, 193.814), (190.36, 196.881), (298.762, 182.586), (310, 148), (290.902, 89.2215), (268.221, 72.7428)))
(((232.079, -126.237), (185.473, -122.652), (179.568, -112.023), (211.017, -76.8009), (218.185, -73.5981), (237.186, -113.835), (232.079, -126.237)))
(((250.278, -271.346), (202.513, -286.754), (192.971, -269.872), (204.788, -242.955), (234.582, -232.813), (249.769, -256.068), (250.278, -271.346)))
(((303.468, 181.966), (190.36, 196.881), (185.44, 280.527), (197.977, 295.572), (283.892, 311.59), (302.902, 297.779), (322, 239), (303.468, 181.966)))
(((263.632, -292.227), (221.573, -318.109), (202.295, -289.193), (202.513, -286.754), (250.278, -271.346), (263.843, -291.899), (263.632, -292.227)))
(((246.402, -412.713), (208.355, -414.867), (209.685, -356.343), (241.333, -372.167), (246.402, -412.713)))
(((268.465, -423.079), (251.988, -460.153), (228.92, -467.515), (206.172, -416.767), (208.355, -414.867), (246.402, -412.713), (267.63, -420.674), (268.465, -423.079)))
(((240.959, -205.176), (201.439, -181.463), (201.946, -177.039), (236.132, -138.395), (258.903, -153.946), (247.232, -201.798), (240.959, -205.176)))
(((240.959, -604.128), (216.494, -581.022), (229.555, -532.045), (230.145, -531.668), (274.463, -569.469), (240.959, -604.128)))
(((258.934, -337.634), (219.885, -338.783), (221.573, -318.109), (263.632, -292.227), (258.934, -337.634)))
(((265.814, -365.413), (241.333, -372.167), (209.685, -356.343), (208.412, -353.879), (219.885, -338.783), (258.934, -337.634), (267.365, -345.249), (265.814, -365.413)))
(((286.259, -53), (287.387, -83.4409), (274.16, -99.2395), (237.186, -113.835), (218.185, -73.5981), (229.026, -53), (286.259, -53)))
(((276.279, -505.384), (233.497, -524.678), (219.221, -480.067), (228.92, -467.515), (251.988, -460.153), (279.848, -491.109), (276.279, -505.384)))
(((295.898, 355.79), (186.613, 421.625), (215.725, 493.285), (334.561, 487.516), (350, 440), (330.902, 381.221), (295.898, 355.79)))
(((267.63, -420.674), (246.402, -412.713), (241.333, -372.167), (265.814, -365.413), (286.342, -389.889), (267.63, -420.674)))
(((243.011, 625), (303.94, 625), (335.902, 601.779), (355, 543), (336.935, 487.401), (215.725, 493.285), (187.957, 537.107), (243.011, 625)))
(((277.725, -149.149), (258.903, -153.946), (236.132, -138.395), (232.079, -126.237), (237.186, -113.835), (274.16, -99.2395), (277.725, -149.149)))
(((292.331, -240.462), (249.769, -256.068), (234.582, -232.813), (240.959, -205.176), (247.232, -201.798), (274.482, -204.771), (292.678, -224.141), (292.331, -240.462)))
(((304.474, -555.934), (282.794, -569.337), (274.463, -569.469), (230.145, -531.668), (233.497, -524.678), (276.279, -505.384), (301.075, -530.869), (304.474, -555.934)))
(((312.084, -690.161), (303.902, -696.106), (251.019, -696.106), (240.959, -604.128), (274.463, -569.469), (282.794, -569.337), (312.084, -690.161)))
(((299.624, -298.588), (298.061, -335.319), (267.365, -345.249), (258.934, -337.634), (263.632, -292.227), (263.843, -291.899), (295.662, -294.465), (299.624, -298.588)))
(((300.16, -175.883), (274.482, -204.771), (247.232, -201.798), (258.903, -153.946), (277.725, -149.149), (302.959, -156.29), (300.16, -175.883)))
(((304.578, -473.444), (279.848, -491.109), (251.988, -460.153), (268.465, -423.079), (303.402, -444.041), (304.578, -473.444)))
(((295.662, -294.465), (263.843, -291.899), (250.278, -271.346), (249.769, -256.068), (292.331, -240.462), (306.095, -257.549), (295.662, -294.465)))
(((307.084, -345.469), (290.159, -388.549), (286.342, -389.889), (265.814, -365.413), (267.365, -345.249), (298.061, -335.319), (307.084, -345.469)))
(((302.959, -156.29), (277.725, -149.149), (274.16, -99.2395), (287.387, -83.4409), (310.062, -105.535), (311.186, -151.628), (302.959, -156.29)))
(((319.283, -212.501), (292.678, -224.141), (274.482, -204.771), (300.16, -175.883), (322.827, -205.217), (319.283, -212.501)))
(((390.025, -642.166), (386.902, -651.779), (336.902, -688.106), (311.586, -688.106), (282.794, -569.337), (304.474, -555.934), (347.456, -572.99), (390.025, -642.166)))
(((324.645, -432.678), (303.402, -444.041), (268.465, -423.079), (267.63, -420.674), (286.342, -389.889), (290.159, -388.549), (326.583, -394.884), (324.645, -432.678)))
(((346.173, -495.435), (301.075, -530.869), (276.279, -505.384), (279.848, -491.109), (304.578, -473.444), (343.831, -491.287), (346.173, -495.435)))
(((326.583, -394.884), (290.159, -388.549), (307.084, -345.469), (332.705, -350.236), (335.616, -389.05), (326.583, -394.884)))
(((341.563, -249.104), (306.095, -257.549), (292.331, -240.462), (292.678, -224.141), (319.283, -212.501), (341.563, -249.104)))
(((356.052, -331.558), (332.705, -350.236), (307.084, -345.469), (298.061, -335.319), (299.624, -298.588), (339.905, -301.747), (356.052, -331.558)))
(((351.976, -192.725), (322.827, -205.217), (300.16, -175.883), (302.959, -156.29), (311.186, -151.628), (334.697, -154.326), (351.976, -192.725)))
(((356.902, -271.832), (339.905, -301.747), (299.624, -298.588), (295.662, -294.465), (306.095, -257.549), (341.563, -249.104), (346.749, -250.308), (356.902, -271.832)))
(((353.107, -53), (347.202, -102.602), (310.062, -105.535), (287.387, -83.4409), (286.259, -53), (353.107, -53)))
(((352.285, -451.837), (343.831, -491.287), (304.578, -473.444), (303.402, -444.041), (324.645, -432.678), (347.527, -441.608), (352.285, -451.837)))
(((347.456, -572.99), (304.474, -555.934), (301.075, -530.869), (346.173, -495.435), (365.866, -507.939), (347.456, -572.99)))
(((368.813, -128.143), (334.697, -154.326), (311.186, -151.628), (310.062, -105.535), (347.202, -102.602), (368.813, -128.143)))
(((380.828, -206.334), (346.749, -250.308), (341.563, -249.104), (319.283, -212.501), (322.827, -205.217), (351.976, -192.725), (380.828, -206.334)))
(((347.527, -441.608), (324.645, -432.678), (326.583, -394.884), (335.616, -389.05), (382.034, -397.241), (347.527, -441.608)))
(((400, -392.75), (382.034, -397.241), (335.616, -389.05), (332.705, -350.236), (356.052, -331.558), (400, -342.212), (400, -392.75)))
(((400, -202.911), (380.828, -206.334), (351.976, -192.725), (334.697, -154.326), (368.813, -128.143), (400, -130.605), (400, -202.911)))
(((400, -342.212), (356.052, -331.558), (339.905, -301.747), (356.902, -271.832), (400, -279.59), (400, -342.212)))
(((353.107, -53), (400, -53), (400, -130.605), (368.813, -128.143), (347.202, -102.602), (353.107, -53)))
(((400, -502.25), (365.866, -507.939), (346.173, -495.435), (343.831, -491.287), (352.285, -451.837), (400, -453.483), (400, -502.25)))
(((400, -453.483), (352.285, -451.837), (347.527, -441.608), (382.034, -397.241), (400, -392.75), (400, -453.483)))
(((400, -279.59), (356.902, -271.832), (346.749, -250.308), (380.828, -206.334), (400, -202.911), (400, -279.59)))
(((400, -502.25), (400, -640.106), (388.757, -640.106), (347.456, -572.99), (365.866, -507.939), (400, -502.25)))
