(((-225, 483.379), (-225, 532.621), (-213.902, 566.779), (-163.902, 603.106), (-102.098, 603.106), (-52.0983, 566.779), (-40.2764, 530.394), (-47.0316, 503.373), (-99.3796, 436.585), (-140.163, 412.894), (-163.902, 412.894), (-213.902, 449.221), (-225, 483.379)))
(((-135.291, -373.01), (-176.902, -342.779), (-196, -284), (-176.902, -225.221), (-160.62, -213.392), (-71.6967, -273.475), (-80.1196, -336.647), (-135.291, -373.01)))
(((-155.137, -186.599), (-165.902, -178.779), (-185, -120), (-169.828, -73.3057), (-58.3553, -102.386), (-64.64, -144.583), (-155.137, -186.599)))
(((-166.177, -53), (-49.1818, -53), (-39.1686, -89.7151), (-58.3553, -102.386), (-172.544, -72.5972), (-166.177, -53)))
(((-160.177, -213.691), (-154.548, -196.365), (-43.5507, -215.125), (-18.8168, -232.948), (-17.3767, -237.145), (-27.5, -252.919), (-71.6967, -273.475), (-160.177, -213.691)))
(((-152.257, -196.752), (-155.501, -186.768), (-64.64, -144.583), (-38.7313, -155.687), (-43.5507, -215.125), (-152.257, -196.752)))
(((-112.613, 297.028), (-134.902, 313.221), (-154, 372), (-140.841, 412.501), (-99.3796, 436.585), (-3.69423, 374.096), (-6.47327, 327.779), (-112.613, 297.028)))
(((-27.5, -328.305), (-80.1196, -336.647), (-71.6967, -273.475), (-27.5, -252.919), (-27.5, -328.305)))
(((-137.252, -374.302), (-80.1196, -336.647), (-27.5, -328.305), (1.31404, -340.252), (-7.25714, -467.106), (-68.9017, -467.106), (-118.902, -430.779), (-137.252, -374.302)))
(((-8.91968, -102.149), (-13.2302, -147.84), (-38.7313, -155.687), (-64.64, -144.583), (-58.3553, -102.386), (-39.1686, -89.7151), (-13.2143, -97.3487), (-8.91968, -102.149)))
(((-99.7737, 203.222), (-103.902, 206.221), (-123, 265), (-112.591, 297.034), (-6.47327, 327.779), (20.2442, 309.526), (-5.12066, 219.164), (-99.7737, 203.222)))
(((-18.8168, -232.948), (-43.5507, -215.125), (-38.7313, -155.687), (-13.2302, -147.84), (18.5819, -172.884), (-18.8168, -232.948)))
(((-3.69423, 374.096), (-99.3796, 436.585), (-47.0316, 503.373), (29.5248, 415.167), (-3.69423, 374.096)))
(((-49.1818, -53), (-30, -53), (-30, -29.0476), (4.02364, -59.8309), (-13.2143, -97.3487), (-39.1686, -89.7151), (-49.1818, -53)))
(((-93.9592, 129.865), (-107, 170), (-95.9988, 203.858), (-5.12066, 219.164), (41.6621, 194.884), (49.8285, 150.614), (30.5309, 134.981), (-93.9592, 129.865)))
(((48.8069, -318.416), (1.31404, -340.252), (-27.5, -328.305), (-27.5, -252.919), (-17.3767, -237.145), (4.94507, -247.161), (47.9867, -311.109), (48.8069, -318.416)))
(((-30, 38.974), (-30, 53), (-89.7035, 53), (-104, 97), (-93.313, 129.891), (30.5309, 134.981), (22.4306, 52.6278), (-30, 38.974)))
(((-30, 2.52564), (24, -25.1667), (24, -50.3684), (4.02364, -59.8309), (-30, -29.0476), (-30, 2.52564)))
(((36.5204, -169.296), (18.5819, -172.884), (-13.2302, -147.84), (-8.91968, -102.149), (42.8652, -105.848), (36.5204, -169.296)))
(((48.003, -101.973), (42.8652, -105.848), (-8.91968, -102.149), (-13.2143, -97.3487), (4.02364, -59.8309), (24, -50.3684), (51.4865, -70.6216), (48.003, -101.973)))
(((-30, 38.974), (22.4306, 52.6278), (23.2391, 52.3043), (55.99, -3.84), (24, -25.1667), (-30, 2.52564), (-30, 38.974)))
(((48.5, -174.727), (48.5, -229.942), (4.94507, -247.161), (-17.3767, -237.145), (-18.8168, -232.948), (18.5819, -172.884), (36.5204, -169.296), (48.5, -174.727)))
(((-39.5502, 533.299), (0.0983008, 562.106), (10.0133, 562.106), (52.6202, 530.97), (55.0552, 418.959), (29.5248, 415.167), (-47.0316, 503.373), (-39.5502, 533.299)))
(((41.6621, 194.884), (-5.12066, 219.164), (20.2442, 309.526), (31.9304, 308.328), (87.4402, 242.188), (41.6621, 194.884)))
(((81.1438, -461.758), (66.9017, -472.106), (5.0983, -472.106), (-7.00101, -463.315), (1.31404, -340.252), (48.8069, -318.416), (65.9193, -328.544), (81.1438, -461.758)))
(((120.834, 364.21), (31.9304, 308.328), (20.2442, 309.526), (-6.47327, 327.779), (-3.69423, 374.096), (29.5248, 415.167), (55.0552, 418.959), (86.7031, 409.34), (122.317, 372.869), (120.834, 364.21)))
(((59.8287, -5.10047), (74.5554, -52.6791), (51.4865, -70.6216), (24, -50.3684), (24, -25.1667), (55.99, -3.84), (59.8287, -5.10047)))
(((47.9867, -311.109), (4.94507, -247.161), (48.5, -229.942), (82.8357, -244.315), (47.9867, -311.109)))
(((86.6135, 135.975), (81.0378, 63.4912), (23.2391, 52.3043), (22.4306, 52.6278), (30.5309, 134.981), (49.8285, 150.614), (86.6135, 135.975)))
(((99.9182, -165.204), (90.669, -174.164), (48.5, -174.727), (36.5204, -169.296), (42.8652, -105.848), (48.003, -101.973), (104.757, -119.84), (99.9182, -165.204)))
(((101.884, -236.355), (82.8357, -244.315), (48.5, -229.942), (48.5, -174.727), (90.669, -174.164), (101.884, -236.355)))
(((99.15, 51), (82.4468, 3.2766), (59.8287, -5.10047), (55.99, -3.84), (23.2391, 52.3043), (81.0378, 63.4912), (99.15, 51)))
(((86.7031, 409.34), (55.0552, 418.959), (52.6202, 530.97), (122.352, 510.659), (86.7031, 409.34)))
(((104.757, -119.84), (48.003, -101.973), (51.4865, -70.6216), (74.5554, -52.6791), (97.176, -55.4092), (108.168, -116.649), (104.757, -119.84)))
(((119.618, -41.3282), (97.176, -55.4092), (74.5554, -52.6791), (59.8287, -5.10047), (82.4468, 3.2766), (113.462, -12.2312), (119.618, -41.3282)))
(((122.919, 359.482), (104.825, 243.163), (87.4402, 242.188), (31.9304, 308.328), (120.834, 364.21), (122.919, 359.482)))
(((124.774, -320.697), (65.9193, -328.544), (48.8069, -318.416), (47.9867, -311.109), (82.8357, -244.315), (101.884, -236.355), (120.755, -244.339), (124.774, -320.697)))
(((141.227, 220.504), (113.769, 139.436), (86.6135, 135.975), (49.8285, 150.614), (41.6621, 194.884), (87.4402, 242.188), (104.825, 243.163), (132.586, 232.337), (141.227, 220.504)))
(((130.993, -464.106), (81.4121, -464.106), (65.9193, -328.544), (124.774, -320.697), (139.777, -327.957), (130.993, -464.106)))
(((24.5457, 625), (189.454, 625), (203.181, 582.755), (176.88, 521.386), (122.352, 510.659), (52.6202, 530.97), (9.85153, 562.224), (7, 571), (24.5457, 625)))
(((146.569, 24.2998), (113.462, -12.2312), (82.4468, 3.2766), (99.15, 51), (112.842, 51), (146.569, 24.2998)))
(((150.027, 109.876), (112.842, 51), (99.15, 51), (81.0378, 63.4912), (86.6135, 135.975), (113.769, 139.436), (147.659, 118.935), (150.027, 109.876)))
(((159.95, -83.2568), (137.649, -108.532), (108.168, -116.649), (97.176, -55.4092), (119.618, -41.3282), (154.486, -52.5762), (159.95, -83.2568)))
(((160.822, -181.4), (132.75, -240.5), (120.755, -244.339), (101.884, -236.355), (90.669, -174.164), (99.9182, -165.204), (159.943, -179.138), (160.822, -181.4)))
(((217.659, 426.72), (122.317, 372.869), (86.7031, 409.34), (122.352, 510.659), (176.88, 521.386), (217.659, 426.72)))
(((178.749, 298.285), (132.586, 232.337), (104.825, 243.163), (122.919, 359.482), (178.749, 298.285)))
(((159.943, -179.138), (99.9182, -165.204), (104.757, -119.84), (108.168, -116.649), (137.649, -108.532), (171.825, -154.1), (159.943, -179.138)))
(((154.486, -52.5762), (119.618, -41.3282), (113.462, -12.2312), (146.569, 24.2998), (171.723, 22.3397), (160.282, -46.3071), (154.486, -52.5762)))
(((210, 46.0745), (210, 41.2529), (171.723, 22.3397), (146.569, 24.2998), (112.842, 51), (150.027, 109.876), (210, 46.0745)))
(((239.815, -310.424), (139.777, -327.957), (124.774, -320.697), (120.755, -244.339), (132.75, -240.5), (247.606, -273.316), (250.533, -277.438), (239.815, -310.424)))
(((192.704, 149.223), (147.659, 118.935), (113.769, 139.436), (141.227, 220.504), (169.816, 211.529), (192.704, 149.223)))
(((247.606, -273.316), (132.75, -240.5), (160.822, -181.4), (234.081, -231.278), (247.606, -273.316)))
(((131.02, -463.69), (139.777, -327.957), (242.925, -309.879), (248.902, -314.221), (268, -373), (248.902, -431.779), (198.902, -468.106), (137.098, -468.106), (131.02, -463.69)))
(((207.433, -135.612), (171.825, -154.1), (137.649, -108.532), (159.95, -83.2568), (224.219, -107.635), (207.433, -135.612)))
(((252.838, 238.389), (169.816, 211.529), (141.227, 220.504), (132.586, 232.337), (178.749, 298.285), (207.085, 296.005), (252.838, 238.389)))
(((210, -40.2439), (160.282, -46.3071), (171.723, 22.3397), (210, 41.2529), (210, -40.2439)))
(((262.228, 397.936), (207.085, 296.005), (178.749, 298.285), (122.919, 359.482), (120.834, 364.21), (122.317, 372.869), (217.659, 426.72), (247.242, 414.273), (262.228, 397.936)))
(((210, -40.2439), (210, -53), (290.751, -53), (291.771, -56.1413), (270.331, -87.1937), (224.219, -107.635), (159.95, -83.2568), (154.486, -52.5762), (160.282, -46.3071), (210, -40.2439)))
(((278.48, 53), (210, 53), (210, 46.0745), (150.027, 109.876), (147.659, 118.935), (192.704, 149.223), (288.345, 136.639), (297, 110), (278.48, 53)))
(((234.081, -231.278), (160.822, -181.4), (159.943, -179.138), (171.825, -154.1), (207.433, -135.612), (235.664, -218.135), (234.081, -231.278)))
(((290.854, 136.309), (192.704, 149.223), (169.816, 211.529), (252.838, 238.389), (295.163, 222.43), (307, 186), (290.854, 136.309)))
(((276.484, -138.27), (235.664, -218.135), (207.433, -135.612), (224.219, -107.635), (270.331, -87.1937), (276.484, -138.27)))
(((296.39, 221.968), (252.838, 238.389), (207.085, 296.005), (262.228, 397.936), (334.719, 364.263), (353, 308), (333.902, 249.221), (296.39, 221.968)))
(((201.808, 579.551), (230.098, 600.106), (291.902, 600.106), (341.902, 563.779), (343.045, 560.259), (247.242, 414.273), (217.659, 426.72), (176.88, 521.386), (201.808, 579.551)))
(((363.847, -238.869), (362.902, -241.779), (312.902, -278.106), (251.098, -278.106), (250.908, -277.968), (247.606, -273.316), (234.081, -231.278), (235.664, -218.135), (276.484, -138.27), (363.847, -238.869)))
(((400, -90.5664), (400, -209.434), (362.16, -236.926), (276.484, -138.27), (270.331, -87.1937), (292.632, -54.8943), (350.902, -54.8943), (400, -90.5664)))
(((400, 526.066), (400, 399.934), (355.902, 367.894), (326.901, 367.894), (262.228, 397.936), (247.242, 414.273), (341.632, 558.106), (355.902, 558.106), (400, 526.066)))
