(((-225, 438.489), (-225, 583.511), (-193.902, 606.106), (-132.098, 606.106), (-86.7944, 573.19), (-155.851, 415.894), (-193.902, 415.894), (-225, 438.489)))
(((-145.7, 404.45), (-157.206, 412.81), (-88.1487, 570.106), (-67.8659, 570.106), (-37.963, 494.921), (-54.3155, 419.291), (-145.7, 404.45)))
(((-123.427, 285.072), (-142.902, 299.221), (-162, 358), (-146.975, 404.243), (-54.3155, 419.291), (-9.44656, 394.857), (2.7599, 331.051), (-9.02681, 319.392), (-123.427, 285.072)))
(((-63.1075, 163.044), (-112.902, 199.221), (-132, 258), (-123.18, 285.146), (-9.02681, 319.392), (8.58485, 185.103), (-63.1075, 163.044)))
(((46.7, 437.5), (-9.44656, 394.857), (-54.3155, 419.291), (-37.963, 494.921), (22.1479, 478.42), (46.7, 437.5)))
(((-68.8095, 572.478), (-23.9017, 605.106), (37.9017, 605.106), (58.5633, 590.094), (22.1479, 478.42), (-37.963, 494.921), (-68.8095, 572.478)))
(((-30, 17.8639), (-30, 53), (-68.0789, 53), (-84, 102), (-64.9017, 160.779), (-60.8113, 163.75), (8.58485, 185.103), (23.5997, 183.913), (80.5338, 31.3295), (46.9017, 6.89435), (-14.9017, 6.89435), (-30, 17.8639)))
(((64.3574, 199.747), (23.5997, 183.913), (8.58485, 185.103), (-9.02681, 319.392), (2.7599, 331.051), (40.0196, 323.206), (75.4208, 220.729), (64.3574, 199.747)))
(((82.2917, 337), (40.0196, 323.206), (2.7599, 331.051), (-9.44656, 394.857), (46.7, 437.5), (83.9667, 437.5), (82.2917, 337)))
(((58.5671, 590.106), (64.921, 590.106), (97.3007, 444.397), (83.9667, 437.5), (46.7, 437.5), (22.1479, 478.42), (58.5671, 590.106)))
(((177.211, 109.183), (163.902, 68.2215), (113.902, 31.8943), (80.323, 31.8943), (23.5997, 183.913), (64.3574, 199.747), (161.702, 132.447), (177.211, 109.183)))
(((167.488, 286.491), (75.4208, 220.729), (40.0196, 323.206), (82.2917, 337), (144.131, 317.922), (167.488, 286.491)))
(((162.125, 428.653), (144.131, 317.922), (82.2917, 337), (83.9667, 437.5), (97.3007, 444.397), (144.507, 443.308), (162.125, 428.653)))
(((65.0472, 589.538), (85.0983, 604.106), (146.902, 604.106), (180.904, 579.402), (144.507, 443.308), (97.3007, 444.397), (65.0472, 589.538)))
(((174.768, 284.003), (161.702, 132.447), (64.3574, 199.747), (75.4208, 220.729), (167.488, 286.491), (174.768, 284.003)))
(((244.293, 285.71), (174.768, 284.003), (167.488, 286.491), (144.131, 317.922), (162.125, 428.653), (220.727, 424.258), (288.471, 379.94), (293, 366), (273.902, 307.221), (244.293, 285.71)))
(((178.07, 107.894), (161.702, 132.447), (174.768, 284.003), (244.941, 285.726), (277.902, 261.779), (297, 203), (277.902, 144.221), (227.902, 107.894), (178.07, 107.894)))
(((181.36, 581.106), (232.902, 581.106), (251.304, 567.735), (220.727, 424.258), (162.125, 428.653), (144.507, 443.308), (181.36, 581.106)))
(((291.597, 377.894), (220.727, 424.258), (251.383, 568.106), (293.902, 568.106), (343.902, 531.779), (363, 473), (343.902, 414.221), (293.902, 377.894), (291.597, 377.894)))
