(((-225, -114.532), (-215.632, -116.114), (-183.192, -149.568), (-195.63, -198.191), (-225, -218.059), (-225, -114.532)))
(((-225, -114.532), (-225, -53), (-169.481, -53), (-167.9, -94.9), (-215.632, -116.114), (-225, -114.532)))
(((-225, 463.145), (-225, 625), (-170.587, 625), (-149.169, 502.332), (-206.145, 460.894), (-221.902, 460.894), (-225, 463.145)))
(((-225, -578.675), (-225, -432.874), (-171.098, -437.584), (-144.4, -496.319), (-186.408, -563.148), (-215.641, -583.106), (-218.902, -583.106), (-225, -578.675)))
(((-225, -339.444), (-198.087, -340.049), (-141.94, -389.177), (-155.162, -425.14), (-171.098, -437.584), (-225, -432.874), (-225, -339.444)))
(((-225, -248.775), (-170.337, -260.323), (-149.035, -317.674), (-198.087, -340.049), (-225, -339.444), (-225, -248.775)))
(((-149.406, -107.885), (-164.582, -145.24), (-183.192, -149.568), (-215.632, -116.114), (-167.9, -94.9), (-149.406, -107.885)))
(((-153.262, -195.961), (-195.63, -198.191), (-183.192, -149.568), (-164.582, -145.24), (-138.021, -164.718), (-153.262, -195.961)))
(((-225, -218.059), (-195.63, -198.191), (-153.262, -195.961), (-133.895, -215.851), (-158.34, -256.186), (-170.337, -260.323), (-225, -248.775), (-225, -218.059)))
(((-141.94, -389.177), (-198.087, -340.049), (-149.035, -317.674), (-136.039, -319.345), (-122.067, -375.231), (-141.94, -389.177)))
(((-116.719, -128.007), (-131.527, -162.25), (-138.021, -164.718), (-164.582, -145.24), (-149.406, -107.885), (-128.924, -108.226), (-116.719, -128.007)))
(((-114.029, -306.288), (-136.039, -319.345), (-149.035, -317.674), (-170.337, -260.323), (-158.34, -256.186), (-110.65, -272.501), (-114.029, -306.288)))
(((-105.864, -53), (-106.826, -75.435), (-128.924, -108.226), (-149.406, -107.885), (-167.9, -94.9), (-169.481, -53), (-105.864, -53)))
(((-101.504, -262.732), (-110.65, -272.501), (-158.34, -256.186), (-133.895, -215.851), (-112.052, -217.767), (-97.4386, -245.308), (-101.504, -262.732)))
(((-84.4639, 625), (-74.0614, 512.884), (-149.169, 502.332), (-170.587, 625), (-84.4639, 625)))
(((-92.4418, -189.933), (-112.052, -217.767), (-133.895, -215.851), (-153.262, -195.961), (-138.021, -164.718), (-131.527, -162.25), (-96.5833, -180.75), (-92.4418, -189.933)))
(((-76.5115, -454.606), (-117.767, -494.879), (-144.4, -496.319), (-171.098, -437.584), (-155.162, -425.14), (-83.3703, -441.592), (-76.5115, -454.606)))
(((-83.4322, -561.432), (-186.408, -563.148), (-144.4, -496.319), (-117.767, -494.879), (-70.9783, -548.978), (-83.4322, -561.432)))
(((-91.4115, -687.106), (-147.902, -687.106), (-197.902, -650.779), (-217, -592), (-213.674, -581.763), (-186.408, -563.148), (-83.4322, -561.432), (-91.4115, -687.106)))
(((-83.3703, -441.592), (-155.162, -425.14), (-141.94, -389.177), (-122.067, -375.231), (-102.455, -376.385), (-80.6214, -422.35), (-83.3703, -441.592)))
(((-127.729, 350.894), (-141.902, 350.894), (-191.902, 387.221), (-211, 446), (-206.165, 460.88), (-149.169, 502.332), (-74.0614, 512.884), (-65.1549, 507.403), (-64.3331, 430.974), (-127.729, 350.894)))
(((-76.9071, -330.264), (-84.5076, -363.199), (-102.455, -376.385), (-122.067, -375.231), (-136.039, -319.345), (-114.029, -306.288), (-80.9486, -321.892), (-76.9071, -330.264)))
(((-96.5833, -180.75), (-131.527, -162.25), (-116.719, -128.007), (-81.6034, -135.81), (-96.5833, -180.75)))
(((-72.1976, -131.947), (-81.6034, -135.81), (-116.719, -128.007), (-128.924, -108.226), (-106.826, -75.435), (-67.2659, -109.344), (-72.1976, -131.947)))
(((-53.5601, -285.739), (-80.9486, -321.892), (-114.029, -306.288), (-110.65, -272.501), (-101.504, -262.732), (-54.0394, -283.3), (-53.5601, -285.739)))
(((-70.9783, -548.978), (-117.767, -494.879), (-76.5115, -454.606), (-64.0909, -459.667), (-52.6163, -543.814), (-70.9783, -548.978)))
(((-61.5682, -235.444), (-97.4386, -245.308), (-112.052, -217.767), (-92.4418, -189.933), (-64.2163, -193.592), (-55.6279, -222), (-61.5682, -235.444)))
(((-45.4486, -177.113), (-64.2163, -193.592), (-92.4418, -189.933), (-96.5833, -180.75), (-81.6034, -135.81), (-72.1976, -131.947), (-50.8994, -147.437), (-45.4486, -177.113)))
(((-50.1739, -53), (-48.3612, -94.6924), (-67.2659, -109.344), (-106.826, -75.435), (-105.864, -53), (-50.1739, -53)))
(((-45.0463, -393.127), (-80.6214, -422.35), (-102.455, -376.385), (-84.5076, -363.199), (-46.3633, -379.694), (-45.0463, -393.127)))
(((-54.0394, -283.3), (-101.504, -262.732), (-97.4386, -245.308), (-61.5682, -235.444), (-44.4318, -261.556), (-54.0394, -283.3)))
(((-23.8796, -355.103), (-46.3633, -379.694), (-84.5076, -363.199), (-76.9071, -330.264), (-31.5072, -337.074), (-23.8796, -355.103)))
(((-91.3672, -686.408), (-83.4322, -561.432), (-70.9783, -548.978), (-52.6163, -543.814), (-47.6837, -544.636), (0.941683, -596.863), (-32.7163, -691.106), (-84.9017, -691.106), (-91.3672, -686.408)))
(((-31.5072, -337.074), (-76.9071, -330.264), (-80.9486, -321.892), (-53.5601, -285.739), (-19.8478, -307.278), (-31.5072, -337.074)))
(((-16.6098, -431.431), (-51.2423, -457.782), (-64.0909, -459.667), (-76.5115, -454.606), (-83.3703, -441.592), (-80.6214, -422.35), (-45.0463, -393.127), (-18.48, -415.668), (-16.6098, -431.431)))
(((-80.454, 166.381), (-122.902, 197.221), (-142, 256), (-122.902, 314.779), (-110.113, 324.07), (3.41064, 321.51), (6.22401, 320.093), (9.76615, 310.912), (-21.971, 198.997), (-80.454, 166.381)))
(((-15.651, -112.207), (-22.4382, -133.613), (-50.8994, -147.437), (-72.1976, -131.947), (-67.2659, -109.344), (-48.3612, -94.6924), (-20.8326, -104.524), (-15.651, -112.207)))
(((-111.478, 324.101), (-119.902, 330.221), (-126.942, 351.889), (-64.3331, 430.974), (-7.02648, 410.225), (3.41064, 321.51), (-111.478, 324.101)))
(((-47.6837, -544.636), (-52.6163, -543.814), (-64.0909, -459.667), (-51.2423, -457.782), (2.20995, -502.019), (-47.6837, -544.636)))
(((-20.1072, -254.867), (-44.4318, -261.556), (-61.5682, -235.444), (-55.6279, -222), (-16.5541, -222), (-20.1072, -254.867)))
(((-16.5541, -222), (-55.6279, -222), (-64.2163, -193.592), (-45.4486, -177.113), (-24.1246, -182.658), (-12.6622, -218), (-16.5541, -222)))
(((53.0789, 625), (63.1663, 593.954), (-14.2324, 512.535), (-65.1549, 507.403), (-74.0614, 512.884), (-84.4639, 625), (53.0789, 625)))
(((-8.77357, -302.561), (-19.8478, -307.278), (-53.5601, -285.739), (-54.0394, -283.3), (-44.4318, -261.556), (-20.1072, -254.867), (-6.71821, -264.537), (-8.77357, -302.561)))
(((-50.1739, -53), (-30, -53), (-30, -44.7766), (-1.08929, -62), (-20.8326, -104.524), (-48.3612, -94.6924), (-50.1739, -53)))
(((-1.44444, -168.333), (-24.1246, -182.658), (-45.4486, -177.113), (-50.8994, -147.437), (-22.4382, -133.613), (1.44444, -159.667), (-1.44444, -168.333)))
(((2.98087, -390.081), (-18.48, -415.668), (-45.0463, -393.127), (-46.3633, -379.694), (-23.8796, -355.103), (-13.3265, -358.425), (2.98087, -390.081)))
(((34.2988, 449.071), (-7.02648, 410.225), (-64.3331, 430.974), (-65.1549, 507.403), (-14.2324, 512.535), (34.2988, 449.071)))
(((29.8043, -476.013), (12.8574, -499.668), (2.20995, -502.019), (-51.2423, -457.782), (-16.6098, -431.431), (28.3629, -451.796), (29.8043, -476.013)))
(((-30, -6.125), (-30, 53), (-98.877, 53), (-92.8774, 71.465), (29.5793, 36.4773), (30.1237, 35.5798), (7.89859, -0.440211), (-30, -6.125)))
(((0.544933, -305.07), (13.7905, -346.699), (-13.3265, -358.425), (-23.8796, -355.103), (-31.5072, -337.074), (-19.8478, -307.278), (-8.77357, -302.561), (0.544933, -305.07)))
(((19.576, -256.925), (-6.71821, -264.537), (-20.1072, -254.867), (-16.5541, -222), (-12.6622, -218), (4.72414, -218), (26.1053, -240.965), (19.576, -256.925)))
(((4.72414, -218), (-12.6622, -218), (-24.1246, -182.658), (-1.44444, -168.333), (22.0946, -194.012), (4.72414, -218)))
(((22.1326, -146.6), (1.44444, -159.667), (-22.4382, -133.613), (-15.651, -112.207), (20.6132, -113.934), (22.1326, -146.6)))
(((20.6132, -113.934), (-15.651, -112.207), (-20.8326, -104.524), (-1.08929, -62), (14.1818, -62), (24.887, -75.0841), (24.1032, -110.357), (20.6132, -113.934)))
(((-30, -44.7766), (-30, -6.125), (7.89859, -0.440211), (31.7873, -29.7232), (14.1818, -62), (-1.08929, -62), (-30, -44.7766)))
(((-94.133, 71.8237), (-78.3707, 120.335), (26.8938, 104.959), (29.5793, 36.4773), (-94.133, 71.8237)))
(((29.6329, -583.968), (0.941683, -596.863), (-47.6837, -544.636), (2.20995, -502.019), (12.8574, -499.668), (39.3072, -545.271), (29.6329, -583.968)))
(((28.3629, -451.796), (-16.6098, -431.431), (-18.48, -415.668), (2.98087, -390.081), (11.1854, -390.462), (39.1, -427.1), (35, -443.5), (28.3629, -451.796)))
(((31.2267, -299.615), (0.544933, -305.07), (-8.77357, -302.561), (-6.71821, -264.537), (19.576, -256.925), (38.7146, -288.504), (31.2267, -299.615)))
(((39.3283, -370.658), (11.1854, -390.462), (2.98087, -390.081), (-13.3265, -358.425), (13.7905, -346.699), (26.4571, -348.426), (39.3283, -370.658)))
(((-73.4793, 119.621), (-84, 152), (-79.0778, 167.149), (-21.971, 198.997), (46.8092, 191.714), (69.6888, 158.242), (31.4093, 106.932), (26.8938, 104.959), (-73.4793, 119.621)))
(((41.271, -326.879), (26.4571, -348.426), (13.7905, -346.699), (0.544933, -305.07), (31.2267, -299.615), (41.271, -326.879)))
(((32.1792, -192.84), (22.0946, -194.012), (-1.44444, -168.333), (1.44444, -159.667), (22.1326, -146.6), (40.0403, -155.107), (32.1792, -192.84)))
(((46.8092, 191.714), (-21.971, 198.997), (9.76615, 310.912), (74.3574, 253.92), (46.8092, 191.714)))
(((55.0476, -231.317), (26.1053, -240.965), (4.72414, -218), (22.0946, -194.012), (32.1792, -192.84), (44.9062, -199.203), (55.0476, -231.317)))
(((57.6267, 351.381), (6.22401, 320.093), (3.41064, 321.51), (-7.02648, 410.225), (34.2988, 449.071), (80.8142, 439.494), (57.6267, 351.381)))
(((58.0612, -403.246), (39.1, -427.1), (11.1854, -390.462), (39.3283, -370.658), (49.6111, -374.645), (58.0612, -403.246)))
(((64.3666, -26.1691), (31.7873, -29.7232), (7.89859, -0.440211), (30.1237, 35.5798), (39.4868, 33.5937), (66.5955, -0.813473), (65.1946, -25.5629), (64.3666, -26.1691)))
(((45.5, -154.5), (40.0403, -155.107), (22.1326, -146.6), (20.6132, -113.934), (24.1032, -110.357), (65.4512, -114.598), (45.5, -154.5)))
(((-33.2023, -692.466), (0.941683, -596.863), (29.6329, -583.968), (78.0207, -602.786), (66.0865, -726.106), (13.0983, -726.106), (-33.2023, -692.466)))
(((71.7497, -256.24), (53.5527, -284.722), (38.7146, -288.504), (19.576, -256.925), (26.1053, -240.965), (55.0476, -231.317), (59.0921, -232.949), (71.7497, -256.24)))
(((62.9985, -74.0541), (24.887, -75.0841), (14.1818, -62), (31.7873, -29.7232), (64.3666, -26.1691), (62.9985, -74.0541)))
(((79.2519, -109.629), (65.4512, -114.598), (24.1032, -110.357), (24.887, -75.0841), (62.9985, -74.0541), (79.5586, -89.6942), (79.2519, -109.629)))
(((69.8303, -180.989), (44.9062, -199.203), (32.1792, -192.84), (40.0403, -155.107), (45.5, -154.5), (70.7747, -167.137), (69.8303, -180.989)))
(((63.3103, 594.106), (75.2977, 594.106), (120.005, 484.822), (86.0656, 441.862), (80.8142, 439.494), (34.2988, 449.071), (-14.2324, 512.535), (63.3103, 594.106)))
(((84.2811, -350.569), (49.6111, -374.645), (39.3283, -370.658), (26.4571, -348.426), (41.271, -326.879), (78.5562, -333.093), (84.2811, -350.569)))
(((93.2417, -524.166), (39.3072, -545.271), (12.8574, -499.668), (29.8043, -476.013), (97.5363, -497.738), (93.2417, -524.166)))
(((98.6809, 63.617), (96.6608, 60.7514), (39.4868, 33.5937), (30.1237, 35.5798), (29.5793, 36.4773), (26.8938, 104.959), (31.4093, 106.932), (97.83, 65.4187), (98.6809, 63.617)))
(((78.5562, -333.093), (41.271, -326.879), (31.2267, -299.615), (38.7146, -288.504), (53.5527, -284.722), (85.729, -311.152), (78.5562, -333.093)))
(((88.0664, -118.084), (90.2017, -152.961), (70.7747, -167.137), (45.5, -154.5), (65.4512, -114.598), (79.2519, -109.629), (88.0664, -118.084)))
(((94.3082, -207.638), (59.0921, -232.949), (55.0476, -231.317), (44.9062, -199.203), (69.8303, -180.989), (94.311, -207.599), (94.3082, -207.638)))
(((97.5363, -497.738), (29.8043, -476.013), (28.3629, -451.796), (35, -443.5), (89.875, -443.5), (107.19, -466.587), (101.486, -493.968), (97.5363, -497.738)))
(((89.875, -443.5), (35, -443.5), (39.1, -427.1), (58.0612, -403.246), (92.5997, -407.17), (89.875, -443.5)))
(((124.341, -582.595), (78.0207, -602.786), (29.6329, -583.968), (39.3072, -545.271), (93.2417, -524.166), (124.341, -582.595)))
(((93.5933, 17.8057), (66.5955, -0.813473), (39.4868, 33.5937), (96.6608, 60.7514), (93.5933, 17.8057)))
(((92.5997, -407.17), (58.0612, -403.246), (49.6111, -374.645), (84.2811, -350.569), (95.3537, -357.212), (100.373, -401.382), (92.5997, -407.17)))
(((97.83, 65.4187), (31.4093, 106.932), (69.6888, 158.242), (108.887, 152.033), (97.83, 65.4187)))
(((107.398, -269.8), (95.4069, -304.916), (85.729, -311.152), (53.5527, -284.722), (71.7497, -256.24), (101.112, -262.357), (107.398, -269.8)))
(((107.961, -65.8977), (79.5586, -89.6942), (62.9985, -74.0541), (64.3666, -26.1691), (65.1946, -25.5629), (102.087, -33.9158), (107.961, -65.8977)))
(((125.868, 289.643), (75.9047, 254.076), (74.3574, 253.92), (9.76615, 310.912), (6.22401, 320.093), (57.6267, 351.381), (123.699, 333.028), (125.868, 289.643)))
(((101.112, -262.357), (71.7497, -256.24), (59.0921, -232.949), (94.3082, -207.638), (111.223, -226.969), (101.112, -262.357)))
(((94.311, -207.599), (69.8303, -180.989), (70.7747, -167.137), (90.2017, -152.961), (125.843, -172.564), (94.311, -207.599)))
(((102.087, -33.9158), (65.1946, -25.5629), (66.5955, -0.813473), (93.5933, 17.8057), (128.484, -11.7176), (102.087, -33.9158)))
(((120.896, 155.512), (108.887, 152.033), (69.6888, 158.242), (46.8092, 191.714), (74.3574, 253.92), (75.9047, 254.076), (143.63, 199.896), (120.896, 155.512)))
(((123.699, 333.028), (57.6267, 351.381), (80.8142, 439.494), (86.0656, 441.862), (159.704, 364.798), (123.699, 333.028)))
(((66.136, -725.594), (78.0207, -602.786), (124.341, -582.595), (194.035, -600.175), (206, -637), (186.902, -695.779), (136.902, -732.106), (75.0983, -732.106), (66.136, -725.594)))
(((121.524, -351.455), (95.3537, -357.212), (84.2811, -350.569), (78.5562, -333.093), (85.729, -311.152), (95.4069, -304.916), (137.757, -321.309), (121.524, -351.455)))
(((145.837, -439.105), (107.19, -466.587), (89.875, -443.5), (92.5997, -407.17), (100.373, -401.382), (129.86, -406.485), (145.837, -439.105)))
(((133.86, -92.7135), (115.966, -116.871), (88.0664, -118.084), (79.2519, -109.629), (79.5586, -89.6942), (107.961, -65.8977), (130.96, -74.8974), (133.86, -92.7135)))
(((125.843, -172.564), (90.2017, -152.961), (88.0664, -118.084), (115.966, -116.871), (135.391, -135.549), (128.979, -172.189), (125.843, -172.564)))
(((128.484, -11.7176), (93.5933, 17.8057), (96.6608, 60.7514), (98.6809, 63.617), (133.71, 58.6129), (141.221, -8.98837), (128.484, -11.7176)))
(((149.462, -378.483), (129.86, -406.485), (100.373, -401.382), (95.3537, -357.212), (121.524, -351.455), (149.45, -378.418), (149.462, -378.483)))
(((151.422, -314.213), (137.757, -321.309), (95.4069, -304.916), (107.398, -269.8), (140.074, -272.313), (151.422, -314.213)))
(((141.734, -224.56), (111.223, -226.969), (94.3082, -207.638), (94.311, -207.599), (125.843, -172.564), (128.979, -172.189), (135.277, -175.548), (147.596, -215.349), (141.734, -224.56)))
(((140.074, -272.313), (107.398, -269.8), (101.112, -262.357), (111.223, -226.969), (141.734, -224.56), (150.51, -260.54), (140.074, -272.313)))
(((161.169, 71.5799), (133.71, 58.6129), (98.6809, 63.617), (97.83, 65.4187), (108.887, 152.033), (120.896, 155.512), (169.914, 117.052), (161.169, 71.5799)))
(((184.467, 224.797), (143.63, 199.896), (75.9047, 254.076), (125.868, 289.643), (169.738, 263.182), (184.467, 224.797)))
(((143.079, -9.73158), (154.935, -59.5286), (130.96, -74.8974), (107.961, -65.8977), (102.087, -33.9158), (128.484, -11.7176), (141.221, -8.98837), (143.079, -9.73158)))
(((193.793, -600.115), (124.341, -582.595), (93.2417, -524.166), (97.5363, -497.738), (101.486, -493.968), (171.861, -506.387), (208.165, -589.673), (193.793, -600.115)))
(((155.426, -126.443), (135.391, -135.549), (115.966, -116.871), (133.86, -92.7135), (158.604, -107.376), (155.426, -126.443)))
(((184.514, -455.03), (171.861, -506.387), (101.486, -493.968), (107.19, -466.587), (145.837, -439.105), (181.017, -447.772), (184.514, -455.03)))
(((151.474, -314.23), (170.793, -345.843), (149.45, -378.418), (121.524, -351.455), (137.757, -321.309), (151.422, -314.213), (151.474, -314.23)))
(((202.898, 472.591), (178.287, 367.309), (159.704, 364.798), (86.0656, 441.862), (120.005, 484.822), (198.443, 478.497), (202.898, 472.591)))
(((178.46, -166.359), (135.277, -175.548), (128.979, -172.189), (135.391, -135.549), (155.426, -126.443), (182.853, -147.775), (178.46, -166.359)))
(((184.947, -91.411), (158.604, -107.376), (133.86, -92.7135), (130.96, -74.8974), (154.935, -59.5286), (180.421, -68.3706), (184.947, -91.411)))
(((181.017, -447.772), (145.837, -439.105), (129.86, -406.485), (149.462, -378.483), (201.277, -401.663), (181.017, -447.772)))
(((194.569, 45.7973), (156.703, -7.21646), (143.079, -9.73158), (141.221, -8.98837), (133.71, 58.6129), (161.169, 71.5799), (194.569, 45.7973)))
(((109.684, 625), (210.316, 625), (239.136, 604.062), (198.443, 478.497), (120.005, 484.822), (75.8453, 592.767), (79.0983, 602.779), (109.684, 625)))
(((189.92, -181.526), (172.529, -214.133), (147.596, -215.349), (135.277, -175.548), (178.46, -166.359), (189.92, -181.526)))
(((214.141, 334.225), (169.738, 263.182), (125.868, 289.643), (123.699, 333.028), (159.704, 364.798), (178.287, 367.309), (207.359, 347.927), (214.141, 334.225)))
(((180.575, -258.699), (150.51, -260.54), (141.734, -224.56), (147.596, -215.349), (172.529, -214.133), (196.288, -240.742), (180.575, -258.699)))
(((190.412, -300.647), (151.474, -314.23), (151.422, -314.213), (140.074, -272.313), (150.51, -260.54), (180.575, -258.699), (193.718, -293.433), (190.412, -300.647)))
(((210, -26.1667), (210, -38.0132), (180.421, -68.3706), (154.935, -59.5286), (143.079, -9.73158), (156.703, -7.21646), (210, -26.1667)))
(((200.896, -132.438), (182.853, -147.775), (155.426, -126.443), (158.604, -107.376), (184.947, -91.411), (190.13, -95.6516), (200.896, -132.438)))
(((218.714, -388.911), (201.277, -401.663), (149.462, -378.483), (149.45, -378.418), (170.793, -345.843), (202.945, -351.332), (219.404, -384.861), (218.714, -388.911)))
(((193.538, 221.958), (225.662, 135.867), (169.914, 117.052), (120.896, 155.512), (143.63, 199.896), (184.467, 224.797), (193.538, 221.958)))
(((202.945, -351.332), (170.793, -345.843), (151.474, -314.23), (190.412, -300.647), (209.143, -330.082), (202.945, -351.332)))
(((210, -26.1667), (156.703, -7.21646), (194.569, 45.7973), (210, 42.5909), (210, -26.1667)))
(((203.315, -239.337), (196.288, -240.742), (172.529, -214.133), (189.92, -181.526), (207.212, -186.714), (220.123, -230.14), (203.315, -239.337)))
(((293.927, 53), (210, 53), (210, 42.5909), (194.569, 45.7973), (161.169, 71.5799), (169.914, 117.052), (225.662, 135.867), (295.833, 109.135), (304, 84), (293.927, 53)))
(((203.315, -239.337), (222.028, -284.783), (193.718, -293.433), (180.575, -258.699), (196.288, -240.742), (203.315, -239.337)))
(((231.393, -173.073), (207.212, -186.714), (189.92, -181.526), (178.46, -166.359), (182.853, -147.775), (200.896, -132.438), (221.943, -135.271), (231.393, -173.073)))
(((210, -38.0132), (210, -53), (246.225, -53), (235.046, -88.6334), (190.13, -95.6516), (184.947, -91.411), (180.421, -68.3706), (210, -38.0132)))
(((207.046, -587.106), (171.861, -506.387), (184.514, -455.03), (254.595, -472.243), (211.985, -587.106), (207.046, -587.106)))
(((307.185, 261.103), (193.538, 221.958), (184.467, 224.797), (169.738, 263.182), (214.141, 334.225), (310.692, 271.895), (307.185, 261.103)))
(((245.452, -119.416), (221.943, -135.271), (200.896, -132.438), (190.13, -95.6516), (235.046, -88.6334), (245.567, -118.879), (245.452, -119.416)))
(((243.623, -315.304), (209.143, -330.082), (190.412, -300.647), (193.718, -293.433), (222.028, -284.783), (242.023, -287.573), (243.623, -315.304)))
(((242.023, -287.573), (222.028, -284.783), (203.315, -239.337), (220.123, -230.14), (230.931, -231.491), (254.484, -273.244), (242.023, -287.573)))
(((254.595, -472.243), (184.514, -455.03), (181.017, -447.772), (201.277, -401.663), (218.714, -388.911), (235.136, -401.227), (257.85, -462.879), (254.866, -472.081), (254.595, -472.243)))
(((276.562, 406.12), (207.359, 347.927), (178.287, 367.309), (202.898, 472.591), (254.286, 452.9), (276.562, 406.12)))
(((230.931, -231.491), (220.123, -230.14), (207.212, -186.714), (231.393, -173.073), (245.329, -177.138), (241.611, -223.608), (230.931, -231.491)))
(((250, -321.513), (250, -360.821), (219.404, -384.861), (202.945, -351.332), (209.143, -330.082), (243.623, -315.304), (250, -321.513)))
(((295.863, 109.124), (225.662, 135.867), (193.538, 221.958), (306.763, 260.957), (324.902, 247.779), (344, 189), (324.902, 130.221), (295.863, 109.124)))
(((270.156, -145.766), (249.914, -176.129), (245.329, -177.138), (231.393, -173.073), (221.943, -135.271), (245.452, -119.416), (270.156, -145.766)))
(((284.017, -217.247), (241.611, -223.608), (245.329, -177.138), (249.914, -176.129), (285.307, -198.545), (284.017, -217.247)))
(((284.202, -217.514), (288.535, -248.465), (264.936, -272.064), (254.484, -273.244), (230.931, -231.491), (241.611, -223.608), (284.017, -217.247), (284.202, -217.514)))
(((302.071, -53), (294.327, -93.6585), (245.567, -118.879), (235.046, -88.6334), (246.225, -53), (302.071, -53)))
(((295.972, -426.764), (257.85, -462.879), (235.136, -401.227), (287.31, -402.6), (295.972, -426.764)))
(((308.891, 273.058), (214.141, 334.225), (207.359, 347.927), (276.562, 406.12), (363.779, 357.32), (344.902, 299.221), (308.891, 273.058)))
(((287.31, -402.6), (235.136, -401.227), (218.714, -388.911), (219.404, -384.861), (250, -360.821), (283.283, -363.199), (297.768, -373.978), (287.31, -402.6)))
(((283.283, -363.199), (250, -360.821), (250, -321.513), (281.874, -322.352), (283.283, -363.199)))
(((239.15, 604.106), (298.902, 604.106), (348.902, 567.779), (363.462, 522.968), (254.286, 452.9), (202.898, 472.591), (198.443, 478.497), (239.15, 604.106)))
(((288.28, -317.504), (281.874, -322.352), (250, -321.513), (243.623, -315.304), (242.023, -287.573), (254.484, -273.244), (264.936, -272.064), (290.325, -296.545), (288.28, -317.504)))
(((370.501, -525.768), (354.902, -573.779), (304.902, -610.106), (243.098, -610.106), (211.87, -587.417), (254.595, -472.243), (254.866, -472.081), (370.501, -525.768)))
(((285.307, -198.545), (249.914, -176.129), (270.156, -145.766), (278.353, -146.094), (302.077, -179.308), (285.307, -198.545)))
(((304.785, -123.187), (278.353, -146.094), (270.156, -145.766), (245.452, -119.416), (245.567, -118.879), (294.327, -93.6585), (304.785, -123.187)))
(((323.685, -281.95), (290.325, -296.545), (264.936, -272.064), (288.535, -248.465), (320.449, -260.919), (323.685, -281.95)))
(((335.482, -361.812), (297.768, -373.978), (283.283, -363.199), (281.874, -322.352), (288.28, -317.504), (323.65, -331.438), (337.359, -359.997), (335.482, -361.812)))
(((370.137, -525.599), (254.866, -472.081), (257.85, -462.879), (295.972, -426.764), (301.549, -428.427), (341.367, -442.906), (389.979, -489.842), (380.902, -517.779), (370.137, -525.599)))
(((333.218, -172.965), (302.077, -179.308), (278.353, -146.094), (304.785, -123.187), (355.857, -147.092), (333.218, -172.965)))
(((333.435, -291.213), (323.65, -331.438), (288.28, -317.504), (290.325, -296.545), (323.685, -281.95), (333.435, -291.213)))
(((400, 475.855), (400, 408.145), (391.902, 383.221), (359.526, 359.699), (276.562, 406.12), (254.286, 452.9), (362.346, 522.252), (391.902, 500.779), (400, 475.855)))
(((346.619, -232.37), (320.449, -260.919), (288.535, -248.465), (284.202, -217.514), (338.585, -221.264), (346.619, -232.37)))
(((338.585, -221.264), (284.202, -217.514), (284.017, -217.247), (285.307, -198.545), (302.077, -179.308), (333.218, -172.965), (338.585, -221.264)))
(((335.87, -376.944), (301.549, -428.427), (295.972, -426.764), (287.31, -402.6), (297.768, -373.978), (335.482, -361.812), (335.87, -376.944)))
(((341.367, -442.906), (301.549, -428.427), (335.87, -376.944), (341.367, -442.906)))
(((302.071, -53), (400, -53), (400, -131.458), (355.857, -147.092), (304.785, -123.187), (294.327, -93.6585), (302.071, -53)))
(((400, -353.365), (337.359, -359.997), (323.65, -331.438), (333.435, -291.213), (366.053, -291.879), (400, -312.769), (400, -353.365)))
(((360.515, -234.652), (366.053, -291.879), (333.435, -291.213), (323.685, -281.95), (320.449, -260.919), (346.619, -232.37), (360.515, -234.652)))
(((400, -353.365), (400, -486.589), (392.36, -492.14), (341.367, -442.906), (335.87, -376.944), (335.482, -361.812), (337.359, -359.997), (400, -353.365)))
(((400, -222.312), (360.515, -234.652), (346.619, -232.37), (338.585, -221.264), (333.218, -172.965), (355.857, -147.092), (400, -131.458), (400, -222.312)))
(((400, -312.769), (366.053, -291.879), (360.515, -234.652), (400, -222.312), (400, -312.769)))
