(((-225, -62.4844), (-185.166, -103.564), (-184.507, -108.939), (-208.829, -143.685), (-225, -144.968), (-225, -62.4844)))
(((-225, -144.968), (-208.829, -143.685), (-177.148, -162.543), (-206.545, -226.848), (-217.77, -236.332), (-225, -236.69), (-225, -144.968)))
(((-225, -236.69), (-217.77, -236.332), (-202.687, -246.627), (-167.913, -316.175), (-171.16, -320.737), (-225, -348.098), (-225, -236.69)))
(((-225, -363.545), (-177.621, -386.388), (-167.018, -425.267), (-175.572, -436.509), (-225, -470.806), (-225, -363.545)))
(((-168.767, -161.098), (-177.148, -162.543), (-208.829, -143.685), (-184.507, -108.939), (-154.789, -129.852), (-168.767, -161.098)))
(((-225, -482.6), (-152.524, -501.237), (-135.155, -546.397), (-137.488, -550.479), (-225, -580.655), (-225, -482.6)))
(((-225, -62.4844), (-225, -53), (-147.509, -53), (-148.003, -80.6944), (-185.166, -103.564), (-225, -62.4844)))
(((-142.581, -178.981), (-163.734, -212.578), (-206.545, -226.848), (-177.148, -162.543), (-168.767, -161.098), (-142.581, -178.981)))
(((-225, -363.545), (-225, -348.098), (-171.16, -320.737), (-144.844, -359.519), (-147.252, -374.654), (-177.621, -386.388), (-225, -363.545)))
(((-135.885, -278.752), (-154.83, -310.085), (-167.913, -316.175), (-202.687, -246.627), (-148.216, -259.375), (-135.885, -278.752)))
(((-225, -482.6), (-225, -470.806), (-175.572, -436.509), (-128.875, -476.536), (-152.524, -501.237), (-225, -482.6)))
(((-131.173, -119.654), (-154.789, -129.852), (-184.507, -108.939), (-185.166, -103.564), (-148.003, -80.6944), (-128.208, -112.367), (-131.173, -119.654)))
(((-225, -580.655), (-137.488, -550.479), (-114.981, -642.111), (-121.752, -647.189), (-225, -648.087), (-225, -580.655)))
(((-125.953, -800), (-188.047, -800), (-225, -773.152), (-225, -648.087), (-121.752, -647.189), (-109.432, -787.997), (-125.953, -800)))
(((-133.471, -233.765), (-148.216, -259.375), (-202.687, -246.627), (-217.77, -236.332), (-206.545, -226.848), (-163.734, -212.578), (-133.599, -228.249), (-133.471, -233.765)))
(((-130.77, -423.724), (-167.018, -425.267), (-177.621, -386.388), (-147.252, -374.654), (-122.798, -392.499), (-130.77, -423.724)))
(((-128.875, -476.536), (-175.572, -436.509), (-167.018, -425.267), (-130.77, -423.724), (-122.418, -434.462), (-123.985, -473.635), (-128.875, -476.536)))
(((-115.054, -205.068), (-133.599, -228.249), (-163.734, -212.578), (-142.581, -178.981), (-129.157, -179.213), (-115.054, -205.068)))
(((-225, 530.679), (-225, 625), (-103.302, 625), (-95.7413, 559.975), (-132.176, 514.287), (-188.314, 499.092), (-222.902, 524.221), (-225, 530.679)))
(((-129.157, -179.213), (-142.581, -178.981), (-168.767, -161.098), (-154.789, -129.852), (-131.173, -119.654), (-112.149, -157.703), (-129.157, -179.213)))
(((-144.844, -359.519), (-171.16, -320.737), (-167.913, -316.175), (-154.83, -310.085), (-105, -335), (-144.844, -359.519)))
(((-101.684, -335), (-95.9831, -381.554), (-122.798, -392.499), (-147.252, -374.654), (-144.844, -359.519), (-105, -335), (-101.684, -335)))
(((-101.684, -335), (-105, -335), (-154.83, -310.085), (-135.885, -278.752), (-120.524, -279.037), (-97.334, -297.074), (-101.153, -334.5), (-101.684, -335)))
(((-120.524, -279.037), (-135.885, -278.752), (-148.216, -259.375), (-133.471, -233.765), (-101.125, -249.938), (-120.524, -279.037)))
(((-94.6694, -53), (-89.5462, -69.7177), (-112.008, -106.085), (-128.208, -112.367), (-148.003, -80.6944), (-147.509, -53), (-94.6694, -53)))
(((-70.58, -531.835), (-75, -535.935), (-135.155, -546.397), (-152.524, -501.237), (-128.875, -476.536), (-123.985, -473.635), (-100.857, -479.722), (-71.1828, -525.882), (-70.58, -531.835)))
(((-93.3728, -246.469), (-101.125, -249.938), (-133.471, -233.765), (-133.599, -228.249), (-115.054, -205.068), (-106.951, -207.431), (-90.5306, -229.822), (-93.3728, -246.469)))
(((-133.05, 354.894), (-136.902, 354.894), (-186.902, 391.221), (-206, 450), (-190.216, 498.577), (-132.176, 514.287), (-42.1361, 458.976), (-116.207, 362.011), (-133.05, 354.894)))
(((-74.1986, -427.946), (-122.418, -434.462), (-130.77, -423.724), (-122.798, -392.499), (-95.9831, -381.554), (-93.236, -383.003), (-71.8796, -423.682), (-74.1986, -427.946)))
(((-79.0165, -635.036), (-114.981, -642.111), (-137.488, -550.479), (-135.155, -546.397), (-75, -535.935), (-75, -626.243), (-79.0165, -635.036)))
(((-76.074, -147.797), (-85.8151, -156.24), (-112.149, -157.703), (-131.173, -119.654), (-128.208, -112.367), (-112.008, -106.085), (-75.6912, -125.54), (-72.4539, -131.206), (-76.074, -147.797)))
(((-71.2944, -453.115), (-100.857, -479.722), (-123.985, -473.635), (-122.418, -434.462), (-74.1986, -427.946), (-71.2944, -453.115)))
(((-77.5417, -189.333), (-106.951, -207.431), (-115.054, -205.068), (-129.157, -179.213), (-112.149, -157.703), (-85.8151, -156.24), (-77.5417, -189.333)))
(((-72.5524, -284.38), (-97.334, -297.074), (-120.524, -279.037), (-101.125, -249.938), (-93.3728, -246.469), (-68.0661, -266.062), (-72.5524, -284.38)))
(((-69.5, -83.75), (-75.6912, -125.54), (-112.008, -106.085), (-89.5462, -69.7177), (-69.5, -83.75)))
(((-63.5, -219.569), (-90.5306, -229.822), (-106.951, -207.431), (-77.5417, -189.333), (-63.5, -197.357), (-63.5, -219.569)))
(((-76.3494, -793.106), (-107.902, -793.106), (-109.058, -792.266), (-121.752, -647.189), (-114.981, -642.111), (-79.0165, -635.036), (-33.1848, -665.77), (-76.3494, -793.106)))
(((-48.1376, -368.412), (-93.236, -383.003), (-95.9831, -381.554), (-101.684, -335), (-101.153, -334.5), (-58.8902, -334.5), (-48.1376, -368.412)))
(((-58.8902, -334.5), (-101.153, -334.5), (-97.334, -297.074), (-72.5524, -284.38), (-51.7097, -304.504), (-53.9453, -328.537), (-58.8902, -334.5)))
(((-45.7464, -476.348), (-71.1828, -525.882), (-100.857, -479.722), (-71.2944, -453.115), (-48.399, -469.015), (-45.7464, -476.348)))
(((-47.8042, -254.282), (-68.0661, -266.062), (-93.3728, -246.469), (-90.5306, -229.822), (-63.5, -219.569), (-45.8746, -235.371), (-47.8042, -254.282)))
(((-46.7515, -369.297), (-48.2567, -415.959), (-71.8796, -423.682), (-93.236, -383.003), (-48.1376, -368.412), (-46.7515, -369.297)))
(((-14.2781, 465.439), (-42.1361, 458.976), (-132.176, 514.287), (-95.7413, 559.975), (-26.6318, 553.348), (-4.15641, 476.932), (-14.2781, 465.439)))
(((-36.1186, -184.058), (-63.5, -197.357), (-77.5417, -189.333), (-85.8151, -156.24), (-76.074, -147.797), (-34.5951, -167.908), (-36.1186, -184.058)))
(((-38.4296, -118.919), (-72.4539, -131.206), (-75.6912, -125.54), (-69.5, -83.75), (-42.0659, -84.3735), (-38.4296, -118.919)))
(((-32.7907, -53), (-32.1086, -54.0114), (-37.0307, -79.7159), (-42.0659, -84.3735), (-69.5, -83.75), (-89.5462, -69.7177), (-94.6694, -53), (-32.7907, -53)))
(((17.4615, 625), (-26.6318, 553.348), (-95.7413, 559.975), (-103.302, 625), (17.4615, 625)))
(((-12.6155, -577.347), (-75, -626.243), (-75, -535.935), (-70.58, -531.835), (-37.077, -538.362), (-12.6155, -577.347)))
(((-26.6672, -443.852), (-48.399, -469.015), (-71.2944, -453.115), (-74.1986, -427.946), (-71.8796, -423.682), (-48.2567, -415.959), (-31.7163, -420.499), (-26.6672, -443.852)))
(((-16.5696, -288.532), (-51.7097, -304.504), (-72.5524, -284.38), (-68.0661, -266.062), (-47.8042, -254.282), (-11.5297, -277.192), (-16.5696, -288.532)))
(((-34.5951, -167.908), (-76.074, -147.797), (-72.4539, -131.206), (-38.4296, -118.919), (-21.5, -129.5), (-33.6622, -167), (-34.5951, -167.908)))
(((-87.5895, 117.659), (-126.902, 146.221), (-146, 205), (-129.267, 256.5), (-30.0312, 256.5), (-17.4374, 245.895), (-13.5724, 167.305), (-87.5895, 117.659)))
(((-129.267, 256.5), (-146, 308), (-130.399, 356.014), (-116.207, 362.011), (7.21606, 344.987), (7.22273, 344.806), (-30.0312, 256.5), (-129.267, 256.5)))
(((-18.9514, -217.158), (-45.8746, -235.371), (-63.5, -219.569), (-63.5, -197.357), (-36.1186, -184.058), (-17.1881, -206.774), (-18.9514, -217.158)))
(((-2.13556, -493.38), (-9.12802, -516.002), (-37.077, -538.362), (-70.58, -531.835), (-71.1828, -525.882), (-45.7464, -476.348), (-7.5, -486.972), (-2.13556, -493.38)))
(((22.6792, 363.059), (7.21606, 344.987), (-116.207, 362.011), (-42.1361, 458.976), (-14.2781, 465.439), (22.7229, 363.368), (22.6792, 363.059)))
(((-10.5761, -368.543), (-46.7515, -369.297), (-48.1376, -368.412), (-58.8902, -334.5), (-53.9453, -328.537), (-16.8315, -331.011), (-10.5761, -368.543)))
(((0.609756, -395.317), (-6.36301, -406.938), (-31.7163, -420.499), (-48.2567, -415.959), (-46.7515, -369.297), (-10.5761, -368.543), (-3.71107, -372.993), (0.609756, -395.317)))
(((-9.24638, -320.266), (-16.8315, -331.011), (-53.9453, -328.537), (-51.7097, -304.504), (-16.5696, -288.532), (-9.24638, -320.266)))
(((-7.5, -486.972), (-45.7464, -476.348), (-48.399, -469.015), (-26.6672, -443.852), (-7.5, -454.5), (-7.5, -486.972)))
(((-11.5297, -277.192), (-47.8042, -254.282), (-45.8746, -235.371), (-18.9514, -217.158), (-1.84091, -237.691), (-6.733, -274.871), (-11.5297, -277.192)))
(((4.09794, -123.593), (-21.5, -129.5), (-38.4296, -118.919), (-42.0659, -84.3735), (-37.0307, -79.7159), (-5.53553, -89.8756), (4.09794, -123.593)))
(((-10.5307, -665.339), (-33.1848, -665.77), (-79.0165, -635.036), (-75, -626.243), (-12.6155, -577.347), (1.03463, -581.699), (8.06725, -639.133), (-10.5307, -665.339)))
(((-2.60588, -800), (-66.9401, -800), (-76.3652, -793.152), (-33.1848, -665.77), (-10.5307, -665.339), (35.3245, -710.442), (-2.60588, -800)))
(((-32.7907, -53), (-30, -53), (-30, 7.27778), (-1.91614, 1.81703), (18.5361, -42.8061), (16.1814, -48.9283), (-32.1086, -54.0114), (-32.7907, -53)))
(((18.7472, -60.9676), (-5.53553, -89.8756), (-37.0307, -79.7159), (-32.1086, -54.0114), (16.1814, -48.9283), (18.7472, -60.9676)))
(((10.6963, -442.369), (-7.5, -454.5), (-26.6672, -443.852), (-31.7163, -420.499), (-6.36301, -406.938), (10.6963, -442.369)))
(((17.0741, -191.84), (-17.1881, -206.774), (-36.1186, -184.058), (-34.5951, -167.908), (-33.6622, -167), (8.34848, -167), (21.4253, -182.412), (17.0741, -191.84)))
(((5.755, -124.207), (8.34848, -167), (-33.6622, -167), (-21.5, -129.5), (4.09794, -123.593), (5.755, -124.207)))
(((-30, 7.27778), (-30, 53), (-96.4511, 53), (-83.9513, 91.4704), (10.5333, 80.2222), (30.3458, 63.7118), (26.6868, 21.267), (-1.91614, 1.81703), (-30, 7.27778)))
(((24.6383, -571.584), (1.03463, -581.699), (-12.6155, -577.347), (-37.077, -538.362), (-9.12802, -516.002), (23.8842, -538.404), (24.6383, -571.584)))
(((20.6723, -357.318), (-3.71107, -372.993), (-10.5761, -368.543), (-16.8315, -331.011), (-9.24638, -320.266), (23.2092, -325.183), (20.6723, -357.318)))
(((23.2092, -325.183), (-9.24638, -320.266), (-16.5696, -288.532), (-11.5297, -277.192), (-6.733, -274.871), (23.1989, -279.072), (28.7445, -320.109), (23.2092, -325.183)))
(((32.7692, -228.462), (-1.84091, -237.691), (-18.9514, -217.158), (-17.1881, -206.774), (17.0741, -191.84), (32.7692, -228.462)))
(((35.9571, -484.755), (-2.13556, -493.38), (-7.5, -486.972), (-7.5, -454.5), (10.6963, -442.369), (31.8246, -447.123), (38.5833, -480.917), (35.9571, -484.755)))
(((-80.6268, 91.0746), (-88.965, 116.737), (-13.5724, 167.305), (46.3651, 163.074), (49.1844, 144.641), (10.5333, 80.2222), (-80.6268, 91.0746)))
(((40.6755, -84.1859), (19.6, -121.9), (5.755, -124.207), (4.09794, -123.593), (-5.53553, -89.8756), (18.7472, -60.9676), (40.6755, -84.1859)))
(((46.3651, 163.074), (-13.5724, 167.305), (-17.4374, 245.895), (34.8937, 243.744), (46.4108, 163.124), (46.3651, 163.074)))
(((47.9146, -251.337), (34.5295, -272.753), (23.1989, -279.072), (-6.733, -274.871), (-1.84091, -237.691), (32.7692, -228.462), (44.4808, -235.489), (47.9146, -251.337)))
(((51.6491, -420.03), (31.8246, -447.123), (10.6963, -442.369), (-6.36301, -406.938), (0.609756, -395.317), (42.4119, -407.261), (51.6491, -420.03)))
(((61.7954, 262.494), (34.8937, 243.744), (-17.4374, 245.895), (-30.0312, 256.5), (7.22273, 344.806), (61.83, 265.537), (61.7954, 262.494)))
(((46.215, -517.727), (23.8842, -538.404), (-9.12802, -516.002), (-2.13556, -493.38), (35.9571, -484.755), (46.215, -517.727)))
(((73.6928, 625), (82.2079, 618.813), (107.614, 533.561), (72.5413, 492.145), (-4.15641, 476.932), (-26.6318, 553.348), (17.4615, 625), (73.6928, 625)))
(((43.301, -174.419), (21.4253, -182.412), (8.34848, -167), (5.755, -124.207), (19.6, -121.9), (41.0819, -134.475), (43.301, -174.419)))
(((79.7746, -620.489), (8.06725, -639.133), (1.03463, -581.699), (24.6383, -571.584), (48.4403, -577.906), (79.7746, -620.489)))
(((42.4119, -407.261), (0.609756, -395.317), (-3.71107, -372.993), (20.6723, -357.318), (51.8193, -366.103), (42.4119, -407.261)))
(((56.8242, -28.9572), (18.5361, -42.8061), (-1.91614, 1.81703), (26.6868, 21.267), (55.3042, 6.00445), (56.8242, -28.9572)))
(((51.8193, -366.103), (20.6723, -357.318), (23.2092, -325.183), (28.7445, -320.109), (56.4392, -322.811), (59.8952, -361.979), (51.8193, -366.103)))
(((80.4917, -620.811), (78.3976, -699.341), (35.3245, -710.442), (-10.5307, -665.339), (8.06725, -639.133), (79.7746, -620.489), (80.4917, -620.811)))
(((44.4808, -235.489), (32.7692, -228.462), (17.0741, -191.84), (21.4253, -182.412), (43.301, -174.419), (53.5387, -177.642), (63.8636, -215.5), (44.4808, -235.489)))
(((57.6818, -321.83), (56.4392, -322.811), (28.7445, -320.109), (23.1989, -279.072), (34.5295, -272.753), (68.0277, -301.683), (57.6818, -321.83)))
(((78.0743, -535.233), (48.4403, -577.906), (24.6383, -571.584), (23.8842, -538.404), (46.215, -517.727), (77.7475, -533.109), (78.0743, -535.233)))
(((93.4262, 424.849), (22.7229, 363.368), (-14.2781, 465.439), (-4.15641, 476.932), (72.5413, 492.145), (93.4262, 424.849)))
(((69.1757, -104.5), (63.5674, -127.556), (41.0819, -134.475), (19.6, -121.9), (40.6755, -84.1859), (57.4739, -84.8198), (69.1757, -104.5)))
(((83.0431, 78.7037), (71.4949, 68.7763), (30.3458, 63.7118), (10.5333, 80.2222), (49.1844, 144.641), (86.6671, 99.0536), (83.0431, 78.7037)))
(((80.6723, -58.628), (57.4739, -84.8198), (40.6755, -84.1859), (18.7472, -60.9676), (16.1814, -48.9283), (18.5361, -42.8061), (56.8242, -28.9572), (79.611, -42.4433), (80.6723, -58.628)))
(((81.1617, 19.2339), (55.3042, 6.00445), (26.6868, 21.267), (30.3458, 63.7118), (71.4949, 68.7763), (81.1617, 19.2339)))
(((76.7303, -475.467), (38.5833, -480.917), (31.8246, -447.123), (51.6491, -420.03), (59.7345, -420.788), (88.9735, -444.179), (76.7303, -475.467)))
(((74.2705, -170.27), (53.5387, -177.642), (43.301, -174.419), (41.0819, -134.475), (63.5674, -127.556), (87.2384, -147.282), (74.2705, -170.27)))
(((61.83, 265.537), (7.22273, 344.806), (7.21606, 344.987), (22.6792, 363.059), (111.396, 332.142), (61.83, 265.537)))
(((83.8706, -294.728), (68.0277, -301.683), (34.5295, -272.753), (47.9146, -251.337), (96.4699, -264.887), (83.8706, -294.728)))
(((99.5668, 183.31), (46.4108, 163.124), (34.8937, 243.744), (61.7954, 262.494), (100.321, 237.6), (99.5668, 183.31)))
(((89.825, -388.19), (59.7345, -420.788), (51.6491, -420.03), (42.4119, -407.261), (51.8193, -366.103), (59.8952, -361.979), (84.3834, -366.877), (89.825, -388.19)))
(((77.7475, -533.109), (46.215, -517.727), (35.9571, -484.755), (38.5833, -480.917), (76.7303, -475.467), (98.5476, -502.915), (77.7475, -533.109)))
(((-2.60588, -800), (35.3245, -710.442), (78.3976, -699.341), (163.854, -744.318), (167, -754), (152.054, -800), (-2.60588, -800)))
(((84.3834, -366.877), (59.8952, -361.979), (56.4392, -322.811), (57.6818, -321.83), (94.7893, -335.501), (91.5834, -359.866), (84.3834, -366.877)))
(((101.145, -262.399), (96.4699, -264.887), (47.9146, -251.337), (44.4808, -235.489), (63.8636, -215.5), (86.7727, -215.5), (110.697, -244.741), (101.145, -262.399)))
(((86.7727, -215.5), (63.8636, -215.5), (53.5387, -177.642), (74.2705, -170.27), (96.5213, -192.521), (86.7727, -215.5)))
(((113.424, -18.3982), (79.611, -42.4433), (56.8242, -28.9572), (55.3042, 6.00445), (81.1617, 19.2339), (109.685, 8.60751), (113.424, -18.3982)))
(((96.8187, -614.531), (80.4917, -620.811), (79.7746, -620.489), (48.4403, -577.906), (78.0743, -535.233), (118.279, -568.545), (96.8187, -614.531)))
(((94.7893, -335.501), (57.6818, -321.83), (68.0277, -301.683), (83.8706, -294.728), (105.656, -321.465), (94.7893, -335.501)))
(((99.4112, -144.005), (87.2384, -147.282), (63.5674, -127.556), (69.1757, -104.5), (104.059, -104.5), (99.4112, -144.005)))
(((104.059, -104.5), (69.1757, -104.5), (57.4739, -84.8198), (80.6723, -58.628), (107.647, -78.6666), (105.362, -103.234), (104.059, -104.5)))
(((124.353, 338.94), (117.975, 333.485), (111.396, 332.142), (22.6792, 363.059), (22.7229, 363.368), (93.4262, 424.849), (135.095, 398.021), (124.353, 338.94)))
(((120.82, -436.492), (88.9735, -444.179), (59.7345, -420.788), (89.825, -388.19), (117.641, -404.416), (123.51, -421.696), (120.82, -436.492)))
(((124.305, 120.131), (86.6671, 99.0536), (49.1844, 144.641), (46.3651, 163.074), (46.4108, 163.124), (99.5668, 183.31), (126.656, 168.724), (124.305, 120.131)))
(((142.244, 44.2674), (109.685, 8.60751), (81.1617, 19.2339), (71.4949, 68.7763), (83.0431, 78.7037), (141.37, 46.8889), (142.244, 44.2674)))
(((115.148, -187.487), (96.5213, -192.521), (74.2705, -170.27), (87.2384, -147.282), (99.4112, -144.005), (117.268, -151.445), (115.148, -187.487)))
(((126.754, -443.2), (122.338, -500.613), (98.5476, -502.915), (76.7303, -475.467), (88.9735, -444.179), (120.82, -436.492), (126.754, -443.2)))
(((117.975, 333.485), (140.769, 255.986), (100.321, 237.6), (61.7954, 262.494), (61.83, 265.537), (111.396, 332.142), (117.975, 333.485)))
(((130.575, -319.298), (105.656, -321.465), (83.8706, -294.728), (96.4699, -264.887), (101.145, -262.399), (136.756, -296.782), (130.575, -319.298)))
(((133.982, -233.875), (110.697, -244.741), (86.7727, -215.5), (96.5213, -192.521), (115.148, -187.487), (128.681, -196.767), (133.982, -233.875)))
(((129.562, -562.993), (118.279, -568.545), (78.0743, -535.233), (77.7475, -533.109), (98.5476, -502.915), (122.338, -500.613), (143.685, -512.553), (129.562, -562.993)))
(((129.946, -68.9464), (107.647, -78.6666), (80.6723, -58.628), (79.611, -42.4433), (113.424, -18.3982), (140.269, -34.8032), (129.946, -68.9464)))
(((117.641, -404.416), (89.825, -388.19), (84.3834, -366.877), (91.5834, -359.866), (122.641, -360.807), (132.442, -378.103), (117.641, -404.416)))
(((138.843, -331.441), (122.641, -360.807), (91.5834, -359.866), (94.7893, -335.501), (105.656, -321.465), (130.575, -319.298), (138.843, -331.441)))
(((162.415, -743.561), (78.3976, -699.341), (80.4917, -620.811), (96.8187, -614.531), (216.073, -661.854), (197.902, -717.779), (162.415, -743.561)))
(((127.996, -148.441), (117.268, -151.445), (99.4112, -144.005), (104.059, -104.5), (105.362, -103.234), (149.317, -115.995), (127.996, -148.441)))
(((141.37, 46.8889), (83.0431, 78.7037), (86.6671, 99.0536), (124.305, 120.131), (156.309, 96.9784), (141.37, 46.8889)))
(((154.388, -113.554), (149.317, -115.995), (105.362, -103.234), (107.647, -78.6666), (129.946, -68.9464), (156.041, -95.041), (154.388, -113.554)))
(((151.776, -182.432), (128.681, -196.767), (115.148, -187.487), (117.268, -151.445), (127.996, -148.441), (157.245, -171.191), (151.776, -182.432)))
(((203.641, 429.599), (135.095, 398.021), (93.4262, 424.849), (72.5413, 492.145), (107.614, 533.561), (148.286, 521.857), (203.641, 429.599)))
(((181.619, 182.295), (126.656, 168.724), (99.5668, 183.31), (100.321, 237.6), (140.769, 255.986), (179.474, 245.951), (181.619, 182.295)))
(((165.332, -258.935), (139.253, -295.446), (136.756, -296.782), (101.145, -262.399), (110.697, -244.741), (133.982, -233.875), (156.842, -238.724), (165.235, -253.412), (165.332, -258.935)))
(((214.191, -661.107), (96.8187, -614.531), (118.279, -568.545), (129.562, -562.993), (177.013, -581.393), (225.584, -646.522), (222.902, -654.779), (214.191, -661.107)))
(((160.333, -376.51), (132.442, -378.103), (122.641, -360.807), (138.843, -331.441), (173.076, -344.278), (160.333, -376.51)))
(((187.961, -462.811), (146.173, -511.974), (143.685, -512.553), (122.338, -500.613), (126.754, -443.2), (185.989, -458.915), (187.961, -462.811)))
(((171.115, -401.067), (123.51, -421.696), (117.641, -404.416), (132.442, -378.103), (160.333, -376.51), (171.115, -401.067)))
(((179.473, 25.3835), (153.261, -32.864), (140.269, -34.8032), (113.424, -18.3982), (109.685, 8.60751), (142.244, 44.2674), (179.473, 25.3835)))
(((156.842, -238.724), (133.982, -233.875), (128.681, -196.767), (151.776, -182.432), (172.89, -218.901), (156.842, -238.724)))
(((182.613, -139.306), (165.785, -168.154), (157.245, -171.191), (127.996, -148.441), (149.317, -115.995), (154.388, -113.554), (178.985, -128.613), (182.613, -139.306)))
(((191.755, -60.4787), (156.041, -95.041), (129.946, -68.9464), (140.269, -34.8032), (153.261, -32.864), (192.633, -56.969), (191.755, -60.4787)))
(((190.409, 175.075), (178.502, 104.954), (156.309, 96.9784), (124.305, 120.131), (126.656, 168.724), (181.619, 182.295), (190.409, 175.075)))
(((185.989, -458.915), (126.754, -443.2), (120.82, -436.492), (123.51, -421.696), (171.115, -401.067), (192.2, -413.367), (185.989, -458.915)))
(((209.474, 272.105), (179.474, 245.951), (140.769, 255.986), (117.975, 333.485), (124.353, 338.94), (197.398, 320.406), (209.474, 272.105)))
(((173.076, -344.278), (138.843, -331.441), (130.575, -319.298), (136.756, -296.782), (139.253, -295.446), (180.204, -304.349), (179.265, -341.898), (173.076, -344.278)))
(((177.013, -581.393), (129.562, -562.993), (143.685, -512.553), (146.173, -511.974), (182.978, -533.679), (177.013, -581.393)))
(((180.204, -304.349), (139.253, -295.446), (165.332, -258.935), (188.965, -291.571), (180.204, -304.349)))
(((197.399, -206.374), (172.89, -218.901), (151.776, -182.432), (157.245, -171.191), (165.785, -168.154), (196.693, -193.911), (197.399, -206.374)))
(((84.3722, 625), (215.209, 625), (216.793, 556.889), (148.286, 521.857), (107.614, 533.561), (82.2817, 618.566), (84.3722, 625)))
(((256.146, 413.097), (197.398, 320.406), (124.353, 338.94), (135.095, 398.021), (203.641, 429.599), (256.146, 413.097)))
(((273.75, 53), (210, 53), (210, 27.1379), (179.473, 25.3835), (142.244, 44.2674), (141.37, 46.8889), (156.309, 96.9784), (178.502, 104.954), (273.75, 53)))
(((197.372, -467.77), (211.962, -522.481), (182.978, -533.679), (146.173, -511.974), (187.961, -462.811), (197.372, -467.77)))
(((207.691, -103.734), (178.985, -128.613), (154.388, -113.554), (156.041, -95.041), (191.755, -60.4787), (207.691, -103.734)))
(((210, -46.9697), (192.633, -56.969), (153.261, -32.864), (179.473, 25.3835), (210, 27.1379), (210, -46.9697)))
(((192.2, -413.367), (171.115, -401.067), (160.333, -376.51), (173.076, -344.278), (179.265, -341.898), (198.592, -346.428), (202.469, -406.521), (192.2, -413.367)))
(((196.693, -193.911), (165.785, -168.154), (182.613, -139.306), (192.118, -144.059), (209.478, -173.82), (196.693, -193.911)))
(((211.2, -215), (206.255, -252.089), (165.235, -253.412), (156.842, -238.724), (172.89, -218.901), (197.399, -206.374), (211.2, -215)))
(((204.844, -289.454), (188.965, -291.571), (165.332, -258.935), (165.235, -253.412), (206.255, -252.089), (216.482, -263.074), (204.844, -289.454)))
(((198.592, -346.428), (179.265, -341.898), (180.204, -304.349), (188.965, -291.571), (204.844, -289.454), (217.181, -300.969), (205.417, -344.667), (198.592, -346.428)))
(((250.759, -633.405), (231.902, -647.106), (226.019, -647.106), (177.013, -581.393), (182.978, -533.679), (211.962, -522.481), (220.25, -526.625), (250.759, -633.405)))
(((273.367, 53.2087), (178.502, 104.954), (190.409, 175.075), (298.444, 156.488), (309, 124), (289.902, 65.2215), (273.367, 53.2087)))
(((237.309, -137.106), (192.118, -144.059), (182.613, -139.306), (178.985, -128.613), (207.691, -103.734), (231.761, -110.298), (237.661, -136.583), (237.309, -137.106)))
(((233.679, -167.597), (209.478, -173.82), (192.118, -144.059), (237.309, -137.106), (233.679, -167.597)))
(((247.138, -378.049), (228.224, -403.465), (202.469, -406.521), (198.592, -346.428), (205.417, -344.667), (231.197, -349.354), (247.138, -378.049)))
(((257.764, 413.333), (256.146, 413.097), (203.641, 429.599), (148.286, 521.857), (216.793, 556.889), (314.65, 512.309), (318, 502), (298.902, 443.221), (257.764, 413.333)))
(((210, -46.9697), (210, -53), (248.49, -53), (245.956, -94.3825), (231.761, -110.298), (207.691, -103.734), (191.755, -60.4787), (192.633, -56.969), (210, -46.9697)))
(((253.657, -437.376), (217.881, -465.786), (197.372, -467.77), (187.961, -462.811), (185.989, -458.915), (192.2, -413.367), (202.469, -406.521), (228.224, -403.465), (253.657, -437.376)))
(((237.108, -260.618), (216.482, -263.074), (206.255, -252.089), (211.2, -215), (228.4, -215), (249.065, -232.221), (237.108, -260.618)))
(((246.286, -181.464), (228.4, -215), (211.2, -215), (197.399, -206.374), (196.693, -193.911), (209.478, -173.82), (233.679, -167.597), (246.286, -181.464)))
(((302.545, 155.783), (190.409, 175.075), (181.619, 182.295), (179.474, 245.951), (209.474, 272.105), (313.88, 251.224), (325, 217), (305.902, 158.221), (302.545, 155.783)))
(((253.218, -323.662), (231.197, -349.354), (205.417, -344.667), (217.181, -300.969), (240.474, -302.228), (253.218, -323.662)))
(((240.474, -302.228), (217.181, -300.969), (204.844, -289.454), (216.482, -263.074), (237.108, -260.618), (250.838, -278.044), (240.474, -302.228)))
(((263.49, -505.005), (220.25, -526.625), (211.962, -522.481), (197.372, -467.77), (217.881, -465.786), (265.185, -501.264), (263.49, -505.005)))
(((315.754, 250.849), (209.474, 272.105), (197.398, 320.406), (255.518, 412.106), (275.902, 412.106), (325.902, 375.779), (345, 317), (325.902, 258.221), (315.754, 250.849)))
(((250.673, -633.106), (220.25, -526.625), (263.49, -505.005), (280.786, -562.214), (268.275, -633.106), (250.673, -633.106)))
(((274.162, -494.492), (265.185, -501.264), (217.881, -465.786), (253.657, -437.376), (256.173, -437.747), (279.482, -464.698), (274.162, -494.492)))
(((276.212, -228.044), (249.065, -232.221), (228.4, -215), (246.286, -181.464), (254.969, -182.031), (280.523, -208.648), (276.212, -228.044)))
(((282.894, -154.106), (254.969, -182.031), (246.286, -181.464), (233.679, -167.597), (237.309, -137.106), (237.661, -136.583), (269.38, -138.849), (282.894, -154.106)))
(((280.748, -414.019), (256.173, -437.747), (253.657, -437.376), (228.224, -403.465), (247.138, -378.049), (271.255, -378.895), (280.748, -414.019)))
(((279.51, -109.38), (269.38, -138.849), (237.661, -136.583), (231.761, -110.298), (245.956, -94.3825), (278.28, -107.312), (279.51, -109.38)))
(((215.209, 625), (348.278, 625), (359, 592), (339.902, 533.221), (312.48, 513.298), (216.793, 556.889), (215.209, 625)))
(((282.24, -326.21), (279.928, -372.436), (271.255, -378.895), (247.138, -378.049), (231.197, -349.354), (253.218, -323.662), (280.529, -324.713), (282.24, -326.21)))
(((289.217, -243), (280.452, -276.6), (250.838, -278.044), (237.108, -260.618), (249.065, -232.221), (276.212, -228.044), (289.217, -243)))
(((284.696, -283.039), (280.529, -324.713), (253.218, -323.662), (240.474, -302.228), (250.838, -278.044), (280.452, -276.6), (284.696, -283.039)))
(((295.66, -53), (278.28, -107.312), (245.956, -94.3825), (248.49, -53), (295.66, -53)))
(((304.683, -189.186), (280.523, -208.648), (254.969, -182.031), (282.894, -154.106), (284.747, -154.561), (304.683, -189.186)))
(((318.003, -447.273), (279.482, -464.698), (256.173, -437.747), (280.748, -414.019), (308.493, -420.421), (318.003, -447.273)))
(((318.758, -134.554), (284.747, -154.561), (282.894, -154.106), (269.38, -138.849), (279.51, -109.38), (323.794, -116.09), (318.758, -134.554)))
(((324.019, -518.981), (280.786, -562.214), (263.49, -505.005), (265.185, -501.264), (274.162, -494.492), (318.92, -506.871), (324.019, -518.981)))
(((308.493, -420.421), (280.748, -414.019), (271.255, -378.895), (279.928, -372.436), (308.403, -375.6), (321.974, -396.523), (308.493, -420.421)))
(((295.66, -53), (315, -53), (328.038, -111.669), (323.794, -116.09), (279.51, -109.38), (278.28, -107.312), (295.66, -53)))
(((329.094, -344.071), (308.403, -375.6), (279.928, -372.436), (282.24, -326.21), (325.7, -327.948), (329.094, -344.071)))
(((325.7, -327.948), (282.24, -326.21), (280.529, -324.713), (284.696, -283.039), (329.764, -288.502), (329.113, -323.007), (325.7, -327.948)))
(((318.003, -447.273), (331.999, -481.85), (318.92, -506.871), (274.162, -494.492), (279.482, -464.698), (318.003, -447.273)))
(((342.04, -270.81), (329.764, -288.502), (284.696, -283.039), (280.452, -276.6), (289.217, -243), (334.219, -243), (342.04, -270.81)))
(((343.478, -225.571), (334.219, -243), (289.217, -243), (276.212, -228.044), (280.523, -208.648), (304.683, -189.186), (334.454, -191.351), (342.152, -209.885), (343.478, -225.571)))
(((334.454, -191.351), (304.683, -189.186), (284.747, -154.561), (318.758, -134.554), (341.389, -176.242), (334.454, -191.351)))
(((400, -605.398), (398.902, -608.779), (348.902, -645.106), (287.098, -645.106), (268.538, -631.62), (280.786, -562.214), (324.019, -518.981), (400, -568.602), (400, -605.398)))
(((357.602, -385.24), (348.749, -395.359), (321.974, -396.523), (308.403, -375.6), (329.094, -344.071), (355.284, -363.912), (357.602, -385.24)))
(((360.012, -434.27), (318.003, -447.273), (308.493, -420.421), (321.974, -396.523), (348.749, -395.359), (360.012, -434.27)))
(((377.633, -156.192), (341.389, -176.242), (318.758, -134.554), (323.794, -116.09), (328.038, -111.669), (351.083, -113.206), (377.633, -156.192)))
(((400, -478.45), (331.999, -481.85), (318.003, -447.273), (360.012, -434.27), (400, -453.132), (400, -478.45)))
(((400, -568.602), (324.019, -518.981), (318.92, -506.871), (331.999, -481.85), (400, -478.45), (400, -568.602)))
(((371.078, -53), (363.117, -103.948), (351.083, -113.206), (328.038, -111.669), (315, -53), (371.078, -53)))
(((400, -319.176), (329.113, -323.007), (329.764, -288.502), (342.04, -270.81), (400, -287.529), (400, -319.176)))
(((400, -319.176), (400, -330.375), (355.284, -363.912), (329.094, -344.071), (325.7, -327.948), (329.113, -323.007), (400, -319.176)))
(((400, -287.529), (342.04, -270.81), (334.219, -243), (343.478, -225.571), (400, -235.463), (400, -287.529)))
(((400, -193.357), (342.152, -209.885), (334.454, -191.351), (341.389, -176.242), (377.633, -156.192), (400, -158.824), (400, -193.357)))
(((400, -453.132), (360.012, -434.27), (348.749, -395.359), (357.602, -385.24), (400, -391.6), (400, -453.132)))
(((400, -235.462), (343.478, -225.571), (342.152, -209.885), (400, -193.357), (400, -235.462)))
(((400, -391.6), (357.602, -385.24), (355.284, -363.912), (400, -330.375), (400, -391.6)))
(((400, -158.824), (377.633, -156.192), (351.083, -113.206), (363.117, -103.948), (400, -106.118), (400, -158.824)))
(((371.078, -53), (400, -53), (400, -106.118), (363.117, -103.948), (371.078, -53)))
