(((-225, -331.99), (-183.679, -347.692), (-165.032, -411.092), (-219.138, -439.404), (-225, -440.194), (-225, -331.99)))
(((-225, -151.51), (-225, -53), (-219.074, -53), (-153.491, -120.57), (-171.748, -139.307), (-225, -151.51)))
(((-225, -440.194), (-219.138, -439.404), (-141.349, -493.855), (-191.556, -562.889), (-225, -579.255), (-225, -440.194)))
(((-225, -151.51), (-171.748, -139.307), (-154.758, -186.876), (-157.676, -190.818), (-225, -197.17), (-225, -151.51)))
(((-225, -269.029), (-183.77, -270.23), (-167.677, -280.17), (-148.783, -327.961), (-152.284, -335.919), (-183.679, -347.692), (-225, -331.99), (-225, -269.029)))
(((-225, -197.17), (-157.676, -190.818), (-144.857, -226.87), (-183.77, -270.23), (-225, -269.029), (-225, -197.17)))
(((-132.5, -384), (-165.007, -411.089), (-165.032, -411.092), (-183.679, -347.692), (-152.284, -335.919), (-130.228, -378.807), (-132.5, -384)))
(((-126.727, -53), (-122.029, -78.8378), (-151.586, -120.436), (-153.491, -120.57), (-219.074, -53), (-126.727, -53)))
(((-127.73, -490.829), (-141.349, -493.855), (-219.138, -439.404), (-165.032, -411.092), (-165.007, -411.089), (-101.722, -462.32), (-127.73, -490.829)))
(((-129.138, -137.272), (-138.304, -179.174), (-154.758, -186.876), (-171.748, -139.307), (-153.491, -120.57), (-151.586, -120.436), (-129.138, -137.272)))
(((-94.1119, -559.746), (-191.556, -562.889), (-141.349, -493.855), (-127.73, -490.829), (-94.1119, -559.746)))
(((-111.465, -279.068), (-167.677, -280.17), (-183.77, -270.23), (-144.857, -226.87), (-119.671, -229.833), (-103.123, -250.392), (-111.465, -279.068)))
(((-104.977, -289.078), (-116.562, -322.178), (-148.783, -327.961), (-167.677, -280.17), (-111.465, -279.068), (-104.977, -289.078)))
(((-225, -613.544), (-225, -579.255), (-191.556, -562.889), (-94.1119, -559.746), (-89.8058, -561.794), (-106.514, -687.106), (-162.902, -687.106), (-212.902, -650.779), (-225, -613.544)))
(((-102.837, -197.1), (-119.671, -229.833), (-144.857, -226.87), (-157.676, -190.818), (-154.758, -186.876), (-138.304, -179.174), (-106.586, -187.103), (-102.837, -197.1)))
(((-91.9454, -354.672), (-130.228, -378.807), (-152.284, -335.919), (-148.783, -327.961), (-116.562, -322.178), (-91.9454, -354.672)))
(((-158.182, 365.731), (-202.902, 398.221), (-222, 457), (-202.902, 515.779), (-152.902, 552.106), (-128.295, 552.106), (-85.3792, 512.729), (-88.6103, 399.64), (-158.182, 365.731)))
(((-86.5088, -152.424), (-106.586, -187.103), (-138.304, -179.174), (-129.138, -137.272), (-95.0441, -137.94), (-86.5088, -152.424)))
(((-95.0441, -137.94), (-129.138, -137.272), (-151.586, -120.436), (-122.029, -78.8378), (-84.5159, -105.771), (-95.0441, -137.94)))
(((-101.722, -462.32), (-165.007, -411.089), (-132.5, -384), (-88.67, -416.03), (-93.5923, -460.331), (-101.722, -462.32)))
(((-91.7135, -354.685), (-69.4375, -394.994), (-88.67, -416.03), (-132.5, -384), (-130.228, -378.807), (-91.9454, -354.672), (-91.7135, -354.685)))
(((-67.2209, -552.956), (-89.8058, -561.794), (-94.1119, -559.746), (-127.73, -490.829), (-101.722, -462.32), (-93.5923, -460.331), (-62.8392, -471.165), (-67.2209, -552.956)))
(((-91.7135, -354.685), (-91.9454, -354.672), (-116.562, -322.178), (-104.977, -289.078), (-71.4961, -298.644), (-79.7031, -346.518), (-91.7135, -354.685)))
(((-69.6429, -227.5), (-77.852, -243.172), (-103.123, -250.392), (-119.671, -229.833), (-102.837, -197.1), (-73.9194, -207.543), (-69.6429, -227.5)))
(((-52.4167, -53), (-52.4943, -55.7944), (-80.0009, -103.632), (-84.5159, -105.771), (-122.029, -78.8378), (-126.727, -53), (-52.4167, -53)))
(((-55.36, -187.609), (-73.9194, -207.543), (-102.837, -197.1), (-106.586, -187.103), (-86.5088, -152.424), (-66.5402, -158.96), (-55.36, -187.609)))
(((-71.4961, -298.644), (-104.977, -289.078), (-111.465, -279.068), (-103.123, -250.392), (-77.852, -243.172), (-57.1972, -264.592), (-68.1181, -297.354), (-71.4961, -298.644)))
(((-113.335, 256.287), (-144.902, 279.221), (-164, 338), (-154.389, 367.579), (-88.6103, 399.64), (-32.672, 393.902), (-24.4199, 388.504), (-27.6613, 307.469), (-113.335, 256.287)))
(((-46.3621, -466.638), (-62.8392, -471.165), (-93.5923, -460.331), (-88.67, -416.03), (-69.4375, -394.994), (-53.3238, -395.906), (-24.3101, -441.319), (-46.3621, -466.638)))
(((-34.0101, -139.775), (-66.5402, -158.96), (-86.5088, -152.424), (-95.0441, -137.94), (-84.5159, -105.771), (-80.0009, -103.632), (-34.6931, -120.956), (-32.7381, -136.595), (-34.0101, -139.775)))
(((-28.9402, -369.084), (-53.3238, -395.906), (-69.4375, -394.994), (-91.7135, -354.685), (-79.7031, -346.518), (-41.4765, -347.387), (-28.9402, -369.084)))
(((-41.4765, -347.387), (-79.7031, -346.518), (-71.4961, -298.644), (-68.1181, -297.354), (-26.8918, -311.735), (-41.4765, -347.387)))
(((-106.086, -683.894), (-89.8058, -561.794), (-67.2209, -552.956), (-41.4008, -558.758), (-4.64744, -593.704), (-39.5019, -697.106), (-87.9017, -697.106), (-106.086, -683.894)))
(((-32.672, 393.902), (-88.6103, 399.64), (-85.3792, 512.729), (-14.529, 499.132), (-32.672, 393.902)))
(((-27.6314, -229.698), (-32.732, -259.573), (-57.1972, -264.592), (-77.852, -243.172), (-69.6429, -227.5), (-30.0882, -227.5), (-27.6314, -229.698)))
(((-30.0882, -227.5), (-69.6429, -227.5), (-73.9194, -207.543), (-55.36, -187.609), (-37.2612, -192.66), (-30.0882, -227.5)))
(((-34.6931, -120.956), (-80.0009, -103.632), (-52.4943, -55.7944), (-22.4881, -101.518), (-34.6931, -120.956)))
(((-26.8918, -311.735), (-68.1181, -297.354), (-57.1972, -264.592), (-32.732, -259.573), (-19.1101, -273.621), (-25.0333, -310.852), (-26.8918, -311.735)))
(((-13.5976, -178.199), (-37.2612, -192.66), (-55.36, -187.609), (-66.5402, -158.96), (-34.0101, -139.775), (-13.5976, -178.199)))
(((-41.4008, -558.758), (-67.2209, -552.956), (-62.8392, -471.165), (-46.3621, -466.638), (-4.42424, -508.576), (-41.4008, -558.758)))
(((-97.0803, 625), (20.8516, 625), (7.90193, 507.158), (-14.529, 499.132), (-85.3792, 512.729), (-132.394, 555.866), (-113.902, 612.779), (-97.0803, 625)))
(((-12.9412, -437.48), (-24.3101, -441.319), (-53.3238, -395.906), (-28.9402, -369.084), (-7.98864, -373.574), (2.95293, -410.306), (-12.9412, -437.48)))
(((-90.013, 195.763), (-98.9017, 202.221), (-115.959, 254.719), (-27.6613, 307.469), (13.0234, 291.525), (14.2826, 212.199), (2.34952, 197.945), (-90.013, 195.763)))
(((7.21951, -198.634), (-9.75, -226.917), (-27.6314, -229.698), (-30.0882, -227.5), (-37.2612, -192.66), (-13.5976, -178.199), (-3.35347, -180.131), (7.21951, -198.634)))
(((-52.4167, -53), (-30, -53), (-30, -49.9333), (5.74699, -55.494), (19.1477, -82.2955), (11.9144, -93.6342), (-22.4881, -101.518), (-52.4943, -55.7944), (-52.4167, -53)))
(((-65.3165, 53), (-95.9017, 75.2215), (-115, 134), (-95.9017, 192.779), (-91.8531, 195.72), (2.34952, 197.945), (27.5202, 159.96), (-1.12286, 87.0509), (-61.2553, 53), (-65.3165, 53)))
(((-7.98864, -373.574), (-28.9402, -369.084), (-41.4765, -347.387), (-26.8918, -311.735), (-25.0333, -310.852), (0.315534, -317.893), (7.45122, -360.707), (-7.98864, -373.574)))
(((22.4316, -261.904), (-19.1101, -273.621), (-32.732, -259.573), (-27.6314, -229.698), (-9.75, -226.917), (24.8731, -256.41), (22.4316, -261.904)))
(((-30, 31.7593), (-11.8219, 22.3336), (10.8487, -43.4111), (5.74699, -55.494), (-30, -49.9333), (-30, 31.7593)))
(((-3.35347, -180.131), (-13.5976, -178.199), (-34.0101, -139.775), (-32.7381, -136.595), (1.61017, -137.78), (15.9358, -158.847), (-3.35347, -180.131)))
(((15.6667, -109.667), (1.61017, -137.78), (-32.7381, -136.595), (-34.6931, -120.956), (-22.4881, -101.518), (11.9144, -93.6342), (15.6667, -109.667)))
(((34.8019, -482.903), (8.04691, -508.384), (-4.42424, -508.576), (-46.3621, -466.638), (-24.3101, -441.319), (-12.9412, -437.48), (32.5677, -464.192), (34.8019, -482.903)))
(((27.5615, -582.732), (-4.64744, -593.704), (-41.4008, -558.758), (-4.42424, -508.576), (8.04691, -508.384), (35.4266, -554.81), (27.5615, -582.732)))
(((26.3686, -306.495), (0.315534, -317.893), (-25.0333, -310.852), (-19.1101, -273.621), (22.4316, -261.904), (30.4904, -300), (26.3686, -306.495)))
(((85.7022, 422.983), (33.6465, 391.143), (-24.4199, 388.504), (-32.672, 393.902), (-14.529, 499.132), (7.90193, 507.158), (44.414, 487.98), (86.9931, 437.92), (85.7022, 422.983)))
(((43.932, 305.92), (13.0234, 291.525), (-27.6613, 307.469), (-24.4199, 388.504), (33.6465, 391.143), (43.932, 305.92)))
(((24.8731, -256.41), (-9.75, -226.917), (7.21951, -198.634), (24.5567, -203.588), (34.1402, -218.399), (28.875, -253.5), (24.8731, -256.41)))
(((18.6033, -158.441), (15.9358, -158.847), (1.61017, -137.78), (15.6667, -109.667), (41.9898, -135.99), (18.6033, -158.441)))
(((36.4385, -29.2925), (10.8487, -43.4111), (-11.8219, 22.3336), (23.0328, 15.9517), (36.4385, -29.2925)))
(((53.0711, -380.304), (12.5145, -409.031), (2.95293, -410.306), (-7.98864, -373.574), (7.45122, -360.707), (38.7235, -361.359), (53.107, -379.852), (53.0711, -380.304)))
(((38.7235, -361.359), (7.45122, -360.707), (0.315534, -317.893), (26.3686, -306.495), (44.104, -343.148), (38.7235, -361.359)))
(((24.5567, -203.588), (7.21951, -198.634), (-3.35347, -180.131), (15.9358, -158.847), (18.6033, -158.441), (45.6758, -180.357), (24.5567, -203.588)))
(((32.5677, -464.192), (-12.9412, -437.48), (2.95293, -410.306), (12.5145, -409.031), (45.625, -426.375), (42.596, -453.636), (32.5677, -464.192)))
(((66.5895, -724.426), (62.9017, -727.106), (1.0983, -727.106), (-39.6379, -697.509), (-4.64744, -593.704), (27.5615, -582.732), (76.1177, -610.087), (66.5895, -724.426)))
(((-30, 31.7593), (-30, 53), (-61.2553, 53), (-1.12286, 87.0509), (62.6496, 77.6419), (75.4565, 55.5501), (47.0217, 21.2826), (23.0328, 15.9517), (-11.8219, 22.3336), (-30, 31.7593)))
(((56.5262, -78.7356), (19.1477, -82.2955), (5.74699, -55.494), (10.8487, -43.4111), (36.4385, -29.2925), (51.5311, -33.7795), (56.5262, -78.7356)))
(((64.3615, -407.638), (45.625, -426.375), (12.5145, -409.031), (53.0711, -380.304), (64.3615, -407.638)))
(((90.1867, -514.059), (35.4266, -554.81), (8.04691, -508.384), (34.8019, -482.903), (89.5408, -512.462), (90.1867, -514.059)))
(((61.275, -82.275), (59.9073, -135.617), (41.9898, -135.99), (15.6667, -109.667), (11.9144, -93.6342), (19.1477, -82.2955), (56.5262, -78.7356), (58.7162, -79.7162), (61.275, -82.275)))
(((79.7961, 126.632), (62.6496, 77.6419), (-1.12286, 87.0509), (27.5202, 159.96), (77.8353, 142.317), (79.7961, 126.632)))
(((62.9712, -138.094), (50.1345, -179.813), (45.6758, -180.357), (18.6033, -158.441), (41.9898, -135.99), (59.9073, -135.617), (62.9712, -138.094)))
(((79.3194, 232.69), (14.2826, 212.199), (13.0234, 291.525), (43.932, 305.92), (88.7588, 292.472), (79.3194, 232.69)))
(((74.4432, -16.4218), (51.5311, -33.7795), (36.4385, -29.2925), (23.0328, 15.9517), (47.0217, 21.2826), (74.4432, -16.4218)))
(((66.5295, -211.458), (34.1402, -218.399), (24.5567, -203.588), (45.6758, -180.357), (50.1345, -179.813), (68.93, -191.774), (66.5295, -211.458)))
(((79.324, -326.796), (44.104, -343.148), (26.3686, -306.495), (30.4904, -300), (50.4211, -300), (81.291, -321.723), (79.324, -326.796)))
(((76.0031, -271.408), (50.4211, -300), (30.4904, -300), (22.4316, -261.904), (24.8731, -256.41), (28.875, -253.5), (63.4189, -253.5), (76.0031, -271.408)))
(((63.4189, -253.5), (28.875, -253.5), (34.1402, -218.399), (66.5295, -211.458), (78.3611, -229.463), (63.4189, -253.5)))
(((108.316, 625), (123.865, 613.703), (113.281, 584.393), (44.414, 487.98), (7.90193, 507.158), (20.8516, 625), (108.316, 625)))
(((94.4189, -447.539), (42.596, -453.636), (45.625, -426.375), (64.3615, -407.638), (97.0364, -423.233), (94.4189, -447.539)))
(((88.5955, -363.882), (53.107, -379.852), (38.7235, -361.359), (44.104, -343.148), (79.324, -326.796), (88.5955, -363.882)))
(((89.5408, -512.462), (34.8019, -482.903), (32.5677, -464.192), (42.596, -453.636), (94.4189, -447.539), (100.896, -462.173), (89.5408, -512.462)))
(((85.3371, -183.138), (68.93, -191.774), (50.1345, -179.813), (62.9712, -138.094), (76.9931, -141.153), (88.9791, -155.459), (85.3371, -183.138)))
(((117.123, 173.396), (77.8353, 142.317), (27.5202, 159.96), (2.34952, 197.945), (14.2826, 212.199), (79.3194, 232.69), (112.863, 203.545), (117.123, 173.396)))
(((137.78, 365.054), (106.023, 302.23), (88.7588, 292.472), (43.932, 305.92), (33.6465, 391.143), (85.7022, 422.983), (137.78, 365.054)))
(((100.77, -30.2406), (58.7162, -79.7162), (56.5262, -78.7356), (51.5311, -33.7795), (74.4432, -16.4218), (90.8907, -18.7303), (100.942, -29.2286), (100.77, -30.2406)))
(((117.559, -586.71), (76.1177, -610.087), (27.5615, -582.732), (35.4266, -554.81), (90.1867, -514.059), (98.856, -520.314), (117.559, -586.71)))
(((105.646, -287.117), (94.4075, -313.169), (81.291, -321.723), (50.4211, -300), (76.0031, -271.408), (103.687, -282.997), (105.646, -287.117)))
(((109.516, 41.8016), (90.8907, -18.7303), (74.4432, -16.4218), (47.0217, 21.2826), (75.4565, 55.5501), (107.83, 46.5346), (109.516, 41.8016)))
(((102.987, -114.076), (76.9931, -141.153), (62.9712, -138.094), (59.9073, -135.617), (61.275, -82.275), (103.481, -91.3782), (102.987, -114.076)))
(((97.0364, -423.233), (64.3615, -407.638), (53.0711, -380.304), (53.107, -379.852), (88.5955, -363.882), (95.539, -366.433), (109.167, -412.768), (97.0364, -423.233)))
(((102.079, -228.431), (78.3611, -229.463), (66.5295, -211.458), (68.93, -191.774), (85.3371, -183.138), (114.555, -199.076), (102.079, -228.431)))
(((103.687, -282.997), (76.0031, -271.408), (63.4189, -253.5), (78.3611, -229.463), (102.079, -228.431), (115.659, -246.226), (103.687, -282.997)))
(((103.481, -91.3782), (61.275, -82.275), (58.7162, -79.7162), (100.77, -30.2406), (113.893, -84.3702), (103.481, -91.3782)))
(((86.9931, 437.92), (44.414, 487.98), (113.281, 584.393), (109.849, 457.399), (86.9931, 437.92)))
(((107.83, 46.5346), (75.4565, 55.5501), (62.6496, 77.6419), (79.7961, 126.632), (146.408, 83.6564), (107.83, 46.5346)))
(((118.872, -356.86), (95.539, -366.433), (88.5955, -363.882), (79.324, -326.796), (81.291, -321.723), (94.4075, -313.169), (125.776, -340.616), (118.872, -356.86)))
(((113.064, -154.79), (88.9791, -155.459), (76.9931, -141.153), (102.987, -114.076), (123.604, -132.899), (113.064, -154.79)))
(((133.928, -190.552), (114.555, -199.076), (85.3371, -183.138), (88.9791, -155.459), (113.064, -154.79), (132.614, -176.89), (133.928, -190.552)))
(((66.8856, -720.873), (76.1177, -610.087), (117.559, -586.71), (207.018, -611.357), (216, -639), (196.902, -697.779), (146.902, -734.106), (85.0983, -734.106), (66.8856, -720.873)))
(((141.406, -407.483), (109.167, -412.768), (95.539, -366.433), (118.872, -356.86), (152.287, -393.313), (141.406, -407.483)))
(((149.46, -22.389), (145.812, -24.2431), (100.942, -29.2286), (90.8907, -18.7303), (109.516, 41.8016), (155.934, 0.269461), (149.46, -22.389)))
(((158.778, 88.2217), (146.408, 83.6564), (79.7961, 126.632), (77.8353, 142.317), (117.123, 173.396), (134.909, 164.726), (163.84, 104.72), (158.778, 88.2217)))
(((166.736, 247.317), (112.863, 203.545), (79.3194, 232.69), (88.7588, 292.472), (106.023, 302.23), (166.05, 251.338), (166.736, 247.317)))
(((153.966, -327.552), (125.776, -340.616), (94.4075, -313.169), (105.646, -287.117), (139.714, -293.797), (153.966, -327.552)))
(((129.118, -83.8627), (113.893, -84.3702), (100.77, -30.2406), (100.942, -29.2286), (145.812, -24.2431), (129.118, -83.8627)))
(((145.949, -129.175), (123.604, -132.899), (102.987, -114.076), (103.481, -91.3782), (113.893, -84.3702), (129.118, -83.8627), (157.657, -96.2472), (145.949, -129.175)))
(((162.222, -460.678), (100.896, -462.173), (94.4189, -447.539), (97.0364, -423.233), (109.167, -412.768), (141.406, -407.483), (162.222, -460.678)))
(((151.489, -200.13), (143.378, -243.003), (115.659, -246.226), (102.079, -228.431), (114.555, -199.076), (133.928, -190.552), (151.489, -200.13)))
(((164.907, -504.641), (98.856, -520.314), (90.1867, -514.059), (89.5408, -512.462), (100.896, -462.173), (162.222, -460.678), (170.745, -467.178), (164.907, -504.641)))
(((123.649, 613.106), (160.902, 613.106), (171.925, 605.096), (186.218, 490.756), (109.849, 457.399), (113.281, 584.393), (123.649, 613.106)))
(((154.331, -145.521), (132.614, -176.89), (113.064, -154.79), (123.604, -132.899), (145.949, -129.175), (154.331, -145.521)))
(((147.243, -246.438), (145.733, -287.214), (139.714, -293.797), (105.646, -287.117), (103.687, -282.997), (115.659, -246.226), (143.378, -243.003), (147.243, -246.438)))
(((167.55, -385.799), (152.287, -393.313), (118.872, -356.86), (125.776, -340.616), (153.966, -327.552), (158.999, -329.733), (173.289, -370.079), (167.55, -385.799)))
(((207.705, -611.546), (117.559, -586.71), (98.856, -520.314), (164.907, -504.641), (216.861, -574.282), (221.168, -601.764), (207.705, -611.546)))
(((176.107, -76.0742), (162.752, -94.6226), (157.657, -96.2472), (129.118, -83.8627), (145.812, -24.2431), (149.46, -22.389), (174.997, -46.6804), (176.107, -76.0742)))
(((210, 33.8276), (155.934, 0.269461), (109.516, 41.8016), (107.83, 46.5346), (146.408, 83.6564), (158.778, 88.2217), (210, 37), (210, 33.8276)))
(((169.396, -198.109), (151.489, -200.13), (133.928, -190.552), (132.614, -176.89), (154.331, -145.521), (168.711, -150.441), (176.636, -193.235), (169.396, -198.109)))
(((195.602, -256.912), (186.052, -276.809), (145.733, -287.214), (147.243, -246.438), (188.655, -252.034), (195.602, -256.912)))
(((205.872, 187.487), (134.909, 164.726), (117.123, 173.396), (112.863, 203.545), (166.736, 247.317), (194.24, 225.924), (205.872, 187.487)))
(((211.996, 323.962), (166.05, 251.338), (106.023, 302.23), (137.78, 365.054), (143.848, 364.694), (211.996, 323.962)))
(((188.655, -252.034), (147.243, -246.438), (143.378, -243.003), (151.489, -200.13), (169.396, -198.109), (188.655, -252.034)))
(((191.513, -313.098), (158.999, -329.733), (153.966, -327.552), (139.714, -293.797), (145.733, -287.214), (186.052, -276.809), (191.948, -312.191), (191.513, -313.098)))
(((233.355, 446.742), (143.848, 364.694), (137.78, 365.054), (85.7022, 422.983), (86.9931, 437.92), (109.849, 457.399), (186.218, 490.756), (220.536, 468.106), (233.355, 446.742)))
(((204.152, -135.405), (168.711, -150.441), (154.331, -145.521), (145.949, -129.175), (157.657, -96.2472), (162.752, -94.6226), (203.114, -128.87), (204.152, -135.405)))
(((187.668, -459.551), (170.745, -467.178), (162.222, -460.678), (141.406, -407.483), (152.287, -393.313), (167.55, -385.799), (204.969, -413.417), (187.668, -459.551)))
(((248.139, 154.675), (163.84, 104.72), (134.909, 164.726), (205.872, 187.487), (248.139, 154.675)))
(((212.063, -144.421), (197.964, -190.242), (176.636, -193.235), (168.711, -150.441), (204.152, -135.405), (212.063, -144.421)))
(((210, -34.1154), (174.997, -46.6804), (149.46, -22.389), (155.934, 0.269461), (210, 33.8276), (210, -34.1154)))
(((206.591, -357.591), (173.289, -370.079), (158.999, -329.733), (191.513, -313.098), (211.97, -343.246), (206.591, -357.591)))
(((211.32, -253.149), (195.602, -256.912), (188.655, -252.034), (169.396, -198.109), (176.636, -193.235), (197.964, -190.242), (213.818, -201.163), (217.057, -248.676), (211.32, -253.149)))
(((221.968, -100.179), (203.114, -128.87), (162.752, -94.6226), (176.107, -76.0742), (212.533, -78.95), (221.968, -100.179)))
(((210, -34.1154), (210, -53), (229.833, -53), (212.533, -78.95), (176.107, -76.0742), (174.997, -46.6804), (210, -34.1154)))
(((223.424, -408.188), (204.969, -413.417), (167.55, -385.799), (173.289, -370.079), (206.591, -357.591), (229.828, -380.828), (223.424, -408.188)))
(((216.861, -574.282), (164.907, -504.641), (170.745, -467.178), (187.668, -459.551), (251.787, -478.908), (216.861, -574.282)))
(((295.353, 53), (210, 53), (210, 37), (158.778, 88.2217), (163.84, 104.72), (248.139, 154.675), (292.612, 145.438), (309, 95), (295.353, 53)))
(((256.227, 267.766), (194.24, 225.924), (166.736, 247.317), (166.05, 251.338), (211.996, 323.962), (215.014, 323.885), (256.227, 267.766)))
(((231.525, -301.977), (191.948, -312.191), (186.052, -276.809), (195.602, -256.912), (211.32, -253.149), (231.525, -301.977)))
(((286.453, 385.262), (215.014, 323.885), (211.996, 323.962), (143.848, 364.694), (233.355, 446.742), (259.327, 431.705), (286.453, 385.262)))
(((246.518, -328.248), (243.889, -331.98), (211.97, -343.246), (191.513, -313.098), (191.948, -312.191), (231.525, -301.977), (243.492, -307.822), (246.518, -328.248)))
(((251.787, -478.908), (187.668, -459.551), (204.969, -413.417), (223.424, -408.188), (235.531, -415.601), (254.441, -477.06), (251.787, -478.908)))
(((252.144, -189.301), (213.818, -201.163), (197.964, -190.242), (212.063, -144.421), (234.5, -148.5), (252.144, -189.301)))
(((247.458, -370.053), (229.828, -380.828), (206.591, -357.591), (211.97, -343.246), (243.889, -331.98), (247.458, -370.053)))
(((263.7, -128.284), (234.5, -148.5), (212.063, -144.421), (204.152, -135.405), (203.114, -128.87), (221.968, -100.179), (257.748, -101.096), (266.503, -116.272), (263.7, -128.284)))
(((201.577, 625), (266.423, 625), (314.68, 589.939), (220.536, 468.106), (186.218, 490.756), (172.113, 603.594), (201.577, 625)))
(((266.235, -53), (257.748, -101.096), (221.968, -100.179), (212.533, -78.95), (229.833, -53), (266.235, -53)))
(((289.256, 146.135), (248.139, 154.675), (205.872, 187.487), (194.24, 225.924), (256.227, 267.766), (332.668, 235.256), (336, 225), (316.902, 166.221), (289.256, 146.135)))
(((254.646, -192.401), (244.615, -240.546), (235.252, -248.089), (217.057, -248.676), (213.818, -201.163), (252.144, -189.301), (252.688, -189.526), (254.646, -192.401)))
(((267.251, -285.421), (243.492, -307.822), (231.525, -301.977), (211.32, -253.149), (217.057, -248.676), (235.252, -248.089), (267.86, -281.95), (267.251, -285.421)))
(((290.063, -388.934), (284.626, -403.659), (235.531, -415.601), (223.424, -408.188), (229.828, -380.828), (247.458, -370.053), (284.496, -379.55), (290.063, -388.934)))
(((292.661, -438.272), (266.817, -474.884), (254.441, -477.06), (235.531, -415.601), (284.626, -403.659), (292.661, -438.272)))
(((290.664, -224.872), (284.582, -234.1), (244.615, -240.546), (254.646, -192.401), (288.899, -213.694), (290.664, -224.872)))
(((287.06, -159.12), (252.688, -189.526), (252.144, -189.301), (234.5, -148.5), (263.7, -128.284), (287.06, -159.12)))
(((284.496, -379.55), (247.458, -370.053), (243.889, -331.98), (246.518, -328.248), (287.819, -338.838), (284.496, -379.55)))
(((286.25, -266.625), (267.86, -281.95), (235.252, -248.089), (244.615, -240.546), (284.582, -234.1), (286.25, -266.625)))
(((287.819, -338.838), (246.518, -328.248), (243.492, -307.822), (267.251, -285.421), (292.613, -309.768), (288.192, -338.5), (287.819, -338.838)))
(((330.464, 236.193), (256.227, 267.766), (215.014, 323.885), (286.453, 385.262), (358.022, 358.097), (373, 312), (353.902, 253.221), (330.464, 236.193)))
(((370.269, -540.717), (357.902, -578.779), (307.902, -615.106), (246.098, -615.106), (220.324, -596.38), (216.861, -574.282), (251.787, -478.908), (254.441, -477.06), (266.817, -474.884), (370.269, -540.717)))
(((313.675, 588.638), (358.902, 555.779), (365.452, 535.619), (259.327, 431.705), (233.355, 446.742), (220.536, 468.106), (313.675, 588.638)))
(((288.899, -213.694), (254.646, -192.401), (252.688, -189.526), (287.06, -159.12), (292.018, -160.092), (300.034, -200.172), (288.899, -213.694)))
(((337.214, -53), (311.649, -108.064), (266.503, -116.272), (257.748, -101.096), (266.235, -53), (337.214, -53)))
(((326.895, -148.719), (292.018, -160.092), (287.06, -159.12), (263.7, -128.284), (266.503, -116.272), (311.649, -108.064), (326.895, -148.719)))
(((322.945, -295.091), (292.613, -309.768), (267.251, -285.421), (267.86, -281.95), (286.25, -266.625), (320.691, -274.782), (324.402, -292.664), (322.945, -295.091)))
(((336.717, -248.665), (320.691, -274.782), (286.25, -266.625), (284.582, -234.1), (290.664, -224.872), (332.594, -239.217), (336.717, -248.665)))
(((350.167, -186.5), (300.034, -200.172), (292.018, -160.092), (326.895, -148.719), (366.273, -169.023), (350.167, -186.5)))
(((351.078, -382.729), (290.063, -388.934), (284.496, -379.55), (287.819, -338.838), (288.192, -338.5), (328.733, -338.5), (364.579, -364.728), (351.078, -382.729)))
(((328.733, -338.5), (288.192, -338.5), (292.613, -309.768), (322.945, -295.091), (328.733, -338.5)))
(((369.906, -540.486), (266.817, -474.884), (292.661, -438.272), (352.84, -444.412), (397.398, -509.939), (392.902, -523.779), (369.906, -540.486)))
(((352.84, -444.412), (292.661, -438.272), (284.626, -403.659), (290.063, -388.934), (351.078, -382.729), (352.84, -444.412)))
(((332.594, -239.217), (290.664, -224.872), (288.899, -213.694), (300.034, -200.172), (350.167, -186.5), (332.594, -239.217)))
(((400, 512.066), (400, 385.934), (360.429, 357.184), (286.453, 385.262), (259.327, 431.705), (366.359, 536.508), (400, 512.066)))
(((400, -329.678), (400, -348.102), (364.579, -364.728), (328.733, -338.5), (322.945, -295.091), (324.402, -292.664), (372.501, -302.79), (400, -329.678)))
(((337.214, -53), (400, -53), (400, -163.554), (366.273, -169.023), (326.895, -148.719), (311.649, -108.064), (337.214, -53)))
(((372.501, -302.79), (324.402, -292.664), (320.691, -274.782), (336.717, -248.665), (363.082, -254.351), (372.501, -302.79)))
(((400, -233.375), (363.082, -254.351), (336.717, -248.665), (332.594, -239.217), (350.167, -186.5), (366.273, -169.023), (400, -163.554), (400, -233.375)))
(((400, -329.678), (372.501, -302.79), (363.082, -254.351), (400, -233.375), (400, -329.678)))
(((400, -348.102), (400, -509.106), (396.832, -509.106), (352.84, -444.412), (351.078, -382.729), (364.579, -364.728), (400, -348.102)))
