(((-225, -89.4239), (-175.414, -116.373), (-174.911, -118.095), (-188.558, -149.482), (-225, -164.667), (-225, -89.4239)))
(((-225, -273.189), (-182.786, -277.171), (-177.659, -281.273), (-173.859, -290.856), (-208.414, -344.416), (-213.89, -347.572), (-225, -348.977), (-225, -273.189)))
(((-225, -445.078), (-220.377, -447.23), (-170.392, -511.496), (-177.602, -521.282), (-225, -528.688), (-225, -445.078)))
(((-225, -211.261), (-179.988, -244.53), (-182.786, -277.171), (-225, -273.189), (-225, -211.261)))
(((-225, 550.844), (-225, 625), (-101.473, 625), (-96.5378, 609.811), (-225, 550.844)))
(((-225, -348.977), (-213.89, -347.572), (-171, -382.804), (-171, -406.644), (-225, -429.444), (-225, -348.977)))
(((-225, -528.688), (-177.602, -521.282), (-155.275, -568.981), (-162.394, -579.226), (-225, -598.655), (-225, -528.688)))
(((-225, -164.667), (-188.558, -149.482), (-157.671, -178.162), (-167.025, -199.421), (-225, -206.52), (-225, -164.667)))
(((-148.649, -496.354), (-170.392, -511.496), (-220.377, -447.23), (-158.713, -459.843), (-146.881, -471.963), (-148.649, -496.354)))
(((-225, -89.4239), (-225, -53), (-152.963, -53), (-147.957, -75.6954), (-175.414, -116.373), (-225, -89.4239)))
(((-225, -211.261), (-225, -206.52), (-167.025, -199.421), (-152.634, -222.874), (-152.838, -225.734), (-179.988, -244.53), (-225, -211.261)))
(((-225, -445.078), (-225, -429.444), (-171, -406.644), (-154.637, -415.008), (-158.713, -459.843), (-220.377, -447.23), (-225, -445.078)))
(((-225, -598.655), (-162.394, -579.226), (-129.705, -658.064), (-132.039, -659.931), (-225, -672.817), (-225, -598.655)))
(((-141.428, -339.264), (-208.414, -344.416), (-173.859, -290.856), (-163.512, -297.353), (-136.49, -327.978), (-141.428, -339.264)))
(((-137.656, -360.178), (-171, -382.804), (-213.89, -347.572), (-208.414, -344.416), (-141.428, -339.264), (-137.656, -360.178)))
(((-225, 466.309), (-225, 550.844), (-97.9892, 609.144), (-85.0983, 599.779), (-67.7014, 546.236), (-169.134, 445.894), (-196.902, 445.894), (-225, 466.309)))
(((-136.551, -253.867), (-177.659, -281.273), (-182.786, -277.171), (-179.988, -244.53), (-152.838, -225.734), (-136.551, -253.867)))
(((-132.363, -166.014), (-157.671, -178.162), (-188.558, -149.482), (-174.911, -118.095), (-140.696, -134.763), (-132.363, -166.014)))
(((-202.811, -800), (-225, -783.879), (-225, -672.817), (-132.039, -659.931), (-118.484, -800), (-202.811, -800)))
(((-122.25, -408.26), (-154.637, -415.008), (-171, -406.644), (-171, -382.804), (-137.656, -360.178), (-123.464, -375.461), (-122.25, -408.26)))
(((-123.697, -275.914), (-163.512, -297.353), (-173.859, -290.856), (-177.659, -281.273), (-136.551, -253.867), (-127.642, -257.503), (-123.697, -275.914)))
(((-111.299, -560.605), (-155.275, -568.981), (-177.602, -521.282), (-170.392, -511.496), (-148.649, -496.354), (-138.922, -502.075), (-110.193, -545.793), (-111.299, -560.605)))
(((-116.239, -111.212), (-140.696, -134.763), (-174.911, -118.095), (-175.414, -116.373), (-147.957, -75.6954), (-130.396, -87.403), (-116.239, -111.212)))
(((-107.95, -449.112), (-146.881, -471.963), (-158.713, -459.843), (-154.637, -415.008), (-122.25, -408.26), (-118.603, -411.469), (-107.95, -449.112)))
(((-123.246, -321.127), (-136.49, -327.978), (-163.512, -297.353), (-123.697, -275.914), (-110.709, -296.576), (-123.246, -321.127)))
(((-115.711, -208.582), (-152.634, -222.874), (-167.025, -199.421), (-157.671, -178.162), (-132.363, -166.014), (-114.859, -171.943), (-115.711, -208.582)))
(((-129.705, -658.064), (-162.394, -579.226), (-155.275, -568.981), (-111.299, -560.605), (-92.3035, -578.617), (-124.622, -656.476), (-129.705, -658.064)))
(((-108.179, -246.798), (-127.642, -257.503), (-136.551, -253.867), (-152.838, -225.734), (-152.634, -222.874), (-115.711, -208.582), (-104.048, -220.634), (-108.179, -246.798)))
(((-114.859, -171.943), (-132.363, -166.014), (-140.696, -134.763), (-116.239, -111.212), (-107.109, -113.261), (-95.5655, -165.205), (-114.859, -171.943)))
(((-84, -53), (-92.7258, -70.4516), (-130.396, -87.403), (-147.957, -75.6954), (-152.963, -53), (-84, -53)))
(((-89.8252, -456.837), (-94.6106, -494.163), (-138.922, -502.075), (-148.649, -496.354), (-146.881, -471.963), (-107.95, -449.112), (-89.8252, -456.837)))
(((-81.7073, -513.237), (-110.193, -545.793), (-138.922, -502.075), (-94.6106, -494.163), (-81.7073, -513.237)))
(((-84.8801, -362.948), (-123.464, -375.461), (-137.656, -360.178), (-141.428, -339.264), (-136.49, -327.978), (-123.246, -321.127), (-85.9091, -339.795), (-84.8801, -362.948)))
(((-90.0256, -106.905), (-107.109, -113.261), (-116.239, -111.212), (-130.396, -87.403), (-92.7258, -70.4516), (-90.0256, -106.905)))
(((-84.1965, -289.66), (-110.709, -296.576), (-123.697, -275.914), (-127.642, -257.503), (-108.179, -246.798), (-73.2768, -263.223), (-84.1965, -289.66)))
(((-118.484, -800), (-132.039, -659.931), (-129.705, -658.064), (-124.622, -656.476), (-59.3132, -669.537), (-52.3171, -678.204), (-103.846, -800), (-118.484, -800)))
(((-81.4284, -365.868), (-74.754, -400.194), (-118.603, -411.469), (-122.25, -408.26), (-123.464, -375.461), (-84.8801, -362.948), (-81.4284, -365.868)))
(((-69.7129, -191.804), (-84.3703, -216.808), (-104.048, -220.634), (-115.711, -208.582), (-114.859, -171.943), (-95.5655, -165.205), (-85.2273, -165.955), (-75.3609, -173.354), (-69.7129, -191.804)))
(((-61.4078, -318.357), (-85.9091, -339.795), (-123.246, -321.127), (-110.709, -296.576), (-84.1965, -289.66), (-61.4078, -318.357)))
(((-62.9211, -121.342), (-85.2273, -165.955), (-95.5655, -165.205), (-107.109, -113.261), (-90.0256, -106.905), (-66.688, -112.61), (-62.9211, -121.342)))
(((-74.3216, -453.783), (-89.8252, -456.837), (-107.95, -449.112), (-118.603, -411.469), (-74.754, -400.194), (-53.493, -413.862), (-74.3216, -453.783)))
(((-67.7565, -260.098), (-73.2768, -263.223), (-108.179, -246.798), (-104.048, -220.634), (-84.3703, -216.808), (-62.0573, -242.644), (-67.7565, -260.098)))
(((-37.1295, -606.844), (-59.3132, -669.537), (-124.622, -656.476), (-92.3035, -578.617), (-51.4676, -579.638), (-37.1295, -606.844)))
(((-84, -53), (-55.5593, -53), (-47.8324, -79.8171), (-66.688, -112.61), (-90.0256, -106.905), (-92.7258, -70.4516), (-84, -53)))
(((-51.4676, -579.638), (-92.3035, -578.617), (-111.299, -560.605), (-110.193, -545.793), (-81.7073, -513.237), (-76.2564, -513.451), (-44.4391, -567.295), (-51.4676, -579.638)))
(((-45.9251, -497.487), (-76.2564, -513.451), (-81.7073, -513.237), (-94.6106, -494.163), (-89.8252, -456.837), (-74.3216, -453.783), (-49.6688, -473.153), (-45.9251, -497.487)))
(((-140.782, 378.963), (-154.902, 389.221), (-172.299, 442.764), (-70.866, 543.106), (-43.0983, 543.106), (-30.5, 533.952), (-30.5, 401.16), (-44.4951, 390.104), (-140.782, 378.963)))
(((-62.0573, -242.644), (-84.3703, -216.808), (-69.7129, -191.804), (-29.0767, -217.202), (-62.0573, -242.644)))
(((-31.8301, -361.218), (-81.4284, -365.868), (-84.8801, -362.948), (-85.9091, -339.795), (-61.4078, -318.357), (-40.4716, -320.486), (-25.8977, -354.297), (-31.8301, -361.218)))
(((-42.5921, -410.723), (-53.493, -413.862), (-74.754, -400.194), (-81.4284, -365.868), (-31.8301, -361.218), (-42.5921, -410.723)))
(((-96.1399, 235.7), (-140.902, 268.221), (-160, 327), (-143.207, 378.683), (-44.4951, 390.104), (-23.8178, 326.103), (-96.1399, 235.7)))
(((-40.4716, -320.486), (-61.4078, -318.357), (-84.1965, -289.66), (-73.2768, -263.223), (-67.7565, -260.098), (-38.1468, -275.303), (-30.3625, -305.025), (-40.4716, -320.486)))
(((-23.8099, -153.919), (-27.1281, -160.318), (-75.3609, -173.354), (-85.2273, -165.955), (-62.9211, -121.342), (-25.1299, -137.815), (-23.8099, -153.919)))
(((-44.4391, -567.295), (-76.2564, -513.451), (-45.9251, -497.487), (-32.8731, -506.567), (-26.3262, -550.524), (-44.4391, -567.295)))
(((-18.0408, -216.049), (-29.0767, -217.202), (-69.7129, -191.804), (-75.3609, -173.354), (-27.1281, -160.318), (-16.0043, -214.701), (-18.0408, -216.049)))
(((-103.846, -800), (-52.3171, -678.204), (-2.47342, -695.565), (12.0864, -731.405), (-11.005, -800), (-103.846, -800)))
(((-9.59195, -450.757), (-49.6688, -473.153), (-74.3216, -453.783), (-53.493, -413.862), (-42.5921, -410.723), (-22.2962, -420.509), (-9.59195, -450.757)))
(((-18.0408, -216.049), (-19.158, -258.505), (-38.1468, -275.303), (-67.7565, -260.098), (-62.0573, -242.644), (-29.0767, -217.202), (-18.0408, -216.049)))
(((-25.1299, -137.815), (-62.9211, -121.342), (-66.688, -112.61), (-47.8324, -79.8171), (-19.5431, -93.2545), (-21.8466, -133.566), (-25.1299, -137.815)))
(((1.78135, -493.238), (-32.8731, -506.567), (-45.9251, -497.487), (-49.6688, -473.153), (-9.59195, -450.757), (3.91607, -458.371), (1.78135, -493.238)))
(((-55.5593, -53), (-30, -53), (-30, -29.0769), (6.02753, -67.8758), (0.508403, -85.6158), (-19.5431, -93.2545), (-47.8324, -79.8171), (-55.5593, -53)))
(((4.82, -297.207), (-30.3625, -305.025), (-38.1468, -275.303), (-19.158, -258.505), (14.3241, -278.594), (4.82, -297.207)))
(((-86.8744, 225.663), (-95.9017, 232.221), (-96.7743, 234.907), (-23.8178, 326.103), (27.074, 308.246), (36.708, 279.676), (-6.19506, 233.313), (-86.8744, 225.663)))
(((6.49678, -401.588), (-22.2962, -420.509), (-42.5921, -410.723), (-31.8301, -361.218), (-25.8977, -354.297), (-10.4441, -356.373), (8.81181, -393.752), (6.49678, -401.588)))
(((-2.47342, -695.565), (-52.3171, -678.204), (-59.3132, -669.537), (-37.1295, -606.844), (-0.742454, -612.126), (10.9115, -678.165), (-2.47342, -695.565)))
(((24.1068, -527.499), (1.29936, -549.166), (-26.3262, -550.524), (-32.8731, -506.567), (1.78135, -493.238), (20.5672, -510.98), (24.1068, -527.499)))
(((-30, 25.8924), (-30, 53), (-99.1767, 53), (-106, 74), (-89.0508, 126.164), (-30.0732, 124.996), (33.9191, 79.4909), (12.0829, 36.5463), (-30, 25.8924)))
(((21.6067, -340.989), (-10.4441, -356.373), (-25.8977, -354.297), (-40.4716, -320.486), (-30.3625, -305.025), (4.82, -297.207), (25.75, -334.083), (21.6067, -340.989)))
(((21.5041, -602.195), (-0.742454, -612.126), (-37.1295, -606.844), (-51.4676, -579.638), (-44.4391, -567.295), (-26.3262, -550.524), (1.29936, -549.166), (22.7802, -584.967), (21.5041, -602.195)))
(((-88.1264, 126.146), (-104, 175), (-87.5598, 225.598), (-6.19506, 233.313), (38.8575, 186.592), (27.5638, 155.873), (-30.0732, 124.996), (-88.1264, 126.146)))
(((25.9444, -120.125), (-21.8466, -133.566), (-19.5431, -93.2545), (0.508403, -85.6158), (24.5156, -110.48), (25.9444, -120.125)))
(((22.9481, -172.073), (-7.42135, -214.59), (-16.0043, -214.701), (-27.1281, -160.318), (-23.8099, -153.919), (19.7811, -163.166), (22.9481, -172.073)))
(((16.8448, -276.948), (14.3241, -278.594), (-19.158, -258.505), (-18.0408, -216.049), (-16.0043, -214.701), (-7.42135, -214.59), (-5.33898, -215.576), (24.1037, -252.38), (16.8448, -276.948)))
(((56.1812, 376.856), (27.074, 308.246), (-23.8178, 326.103), (-44.4951, 390.104), (-30.5, 401.16), (47.6667, 394.907), (56.1812, 376.856)))
(((34.6532, -129.922), (19.7811, -163.166), (-23.8099, -153.919), (-25.1299, -137.815), (-21.8466, -133.566), (25.9444, -120.125), (34.6532, -129.922)))
(((5.17402, -457.98), (3.91607, -458.371), (-9.59195, -450.757), (-22.2962, -420.509), (6.49678, -401.588), (34.1427, -427.977), (5.17402, -457.98)))
(((-30, -29.0769), (-30, -18.5395), (39.5169, -27.6864), (24.1227, -60.1853), (6.02753, -67.8758), (-30, -29.0769)))
(((-30.5, 533.952), (-17.9017, 543.106), (13.835, 543.106), (78.5838, 455.504), (47.6667, 394.907), (-30.5, 401.16), (-30.5, 533.952)))
(((-30, -18.5395), (-30, 25.8924), (12.0829, 36.5463), (50.2208, 6.19163), (50.776, -14.0753), (43.4262, -25.3828), (39.5169, -27.6864), (-30, -18.5395)))
(((43.5555, -381.013), (8.81181, -393.752), (-10.4441, -356.373), (21.6067, -340.989), (43.5555, -381.013)))
(((65.238, -648.091), (10.9115, -678.165), (-0.742454, -612.126), (21.5041, -602.195), (58.7056, -622.942), (65.238, -648.091)))
(((24.5156, -110.48), (0.508403, -85.6158), (6.02753, -67.8758), (24.1227, -60.1853), (47.1598, -82.1753), (24.5156, -110.48)))
(((61.7737, 89.5185), (33.9191, 79.4909), (-30.0732, 124.996), (27.5638, 155.873), (73.0475, 100.119), (61.7737, 89.5185)))
(((20.5672, -510.98), (1.78135, -493.238), (3.91607, -458.371), (5.17402, -457.98), (57.4675, -477.155), (20.5672, -510.98)))
(((50.4377, -210.506), (-5.33898, -215.576), (-7.42135, -214.59), (22.9481, -172.073), (38.3816, -179.361), (50.4377, -210.506)))
(((56.0477, -424.472), (34.1427, -427.977), (6.49678, -401.588), (8.81181, -393.752), (43.5555, -381.013), (51.6927, -384.476), (58.4841, -407.114), (56.0477, -424.472)))
(((56.9808, -214.577), (49.9776, -242.59), (24.1037, -252.38), (-5.33898, -215.576), (50.4377, -210.506), (56.9808, -214.577)))
(((55.7444, -559.914), (22.7802, -584.967), (1.29936, -549.166), (24.1068, -527.499), (41.9307, -533.668), (55.7444, -559.914)))
(((51, -325.667), (25.75, -334.083), (4.82, -297.207), (14.3241, -278.594), (16.8448, -276.948), (51, -288.333), (51, -325.667)))
(((66, -475.417), (57.4675, -477.155), (5.17402, -457.98), (34.1427, -427.977), (56.0477, -424.472), (66, -436.083), (66, -475.417)))
(((71.6842, -273.395), (51, -288.333), (16.8448, -276.948), (24.1037, -252.38), (49.9776, -242.59), (71.9748, -267.971), (71.6842, -273.395)))
(((69.5651, -161.17), (38.3816, -179.361), (22.9481, -172.073), (19.7811, -163.166), (34.6532, -129.922), (42.4343, -130.878), (70.2575, -152.342), (69.5651, -161.17)))
(((72.5583, -79.7564), (47.1598, -82.1753), (24.1227, -60.1853), (39.5169, -27.6864), (43.4262, -25.3828), (73.4164, -73.0142), (72.5583, -79.7564)))
(((88.7695, -504.394), (41.9307, -533.668), (24.1068, -527.499), (20.5672, -510.98), (57.4675, -477.155), (66, -475.417), (90.3669, -495.722), (88.7695, -504.394)))
(((83.7778, -585.333), (58.7056, -622.942), (21.5041, -602.195), (22.7802, -584.967), (55.7444, -559.914), (78.5086, -569.526), (83.7778, -585.333)))
(((70.5881, -366.761), (51.6927, -384.476), (43.5555, -381.013), (21.6067, -340.989), (25.75, -334.083), (51, -325.667), (68.8642, -332.283), (70.5881, -366.761)))
(((78.4441, -98.1417), (42.4343, -130.878), (34.6532, -129.922), (25.9444, -120.125), (24.5156, -110.48), (47.1598, -82.1753), (72.5583, -79.7564), (80.5809, -91.4465), (78.4441, -98.1417)))
(((82.4502, -726.586), (12.0864, -731.405), (-2.47342, -695.565), (10.9115, -678.165), (65.238, -648.091), (83.5376, -659.168), (82.4502, -726.586)))
(((57.6165, 189.442), (38.8575, 186.592), (-6.19506, 233.313), (36.708, 279.676), (97.3492, 267.015), (57.6165, 189.442)))
(((76.1263, 24.9318), (50.2208, 6.19163), (12.0829, 36.5463), (33.9191, 79.4909), (61.7737, 89.5185), (76.1263, 24.9318)))
(((145.628, -800), (-11.005, -800), (12.0864, -731.405), (82.4502, -726.586), (151.675, -781.389), (145.628, -800)))
(((87.0288, -193.478), (60.0769, -213.692), (56.9808, -214.577), (50.4377, -210.506), (38.3816, -179.361), (69.5651, -161.17), (87.0288, -193.478)))
(((105.18, 120.024), (84.7775, 103.112), (73.0475, 100.119), (27.5638, 155.873), (38.8575, 186.592), (57.6165, 189.442), (103.436, 166.532), (105.18, 120.024)))
(((98.9364, -536.024), (78.5086, -569.526), (55.7444, -559.914), (41.9307, -533.668), (88.7695, -504.394), (98.9364, -536.024)))
(((85.7423, -286.175), (79.2642, -328.283), (68.8642, -332.283), (51, -325.667), (51, -288.333), (71.6842, -273.395), (85.7423, -286.175)))
(((89.4361, -140.539), (70.2575, -152.342), (42.4343, -130.878), (78.4441, -98.1417), (89.4361, -140.539)))
(((107.058, 268.922), (97.3492, 267.015), (36.708, 279.676), (27.074, 308.246), (56.1812, 376.856), (100.482, 354.138), (134.236, 300.572), (107.058, 268.922)))
(((71.9748, -267.971), (49.9776, -242.59), (56.9808, -214.577), (60.0769, -213.692), (96.7372, -245.77), (71.9748, -267.971)))
(((99.034, -43.127), (73.4164, -73.0142), (43.4262, -25.3828), (50.776, -14.0753), (93.5238, -27.6295), (99.034, -43.127)))
(((97.9616, -395.099), (58.4841, -407.114), (51.6927, -384.476), (70.5881, -366.761), (105.041, -376.894), (97.9616, -395.099)))
(((101.387, -430.185), (66, -436.083), (56.0477, -424.472), (58.4841, -407.114), (97.9616, -395.099), (105.566, -419.6), (101.387, -430.185)))
(((118.157, 3.90097), (93.5238, -27.6295), (50.776, -14.0753), (50.2208, 6.19163), (76.1263, 24.9318), (115.356, 23.5052), (118.157, 3.90097)))
(((103.306, -244.019), (96.7372, -245.77), (60.0769, -213.692), (87.0288, -193.478), (88.7928, -193.684), (113.483, -216.878), (103.306, -244.019)))
(((115.356, 23.5052), (76.1263, 24.9318), (61.7737, 89.5185), (73.0475, 100.119), (84.7775, 103.112), (124.13, 35.1395), (115.356, 23.5052)))
(((105.041, -376.894), (70.5881, -366.761), (68.8642, -332.283), (79.2642, -328.283), (107.397, -331.8), (108.596, -374.969), (105.041, -376.894)))
(((139.544, 200.013), (103.436, 166.532), (57.6165, 189.442), (97.3492, 267.015), (107.058, 268.922), (139.544, 200.013)))
(((104.357, -489.345), (90.3669, -495.722), (66, -475.417), (66, -436.083), (101.387, -430.185), (125.777, -458.188), (104.357, -489.345)))
(((126.308, -160.338), (88.7928, -193.684), (87.0288, -193.478), (69.5651, -161.17), (70.2575, -152.342), (89.4361, -140.539), (114.32, -142.162), (126.308, -160.338)))
(((107.397, -331.8), (79.2642, -328.283), (85.7423, -286.175), (99.48, -287.66), (123.914, -321.257), (107.397, -331.8)))
(((83.5376, -659.168), (65.238, -648.091), (58.7056, -622.942), (83.7778, -585.333), (112.213, -591.895), (114.243, -652.787), (83.5376, -659.168)))
(((114.32, -142.162), (89.4361, -140.539), (78.4441, -98.1417), (80.5809, -91.4465), (110.826, -93.8661), (124.926, -111.05), (114.32, -142.162)))
(((125.848, -265.059), (99.48, -287.66), (85.7423, -286.175), (71.6842, -273.395), (71.9748, -267.971), (96.7372, -245.77), (103.306, -244.019), (125.848, -265.059)))
(((110.826, -93.8661), (80.5809, -91.4465), (72.5583, -79.7564), (73.4164, -73.0142), (99.034, -43.127), (130.125, -56.3406), (110.826, -93.8661)))
(((13.8156, 543.132), (21.6373, 567.204), (76.753, 566.091), (148.893, 496.957), (133.694, 458.306), (78.5838, 455.504), (13.8156, 543.132)))
(((10.2492, 625), (185.058, 625), (166.689, 591.273), (76.753, 566.091), (22.5357, 567.186), (7, 615), (10.2492, 625)))
(((134.284, -584.106), (112.213, -591.895), (83.7778, -585.333), (78.5086, -569.526), (98.9364, -536.024), (142.091, -551.078), (134.284, -584.106)))
(((168.115, 423.885), (100.482, 354.138), (56.1812, 376.856), (47.6667, 394.907), (78.5838, 455.504), (133.694, 458.306), (168.115, 423.885)))
(((152.858, -782.325), (82.4502, -726.586), (83.5376, -659.168), (114.243, -652.787), (197.946, -667.811), (208.853, -677.16), (214, -693), (194.902, -751.779), (152.858, -782.325)))
(((133.853, -408.993), (105.566, -419.6), (97.9616, -395.099), (105.041, -376.894), (108.596, -374.969), (139.831, -381.343), (133.853, -408.993)))
(((145.399, -301.316), (125.086, -321.108), (123.914, -321.257), (99.48, -287.66), (125.848, -265.059), (138.356, -267.511), (145.399, -301.316)))
(((127.736, -160.904), (138.165, -188.982), (121.978, -215.285), (113.483, -216.878), (88.7928, -193.684), (126.308, -160.338), (127.736, -160.904)))
(((154.548, -48.7611), (130.125, -56.3406), (99.034, -43.127), (93.5238, -27.6295), (118.157, 3.90097), (151.847, -26.816), (154.548, -48.7611)))
(((151.12, -544.629), (142.091, -551.078), (98.9364, -536.024), (88.7695, -504.394), (90.3669, -495.722), (104.357, -489.345), (157.946, -515.374), (151.12, -544.629)))
(((131.254, -456.636), (125.777, -458.188), (101.387, -430.185), (105.566, -419.6), (133.853, -408.993), (146.32, -430.809), (131.254, -456.636)))
(((143.384, -379.66), (139.831, -381.343), (108.596, -374.969), (107.397, -331.8), (123.914, -321.257), (125.086, -321.108), (149.156, -351.195), (150.806, -363.848), (143.384, -379.66)))
(((154.5, 45.4118), (124.13, 35.1395), (84.7775, 103.112), (105.18, 120.024), (154.5, 109.411), (154.5, 45.4118)))
(((197.946, -667.811), (114.243, -652.787), (112.213, -591.895), (134.284, -584.106), (182.843, -631.387), (197.946, -667.811)))
(((138.356, -267.511), (125.848, -265.059), (103.306, -244.019), (113.483, -216.878), (121.978, -215.285), (149.862, -230.098), (139.855, -266.122), (138.356, -267.511)))
(((176.456, 527.789), (148.893, 496.957), (76.753, 566.091), (166.689, 591.273), (176.456, 527.789)))
(((168.26, -83.54), (152.458, -108.122), (124.926, -111.05), (110.826, -93.8661), (130.125, -56.3406), (154.548, -48.7611), (160.652, -53.1083), (168.26, -83.54)))
(((157.946, -515.374), (104.357, -489.345), (125.777, -458.188), (131.254, -456.636), (163.388, -472.291), (175.443, -500.019), (157.946, -515.374)))
(((163.469, -151.375), (127.736, -160.904), (126.308, -160.338), (114.32, -142.162), (124.926, -111.05), (152.458, -108.122), (167.326, -135.628), (163.469, -151.375)))
(((165.217, 114.566), (154.5, 109.411), (105.18, 120.024), (103.436, 166.532), (139.544, 200.013), (182.585, 190.72), (165.217, 114.566)))
(((186.25, 416), (169.591, 316.046), (141.377, 301.657), (134.236, 300.572), (100.482, 354.138), (168.115, 423.885), (186.25, 416)))
(((174.549, -203.364), (167.855, -221.958), (149.862, -230.098), (121.978, -215.285), (138.165, -188.982), (172.443, -199.62), (174.549, -203.364)))
(((193.165, 27.2163), (151.847, -26.816), (118.157, 3.90097), (115.356, 23.5052), (124.13, 35.1395), (154.5, 45.4118), (193.165, 27.2163)))
(((175.412, -424.519), (146.32, -430.809), (133.853, -408.993), (139.831, -381.343), (143.384, -379.66), (176.433, -401.045), (175.412, -424.519)))
(((172.443, -199.62), (138.165, -188.982), (127.736, -160.904), (163.469, -151.375), (174.294, -163.512), (172.443, -199.62)))
(((189.76, -315.102), (149.156, -351.195), (125.086, -321.108), (145.399, -301.316), (187.514, -309.911), (189.76, -315.102)))
(((187.653, -437.809), (163.388, -472.291), (131.254, -456.636), (146.32, -430.809), (175.412, -424.519), (187.653, -437.809)))
(((182.585, 190.72), (139.544, 200.013), (107.058, 268.922), (134.236, 300.572), (141.377, 301.657), (217.72, 203.939), (182.585, 190.72)))
(((181.792, -263.417), (139.855, -266.122), (149.862, -230.098), (167.855, -221.958), (188.918, -249.165), (181.792, -263.417)))
(((182.843, -631.387), (134.284, -584.106), (142.091, -551.078), (151.12, -544.629), (188.954, -562.645), (182.843, -631.387)))
(((187.514, -309.911), (145.399, -301.316), (138.356, -267.511), (139.855, -266.122), (181.792, -263.417), (191.753, -297.829), (187.514, -309.911)))
(((200.725, -333.923), (190.656, -359.725), (150.806, -363.848), (149.156, -351.195), (189.76, -315.102), (196.39, -322.295), (200.725, -333.923)))
(((199.525, -385.65), (176.433, -401.045), (143.384, -379.66), (150.806, -363.848), (190.656, -359.725), (199.525, -385.65)))
(((205.311, -121.383), (167.326, -135.628), (152.458, -108.122), (168.26, -83.54), (195.781, -95.3347), (205.311, -121.383)))
(((275.177, 53), (210, 53), (210, 27.5745), (193.165, 27.2163), (154.5, 45.4118), (154.5, 109.411), (165.217, 114.566), (279.51, 81.6638), (282, 74), (275.177, 53)))
(((210, -40.5294), (160.652, -53.1083), (154.548, -48.7611), (151.847, -26.816), (193.165, 27.2163), (210, 27.5745), (210, -40.5294)))
(((213.142, -501.907), (216.446, -510.93), (211.515, -550.383), (188.954, -562.645), (151.12, -544.629), (157.946, -515.374), (175.443, -500.019), (212.811, -501.644), (213.142, -501.907)))
(((212.811, -501.644), (175.443, -500.019), (163.388, -472.291), (187.653, -437.809), (204.992, -441.341), (213.85, -448.659), (212.811, -501.644)))
(((223.133, -136.179), (211.88, -161.364), (174.294, -163.512), (163.469, -151.375), (167.326, -135.628), (205.311, -121.383), (220.022, -130.461), (223.133, -136.179)))
(((210.782, -201.754), (174.549, -203.364), (172.443, -199.62), (174.294, -163.512), (211.88, -161.364), (220.807, -190.058), (210.782, -201.754)))
(((221.22, 420.441), (186.25, 416), (168.115, 423.885), (133.694, 458.306), (148.893, 496.957), (176.456, 527.789), (260.503, 499.006), (221.22, 420.441)))
(((218.145, -243.186), (188.918, -249.165), (167.855, -221.958), (174.549, -203.364), (210.782, -201.754), (219.462, -240.332), (218.145, -243.186)))
(((275.148, 206.674), (217.72, 203.939), (141.377, 301.657), (169.591, 316.046), (285.062, 296.585), (295, 266), (275.902, 207.221), (275.148, 206.674)))
(((210, -40.5294), (210, -53), (245.478, -53), (195.781, -95.3347), (168.26, -83.54), (160.652, -53.1083), (210, -40.5294)))
(((204.992, -441.341), (187.653, -437.809), (175.412, -424.519), (176.433, -401.045), (199.525, -385.65), (219.778, -391.437), (204.992, -441.341)))
(((281.659, 81.0451), (165.217, 114.566), (182.585, 190.72), (217.72, 203.939), (271.288, 206.49), (281.902, 198.779), (301, 140), (281.902, 81.2215), (281.659, 81.0451)))
(((232.067, -273.12), (191.753, -297.829), (181.792, -263.417), (188.918, -249.165), (218.145, -243.186), (232.067, -273.12)))
(((244.792, -673.279), (240.902, -676.106), (207.623, -676.106), (197.946, -667.811), (182.843, -631.387), (188.954, -562.645), (211.515, -550.383), (234.538, -568.684), (244.792, -673.279)))
(((290.208, 295.718), (169.591, 316.046), (186.25, 416), (221.22, 420.441), (305.307, 340.558), (290.902, 296.221), (290.208, 295.718)))
(((237.285, -387.444), (219.778, -391.437), (199.525, -385.65), (190.656, -359.725), (200.725, -333.923), (221.627, -343.823), (237.652, -384.614), (237.285, -387.444)))
(((185.058, 625), (283.08, 625), (299.902, 612.779), (319, 554), (310.228, 527.002), (260.503, 499.006), (176.456, 527.789), (166.689, 591.273), (185.058, 625)))
(((245.478, -53), (255.823, -53), (256.959, -65.8219), (220.022, -130.461), (205.311, -121.383), (195.781, -95.3347), (245.478, -53)))
(((235.644, -274.803), (245.127, -306.699), (196.39, -322.295), (189.76, -315.102), (187.514, -309.911), (191.753, -297.829), (232.067, -273.12), (235.644, -274.803)))
(((255.646, -402.5), (241.564, -440.993), (213.85, -448.659), (204.992, -441.341), (219.778, -391.437), (237.285, -387.444), (255.646, -402.5)))
(((250.741, -311.222), (244.285, -335.432), (221.627, -343.823), (200.725, -333.923), (196.39, -322.295), (245.127, -306.699), (250.741, -311.222)))
(((252.93, -228.162), (219.462, -240.332), (210.782, -201.754), (220.807, -190.058), (243.16, -191.4), (255.464, -204.088), (252.93, -228.162)))
(((264.975, -155.041), (243.16, -191.4), (220.807, -190.058), (211.88, -161.364), (223.133, -136.179), (255.975, -142.495), (264.975, -155.041)))
(((268.802, -479.378), (213.142, -501.907), (212.811, -501.644), (213.85, -448.659), (241.564, -440.993), (269.041, -465.036), (268.802, -479.378)))
(((271.561, -546.905), (234.538, -568.684), (211.515, -550.383), (216.446, -510.93), (275.008, -537.549), (271.561, -546.905)))
(((237.652, -384.614), (221.627, -343.823), (244.285, -335.432), (260.144, -352.125), (237.652, -384.614)))
(((269.408, -263.83), (235.644, -274.803), (232.067, -273.12), (218.145, -243.186), (219.462, -240.332), (252.93, -228.162), (271.06, -244.416), (269.408, -263.83)))
(((275.151, -106.161), (255.975, -142.495), (223.133, -136.179), (220.022, -130.461), (256.959, -65.8219), (275.151, -106.161)))
(((280.943, -532.933), (275.008, -537.549), (216.446, -510.93), (213.142, -501.907), (268.802, -479.378), (287.495, -498.982), (280.943, -532.933)))
(((287.353, -280.778), (271.535, -310.749), (250.741, -311.222), (245.127, -306.699), (235.644, -274.803), (269.408, -263.83), (287.353, -280.778)))
(((310.461, -657.621), (291.902, -671.106), (244.579, -671.106), (234.538, -568.684), (271.561, -546.905), (310.461, -657.621)))
(((282.535, -326.15), (274.17, -349.851), (260.144, -352.125), (244.285, -335.432), (250.741, -311.222), (271.535, -310.749), (282.535, -326.15)))
(((290.915, -405.837), (291.675, -443.088), (269.041, -465.036), (241.564, -440.993), (255.646, -402.5), (288.483, -402.5), (290.915, -405.837)))
(((288.483, -402.5), (255.646, -402.5), (237.285, -387.444), (237.652, -384.614), (260.144, -352.125), (274.17, -349.851), (298.115, -376.669), (288.483, -402.5)))
(((294.972, -198.601), (255.464, -204.088), (243.16, -191.4), (264.975, -155.041), (278.063, -159.147), (294.972, -198.601)))
(((296.457, -199.475), (295.14, -229.093), (271.06, -244.416), (252.93, -228.162), (255.464, -204.088), (294.972, -198.601), (296.457, -199.475)))
(((299.08, -148.055), (278.063, -159.147), (264.975, -155.041), (255.975, -142.495), (275.151, -106.161), (308.267, -117.988), (299.08, -148.055)))
(((306.006, 339.894), (221.22, 420.441), (260.503, 499.006), (315.74, 530.106), (316.902, 530.106), (366.902, 493.779), (386, 435), (366.902, 376.221), (316.902, 339.894), (306.006, 339.894)))
(((324.589, -258.545), (314.357, -279.796), (287.353, -280.778), (269.408, -263.83), (271.06, -244.416), (295.14, -229.093), (321.968, -249.862), (324.589, -258.545)))
(((316.042, -364.844), (298.115, -376.669), (274.17, -349.851), (282.535, -326.15), (314.15, -327.004), (316.042, -364.844)))
(((330.515, -308.769), (314.15, -327.004), (282.535, -326.15), (271.535, -310.749), (287.353, -280.778), (314.357, -279.796), (330.515, -308.769)))
(((363.926, -632.659), (328.902, -658.106), (310.632, -658.106), (271.561, -546.905), (275.008, -537.549), (280.943, -532.933), (327.07, -549.024), (363.926, -632.659)))
(((339.675, -484.934), (287.495, -498.982), (268.802, -479.378), (269.041, -465.036), (291.675, -443.088), (323.877, -459.189), (339.675, -484.934)))
(((324.474, -53), (314.609, -115.476), (308.267, -117.988), (275.151, -106.161), (256.959, -65.8219), (255.823, -53), (324.474, -53)))
(((331.971, -189.423), (296.457, -199.475), (294.972, -198.601), (278.063, -159.147), (299.08, -148.055), (335.813, -173.033), (331.971, -189.423)))
(((350.277, -488.96), (327.07, -549.024), (280.943, -532.933), (287.495, -498.982), (339.675, -484.934), (350.277, -488.96)))
(((323.877, -459.189), (291.675, -443.088), (290.915, -405.837), (334.988, -416.331), (323.877, -459.189)))
(((344.724, -205.867), (321.968, -249.862), (295.14, -229.093), (296.457, -199.475), (331.971, -189.423), (344.724, -205.867)))
(((335.813, -173.033), (299.08, -148.055), (308.267, -117.988), (314.609, -115.476), (335.243, -122.939), (355.117, -150.35), (335.813, -173.033)))
(((356.206, -378.892), (340.629, -414.374), (334.988, -416.331), (290.915, -405.837), (288.483, -402.5), (298.115, -376.669), (316.042, -364.844), (348.888, -370.877), (356.206, -378.892)))
(((348.888, -370.877), (316.042, -364.844), (314.15, -327.004), (330.515, -308.769), (359.524, -314.661), (348.888, -370.877)))
(((389.978, -53), (335.243, -122.939), (314.609, -115.476), (324.474, -53), (389.978, -53)))
(((350.277, -488.96), (339.675, -484.934), (323.877, -459.189), (334.988, -416.331), (340.629, -414.374), (360.412, -429.69), (380.618, -484.535), (350.277, -488.96)))
(((400, -256.75), (324.589, -258.545), (321.968, -249.862), (344.724, -205.867), (400, -226.726), (400, -256.75)))
(((400, -300.979), (359.524, -314.661), (330.515, -308.769), (314.357, -279.796), (324.589, -258.545), (400, -256.75), (400, -300.979)))
(((400, -488.764), (400, -623.316), (387.902, -632.106), (363.682, -632.106), (327.07, -549.024), (350.277, -488.96), (380.618, -484.535), (400, -488.764)))
(((389.978, -53), (400, -53), (400, -145.797), (355.117, -150.35), (335.243, -122.939), (389.978, -53)))
(((400, -397.088), (360.412, -429.69), (340.629, -414.374), (356.206, -378.892), (400, -382.542), (400, -397.088)))
(((400, -226.726), (344.724, -205.867), (331.971, -189.423), (335.813, -173.033), (355.117, -150.35), (400, -145.797), (400, -226.726)))
(((400, -382.542), (356.206, -378.892), (348.888, -370.877), (359.524, -314.661), (400, -300.979), (400, -382.542)))
(((400, -488.764), (380.618, -484.535), (360.412, -429.69), (400, -397.088), (400, -488.764)))
