(((-225, -155.565), (-203.632, -157.454), (-152.901, -225.54), (-167.022, -274.548), (-225, -275.929), (-225, -155.565)))
(((-225, -275.929), (-167.022, -274.548), (-160.957, -279.708), (-153.382, -306.643), (-225, -371.1), (-225, -275.929)))
(((-225, -155.565), (-225, -53), (-156.936, -53), (-143.308, -111.229), (-179.943, -149.196), (-203.632, -157.454), (-225, -155.565)))
(((-225, -371.1), (-153.382, -306.643), (-121.489, -345.25), (-126.553, -364.029), (-150.394, -383.566), (-225, -396), (-225, -371.1)))
(((-225, -496.793), (-225, -396), (-150.394, -383.566), (-113.066, -450.445), (-201.826, -513.63), (-225, -496.793)))
(((-103.243, -199.313), (-119.91, -220.741), (-152.901, -225.54), (-203.632, -157.454), (-179.943, -149.196), (-117.993, -170.993), (-103.243, -199.313)))
(((-98.8723, -270.839), (-160.957, -279.708), (-167.022, -274.548), (-152.901, -225.54), (-119.91, -220.741), (-96.1171, -264.758), (-98.8723, -270.839)))
(((-99.9535, -53), (-111.12, -106.352), (-143.308, -111.229), (-156.936, -53), (-99.9535, -53)))
(((-82.2997, -318.071), (-121.489, -345.25), (-153.382, -306.643), (-160.957, -279.708), (-98.8723, -270.839), (-82.2997, -318.071)))
(((-108.121, -108.088), (-91.0424, -144.042), (-117.993, -170.993), (-179.943, -149.196), (-143.308, -111.229), (-111.12, -106.352), (-108.121, -108.088)))
(((-179.713, -558.181), (-189.902, -550.779), (-201.944, -513.715), (-113.066, -450.445), (-109.156, -450.492), (-63.9402, -508.835), (-179.713, -558.181)))
(((-54.9776, -409.858), (-109.156, -450.492), (-113.066, -450.445), (-150.394, -383.566), (-126.553, -364.029), (-55.6483, -408.345), (-54.9776, -409.858)))
(((-137.8, 625), (-70.2001, 625), (-34.2279, 598.865), (-49.5073, 500.398), (-186.412, 477.869), (-204, 532), (-184.902, 590.779), (-137.8, 625)))
(((-70.4793, -250.631), (-96.1171, -264.758), (-119.91, -220.741), (-103.243, -199.313), (-83.604, -200.295), (-69.7142, -218.495), (-70.4793, -250.631)))
(((-161.031, 386.323), (-171.902, 394.221), (-191, 453), (-182.722, 478.476), (-49.5073, 500.398), (-39.9405, 484.244), (-55.2212, 421.593), (-161.031, 386.323)))
(((-56.0358, -169.169), (-83.604, -200.295), (-103.243, -199.313), (-117.993, -170.993), (-91.0424, -144.042), (-64.5, -150.125), (-56.0358, -169.169)))
(((-57.4851, -53), (-53.9176, -62.1931), (-67.3523, -100.578), (-108.121, -108.088), (-111.12, -106.352), (-99.9535, -53), (-57.4851, -53)))
(((-64.2114, -648.106), (-113.902, -648.106), (-163.902, -611.779), (-181.122, -558.781), (-63.9402, -508.835), (-53.6404, -510.403), (-42.8348, -517.903), (-64.2114, -648.106)))
(((-55.6483, -408.345), (-126.553, -364.029), (-121.489, -345.25), (-82.2997, -318.071), (-82.1205, -318.101), (-48.1469, -360.002), (-55.6483, -408.345)))
(((-64.5, -150.125), (-91.0424, -144.042), (-108.121, -108.088), (-67.3523, -100.578), (-50.0921, -124.311), (-64.5, -150.125)))
(((-40.4528, -425.625), (-53.6404, -510.403), (-63.9402, -508.835), (-109.156, -450.492), (-54.9776, -409.858), (-45.6901, -414.859), (-40.4528, -425.625)))
(((-141.766, 313.217), (-145.902, 316.221), (-165, 375), (-161.356, 386.215), (-55.2212, 421.593), (-25.6713, 393.062), (-51.5718, 333.378), (-141.766, 313.217)))
(((-30.4991, -267.024), (-43.0977, -300.841), (-82.1205, -318.101), (-82.2997, -318.071), (-98.8723, -270.839), (-96.1171, -264.758), (-70.4793, -250.631), (-35.3652, -261.605), (-30.4991, -267.024)))
(((-29.6653, -213.155), (-69.7142, -218.495), (-83.604, -200.295), (-56.0358, -169.169), (-35.0796, -176.409), (-22.913, -205.609), (-29.6653, -213.155)))
(((-90.0485, 128.813), (-131.902, 159.221), (-151, 218), (-137.299, 260.167), (-14.501, 251.639), (15.0096, 203.612), (4.93478, 181.63), (-46.5897, 142.472), (-90.0485, 128.813)))
(((-35.3652, -261.605), (-70.4793, -250.631), (-69.7142, -218.495), (-29.6653, -213.155), (-35.3652, -261.605)))
(((-136.284, 260.096), (-146, 290), (-138.197, 314.015), (-51.5718, 333.378), (-0.0945946, 305.149), (-14.501, 251.639), (-136.284, 260.096)))
(((-29.7758, -120.078), (-50.0921, -124.311), (-67.3523, -100.578), (-53.9176, -62.1931), (-21.0862, -84.3543), (-29.7758, -120.078)))
(((-22.8577, -346.385), (-48.1469, -360.002), (-82.1205, -318.101), (-43.0977, -300.841), (-19.0827, -321.218), (-22.8577, -346.385)))
(((1.71295, -145.924), (-35.0796, -176.409), (-56.0358, -169.169), (-64.5, -150.125), (-50.0921, -124.311), (-29.7758, -120.078), (3.11881, -142.851), (1.71295, -145.924)))
(((-11.5753, -515.298), (-42.8348, -517.903), (-53.6404, -510.403), (-40.4528, -425.625), (6.90054, -457.561), (-11.5753, -515.298)))
(((12.2225, -388.535), (-45.6901, -414.859), (-54.9776, -409.858), (-55.6483, -408.345), (-48.1469, -360.002), (-22.8577, -346.385), (12.5573, -366.775), (12.2225, -388.535)))
(((-57.4851, -53), (-30, -53), (-30, -32.2353), (1.04994, -32.8441), (10.6517, -50.9398), (-0.932628, -80.2414), (-21.0862, -84.3543), (-53.9176, -62.1931), (-57.4851, -53)))
(((19.1004, -656.055), (14.9017, -659.106), (-46.9017, -659.106), (-63.9802, -646.697), (-42.8348, -517.903), (-11.5753, -515.298), (10.0182, -526.635), (19.1004, -656.055)))
(((-30, 37.4588), (-6.81628, 35.0041), (16.7914, -2.6206), (1.04994, -32.8441), (-30, -32.2353), (-30, 37.4588)))
(((18.602, -238.346), (-22.3204, -266.764), (-30.4991, -267.024), (-35.3652, -261.605), (-29.6653, -213.155), (-22.913, -205.609), (9.37517, -211.588), (18.602, -238.346)))
(((12.7729, -311.416), (-19.0827, -321.218), (-43.0977, -300.841), (-30.4991, -267.024), (-22.3204, -266.764), (12.4786, -296.408), (12.7729, -311.416)))
(((21.7377, 316.722), (-0.0945946, 305.149), (-51.5718, 333.378), (-25.6713, 393.062), (37.6605, 390.716), (21.7377, 316.722)))
(((37.6605, 390.716), (-25.6713, 393.062), (-55.2212, 421.593), (-39.9405, 484.244), (25.6746, 467.233), (48.6201, 399.216), (37.6605, 390.716)))
(((3.11881, -142.851), (-29.7758, -120.078), (-21.0862, -84.3543), (-0.932628, -80.2414), (20.2019, -102.036), (4.73517, -142.068), (3.11881, -142.851)))
(((-30, 37.4588), (-30, 53), (-98.877, 53), (-107, 78), (-90.5399, 128.659), (-46.5897, 142.472), (28.3164, 82.5469), (26.1429, 61.1227), (-6.81628, 35.0041), (-30, 37.4588)))
(((9.37517, -211.588), (-22.913, -205.609), (-35.0796, -176.409), (1.71295, -145.924), (16.5299, -201.487), (9.37517, -211.588)))
(((12.5573, -366.775), (-22.8577, -346.385), (-19.0827, -321.218), (12.7729, -311.416), (23.9724, -322.336), (16.7633, -361.085), (12.5573, -366.775)))
(((33.8769, -404.575), (14.9066, -454.711), (6.90054, -457.561), (-40.4528, -425.625), (-45.6901, -414.859), (12.2225, -388.535), (33.8769, -404.575)))
(((23.5429, -241.257), (29.6522, -277.913), (12.4786, -296.408), (-22.3204, -266.764), (18.602, -238.346), (23.5429, -241.257)))
(((-34.3843, 597.857), (-18.9017, 609.106), (-4.31025, 609.106), (72.4862, 521.993), (25.6746, 467.233), (-39.9405, 484.244), (-49.5073, 500.398), (-34.3843, 597.857)))
(((16.5299, -201.487), (1.71295, -145.924), (3.11881, -142.851), (4.73517, -142.068), (18.8512, -145.525), (49.1667, -187.5), (16.5299, -201.487)))
(((71.5011, 116.543), (28.3164, 82.5469), (-46.5897, 142.472), (4.93478, 181.63), (71.5011, 116.543)))
(((55.7998, -517.599), (10.0182, -526.635), (-11.5753, -515.298), (6.90054, -457.561), (14.9066, -454.711), (48.5234, -466.664), (55.7998, -517.599)))
(((40.1471, -97.5588), (20.2019, -102.036), (-0.932628, -80.2414), (10.6517, -50.9398), (47.2631, -56.0483), (40.1471, -97.5588)))
(((69.3624, -42.9692), (47.2631, -56.0483), (10.6517, -50.9398), (1.04994, -32.8441), (16.7914, -2.6206), (46.6004, -4.18949), (69.3624, -42.9692)))
(((49.107, 215.514), (15.0096, 203.612), (-14.501, 251.639), (-0.0945946, 305.149), (21.7377, 316.722), (68.8239, 291.752), (49.107, 215.514)))
(((46.6004, -4.18949), (16.7914, -2.6206), (-6.81628, 35.0041), (26.1429, 61.1227), (72.9849, 33.6284), (46.6004, -4.18949)))
(((68.5837, -122.387), (59.5352, -138.744), (18.8512, -145.525), (4.73517, -142.068), (20.2019, -102.036), (40.1471, -97.5588), (64.9931, -111.426), (68.5837, -122.387)))
(((68.5206, -293.293), (42.9533, -320.754), (23.9724, -322.336), (12.7729, -311.416), (12.4786, -296.408), (29.6522, -277.913), (64.4908, -286.623), (68.5206, -293.293)))
(((78.2341, -650.505), (71.9017, -655.106), (19.0337, -655.106), (10.0182, -526.635), (55.7998, -517.599), (81.334, -528.058), (78.2341, -650.505)))
(((80.8107, -438.625), (48.5234, -466.664), (14.9066, -454.711), (33.8769, -404.575), (43.3347, -404.993), (80.8107, -438.625)))
(((62.2769, -343.758), (50.6942, -357.17), (16.7633, -361.085), (23.9724, -322.336), (42.9533, -320.754), (62.2769, -343.758)))
(((63.774, -238.844), (23.5429, -241.257), (18.602, -238.346), (9.37517, -211.588), (16.5299, -201.487), (49.1667, -187.5), (61.141, -187.5), (63.774, -238.844)))
(((61.141, -187.5), (49.1667, -187.5), (18.8512, -145.525), (59.5352, -138.744), (69.8617, -181.083), (61.141, -187.5)))
(((43.3347, -404.993), (33.8769, -404.575), (12.2225, -388.535), (12.5573, -366.775), (16.7633, -361.085), (50.6942, -357.17), (61.0935, -385.397), (43.3347, -404.993)))
(((67.862, -241.674), (64.4908, -286.623), (29.6522, -277.913), (23.5429, -241.257), (63.774, -238.844), (67.862, -241.674)))
(((72.9425, -43.77), (83.3538, -85.4154), (64.9931, -111.426), (40.1471, -97.5588), (47.2631, -56.0483), (69.3624, -42.9692), (72.9425, -43.77)))
(((93.4028, 37.9269), (72.9849, 33.6284), (26.1429, 61.1227), (28.3164, 82.5469), (71.5011, 116.543), (74.175, 116.34), (96.4925, 44.9241), (93.4028, 37.9269)))
(((92.7322, -373.972), (61.0935, -385.397), (50.6942, -357.17), (62.2769, -343.758), (96.0166, -346.289), (92.7322, -373.972)))
(((96.0166, -346.289), (62.2769, -343.758), (42.9533, -320.754), (68.5206, -293.293), (86.3341, -299.337), (97.6004, -344.402), (96.0166, -346.289)))
(((124.268, 307.496), (68.8239, 291.752), (21.7377, 316.722), (37.6605, 390.716), (48.6201, 399.216), (62.0794, 398.468), (128.522, 315.784), (124.268, 307.496)))
(((108.672, 134.708), (74.175, 116.34), (71.5011, 116.543), (4.93478, 181.63), (15.0096, 203.612), (49.107, 215.514), (78.0459, 208.836), (109.955, 152.463), (108.672, 134.708)))
(((115.107, 430.546), (62.0794, 398.468), (48.6201, 399.216), (25.6746, 467.233), (72.4862, 521.993), (108.307, 517.814), (115.107, 430.546)))
(((110.506, -440.954), (111.494, -512.091), (81.334, -528.058), (55.7998, -517.599), (48.5234, -466.664), (80.8107, -438.625), (109.162, -439.361), (110.506, -440.954)))
(((109.162, -439.361), (80.8107, -438.625), (43.3347, -404.993), (61.0935, -385.397), (92.7322, -373.972), (114.181, -407.994), (109.162, -439.361)))
(((109.189, 15), (107.658, -31.6721), (72.9425, -43.77), (69.3624, -42.9692), (46.6004, -4.18949), (72.9849, 33.6284), (93.4028, 37.9269), (109.189, 15)))
(((99.726, -239.356), (67.862, -241.674), (63.774, -238.844), (61.141, -187.5), (69.8617, -181.083), (81.4492, -181.451), (104.302, -203.589), (105.001, -235.05), (99.726, -239.356)))
(((109.08, -155.602), (81.4492, -181.451), (69.8617, -181.083), (59.5352, -138.744), (68.5837, -122.387), (98.4487, -129.687), (109.08, -155.602)))
(((107.408, -285.447), (86.3341, -299.337), (68.5206, -293.293), (64.4908, -286.623), (67.862, -241.674), (99.726, -239.356), (107.408, -285.447)))
(((2.29647, 625), (157.615, 625), (136.543, 533.419), (108.307, 517.814), (72.4862, 521.993), (-3.25635, 607.91), (2.29647, 625)))
(((141.036, 241.88), (78.0459, 208.836), (49.107, 215.514), (68.8239, 291.752), (124.268, 307.496), (141.036, 241.88)))
(((124.818, -104.227), (98.4487, -129.687), (68.5837, -122.387), (64.9931, -111.426), (83.3538, -85.4154), (116.133, -91.2), (124.818, -104.227)))
(((124.398, -41.6114), (116.133, -91.2), (83.3538, -85.4154), (72.9425, -43.77), (107.658, -31.6721), (124.398, -41.6114)))
(((151.48, 77.468), (96.4925, 44.9241), (74.175, 116.34), (108.672, 134.708), (143.805, 113.925), (151.48, 77.468)))
(((137.541, -188.578), (104.302, -203.589), (81.4492, -181.451), (109.08, -155.602), (121.418, -158.227), (137.541, -188.578)))
(((152.342, -310.71), (120.942, -341.237), (97.6004, -344.402), (86.3341, -299.337), (107.408, -285.447), (141.775, -290.259), (152.342, -310.71)))
(((78.2662, -649.236), (81.334, -528.058), (111.494, -512.091), (214.268, -544.357), (220, -562), (200.902, -620.779), (150.902, -657.106), (89.0983, -657.106), (78.2662, -649.236)))
(((141.775, -290.259), (107.408, -285.447), (99.726, -239.356), (105.001, -235.05), (135.311, -238.081), (152.34, -260.787), (141.775, -290.259)))
(((169.471, 202.059), (109.955, 152.463), (78.0459, 208.836), (141.036, 241.88), (170.305, 221.67), (169.471, 202.059)))
(((114.181, -407.994), (92.7322, -373.972), (96.0166, -346.289), (97.6004, -344.402), (120.942, -341.237), (153.886, -379.91), (114.181, -407.994)))
(((153.564, -134.653), (121.418, -158.227), (109.08, -155.602), (98.4487, -129.687), (124.818, -104.227), (131.619, -105.898), (153.564, -134.653)))
(((164.091, 335.468), (128.522, 315.784), (62.0794, 398.468), (115.107, 430.546), (158.733, 416.505), (173.899, 396.936), (164.091, 335.468)))
(((152.042, -208.801), (135.311, -238.081), (105.001, -235.05), (104.302, -203.589), (137.541, -188.578), (149.858, -193.197), (152.042, -208.801)))
(((163.773, -78.3373), (131.619, -105.898), (124.818, -104.227), (116.133, -91.2), (124.398, -41.6114), (146.992, -42.2569), (163.773, -78.3373)))
(((178.783, -16.1877), (146.992, -42.2569), (124.398, -41.6114), (107.658, -31.6721), (109.189, 15), (158.213, 15), (178.783, -16.1877)))
(((171.489, 63), (158.213, 15), (109.189, 15), (93.4028, 37.9269), (96.4925, 44.9241), (151.48, 77.468), (171.489, 63)))
(((173.003, -141.037), (163.316, -182.693), (149.858, -193.197), (137.541, -188.578), (121.418, -158.227), (153.564, -134.653), (172.644, -139.827), (173.003, -141.037)))
(((214.582, -544.456), (111.494, -512.091), (110.506, -440.954), (184.816, -446.759), (205.776, -474.224), (217.08, -542.641), (214.582, -544.456)))
(((191.366, -331.905), (166.648, -379.511), (153.886, -379.91), (120.942, -341.237), (152.342, -310.71), (180.167, -321.092), (191.366, -331.905)))
(((198.121, 498.431), (158.733, 416.505), (115.107, 430.546), (108.307, 517.814), (136.543, 533.419), (198.121, 498.431)))
(((184.816, -446.759), (110.506, -440.954), (109.162, -439.361), (114.181, -407.994), (153.886, -379.91), (166.648, -379.511), (188.054, -408.439), (184.816, -446.759)))
(((197.073, 146.854), (143.805, 113.925), (108.672, 134.708), (109.955, 152.463), (169.471, 202.059), (197.073, 146.854)))
(((186.377, -123.348), (172.644, -139.827), (153.564, -134.653), (131.619, -105.898), (163.773, -78.3373), (169.366, -80.5512), (186.295, -119.246), (186.377, -123.348)))
(((190.954, -250.543), (152.34, -260.787), (135.311, -238.081), (152.042, -208.801), (189.51, -229.617), (193.442, -245.647), (190.954, -250.543)))
(((196.418, -265.115), (180.167, -321.092), (152.342, -310.71), (141.775, -290.259), (152.34, -260.787), (190.954, -250.543), (196.418, -265.115)))
(((189.51, -229.617), (152.042, -208.801), (149.858, -193.197), (163.316, -182.693), (201.77, -196.338), (189.51, -229.617)))
(((210, -18.5), (210, -53), (217.194, -53), (212.984, -63.8736), (169.366, -80.5512), (163.773, -78.3373), (146.992, -42.2569), (178.783, -16.1877), (210, -18.5)))
(((227.699, 245.15), (170.305, 221.67), (141.036, 241.88), (124.268, 307.496), (128.522, 315.784), (164.091, 335.468), (226.334, 309.297), (227.699, 245.15)))
(((276.577, 53), (210, 53), (210, -18.5), (178.783, -16.1877), (158.213, 15), (171.489, 63), (273.328, 63), (276.577, 53)))
(((273.328, 63), (171.489, 63), (151.48, 77.468), (143.805, 113.925), (197.073, 146.854), (280.808, 117.98), (286, 102), (273.328, 63)))
(((209.431, -191.741), (201.77, -196.338), (163.316, -182.693), (173.003, -141.037), (215.19, -171.586), (209.431, -191.741)))
(((215.915, -78.2332), (186.295, -119.246), (169.366, -80.5512), (212.984, -63.8736), (215.915, -78.2332)))
(((157.615, 625), (266.457, 625), (281.902, 613.779), (301, 555), (283.108, 499.936), (198.121, 498.431), (136.543, 533.419), (157.615, 625)))
(((235.326, -385.352), (188.054, -408.439), (166.648, -379.511), (191.366, -331.905), (201.984, -332.405), (236.645, -381.922), (235.326, -385.352)))
(((284.169, 499.954), (293.628, 470.843), (236.455, 408.31), (173.899, 396.936), (158.733, 416.505), (198.121, 498.431), (284.169, 499.954)))
(((235.462, -311.261), (201.984, -332.405), (191.366, -331.905), (180.167, -321.092), (196.418, -265.115), (231.71, -287.336), (235.462, -311.261)))
(((237.822, -130.9), (228.835, -162.701), (215.19, -171.586), (173.003, -141.037), (172.644, -139.827), (186.377, -123.348), (235.64, -125.751), (237.822, -130.9)))
(((235.64, -125.751), (186.377, -123.348), (186.295, -119.246), (215.915, -78.2332), (239.903, -110.565), (235.64, -125.751)))
(((235.731, -237.958), (193.442, -245.647), (189.51, -229.617), (201.77, -196.338), (209.431, -191.741), (240.376, -213.702), (235.731, -237.958)))
(((280.296, 118.157), (197.073, 146.854), (169.471, 202.059), (170.305, 221.67), (227.699, 245.15), (315.797, 188.375), (296.902, 130.221), (280.296, 118.157)))
(((226.334, 309.297), (164.091, 335.468), (173.899, 396.936), (236.455, 408.31), (255.025, 328.313), (226.334, 309.297)))
(((252.548, -427.452), (205.776, -474.224), (184.816, -446.759), (188.054, -408.439), (235.326, -385.352), (252.548, -427.452)))
(((250.258, -254.144), (231.71, -287.336), (196.418, -265.115), (190.954, -250.543), (193.442, -245.647), (235.731, -237.958), (250.258, -254.144)))
(((262.292, -200.005), (240.376, -213.702), (209.431, -191.741), (215.19, -171.586), (228.835, -162.701), (264.676, -184.206), (262.292, -200.005)))
(((263.621, -369.197), (236.645, -381.922), (201.984, -332.405), (235.462, -311.261), (247.694, -314.083), (258.955, -347.864), (263.621, -369.197)))
(((319.133, -53), (310.36, -63.593), (239.903, -110.565), (215.915, -78.2332), (212.984, -63.8736), (217.194, -53), (319.133, -53)))
(((288.258, -162.486), (264.676, -184.206), (228.835, -162.701), (237.822, -130.9), (280.22, -145.404), (288.258, -162.486)))
(((297.595, -289.165), (291.154, -302.231), (247.694, -314.083), (235.462, -311.261), (231.71, -287.336), (250.258, -254.144), (273.583, -256.304), (297.549, -285.451), (297.595, -289.165)))
(((216.945, -541.822), (205.776, -474.224), (252.548, -427.452), (355.329, -436.467), (362, -457), (342.902, -515.779), (292.902, -552.106), (231.098, -552.106), (216.945, -541.822)))
(((273.583, -256.304), (250.258, -254.144), (235.731, -237.958), (240.376, -213.702), (262.292, -200.005), (287.964, -222.468), (273.583, -256.304)))
(((355.156, -436.452), (252.548, -427.452), (235.326, -385.352), (236.645, -381.922), (263.621, -369.197), (321.195, -375.914), (364.488, -407.732), (355.156, -436.452)))
(((280.22, -145.404), (237.822, -130.9), (235.64, -125.751), (239.903, -110.565), (310.36, -63.593), (280.22, -145.404)))
(((298.125, -321.75), (258.955, -347.864), (247.694, -314.083), (291.154, -302.231), (298.125, -321.75)))
(((357.191, 329.345), (255.025, 328.313), (236.455, 408.31), (295.697, 473.106), (303.902, 473.106), (353.902, 436.779), (373, 378), (357.191, 329.345)))
(((321.195, -375.914), (263.621, -369.197), (258.955, -347.864), (298.125, -321.75), (321.195, -375.914)))
(((313.292, 189.99), (227.699, 245.15), (226.334, 309.297), (255.025, 328.313), (357.64, 329.35), (374, 279), (354.902, 220.221), (313.292, 189.99)))
(((296.446, -164.599), (308.632, -217.406), (287.964, -222.468), (262.292, -200.005), (264.676, -184.206), (288.258, -162.486), (296.446, -164.599)))
(((327.64, -255.36), (297.549, -285.451), (273.583, -256.304), (287.964, -222.468), (308.632, -217.406), (328.901, -222.566), (327.64, -255.36)))
(((319.133, -53), (356.316, -53), (386.902, -75.2215), (400, -115.534), (400, -146.107), (296.446, -164.599), (288.258, -162.486), (280.22, -145.404), (310.36, -63.593), (319.133, -53)))
(((400, -175.167), (328.901, -222.566), (308.632, -217.406), (296.446, -164.599), (400, -146.107), (400, -175.167)))
(((400, -317.611), (400, -382.246), (364.703, -407.89), (321.195, -375.914), (298.125, -321.75), (291.154, -302.231), (297.595, -289.165), (400, -317.611)))
(((400, -317.611), (297.595, -289.165), (297.549, -285.451), (327.64, -255.36), (400, -289.412), (400, -317.611)))
(((400, -289.412), (327.64, -255.36), (328.901, -222.566), (400, -175.167), (400, -289.412)))
