(((-225, -331.515), (-204.699, -335.263), (-178.077, -362.717), (-183.884, -378.976), (-225, -416.113), (-225, -331.515)))
(((-225, -641.835), (-193.494, -648.695), (-151.568, -691.836), (-152.379, -731.579), (-155.029, -736.555), (-225, -743.793), (-225, -641.835)))
(((-225, -440.875), (-222.315, -441.546), (-171.533, -497.088), (-172.902, -512.964), (-225, -532.024), (-225, -440.875)))
(((-148.39, -800), (-225, -800), (-225, -743.793), (-155.029, -736.555), (-148.39, -800)))
(((-225, -267.811), (-177.022, -279.579), (-173.842, -315.627), (-204.699, -335.263), (-225, -331.515), (-225, -267.811)))
(((-225, -532.024), (-172.902, -512.964), (-152.5, -537.333), (-152.5, -557.479), (-225, -575.989), (-225, -532.024)))
(((-225, -145.032), (-157.455, -147.211), (-151.232, -162.456), (-151.772, -167.585), (-225, -199.317), (-225, -145.032)))
(((-225, -210.924), (-157.961, -224.559), (-146.426, -257.341), (-149.233, -267.908), (-177.022, -279.579), (-225, -267.811), (-225, -210.924)))
(((-225, -107.5), (-148.713, -107.5), (-148.41, -107.745), (-157.455, -147.211), (-225, -145.032), (-225, -107.5)))
(((-225, -107.5), (-225, -53), (-161.468, -53), (-148.713, -107.5), (-225, -107.5)))
(((-225, -440.875), (-225, -416.113), (-183.884, -378.976), (-145, -413), (-162.249, -432.713), (-222.315, -441.546), (-225, -440.875)))
(((-225, 434.77), (-225, 597.23), (-205.902, 611.106), (-160.39, 611.106), (-106.664, 523.49), (-120.544, 497.039), (-224.283, 434.249), (-225, 434.77)))
(((-225, -575.989), (-152.5, -557.479), (-135.113, -577.825), (-135.122, -577.867), (-190.808, -646.546), (-193.494, -648.695), (-225, -641.835), (-225, -575.989)))
(((-143.235, -330.193), (-153.099, -357.934), (-178.077, -362.717), (-204.699, -335.263), (-173.842, -315.627), (-145.716, -325.783), (-143.235, -330.193)))
(((-225, -210.924), (-225, -199.317), (-151.772, -167.585), (-134.266, -199.679), (-157.961, -224.559), (-225, -210.924)))
(((-140.329, -477.691), (-171.533, -497.088), (-222.315, -441.546), (-162.249, -432.713), (-141.18, -463.507), (-140.329, -477.691)))
(((-127.907, -402.98), (-145, -413), (-183.884, -378.976), (-178.077, -362.717), (-153.099, -357.934), (-125.148, -390.393), (-127.907, -402.98)))
(((-135.451, -285.866), (-145.716, -325.783), (-173.842, -315.627), (-177.022, -279.579), (-149.233, -267.908), (-135.451, -285.866)))
(((-106.094, -506.396), (-152.5, -537.333), (-172.902, -512.964), (-171.533, -497.088), (-140.329, -477.691), (-107.496, -499.853), (-106.094, -506.396)))
(((-113.048, -624.773), (-190.808, -646.546), (-135.122, -577.867), (-113.048, -624.773)))
(((-97.5429, -53), (-97.1221, -67.7258), (-131.211, -107.496), (-148.41, -107.745), (-148.713, -107.5), (-161.468, -53), (-97.5429, -53)))
(((-101.72, -147.222), (-151.232, -162.456), (-157.455, -147.211), (-148.41, -107.745), (-131.211, -107.496), (-98.5593, -135.961), (-101.72, -147.222)))
(((-80.431, -664.784), (-151.568, -691.836), (-193.494, -648.695), (-190.808, -646.546), (-113.048, -624.773), (-87.0028, -641.925), (-80.431, -664.784)))
(((-225, 433.816), (-120.544, 497.039), (-81.0986, 402.714), (-155.782, 344.894), (-159.902, 344.894), (-209.902, 381.221), (-225, 427.689), (-225, 433.816)))
(((-90.9475, -437.299), (-141.18, -463.507), (-162.249, -432.713), (-145, -413), (-127.907, -402.98), (-90.9475, -437.299)))
(((-108.237, -377.08), (-125.148, -390.393), (-153.099, -357.934), (-143.235, -330.193), (-104.836, -332.872), (-108.237, -377.08)))
(((-101.283, -244.801), (-146.426, -257.341), (-157.961, -224.559), (-134.266, -199.679), (-118.134, -200.183), (-106.713, -212.221), (-101.283, -244.801)))
(((-99.0087, -328.311), (-104.836, -332.872), (-143.235, -330.193), (-145.716, -325.783), (-135.451, -285.866), (-96.9025, -293.209), (-99.0087, -328.311)))
(((-96.8609, -171.032), (-118.134, -200.183), (-134.266, -199.679), (-151.772, -167.585), (-151.232, -162.456), (-101.72, -147.222), (-96.8609, -171.032)))
(((-80.5708, -529.595), (-95.3016, -567.382), (-135.113, -577.825), (-152.5, -557.479), (-152.5, -537.333), (-106.094, -506.396), (-80.583, -529.406), (-80.5708, -529.595)))
(((-78.3179, -449.667), (-107.496, -499.853), (-140.329, -477.691), (-141.18, -463.507), (-90.9475, -437.299), (-81.5474, -441.203), (-78.3179, -449.667)))
(((-96.9025, -293.209), (-135.451, -285.866), (-149.233, -267.908), (-146.426, -257.341), (-101.283, -244.801), (-96.5992, -248.287), (-91.7117, -288.364), (-96.9025, -293.209)))
(((-148.39, -800), (-155.029, -736.555), (-152.379, -731.579), (-71.017, -741.966), (-42, -800), (-148.39, -800)))
(((-62.5485, -676.1), (-71.017, -741.966), (-152.379, -731.579), (-151.568, -691.836), (-80.431, -664.784), (-64.2722, -673.894), (-62.5485, -676.1)))
(((-87.0028, -641.925), (-113.048, -624.773), (-135.122, -577.867), (-135.113, -577.825), (-95.3016, -567.382), (-71.0187, -594.86), (-87.0028, -641.925)))
(((-88.0108, -131.55), (-98.5593, -135.961), (-131.211, -107.496), (-97.1221, -67.7258), (-70.909, -96.3964), (-88.0108, -131.55)))
(((-81.5474, -441.203), (-90.9475, -437.299), (-127.907, -402.98), (-125.148, -390.393), (-108.237, -377.08), (-86.5147, -378.068), (-61.3073, -413.654), (-81.5474, -441.203)))
(((-57.6314, -354.533), (-86.5147, -378.068), (-108.237, -377.08), (-104.836, -332.872), (-99.0087, -328.311), (-65.8339, -339.112), (-57.6314, -354.533)))
(((-60.7834, -207.628), (-106.713, -212.221), (-118.134, -200.183), (-96.8609, -171.032), (-63.2292, -181.939), (-57.7766, -204.204), (-60.7834, -207.628)))
(((-66.0612, -241.054), (-96.5992, -248.287), (-101.283, -244.801), (-106.713, -212.221), (-60.7834, -207.628), (-66.0612, -241.054)))
(((-60.8709, -287.747), (-91.7117, -288.364), (-96.5992, -248.287), (-66.0612, -241.054), (-49.4976, -256.065), (-60.8709, -287.747)))
(((-42.4536, -151.191), (-63.2292, -181.939), (-96.8609, -171.032), (-101.72, -147.222), (-98.5593, -135.961), (-88.0108, -131.55), (-43.3533, -148.447), (-42.4536, -151.191)))
(((-8.26471, 463.735), (-67.2576, 404.742), (-81.0986, 402.714), (-120.544, 497.039), (-106.664, 523.49), (-46.1855, 520.927), (-8.26471, 463.735)))
(((-51.0498, -508.861), (-80.583, -529.406), (-106.094, -506.396), (-107.496, -499.853), (-78.3179, -449.667), (-52.0531, -465.718), (-51.0498, -508.861)))
(((-46.2404, -303.191), (-65.8339, -339.112), (-99.0087, -328.311), (-96.9025, -293.209), (-91.7117, -288.364), (-60.8709, -287.747), (-46.2404, -303.191)))
(((-154.704, 625), (-6.4771, 625), (-3.5054, 586.071), (-46.1855, 520.927), (-106.664, 523.49), (-159.624, 609.856), (-154.704, 625)))
(((-36.559, -376.289), (-45.9758, -406.423), (-61.3073, -413.654), (-86.5147, -378.068), (-57.6314, -354.533), (-43.4544, -361.349), (-36.559, -376.289)))
(((-36.7813, -53), (-39.4148, -95.1366), (-70.909, -96.3964), (-97.1221, -67.7258), (-97.5429, -53), (-36.7813, -53)))
(((-58.7485, -592.669), (-71.0187, -594.86), (-95.3016, -567.382), (-80.5708, -529.595), (-38.3491, -558.245), (-58.7485, -592.669)))
(((-28.0824, -106.228), (-43.3533, -148.447), (-88.0108, -131.55), (-70.909, -96.3964), (-39.4148, -95.1366), (-28.0824, -106.228)))
(((-139.341, 292.652), (-156.209, 344.564), (-81.0986, 402.714), (-67.2576, 404.742), (-18.5949, 358.942), (-5.33503, 304.507), (-5.88222, 304.01), (-139.341, 292.652)))
(((-23.0408, -619.976), (-64.2722, -673.894), (-80.431, -664.784), (-87.0028, -641.925), (-71.0187, -594.86), (-58.7485, -592.669), (-24.7384, -607.124), (-23.0408, -619.976)))
(((-107.317, 177.813), (-129.902, 194.221), (-149, 253), (-136.025, 292.934), (-5.88222, 304.01), (-10.8922, 202.559), (-107.317, 177.813)))
(((-24.3727, -217.839), (-34.5254, -252.81), (-49.4976, -256.065), (-66.0612, -241.054), (-60.7834, -207.628), (-57.7766, -204.204), (-26.4286, -209.429), (-24.3727, -217.839)))
(((-20.7806, -555.051), (-38.3491, -558.245), (-80.5708, -529.595), (-80.583, -529.406), (-51.0498, -508.861), (-21.6236, -515.748), (-12.2205, -533.425), (-20.7806, -555.051)))
(((-22.2087, -460.087), (-52.0531, -465.718), (-78.3179, -449.667), (-81.5474, -441.203), (-61.3073, -413.654), (-45.9758, -406.423), (-18.505, -423.05), (-22.2087, -460.087)))
(((-16.6491, -335.501), (-43.4544, -361.349), (-57.6314, -354.533), (-65.8339, -339.112), (-46.2404, -303.191), (-31.2646, -304.577), (-14.8018, -323.098), (-16.6491, -335.501)))
(((-12.6, -195.6), (-26.4286, -209.429), (-57.7766, -204.204), (-63.2292, -181.939), (-42.4536, -151.191), (-14.4824, -166.109), (-12.6, -195.6)))
(((-12.9108, -278.715), (-31.2646, -304.577), (-46.2404, -303.191), (-60.8709, -287.747), (-49.4976, -256.065), (-34.5254, -252.81), (-11.455, -265.904), (-12.9108, -278.715)))
(((-42, -800), (-71.017, -741.966), (-62.5485, -676.1), (-8.27848, -688.081), (-1.74766, -693.99), (-27.0978, -800), (-42, -800)))
(((-3.03378, -583.446), (-24.7384, -607.124), (-58.7485, -592.669), (-38.3491, -558.245), (-20.7806, -555.051), (-3.03378, -583.446)))
(((-3.09868, -485.434), (-21.6236, -515.748), (-51.0498, -508.861), (-52.0531, -465.718), (-22.2087, -460.087), (-4.4383, -470.966), (-3.09868, -485.434)))
(((-98.5254, 79.495), (-100.902, 81.2215), (-120, 140), (-107.75, 177.701), (-10.8922, 202.559), (6.20295, 194.403), (20.3697, 167.918), (-7.3167, 97.3174), (-98.5254, 79.495)))
(((7.52632, -412.513), (-18.505, -423.05), (-45.9758, -406.423), (-36.559, -376.289), (1.36737, -380.179), (7.52632, -412.513)))
(((-8.27848, -688.081), (-62.5485, -676.1), (-64.2722, -673.894), (-23.0408, -619.976), (9.08449, -638.473), (-8.27848, -688.081)))
(((10.0406, -254.133), (-11.455, -265.904), (-34.5254, -252.81), (-24.3727, -217.839), (11.5689, -242.998), (10.0406, -254.133)))
(((-36.7812, -53), (-30, -53), (-30, -36), (-11.2035, -40.6991), (7.70892, -73.5471), (-14.6852, -106.019), (-28.0824, -106.228), (-39.4148, -95.1366), (-36.7812, -53)))
(((1.36737, -380.179), (-36.559, -376.289), (-43.4544, -361.349), (-16.6491, -335.501), (14.0014, -364.692), (1.36737, -380.179)))
(((12.8408, -151.147), (-14.4824, -166.109), (-42.4536, -151.191), (-43.3533, -148.447), (-28.0824, -106.228), (-14.6852, -106.019), (14.3493, -124.495), (12.8408, -151.147)))
(((42.0738, 415.819), (-18.5949, 358.942), (-67.2576, 404.742), (-8.26471, 463.735), (43.1697, 452.714), (42.0738, 415.819)))
(((19.1965, -313.509), (-14.8018, -323.098), (-31.2646, -304.577), (-12.9108, -278.715), (22.3333, -305.667), (19.1965, -313.509)))
(((-30, 19.1587), (-30, 53), (-103, 53), (-94.111, 80.3576), (-7.3167, 97.3174), (40.8282, 72.8857), (4.20393, 21.8733), (-30, 19.1587)))
(((21.8043, -456.652), (-4.4383, -470.966), (-22.2087, -460.087), (-18.505, -423.05), (7.52632, -412.513), (23.413, -420.457), (21.8043, -456.652)))
(((32.1274, -214.825), (11.5689, -242.998), (-24.3727, -217.839), (-26.4286, -209.429), (-12.6, -195.6), (25.6135, -205.153), (32.1274, -214.825)))
(((-30, -36), (-30, 19.1587), (4.20393, 21.8733), (16.0283, 10.3868), (25.3477, -26.8909), (-11.2035, -40.6991), (-30, -36)))
(((37.2844, -586.259), (34.0777, -627.306), (9.08449, -638.473), (-23.0408, -619.976), (-24.7384, -607.124), (-3.03378, -583.446), (37.2669, -586.225), (37.2844, -586.259)))
(((28.3289, -532.504), (-12.2205, -533.425), (-21.6236, -515.748), (-3.09868, -485.434), (35.2306, -510.987), (28.3289, -532.504)))
(((37.2669, -586.225), (-3.03378, -583.446), (-20.7806, -555.051), (-12.2205, -533.425), (28.3289, -532.504), (43.6545, -562.02), (37.2669, -586.225)))
(((29.4173, -334.488), (15.4378, -364.195), (14.0014, -364.692), (-16.6491, -335.501), (-14.8018, -323.098), (19.1965, -313.509), (29.4173, -334.488)))
(((22.3333, -305.667), (-12.9108, -278.715), (-11.455, -265.904), (10.0406, -254.133), (31.9286, -271.643), (24.6, -303.4), (22.3333, -305.667)))
(((25.6135, -205.153), (-12.6, -195.6), (-14.4824, -166.109), (12.8408, -151.147), (32.5815, -166.332), (25.6135, -205.153)))
(((-27.0978, -800), (-1.74766, -693.99), (10.2876, -695.779), (55.0357, -730.583), (67.4435, -765.969), (53.9483, -800), (-27.0978, -800)))
(((38.909, -111.431), (14.3493, -124.495), (-14.6852, -106.019), (7.70892, -73.5471), (28.7, -75.7), (38.909, -111.431)))
(((53.6277, 458.713), (43.1697, 452.714), (-8.26471, 463.735), (-46.1855, 520.927), (-3.5054, 586.071), (92.2944, 523.157), (53.6277, 458.713)))
(((54.2379, -48.4009), (28.7, -75.7), (7.70892, -73.5471), (-11.2035, -40.6991), (25.3477, -26.8909), (48.3714, -34.9918), (54.2379, -48.4009)))
(((58.8591, 374.724), (8.42747, 305.801), (-5.33503, 304.507), (-18.5949, 358.942), (42.0738, 415.819), (58.8591, 374.724)))
(((60.4282, -654.284), (10.2876, -695.779), (-1.74766, -693.99), (-8.27848, -688.081), (9.08449, -638.473), (34.0777, -627.306), (60.4282, -654.284)))
(((35.2306, -510.987), (-3.09868, -485.434), (-4.4383, -470.966), (21.8043, -456.652), (40.5725, -466.036), (49.7564, -499.432), (35.2306, -510.987)))
(((34.6176, -416.147), (23.413, -420.457), (7.52632, -412.513), (1.36737, -380.179), (14.0014, -364.692), (15.4378, -364.195), (47.2258, -378.323), (34.6176, -416.147)))
(((82.1005, 133.796), (44.9, 73.1), (40.8282, 72.8857), (-7.3167, 97.3174), (20.3697, 167.918), (81.9302, 135.272), (82.1005, 133.796)))
(((88.2026, 238.657), (6.20295, 194.403), (-10.8922, 202.559), (-5.88222, 304.01), (-5.33503, 304.507), (8.42747, 305.801), (87.4904, 278.538), (88.2026, 238.657)))
(((56.1341, 61.8659), (57.2843, 13.5603), (16.0283, 10.3868), (4.20393, 21.8733), (40.8282, 72.8857), (44.9, 73.1), (56.1341, 61.8659)))
(((60.8216, -264.42), (31.9286, -271.643), (10.0406, -254.133), (11.5689, -242.998), (32.1274, -214.825), (45.798, -217.56), (67.2005, -238.413), (60.8216, -264.42)))
(((48.3714, -34.9918), (25.3477, -26.8909), (16.0283, 10.3868), (57.2843, 13.5603), (67.5967, -1.71729), (48.3714, -34.9918)))
(((70.8977, -158.835), (32.5815, -166.332), (12.8408, -151.147), (14.3493, -124.495), (38.909, -111.431), (57.7627, -114.739), (70.8977, -158.835)))
(((69.3961, -370.304), (47.2258, -378.323), (15.4378, -364.195), (29.4173, -334.488), (56.8028, -338.4), (69.3961, -370.304)))
(((75.8549, -444.412), (40.5725, -466.036), (21.8043, -456.652), (23.413, -420.457), (34.6176, -416.147), (73.7402, -428.552), (75.8549, -444.412)))
(((56.8028, -338.4), (29.4173, -334.488), (19.1965, -313.509), (22.3333, -305.667), (24.6, -303.4), (75.7988, -307.057), (56.8028, -338.4)))
(((83.5718, -663.999), (55.0357, -730.583), (10.2876, -695.779), (60.4282, -654.284), (81.3512, -659.883), (83.5718, -663.999)))
(((76.7926, -306.415), (75.7988, -307.057), (24.6, -303.4), (31.9286, -271.643), (60.8216, -264.42), (79.5234, -289.757), (76.7926, -306.415)))
(((83.4535, -170.939), (45.798, -217.56), (32.1274, -214.825), (25.6135, -205.153), (32.5815, -166.332), (70.8977, -158.835), (81.8806, -165.791), (83.4535, -170.939)))
(((58.6439, -50.9517), (76.6351, -98.5), (57.7627, -114.739), (38.909, -111.431), (28.7, -75.7), (54.2379, -48.4009), (58.6439, -50.9517)))
(((73.7402, -428.552), (34.6176, -416.147), (47.2258, -378.323), (69.3961, -370.304), (75.4108, -372.341), (79.1429, -420.857), (73.7402, -428.552)))
(((82.6462, -545.067), (43.6545, -562.02), (28.3289, -532.504), (35.2306, -510.987), (49.7564, -499.432), (62.1022, -500.555), (82.6462, -545.067)))
(((132.228, 321.696), (87.4904, 278.538), (8.42747, 305.801), (58.8591, 374.724), (132.559, 337.25), (132.228, 321.696)))
(((134.24, 625), (133.675, 543.692), (92.2944, 523.157), (-3.5054, 586.071), (-6.4771, 625), (134.24, 625)))
(((96.9968, -473.036), (93.0722, -485.43), (62.1022, -500.555), (49.7564, -499.432), (40.5725, -466.036), (75.8549, -444.412), (96.0922, -465.687), (96.9968, -473.036)))
(((126.693, 192.469), (81.9302, 135.272), (20.3697, 167.918), (6.20295, 194.403), (88.2026, 238.657), (126.693, 192.469)))
(((99.4919, -625.415), (81.3512, -659.883), (60.4282, -654.284), (34.0777, -627.306), (37.2844, -586.259), (97.3222, -602.633), (99.4919, -625.415)))
(((86.67, -174.379), (90.7584, -231.618), (67.2005, -238.413), (45.798, -217.56), (83.4535, -170.939), (86.67, -174.379)))
(((106.953, 33.6801), (84.4128, -0.130872), (67.5967, -1.71729), (57.2843, 13.5603), (56.1341, 61.8659), (102.904, 49.3382), (106.953, 33.6801)))
(((97.3222, -602.633), (37.2844, -586.259), (37.2669, -586.225), (43.6545, -562.02), (82.6462, -545.067), (96.3457, -546.484), (117.3, -575.821), (97.3222, -602.633)))
(((102.695, -364.017), (75.4108, -372.341), (69.3961, -370.304), (56.8028, -338.4), (75.7988, -307.057), (76.7926, -306.415), (105.439, -329.031), (102.695, -364.017)))
(((92.6737, -47.7862), (58.6439, -50.9517), (54.2379, -48.4009), (48.3714, -34.9918), (67.5967, -1.71729), (84.4128, -0.130872), (111.509, -24.6047), (92.6737, -47.7862)))
(((96.3457, -546.484), (82.6462, -545.067), (62.1022, -500.555), (93.0722, -485.43), (112.295, -516.666), (96.3457, -546.484)))
(((108.608, -141.877), (81.8806, -165.791), (70.8977, -158.835), (57.7627, -114.739), (76.6351, -98.5), (111.5, -98.5), (108.608, -141.877)))
(((111.5, -98.5), (76.6351, -98.5), (58.6439, -50.9517), (92.6737, -47.7862), (119.721, -92.3344), (111.5, -98.5)))
(((122.96, -736.309), (67.4435, -765.969), (55.0357, -730.583), (83.5718, -663.999), (116.524, -682.989), (122.96, -736.309)))
(((109.008, -276.094), (79.5234, -289.757), (60.8216, -264.42), (67.2005, -238.413), (90.7584, -231.618), (105.5, -235.167), (109.008, -276.094)))
(((132.559, 337.25), (58.8591, 374.724), (42.0738, 415.819), (43.1697, 452.714), (53.6277, 458.713), (164.89, 395.134), (132.559, 337.25)))
(((102.904, 49.3382), (56.1341, 61.8659), (44.9, 73.1), (82.1005, 133.796), (138.367, 86.5315), (102.904, 49.3382)))
(((120.898, -411.578), (79.1429, -420.857), (75.4108, -372.341), (102.695, -364.017), (126.745, -378.447), (120.898, -411.578)))
(((128.649, -225.181), (105.5, -235.167), (90.7584, -231.618), (86.67, -174.379), (130.45, -193.6), (137.13, -210.604), (128.649, -225.181)))
(((135.645, -435.065), (96.0922, -465.687), (75.8549, -444.412), (73.7402, -428.552), (79.1429, -420.857), (120.898, -411.578), (135.645, -435.065)))
(((139.096, -312.202), (105.439, -329.031), (76.7926, -306.415), (79.5234, -289.757), (109.008, -276.094), (131.251, -284.182), (139.096, -312.202)))
(((136.804, -14.1471), (124.032, -23.7258), (111.509, -24.6047), (84.4128, -0.130872), (106.953, 33.6801), (138.755, 12.1926), (136.804, -14.1471)))
(((128.991, -90.2877), (119.721, -92.3344), (92.6737, -47.7862), (111.509, -24.6047), (124.032, -23.7258), (139.777, -79.7087), (128.991, -90.2877)))
(((146.466, -161.567), (130.45, -193.6), (86.67, -174.379), (83.4535, -170.939), (81.8806, -165.791), (108.608, -141.877), (137.45, -150.942), (146.466, -161.567)))
(((140.498, -671.924), (116.524, -682.989), (83.5718, -663.999), (81.3512, -659.883), (99.4919, -625.415), (151.078, -634.013), (140.498, -671.924)))
(((154.101, -485.44), (133.322, -514.877), (112.295, -516.666), (93.0722, -485.43), (96.9968, -473.036), (153.134, -483.432), (154.101, -485.44)))
(((131.251, -284.182), (109.008, -276.094), (105.5, -235.167), (128.649, -225.181), (150.233, -262.669), (131.251, -284.182)))
(((164.528, -557.446), (139.574, -575.21), (117.3, -575.821), (96.3457, -546.484), (112.295, -516.666), (133.322, -514.877), (164.577, -555.644), (164.528, -557.446)))
(((183.25, 406.15), (164.89, 395.134), (53.6277, 458.713), (92.2944, 523.157), (133.675, 543.692), (199.19, 504.979), (183.25, 406.15)))
(((53.9483, -800), (67.4435, -765.969), (122.96, -736.309), (205.05, -755.806), (226.148, -771.224), (229, -780), (222.502, -800), (53.9483, -800)))
(((153.134, -483.432), (96.9968, -473.036), (96.0922, -465.687), (135.645, -435.065), (143.132, -437.517), (153.698, -455.804), (153.134, -483.432)))
(((151.078, -634.013), (99.4919, -625.415), (97.3222, -602.633), (117.3, -575.821), (139.574, -575.21), (158.226, -628.503), (151.078, -634.013)))
(((160.445, -345.691), (142.607, -373.986), (126.745, -378.447), (102.695, -364.017), (105.439, -329.031), (139.096, -312.202), (145.74, -315.642), (160.445, -345.691)))
(((148.365, -116.637), (137.45, -150.942), (108.608, -141.877), (111.5, -98.5), (119.721, -92.3344), (128.991, -90.2877), (148.365, -116.637)))
(((151.471, 86.6755), (138.367, 86.5315), (82.1005, 133.796), (81.9302, 135.272), (126.693, 192.469), (134.845, 191.852), (161.528, 177.943), (156.018, 91.6143), (151.471, 86.6755)))
(((176.794, 39.0985), (138.755, 12.1926), (106.953, 33.6801), (102.904, 49.3382), (138.367, 86.5315), (151.471, 86.6755), (176.794, 39.0985)))
(((190.012, 280.119), (134.845, 191.852), (126.693, 192.469), (88.2026, 238.657), (87.4904, 278.538), (132.228, 321.696), (190.012, 280.119)))
(((139.777, -79.7087), (124.032, -23.7258), (136.804, -14.1471), (172.074, -28.5759), (145.502, -77.9258), (139.777, -79.7087)))
(((205.05, -755.806), (122.96, -736.309), (116.524, -682.989), (140.498, -671.924), (177.039, -689.281), (205.05, -755.806)))
(((182.271, -405.717), (143.132, -437.517), (135.645, -435.065), (120.898, -411.578), (126.745, -378.447), (142.607, -373.986), (182.271, -405.717)))
(((170.922, -158.966), (146.466, -161.567), (137.45, -150.942), (148.365, -116.637), (181.76, -129.16), (170.922, -158.966)))
(((164.577, -555.644), (133.322, -514.877), (154.101, -485.44), (195.139, -501.856), (164.577, -555.644)))
(((185.734, -243.435), (174.738, -262.169), (150.233, -262.669), (128.649, -225.181), (137.13, -210.604), (175.941, -211.323), (184.85, -219.119), (185.734, -243.435)))
(((188.415, -292.365), (145.74, -315.642), (139.096, -312.202), (131.251, -284.182), (150.233, -262.669), (174.738, -262.169), (189.07, -291.484), (188.415, -292.365)))
(((175.941, -211.323), (137.13, -210.604), (130.45, -193.6), (146.466, -161.567), (170.922, -158.966), (181.631, -172.439), (175.941, -211.323)))
(((210, 24.2905), (210, -18.4308), (195.504, -25.3443), (172.074, -28.5759), (136.804, -14.1471), (138.755, 12.1926), (176.794, 39.0985), (210, 24.2905)))
(((188.19, -124.873), (181.76, -129.16), (148.365, -116.637), (128.991, -90.2877), (139.777, -79.7087), (145.502, -77.9258), (178.027, -82.7699), (191.522, -92.8913), (188.19, -124.873)))
(((177.039, -689.281), (140.498, -671.924), (151.078, -634.013), (158.226, -628.503), (171.266, -629.134), (193.332, -650.587), (177.039, -689.281)))
(((200.117, -593.625), (171.266, -629.134), (158.226, -628.503), (139.574, -575.21), (164.528, -557.446), (185.306, -569.111), (200.117, -593.625)))
(((195.504, -25.3443), (178.027, -82.7699), (145.502, -77.9258), (172.074, -28.5759), (195.504, -25.3443)))
(((203.199, -416.756), (198.002, -449.241), (153.698, -455.804), (143.132, -437.517), (182.271, -405.717), (194.927, -406.095), (203.199, -416.756)))
(((206.656, -376.24), (194.927, -406.095), (182.271, -405.717), (142.607, -373.986), (160.445, -345.691), (190.571, -346.271), (201.472, -351.618), (206.656, -376.24)))
(((190.571, -346.271), (160.445, -345.691), (145.74, -315.642), (188.415, -292.365), (190.571, -346.271)))
(((211.591, -496.591), (195.139, -501.856), (154.101, -485.44), (153.134, -483.432), (153.698, -455.804), (198.002, -449.241), (215.055, -490.528), (211.591, -496.591)))
(((252.967, 119.818), (156.018, 91.6143), (161.528, 177.943), (191.423, 177.326), (252.967, 119.818)))
(((251.553, 269.192), (191.423, 177.326), (161.528, 177.943), (134.845, 191.852), (190.012, 280.119), (251.553, 269.192)))
(((210, -18.4308), (210, -53), (234.826, -53), (216.667, -82.8333), (191.522, -92.8913), (178.027, -82.7699), (195.504, -25.3443), (210, -18.4308)))
(((219.632, -149.211), (209.764, -170.918), (181.631, -172.439), (170.922, -158.966), (181.76, -129.16), (188.19, -124.873), (215.591, -135.069), (219.632, -149.211)))
(((291.177, 53), (210, 53), (210, 24.2905), (176.794, 39.0985), (151.471, 86.6755), (156.018, 91.6143), (252.967, 119.818), (287.024, 107.78), (298, 74), (291.177, 53)))
(((221.964, -188.108), (205.463, -213.293), (184.85, -219.119), (175.941, -211.323), (181.631, -172.439), (209.764, -170.918), (221.964, -188.108)))
(((218.418, -649.139), (193.332, -650.587), (171.266, -629.134), (200.117, -593.625), (237.789, -604.584), (218.418, -649.139)))
(((218.011, -507.568), (224.533, -546.696), (185.306, -569.111), (164.528, -557.446), (164.577, -555.644), (195.139, -501.856), (211.591, -496.591), (218.011, -507.568)))
(((227.685, -331.799), (201.472, -351.618), (190.571, -346.271), (188.415, -292.365), (189.07, -291.484), (230.611, -293.023), (227.685, -331.799)))
(((285.004, 277.613), (251.553, 269.192), (190.012, 280.119), (132.228, 321.696), (132.559, 337.25), (164.89, 395.134), (183.25, 406.15), (296.387, 353.353), (303, 333), (285.004, 277.613)))
(((246.257, -279.266), (230.611, -293.023), (189.07, -291.484), (174.738, -262.169), (185.734, -243.435), (251.186, -263.747), (246.257, -279.266)))
(((263.178, -751.288), (235.902, -771.106), (225.987, -771.106), (205.05, -755.806), (177.039, -689.281), (193.332, -650.587), (218.418, -649.139), (252.594, -695.064), (263.178, -751.288)))
(((242.445, 625), (217.466, 510.509), (199.19, 504.979), (133.675, 543.692), (134.24, 625), (242.445, 625)))
(((253.926, -260.029), (251.186, -263.747), (185.734, -243.435), (184.85, -219.119), (205.463, -213.293), (250.535, -240.002), (256.389, -247.985), (253.926, -260.029)))
(((237.318, -116.847), (215.591, -135.069), (188.19, -124.873), (191.522, -92.8913), (216.667, -82.8333), (237.318, -116.847)))
(((260.411, -573.685), (249.761, -599.796), (237.789, -604.584), (200.117, -593.625), (185.306, -569.111), (224.533, -546.696), (260.268, -573.242), (260.411, -573.685)))
(((246.579, -475.017), (215.055, -490.528), (198.002, -449.241), (203.199, -416.756), (241.191, -422.491), (246.579, -475.017)))
(((250.535, -240.002), (205.463, -213.293), (221.964, -188.108), (239.98, -188.987), (250.535, -240.002)))
(((254.89, -177.485), (239.98, -188.987), (221.964, -188.108), (209.764, -170.918), (219.632, -149.211), (249.059, -159.02), (254.89, -177.485)))
(((257.729, -412.028), (241.191, -422.491), (203.199, -416.756), (194.927, -406.095), (206.656, -376.24), (244.74, -377.36), (260.594, -401.142), (257.729, -412.028)))
(((244.74, -377.36), (206.656, -376.24), (201.472, -351.618), (227.685, -331.799), (255.601, -348.398), (244.74, -377.36)))
(((287.437, 107.634), (252.967, 119.818), (191.423, 177.326), (251.553, 269.192), (281.447, 276.717), (319.902, 248.779), (339, 190), (319.902, 131.221), (287.437, 107.634)))
(((267.051, -124.235), (249.059, -159.02), (219.632, -149.211), (215.591, -135.069), (237.318, -116.847), (266.401, -118.058), (267.051, -124.235)))
(((269, -53), (269, -114.655), (266.401, -118.058), (237.318, -116.847), (216.667, -82.8333), (234.826, -53), (269, -53)))
(((260.268, -573.242), (224.533, -546.696), (218.011, -507.568), (269.871, -531.337), (260.268, -573.242)))
(((277.743, -629.05), (252.594, -695.064), (218.418, -649.139), (237.789, -604.584), (249.761, -599.796), (277.743, -629.05)))
(((296.941, 353.094), (183.25, 406.15), (199.19, 504.979), (217.466, 510.509), (323.374, 503.701), (332.902, 496.779), (352, 438), (332.902, 379.221), (296.941, 353.094)))
(((281.046, -519.523), (269.871, -531.337), (218.011, -507.568), (211.591, -496.591), (215.055, -490.528), (246.579, -475.017), (283.317, -479.403), (281.046, -519.523)))
(((277.59, -343.91), (255.601, -348.398), (227.685, -331.799), (230.611, -293.023), (246.257, -279.266), (288.289, -325.366), (277.59, -343.91)))
(((256.389, -247.985), (250.535, -240.002), (239.98, -188.987), (254.89, -177.485), (275.435, -182.293), (278.001, -229.764), (256.389, -247.985)))
(((242.445, 625), (345.729, 625), (361, 578), (341.902, 519.221), (320.77, 503.868), (217.466, 510.509), (242.445, 625)))
(((290.22, -474.966), (283.317, -479.403), (246.579, -475.017), (241.191, -422.491), (257.729, -412.028), (280.859, -429.716), (291.348, -467.857), (290.22, -474.966)))
(((289.685, -382.272), (260.594, -401.142), (244.74, -377.36), (255.601, -348.398), (277.59, -343.91), (291.757, -375.226), (289.685, -382.272)))
(((275.435, -182.293), (254.89, -177.485), (249.059, -159.02), (267.051, -124.235), (299.965, -168.12), (275.435, -182.293)))
(((312.6, -410.396), (280.859, -429.716), (257.729, -412.028), (260.594, -401.142), (289.685, -382.272), (312.6, -410.396)))
(((320.5, -286.5), (294.471, -323.541), (288.289, -325.366), (246.257, -279.266), (251.186, -263.747), (253.926, -260.029), (315.248, -279.394), (320.5, -286.5)))
(((323.94, -752.898), (320.902, -755.106), (263.896, -755.106), (252.594, -695.064), (277.743, -629.05), (302.997, -630.733), (323.94, -752.898)))
(((307.375, -571.977), (260.411, -573.685), (260.268, -573.242), (269.871, -531.337), (281.046, -519.523), (316.474, -537.237), (307.375, -571.977)))
(((332.453, -613.823), (302.997, -630.733), (277.743, -629.05), (249.761, -599.796), (260.411, -573.685), (307.375, -571.977), (330.135, -592.668), (332.453, -613.823)))
(((321.668, -224.821), (278.001, -229.764), (275.435, -182.293), (299.965, -168.12), (302.063, -168.184), (320.786, -182.617), (323.802, -223.323), (321.668, -224.821)))
(((331.182, -53), (332.396, -66.3585), (300.058, -113.915), (269, -114.655), (269, -53), (331.182, -53)))
(((299.965, -168.12), (267.051, -124.235), (266.401, -118.058), (269, -114.655), (300.058, -113.915), (320.085, -133.141), (302.063, -168.184), (299.965, -168.12)))
(((315.248, -279.394), (253.926, -260.029), (256.389, -247.985), (278.001, -229.764), (321.668, -224.821), (315.248, -279.394)))
(((328.49, -427.177), (291.348, -467.857), (280.859, -429.716), (312.6, -410.396), (320.984, -412.818), (328.49, -427.177)))
(((333.993, -364.046), (291.757, -375.226), (277.59, -343.91), (288.289, -325.366), (294.471, -323.541), (336.519, -346.367), (333.993, -364.046)))
(((325.216, -531.951), (316.474, -537.237), (281.046, -519.523), (283.317, -479.403), (290.22, -474.966), (329.959, -486.888), (325.216, -531.951)))
(((343.457, -381.152), (320.984, -412.818), (312.6, -410.396), (289.685, -382.272), (291.757, -375.226), (333.993, -364.046), (343.457, -381.152)))
(((351.653, -108.082), (338.203, -128.506), (320.085, -133.141), (300.058, -113.915), (332.396, -66.3585), (351.653, -108.082)))
(((400, -717.066), (355.902, -749.106), (323.29, -749.106), (302.997, -630.733), (332.453, -613.823), (400, -659.581), (400, -717.066)))
(((345.668, -481.979), (329.959, -486.888), (290.22, -474.966), (291.348, -467.857), (328.49, -427.177), (347.838, -436.411), (345.668, -481.979)))
(((354.561, -330.843), (336.519, -346.367), (294.471, -323.541), (320.5, -286.5), (331.051, -288.083), (349.917, -304.53), (354.561, -330.843)))
(((359.156, -167.792), (320.786, -182.617), (302.063, -168.184), (320.085, -133.141), (338.203, -128.506), (359.156, -167.792)))
(((330.135, -592.668), (307.375, -571.977), (316.474, -537.237), (325.216, -531.951), (378.49, -548.343), (330.135, -592.668)))
(((359.418, -254.312), (331.051, -288.083), (320.5, -286.5), (315.248, -279.394), (321.668, -224.821), (323.802, -223.323), (338.986, -226.808), (359.418, -254.312)))
(((400, -542.32), (378.49, -548.343), (325.216, -531.951), (329.959, -486.888), (345.668, -481.979), (400, -501.258), (400, -542.32)))
(((364.884, -428.629), (347.838, -436.411), (328.49, -427.177), (320.984, -412.818), (343.457, -381.152), (359.256, -386.419), (364.884, -428.629)))
(((371.046, -170.368), (365.409, -210.955), (338.986, -226.808), (323.802, -223.323), (320.786, -182.617), (359.156, -167.792), (371.046, -170.368)))
(((400, -276.15), (349.917, -304.53), (331.051, -288.083), (359.418, -254.312), (400, -262.947), (400, -276.15)))
(((400, -160.123), (371.046, -170.368), (359.156, -167.792), (338.203, -128.506), (351.653, -108.082), (400, -118.51), (400, -160.123)))
(((400, -373.455), (359.256, -386.419), (343.457, -381.152), (333.993, -364.046), (336.519, -346.367), (354.561, -330.843), (400, -343.077), (400, -373.455)))
(((400, -659.581), (332.453, -613.823), (330.135, -592.668), (378.49, -548.343), (400, -542.32), (400, -659.581)))
(((400, -501.258), (345.668, -481.979), (347.838, -436.411), (364.884, -428.629), (400, -434.95), (400, -501.258)))
(((400, -262.947), (359.418, -254.312), (338.986, -226.808), (365.409, -210.955), (400, -228.25), (400, -262.947)))
(((331.182, -53), (400, -53), (400, -118.51), (351.653, -108.082), (332.396, -66.3585), (331.182, -53)))
(((400, -434.95), (364.884, -428.629), (359.256, -386.419), (400, -373.455), (400, -434.95)))
(((400, -343.077), (354.561, -330.843), (349.917, -304.53), (400, -276.15), (400, -343.077)))
(((400, -228.25), (365.409, -210.955), (371.046, -170.368), (400, -160.123), (400, -228.25)))
