(((-225, 500.934), (-225, 625), (-123.437, 625), (-112.721, 510.693), (-173.16, 468.894), (-180.902, 468.894), (-225, 500.934)))
(((-29.4391, 625), (-27.5822, 518.227), (-112.721, 510.693), (-123.438, 625), (-29.4391, 625)))
(((-119.732, -330.596), (-164.902, -297.779), (-184, -239), (-164.902, -180.221), (-130.395, -155.151), (-105, -161.5), (-49.8681, -230.415), (-52.5424, -275.211), (-119.732, -330.596)))
(((-147.117, 391.113), (-156.902, 398.221), (-176, 457), (-171.838, 469.808), (-112.721, 510.693), (-27.5822, 518.227), (6.66431, 486.959), (1.18764, 436.38), (-13.2293, 418.161), (-147.117, 391.113)))
(((-120.422, 287.248), (-136.902, 299.221), (-156, 358), (-145.109, 391.518), (-13.2293, 418.161), (-4.85921, 318.766), (-120.422, 287.248)))
(((-133.754, -53), (-63.6486, -53), (-27.5953, -74.8684), (-17.2367, -100.99), (-94.7476, -159.791), (-105, -161.5), (-133.29, -154.427), (-150, -103), (-133.754, -53)))
(((10.2589, -176.821), (5.90717, -208.865), (-49.8681, -230.415), (-105, -161.5), (-94.7476, -159.791), (5.09413, -168.732), (10.2589, -176.821)))
(((-109.208, 199.718), (-109.902, 200.221), (-129, 259), (-119.763, 287.428), (-4.85921, 318.766), (11.2715, 308.514), (12.6948, 305.722), (-9.20142, 216.573), (-109.208, 199.718)))
(((5.09413, -168.732), (-94.7476, -159.791), (-17.2367, -100.99), (-10.2653, -105.816), (5.52679, -166.353), (5.09413, -168.732)))
(((23.3824, -396.858), (7.9017, -408.106), (-53.9017, -408.106), (-103.902, -371.779), (-117.8, -329.004), (-52.5424, -275.211), (1.93638, -279.88), (23.3824, -396.858)))
(((10.034, -216.869), (11.0283, -271.559), (1.93638, -279.88), (-52.5424, -275.211), (-49.8681, -230.415), (5.90717, -208.865), (10.034, -216.869)))
(((-78.8245, 99.5407), (-94.9017, 111.221), (-114, 170), (-104.062, 200.585), (-9.20142, 216.573), (45.0288, 186.204), (40.0091, 170.335), (-78.8245, 99.5407)))
(((-63.6486, -53), (-30, -53), (-30, 15.25), (34.0553, -40.7984), (-27.5953, -74.8684), (-63.6486, -53)))
(((49.4252, -44.5515), (43.53, -92.3675), (-10.2653, -105.816), (-17.2367, -100.99), (-27.5953, -74.8684), (34.0553, -40.7984), (49.4252, -44.5515)))
(((-53.968, 54.8246), (-66.9017, 64.2215), (-78.4501, 99.7638), (40.0091, 170.335), (49.9134, 127.004), (-4.06062, 61.223), (-53.968, 54.8246)))
(((52.4223, -110.439), (5.52679, -166.353), (-10.2653, -105.816), (43.53, -92.3675), (52.4223, -110.439)))
(((64.0245, 196.239), (45.0288, 186.204), (-9.20142, 216.573), (12.6948, 305.722), (69.3226, 265.998), (64.0245, 196.239)))
(((-30, 15.25), (-30, 53), (-55.7288, 53), (-55.1867, 54.6684), (-4.06062, 61.223), (36.4663, 49.7801), (78.7584, -18.4329), (78.3902, -21.378), (66.5722, -35.1657), (49.4252, -44.5515), (34.0553, -40.7984), (-30, 15.25)))
(((52.6271, 625), (66.2213, 510.421), (6.66431, 486.959), (-27.5822, 518.227), (-29.4391, 625), (52.6271, 625)))
(((84.0013, -385.409), (67.9017, -397.106), (23.4277, -397.106), (1.93638, -279.88), (11.0283, -271.559), (67.3968, -272.498), (84.0013, -385.409)))
(((67.3968, -272.498), (11.0283, -271.559), (10.034, -216.869), (67.3561, -232.991), (82.7966, -251.863), (67.3968, -272.498)))
(((83.4511, 356.634), (11.2715, 308.514), (-4.85921, 318.766), (-13.2293, 418.161), (1.18764, 436.38), (79.7733, 391.777), (83.4511, 356.634)))
(((67.3561, -232.991), (10.034, -216.869), (5.90717, -208.865), (10.2589, -176.821), (61.1183, -178.41), (67.3561, -232.991)))
(((110.907, -145.323), (106.626, -153.381), (61.1183, -178.41), (10.2589, -176.821), (5.09413, -168.732), (5.52679, -166.353), (52.4223, -110.439), (109.241, -142.337), (110.907, -145.323)))
(((105.958, 83.239), (36.4663, 49.7801), (-4.06062, 61.223), (49.9134, 127.004), (100.472, 94.3513), (105.958, 83.239)))
(((108.062, 337.101), (89.5194, 274.851), (69.3226, 265.998), (12.6948, 305.722), (11.2715, 308.514), (83.4511, 356.634), (108.062, 337.101)))
(((131.408, 46.1831), (78.7584, -18.4329), (36.4663, 49.7801), (105.958, 83.239), (136.435, 65.8704), (131.408, 46.1831)))
(((109.241, -142.337), (52.4223, -110.439), (43.53, -92.3675), (49.4252, -44.5515), (66.5722, -35.1657), (112.029, -98.4106), (109.241, -142.337)))
(((108.464, 507.429), (125.604, 422.801), (79.7733, 391.777), (1.18764, 436.38), (6.66431, 486.959), (66.2213, 510.421), (107.594, 508.337), (108.464, 507.429)))
(((110.563, -244.437), (82.7966, -251.863), (67.3561, -232.991), (61.1183, -178.41), (106.626, -153.381), (118.5, -236.5), (110.563, -244.437)))
(((100.472, 94.3513), (49.9134, 127.004), (40.0091, 170.335), (45.0288, 186.204), (64.0245, 196.239), (117.28, 183.991), (100.472, 94.3513)))
(((169.202, 625), (107.594, 508.337), (66.2213, 510.421), (52.6271, 625), (169.202, 625)))
(((163.509, -367.048), (135.902, -387.106), (84.2508, -387.106), (67.3968, -272.498), (82.7966, -251.863), (110.563, -244.437), (163.509, -367.048)))
(((160.339, 210.442), (130.938, 187.123), (117.28, 183.991), (64.0245, 196.239), (69.3226, 265.998), (89.5194, 274.851), (146.855, 260.274), (160.339, 210.442)))
(((150.222, -54.5604), (112.029, -98.4106), (66.5722, -35.1657), (78.3902, -21.378), (149.984, -45.6471), (150.222, -54.5604)))
(((146.855, 260.274), (89.5194, 274.851), (108.062, 337.101), (125.448, 336.424), (163.692, 293.012), (146.855, 260.274)))
(((176.687, 386.383), (125.448, 336.424), (108.062, 337.101), (83.4511, 356.634), (79.7733, 391.777), (125.604, 422.801), (170.215, 403.524), (176.687, 386.383)))
(((136.435, 65.8704), (105.958, 83.239), (100.472, 94.3513), (117.28, 183.991), (130.938, 187.123), (183.345, 82.3091), (136.435, 65.8704)))
(((149.984, -45.6471), (78.3902, -21.378), (78.7584, -18.4329), (131.408, 46.1831), (168.426, -27.8521), (149.984, -45.6471)))
(((165.594, -144.797), (110.907, -145.323), (109.241, -142.337), (112.029, -98.4106), (150.222, -54.5604), (170.284, -85.0003), (165.594, -144.797)))
(((229.511, -230.657), (118.5, -236.5), (106.626, -153.381), (110.907, -145.323), (165.594, -144.797), (181.126, -152.563), (229.511, -230.657)))
(((163.966, -368.106), (110.563, -244.437), (118.5, -236.5), (229.511, -230.657), (236.812, -235.488), (249, -273), (229.902, -331.779), (179.902, -368.106), (163.966, -368.106)))
(((170.215, 403.524), (125.604, 422.801), (108.464, 507.429), (224.635, 481.443), (170.215, 403.524)))
(((253.558, 327.481), (163.692, 293.012), (125.448, 336.424), (176.687, 386.383), (253.558, 327.481)))
(((260.003, 53), (210, 53), (210, -19.7532), (168.426, -27.8521), (131.408, 46.1831), (136.435, 65.8704), (183.345, 82.3091), (241.124, 81.0621), (253.902, 71.7785), (260.003, 53)))
(((260.996, 105.823), (256.902, 93.2215), (240.193, 81.0822), (183.345, 82.3091), (130.938, 187.123), (160.339, 210.442), (170.193, 209.008), (260.996, 105.823)))
(((169.202, 625), (210.8, 625), (257.902, 590.779), (277, 532), (265.686, 497.18), (224.635, 481.443), (108.464, 507.429), (107.594, 508.337), (169.202, 625)))
(((210, -19.7532), (210, -53), (236.809, -53), (228.821, -72.5834), (170.284, -85.0003), (150.222, -54.5604), (149.984, -45.6471), (168.426, -27.8521), (210, -19.7532)))
(((289.284, 270.359), (170.193, 209.008), (160.339, 210.442), (146.855, 260.274), (163.692, 293.012), (253.558, 327.481), (267.698, 324.559), (272.902, 320.779), (289.284, 270.359)))
(((229.763, -105.058), (181.126, -152.563), (165.594, -144.797), (170.284, -85.0003), (228.821, -72.5834), (229.763, -105.058)))
(((265.17, 325.081), (253.558, 327.481), (176.687, 386.383), (170.215, 403.524), (224.635, 481.443), (266.915, 497.651), (303.902, 470.779), (323, 412), (303.902, 353.221), (265.17, 325.081)))
(((262.045, 104.631), (170.193, 209.008), (287.045, 269.205), (306.902, 254.779), (326, 196), (306.902, 137.221), (262.045, 104.631)))
(((329.006, -164.604), (317.902, -198.779), (267.902, -235.106), (236.234, -235.106), (229.511, -230.657), (181.126, -152.563), (229.763, -105.058), (329.006, -164.604)))
(((236.809, -53), (350.353, -53), (364, -95), (344.902, -153.779), (329.552, -164.931), (229.763, -105.058), (228.821, -72.5834), (236.809, -53)))
