(((-225, -333.653), (-203.991, -338.058), (-180.579, -363.736), (-186.239, -380.717), (-225, -413.422), (-225, -333.653)))
(((-225, -442.454), (-218.692, -444.063), (-172.601, -500.909), (-174.305, -514.111), (-225, -532.545), (-225, -442.454)))
(((-225, -645.349), (-196.889, -650.361), (-187.259, -656.615), (-151.706, -694.708), (-151.344, -731.276), (-155.349, -739.201), (-225, -747.754), (-225, -645.349)))
(((-148.279, -800), (-225, -800), (-225, -747.754), (-155.349, -739.201), (-148.279, -800)))
(((-225, -270.028), (-181.233, -282.185), (-173.73, -317.559), (-203.991, -338.058), (-225, -333.653), (-225, -270.028)))
(((-225, -532.545), (-174.305, -514.111), (-151.503, -543.246), (-151.291, -558.759), (-225, -574.186), (-225, -532.545)))
(((-225, -109.489), (-225, -53), (-162.436, -53), (-153.093, -107.891), (-225, -109.489)))
(((-225, -109.489), (-153.093, -107.891), (-150.36, -110.263), (-158.519, -145.127), (-225, -151.359), (-225, -109.489)))
(((-225, -574.186), (-151.291, -558.759), (-138.496, -577.37), (-196.889, -650.361), (-225, -645.349), (-225, -574.186)))
(((-225, -442.454), (-225, -413.422), (-186.239, -380.717), (-147.5, -413), (-165.575, -434.69), (-218.692, -444.063), (-225, -442.454)))
(((-225, -216.034), (-159.241, -227.372), (-146.854, -256.088), (-150.167, -270.287), (-181.233, -282.185), (-225, -270.028), (-225, -216.034)))
(((-225, -151.359), (-158.519, -145.127), (-149.641, -163.729), (-150.922, -173.615), (-225, -193.818), (-225, -151.359)))
(((-144.913, -330.013), (-154.148, -359.037), (-180.579, -363.736), (-203.991, -338.058), (-173.73, -317.559), (-147, -326), (-144.913, -330.013)))
(((-225, -193.818), (-150.922, -173.615), (-135.491, -200.323), (-159.241, -227.372), (-225, -216.034), (-225, -193.818)))
(((-141.291, -480.31), (-172.601, -500.909), (-218.692, -444.063), (-165.575, -434.69), (-142.228, -464.707), (-141.291, -480.31)))
(((-225, 429.309), (-225, 578.691), (-196.902, 599.106), (-147.964, 599.106), (-97.2378, 509.926), (-106.647, 491.979), (-210.251, 418.593), (-225, 429.309)))
(((-129.981, -403.032), (-147.5, -413), (-186.239, -380.717), (-180.579, -363.736), (-154.148, -359.037), (-126.797, -390.8), (-129.981, -403.032)))
(((-135.358, -289.135), (-147, -326), (-173.73, -317.559), (-181.233, -282.185), (-150.167, -270.287), (-135.358, -289.135)))
(((-107.031, -508.939), (-151.503, -543.246), (-174.305, -514.111), (-172.601, -500.909), (-141.291, -480.31), (-109.439, -499.732), (-107.031, -508.939)))
(((-134.024, -578.782), (-116.753, -625.279), (-187.259, -656.615), (-196.889, -650.361), (-138.496, -577.37), (-134.024, -578.782)))
(((-103.007, -53), (-101.104, -68.945), (-130.394, -109.951), (-150.36, -110.263), (-153.093, -107.891), (-162.436, -53), (-103.007, -53)))
(((-103.534, -147.262), (-149.641, -163.729), (-158.519, -145.127), (-150.36, -110.263), (-130.394, -109.951), (-100.245, -136.235), (-103.534, -147.262)))
(((-95.4101, -438.49), (-142.228, -464.707), (-165.575, -434.69), (-147.5, -413), (-129.981, -403.032), (-95.4101, -438.49)))
(((-109.578, -378.058), (-126.797, -390.8), (-154.148, -359.037), (-144.913, -330.013), (-103.736, -336.19), (-109.578, -378.058)))
(((-78.8575, -667.258), (-151.706, -694.708), (-187.259, -656.615), (-116.753, -625.279), (-86.7745, -642.517), (-78.8575, -667.258)))
(((-103.611, -245.278), (-146.854, -256.088), (-159.241, -227.372), (-135.491, -200.323), (-117.062, -201.512), (-106.259, -216.149), (-103.611, -245.278)))
(((-96.684, -176.532), (-117.062, -201.512), (-135.491, -200.323), (-150.922, -173.615), (-149.641, -163.729), (-103.534, -147.262), (-96.684, -176.532)))
(((-103.736, -336.19), (-144.913, -330.013), (-147, -326), (-135.358, -289.135), (-98.0521, -292.451), (-98.9, -332.3), (-103.736, -336.19)))
(((-98.0521, -292.451), (-135.358, -289.135), (-150.167, -270.287), (-146.854, -256.088), (-103.611, -245.278), (-98.9186, -249.384), (-94.2182, -288.867), (-98.0521, -292.451)))
(((-79.4286, -449.714), (-109.439, -499.732), (-141.291, -480.31), (-142.228, -464.707), (-95.4101, -438.49), (-81.253, -444.241), (-79.4286, -449.714)))
(((-80.4817, -534.683), (-96.0334, -572.149), (-134.024, -578.782), (-138.496, -577.37), (-151.291, -558.759), (-151.503, -543.246), (-107.031, -508.939), (-81.166, -527.84), (-80.4817, -534.683)))
(((-210.57, 418.367), (-106.647, 491.979), (-71.447, 390.291), (-153.094, 342.12), (-195.902, 373.221), (-210.57, 418.367)))
(((-148.279, -800), (-155.349, -739.201), (-151.344, -731.276), (-70.3694, -744.772), (-43.8312, -800), (-148.279, -800)))
(((-86.7745, -642.517), (-116.753, -625.279), (-134.024, -578.782), (-96.0334, -572.149), (-72.5307, -596.225), (-86.7745, -642.517)))
(((-59.8949, -679.068), (-70.3694, -744.772), (-151.344, -731.276), (-151.706, -694.708), (-78.8575, -667.258), (-62.2985, -675.983), (-59.8949, -679.068)))
(((-91.3238, -132.57), (-100.245, -136.235), (-130.394, -109.951), (-101.104, -68.945), (-71.5032, -97.6484), (-91.3238, -132.57)))
(((-81.253, -444.241), (-95.4101, -438.49), (-129.981, -403.032), (-126.797, -390.8), (-109.578, -378.058), (-86.8958, -381.151), (-61.7214, -417.514), (-81.253, -444.241)))
(((-56.8607, -358.047), (-86.8958, -381.151), (-109.578, -378.058), (-103.736, -336.19), (-98.9, -332.3), (-68.97, -338.951), (-56.8607, -358.047)))
(((-63.5555, -212.986), (-106.259, -216.149), (-117.062, -201.512), (-96.684, -176.532), (-65.396, -183.237), (-57.5441, -205.811), (-63.5555, -212.986)))
(((-66.9854, -242.997), (-98.9186, -249.384), (-103.611, -245.278), (-106.259, -216.149), (-63.5555, -212.986), (-66.9854, -242.997)))
(((-53.7528, -508.346), (-81.166, -527.84), (-107.031, -508.939), (-109.439, -499.732), (-79.4286, -449.714), (-50.746, -471.513), (-53.7528, -508.346)))
(((-63.5836, -288.266), (-94.2182, -288.867), (-98.9186, -249.384), (-66.9854, -242.997), (-50.9526, -257.478), (-63.5836, -288.266)))
(((-45.3633, -154.729), (-65.396, -183.237), (-96.684, -176.532), (-103.534, -147.262), (-100.245, -136.235), (-91.3238, -132.57), (-46.3346, -150.566), (-45.3633, -154.729)))
(((-48.1652, -305.006), (-68.97, -338.951), (-98.9, -332.3), (-98.0521, -292.451), (-94.2182, -288.867), (-63.5836, -288.266), (-48.1652, -305.006)))
(((-38.13, -53), (-45.7373, -95.2627), (-71.5032, -97.6484), (-101.104, -68.945), (-103.007, -53), (-38.13, -53)))
(((-45.2033, -409.844), (-61.7214, -417.514), (-86.8958, -381.151), (-56.8607, -358.047), (-47.0888, -361.993), (-36.7046, -381.515), (-45.2033, -409.844)))
(((2.49094, 447.836), (-65.968, 390.616), (-71.447, 390.291), (-106.647, 491.979), (-97.2378, 509.926), (-36.5906, 506.789), (2.49094, 447.836)))
(((-65.1836, -594.936), (-72.5307, -596.225), (-96.0334, -572.149), (-80.4817, -534.683), (-39.5152, -558.698), (-65.1836, -594.936)))
(((-28.8134, -112.187), (-46.3346, -150.566), (-91.3238, -132.57), (-71.5032, -97.6484), (-45.7373, -95.2627), (-28.8134, -112.187)))
(((-137.597, 625), (1.04435, 625), (5.20672, 567.652), (-36.5906, 506.789), (-97.2378, 509.926), (-146.869, 597.181), (-137.902, 624.779), (-137.597, 625)))
(((-137.424, 274.828), (-156, 332), (-152.621, 342.398), (-71.447, 390.291), (-65.968, 390.616), (-16.3409, 342.935), (-3.87702, 290.456), (-137.424, 274.828)))
(((-25.05, -622.975), (-62.2985, -675.983), (-78.8575, -667.258), (-86.7745, -642.517), (-72.5307, -596.225), (-65.1836, -594.936), (-26.6994, -608.405), (-25.05, -622.975)))
(((-25.6374, -218.767), (-35.9933, -253.977), (-50.9526, -257.478), (-66.9854, -242.997), (-63.5555, -212.986), (-57.5441, -205.811), (-26.969, -211.666), (-25.6374, -218.767)))
(((-16.1446, -532.881), (-27.3268, -556.843), (-39.5152, -558.698), (-80.4817, -534.683), (-81.166, -527.84), (-53.7528, -508.346), (-21.2269, -521.833), (-16.1446, -532.881)))
(((-102.706, 162.369), (-125.902, 179.221), (-145, 238), (-132.86, 275.362), (-3.87702, 290.456), (-2.67963, 289.725), (-10.6867, 188.302), (-102.706, 162.369)))
(((-18.6112, -334.57), (-47.0888, -361.993), (-56.8607, -358.047), (-68.97, -338.951), (-48.1652, -305.006), (-31.9091, -307.114), (-17.1667, -325.542), (-18.6112, -334.57)))
(((-22.1913, -465.696), (-50.746, -471.513), (-79.4286, -449.714), (-81.253, -444.241), (-61.7214, -417.514), (-45.2033, -409.844), (-21.0003, -424.012), (-22.1913, -465.696)))
(((-14.5179, -198.887), (-26.969, -211.666), (-57.5441, -205.811), (-65.396, -183.237), (-45.3633, -154.729), (-16.2686, -171.458), (-14.5179, -198.887)))
(((-26.6994, -608.405), (-65.1836, -594.936), (-39.5152, -558.698), (-27.3268, -556.843), (-7.72408, -586.639), (-26.6994, -608.405)))
(((-13.925, -280.137), (-31.9091, -307.114), (-48.1652, -305.006), (-63.5836, -288.266), (-50.9526, -257.478), (-35.9933, -253.977), (-12.8986, -268.333), (-13.925, -280.137)))
(((-43.8312, -800), (-70.3694, -744.772), (-59.8949, -679.068), (-6.56797, -690.69), (-2.04068, -694.93), (-22.5978, -800), (-43.8312, -800)))
(((-1.72816, -486.085), (-21.2269, -521.833), (-53.7528, -508.346), (-50.746, -471.513), (-22.1913, -465.696), (-3.49438, -474.163), (-1.72816, -486.085)))
(((-0.561048, -378.805), (-36.7046, -381.515), (-47.0888, -361.993), (-18.6112, -334.57), (7.83311, -367.973), (-0.561048, -378.805)))
(((-38.13, -53), (-30, -53), (-30, -44.0877), (-9.33529, -50.2509), (4.87624, -79.5099), (-22.6948, -112.094), (-28.8134, -112.187), (-45.7373, -95.2627), (-38.13, -53)))
(((11.3538, -153.541), (-16.2686, -171.458), (-45.3633, -154.729), (-46.3346, -150.566), (-28.8134, -112.187), (-22.6948, -112.094), (11.7515, -131.666), (11.3538, -153.541)))
(((-6.56797, -690.69), (-59.8949, -679.068), (-62.2985, -675.983), (-25.05, -622.975), (11.1515, -641.076), (-6.56797, -690.69)))
(((8.55263, -416.272), (-21.0003, -424.012), (-45.2033, -409.844), (-36.7046, -381.515), (-0.561048, -378.805), (8.55263, -416.272)))
(((10.0128, -255.481), (-12.8986, -268.333), (-35.9933, -253.977), (-25.6374, -218.767), (11.4815, -246.118), (10.0128, -255.481)))
(((-96.1475, 73.0556), (-114, 128), (-102.846, 162.33), (-10.6867, 188.302), (10.0851, 179.314), (25.8707, 149.246), (-3.77076, 86.0971), (-96.1475, 73.0556)))
(((45.8505, 403.183), (-16.3409, 342.935), (-65.968, 390.616), (2.49094, 447.836), (47.7609, 435.979), (45.8505, 403.183)))
(((17.0827, -460.445), (-3.49438, -474.163), (-22.1913, -465.696), (-21.0003, -424.012), (8.55263, -416.272), (17.998, -421.087), (17.0827, -460.445)))
(((17.5581, -316.86), (-17.1667, -325.542), (-31.9091, -307.114), (-13.925, -280.137), (22.0374, -306.11), (17.5581, -316.86)))
(((-30, 9.60769), (-30, 53), (-98.7508, 53), (-92.0462, 73.6347), (-3.77076, 86.0971), (39.8779, 60.0486), (3.46976, 10.6375), (-30, 9.60769)))
(((32.4444, -585.959), (-7.72408, -586.639), (-27.3268, -556.843), (-16.1446, -532.881), (28.354, -537.938), (38.5241, -563.16), (32.4444, -585.959)))
(((31.4772, -218.716), (11.4815, -246.118), (-25.6374, -218.767), (-26.969, -211.666), (-14.5179, -198.887), (22.9542, -206.198), (31.4772, -218.716)))
(((-30, -44.0877), (-30, 9.60769), (3.46976, 10.6375), (18, -3.5), (24.7329, -34.9202), (-9.33529, -50.2509), (-30, -44.0877)))
(((36.9827, -594.57), (35.5685, -627.568), (11.1515, -641.076), (-25.05, -622.975), (-26.6994, -608.405), (-7.72408, -586.639), (32.4444, -585.959), (36.9827, -594.57)))
(((28.354, -537.938), (-16.1446, -532.881), (-21.2269, -521.833), (-1.72816, -486.085), (35.5909, -516.227), (28.354, -537.938)))
(((27.0848, -334.961), (12.3542, -366.527), (7.83311, -367.973), (-18.6112, -334.57), (-17.1667, -325.542), (17.5581, -316.86), (27.0848, -334.961)))
(((22.9542, -206.198), (-14.5179, -198.887), (-16.2686, -171.458), (11.3538, -153.541), (31.1684, -170.603), (22.9542, -206.198)))
(((22.0374, -306.11), (-13.925, -280.137), (-12.8986, -268.333), (10.0128, -255.481), (30.6313, -272.975), (22.4402, -305.739), (22.0374, -306.11)))
(((34.8288, -116.281), (11.7515, -131.666), (-22.6948, -112.094), (4.87624, -79.5099), (27.3062, -84.686), (34.8288, -116.281)))
(((-22.5978, -800), (-2.04068, -694.93), (10.5597, -697.205), (55.1612, -731.67), (67.8895, -767.026), (54.7, -800), (-22.5978, -800)))
(((52.8524, -55.6162), (27.3062, -84.686), (4.87624, -79.5099), (-9.33529, -50.2509), (24.7329, -34.9202), (49.5716, -47.0861), (52.8524, -55.6162)))
(((34.0953, -415.825), (17.998, -421.087), (8.55263, -416.272), (-0.561048, -378.805), (7.83311, -367.973), (12.3542, -366.527), (45.2497, -379.319), (34.0953, -415.825)))
(((61.9551, 358.586), (10.4745, 290.498), (-2.67963, 289.725), (-3.87702, 290.456), (-16.3409, 342.935), (45.8505, 403.183), (61.9551, 358.586)))
(((35.5909, -516.227), (-1.72816, -486.085), (-3.49438, -474.163), (17.0827, -460.445), (41.3846, -467.625), (52.2407, -502.907), (35.5909, -516.227)))
(((57.2842, 441.029), (47.7609, 435.979), (2.49094, 447.836), (-36.5906, 506.789), (5.20672, 567.652), (102.316, 507.326), (57.2842, 441.029)))
(((64.6429, -656.643), (10.5597, -697.205), (-2.04068, -694.93), (-6.56797, -690.69), (11.1515, -641.076), (35.5685, -627.568), (64.6429, -656.643)))
(((87.7742, 223.171), (10.0851, 179.314), (-10.6867, 188.302), (-2.67963, 289.725), (10.4745, 290.498), (86.7694, 261.021), (87.7742, 223.171)))
(((83.168, 114.647), (44.489, 60.0999), (39.8779, 60.0486), (-3.77076, 86.0971), (25.8707, 149.246), (81.9538, 122.499), (83.168, 114.647)))
(((64.7284, -370.202), (45.2497, -379.319), (12.3542, -366.527), (27.0848, -334.961), (55.4259, -341.63), (64.7284, -370.202)))
(((58.2223, 45.5587), (57.2771, 4.91653), (18, -3.5), (3.46976, 10.6375), (39.8779, 60.0486), (44.489, 60.0999), (58.2223, 45.5587)))
(((60.2938, -267.325), (30.6313, -272.975), (10.0128, -255.481), (11.4815, -246.118), (31.4772, -218.716), (43.6731, -220.784), (66.7513, -241.495), (60.2938, -267.325)))
(((70.2933, -444.137), (41.3846, -467.625), (17.0827, -460.445), (17.998, -421.087), (34.0953, -415.825), (69.3267, -432.151), (70.2933, -444.137)))
(((68.0125, -164.053), (31.1684, -170.603), (11.3538, -153.541), (11.7515, -131.666), (34.8288, -116.281), (58.0157, -121.34), (68.0125, -164.053)))
(((49.5716, -47.0861), (24.7329, -34.9202), (18, -3.5), (57.2771, 4.91653), (69.8925, -12.3712), (49.5716, -47.0861)))
(((74.6579, -307.974), (55.4259, -341.63), (27.0848, -334.961), (17.5581, -316.86), (22.0374, -306.11), (22.4402, -305.739), (74.5116, -307.535), (74.6579, -307.974)))
(((74.5116, -307.535), (22.4402, -305.739), (30.6313, -272.975), (60.2938, -267.325), (76.5228, -291.948), (74.5116, -307.535)))
(((80.769, -174.414), (43.6731, -220.784), (31.4772, -218.716), (22.9542, -206.198), (31.1684, -170.603), (68.0125, -164.053), (80.1857, -172.531), (80.769, -174.414)))
(((82.1189, -666.654), (55.1612, -731.67), (10.5597, -697.205), (64.6429, -656.643), (79.1771, -661.286), (82.1189, -666.654)))
(((77.5898, -105.769), (58.0157, -121.34), (34.8288, -116.281), (27.3062, -84.686), (52.8524, -55.6162), (62.8462, -61.5385), (77.5898, -105.769)))
(((69.3267, -432.151), (34.0953, -415.825), (45.2497, -379.319), (64.7284, -370.202), (77.2072, -374.498), (79.4309, -420.083), (69.3267, -432.151)))
(((85.767, -549.512), (38.5241, -563.16), (28.354, -537.938), (35.5909, -516.227), (52.2407, -502.907), (61.7118, -503.406), (85.767, -549.512)))
(((97.6308, -473.417), (92.2534, -489.832), (61.7118, -503.406), (52.2407, -502.907), (41.3846, -467.625), (70.2933, -444.137), (97.3588, -470.471), (97.6308, -473.417)))
(((132.059, 303.114), (86.7694, 261.021), (10.4745, 290.498), (61.9551, 358.586), (132.565, 320.184), (132.059, 303.114)))
(((124.675, 178.89), (81.9538, 122.499), (25.8707, 149.246), (10.0851, 179.314), (87.7742, 223.171), (124.675, 178.89)))
(((71.9722, 625), (135.291, 537.327), (134.55, 522.509), (102.316, 507.326), (5.20672, 567.652), (1.04435, 625), (71.9722, 625)))
(((102.059, -625.532), (79.1771, -661.286), (64.6429, -656.643), (35.5685, -627.568), (36.9827, -594.57), (100.425, -600.612), (102.059, -625.532)))
(((87.6343, -181.933), (89.2167, -234.15), (66.7513, -241.495), (43.6731, -220.784), (80.769, -174.414), (87.6343, -181.933)))
(((100.425, -600.612), (36.9827, -594.57), (32.4444, -585.959), (38.5241, -563.16), (85.767, -549.512), (99.1947, -551.867), (115.833, -577.5), (100.425, -600.612)))
(((101.732, -366.184), (77.2072, -374.498), (64.7284, -370.202), (55.4259, -341.63), (74.6579, -307.974), (105.45, -329.002), (101.732, -366.184)))
(((106.874, 27.8515), (86.1848, -11.0934), (69.8925, -12.3712), (57.2771, 4.91653), (58.2223, 45.5587), (105.022, 35.6589), (106.874, 27.8515)))
(((95.2528, -56.0056), (62.8462, -61.5385), (52.8524, -55.6162), (49.5716, -47.0861), (69.8925, -12.3712), (86.1848, -11.0934), (113.955, -33.9633), (95.2528, -56.0056)))
(((99.1947, -551.867), (85.767, -549.512), (61.7118, -503.406), (92.2534, -489.832), (112.809, -519.874), (99.1947, -551.867)))
(((110, -144.471), (80.1857, -172.531), (68.0125, -164.053), (58.0157, -121.34), (77.5898, -105.769), (110, -108.044), (110, -144.471)))
(((122.785, -736.946), (67.8895, -767.026), (55.1612, -731.67), (82.1189, -666.654), (116.86, -686.158), (122.785, -736.946)))
(((107.363, -276.945), (76.5228, -291.948), (60.2938, -267.325), (66.7513, -241.495), (89.2167, -234.15), (103.98, -238.607), (107.363, -276.945)))
(((110, -108.044), (77.5898, -105.769), (62.8462, -61.5385), (95.2528, -56.0056), (118.133, -101.766), (110, -108.044)))
(((105.022, 35.6589), (58.2223, 45.5587), (44.489, 60.0999), (83.168, 114.647), (135.395, 74.0258), (105.022, 35.6589)))
(((132.565, 320.184), (61.9551, 358.586), (45.8505, 403.183), (47.7609, 435.979), (57.2842, 441.029), (165.398, 376.161), (132.565, 320.184)))
(((119.011, -417.999), (79.4309, -420.083), (77.2072, -374.498), (101.732, -366.184), (127.922, -380.735), (119.011, -417.999)))
(((131.57, -438.466), (97.3588, -470.471), (70.2933, -444.137), (69.3267, -432.151), (79.4309, -420.083), (119.011, -417.999), (131.57, -438.466)))
(((139.861, -213.107), (131.161, -228.822), (103.98, -238.607), (89.2167, -234.15), (87.6343, -181.933), (132.759, -196.241), (139.861, -213.107)))
(((135.847, -314.465), (105.45, -329.002), (74.6579, -307.974), (74.5116, -307.535), (76.5228, -291.948), (107.363, -276.945), (130.886, -286.354), (135.847, -314.465)))
(((136.477, -24.6628), (122.844, -33.2465), (113.955, -33.9633), (86.1848, -11.0934), (106.874, 27.8515), (139.873, -0.889344), (136.477, -24.6628)))
(((136.288, -97.0974), (118.133, -101.766), (95.2528, -56.0056), (113.955, -33.9633), (122.844, -33.2465), (139.392, -93.2342), (136.288, -97.0974)))
(((144.797, -165.085), (132.759, -196.241), (87.6343, -181.933), (80.769, -174.414), (80.1857, -172.531), (110, -144.471), (139.531, -158.368), (144.797, -165.085)))
(((143.296, -671.354), (116.86, -686.158), (82.1189, -666.654), (79.1771, -661.286), (102.059, -625.532), (150.019, -640.186), (143.296, -671.354)))
(((182.186, 625), (135.291, 537.327), (71.9722, 625), (182.186, 625)))
(((133.083, -515.908), (112.809, -519.874), (92.2534, -489.832), (97.6308, -473.417), (152.939, -488.903), (133.083, -515.908)))
(((149.448, -265.397), (130.886, -286.354), (107.363, -276.945), (103.98, -238.607), (131.161, -228.822), (149.448, -265.397)))
(((54.7, -800), (67.8895, -767.026), (122.785, -736.946), (204.92, -757.48), (226.542, -773.434), (229, -781), (222.827, -800), (54.7, -800)))
(((160.194, -347.667), (143.082, -377.003), (127.922, -380.735), (101.732, -366.184), (105.45, -329.002), (135.847, -314.465), (146.747, -320.212), (160.194, -347.667)))
(((152.939, -488.903), (97.6308, -473.417), (97.3588, -470.471), (131.57, -438.466), (144.247, -441.745), (155.671, -460.785), (155.143, -487.713), (152.939, -488.903)))
(((150.019, -640.186), (102.059, -625.532), (100.425, -600.612), (115.833, -577.5), (136.643, -577.5), (159.903, -631.774), (150.019, -640.186)))
(((167.542, -559.475), (136.643, -577.5), (115.833, -577.5), (99.1947, -551.867), (112.809, -519.874), (133.083, -515.908), (167.673, -557.087), (167.542, -559.475)))
(((147.04, 74.7852), (135.395, 74.0258), (83.168, 114.647), (81.9538, 122.499), (124.675, 178.89), (136.005, 177.708), (162.349, 162.487), (149.673, 77.3749), (147.04, 74.7852)))
(((187.715, 388.704), (165.398, 376.161), (57.2842, 441.029), (102.316, 507.326), (134.55, 522.509), (200.325, 484.852), (187.715, 388.704)))
(((149.381, -116.999), (139.531, -158.368), (110, -144.471), (110, -108.044), (118.133, -101.766), (136.288, -97.0974), (149.381, -116.999)))
(((175.342, 25.485), (139.873, -0.889344), (106.874, 27.8515), (105.022, 35.6589), (135.395, 74.0258), (147.04, 74.7852), (175.342, 25.485)))
(((189.544, 263.371), (136.005, 177.708), (124.675, 178.89), (87.7742, 223.171), (86.7694, 261.021), (132.059, 303.114), (189.544, 263.371)))
(((179.025, -408.089), (144.247, -441.745), (131.57, -438.466), (119.011, -417.999), (127.922, -380.735), (143.082, -377.003), (179.025, -408.089)))
(((155.7, -84.9266), (139.392, -93.2342), (122.844, -33.2465), (136.477, -24.6628), (166.794, -39.1623), (155.7, -84.9266)))
(((204.92, -757.48), (122.785, -736.946), (116.86, -686.158), (143.296, -671.354), (177.938, -691.784), (204.92, -757.48)))
(((174.457, -160.572), (144.797, -165.085), (139.531, -158.368), (149.381, -116.999), (181.941, -135.45), (174.457, -160.572)))
(((167.673, -557.087), (133.083, -515.908), (152.939, -488.903), (155.143, -487.713), (193.915, -506.703), (167.673, -557.087)))
(((185.833, -294.995), (146.747, -320.212), (135.847, -314.465), (130.886, -286.354), (149.448, -265.397), (174.742, -266.915), (187.147, -292.853), (185.833, -294.995)))
(((188.063, -246.457), (174.742, -266.915), (149.448, -265.397), (131.161, -228.822), (139.861, -213.107), (178.279, -213.805), (186.092, -220.342), (188.063, -246.457)))
(((184.4, -173), (178.279, -213.805), (139.861, -213.107), (132.759, -196.241), (144.797, -165.085), (174.457, -160.572), (184.4, -173)))
(((197.912, -595.122), (172.155, -630.786), (159.903, -631.774), (136.643, -577.5), (167.542, -559.475), (185.152, -571.424), (197.912, -595.122)))
(((210, 13.1071), (210, -25.3017), (194.705, -33.4768), (166.794, -39.1623), (136.477, -24.6628), (139.873, -0.889344), (175.342, 25.485), (210, 13.1071)))
(((177.938, -691.784), (143.296, -671.354), (150.019, -640.186), (159.903, -631.774), (172.155, -630.786), (197.099, -652.265), (177.938, -691.784)))
(((195.161, -126.436), (181.941, -135.45), (149.381, -116.999), (136.288, -97.0974), (139.392, -93.2342), (155.7, -84.9266), (183.669, -88.6558), (195.801, -96.3495), (195.161, -126.436)))
(((203.279, -422.081), (199.165, -451.465), (155.671, -460.785), (144.247, -441.745), (179.025, -408.089), (190.976, -408.44), (203.279, -422.081)))
(((206.66, -373.508), (190.976, -408.44), (179.025, -408.089), (143.082, -377.003), (160.194, -347.667), (194.722, -348.331), (202.048, -351.602), (206.66, -373.508)))
(((194.722, -348.331), (160.194, -347.667), (146.747, -320.212), (185.833, -294.995), (194.722, -348.331)))
(((183.669, -88.6558), (155.7, -84.9266), (166.794, -39.1623), (194.705, -33.4768), (183.669, -88.6558)))
(((250.606, 101.674), (149.673, 77.3749), (162.349, 162.487), (185.464, 161.296), (250.606, 101.674)))
(((212.707, -500.608), (193.915, -506.703), (155.143, -487.713), (155.671, -460.785), (199.165, -451.465), (218.15, -491.242), (212.707, -500.608)))
(((256.756, 253.225), (185.464, 161.296), (162.349, 162.487), (136.005, 177.708), (189.544, 263.371), (256.756, 253.225)))
(((290.05, 53), (210, 53), (210, 13.1071), (175.342, 25.485), (147.04, 74.7852), (149.673, 77.3749), (250.606, 101.674), (281.813, 90.3509), (292, 59), (290.05, 53)))
(((210, -25.3017), (210, -53), (234.375, -53), (220.068, -84.2162), (195.801, -96.3495), (183.669, -88.6558), (194.705, -33.4768), (210, -25.3017)))
(((281.441, 258.882), (256.756, 253.225), (189.544, 263.371), (132.059, 303.114), (132.565, 320.184), (165.398, 376.161), (187.715, 388.704), (294.165, 333.958), (300, 316), (281.441, 258.882)))
(((227.098, -333.383), (202.048, -351.602), (194.722, -348.331), (185.833, -294.995), (187.147, -292.853), (231.482, -294.663), (227.098, -333.383)))
(((223.15, -190.286), (208.145, -214.461), (186.092, -220.342), (178.279, -213.805), (184.4, -173), (211.05, -173), (223.15, -190.286)))
(((223.735, -150.615), (211.05, -173), (184.4, -173), (174.457, -160.572), (181.941, -135.45), (195.161, -126.436), (218.649, -135.722), (223.735, -150.615)))
(((218.371, -651.447), (197.099, -652.265), (172.155, -630.786), (197.912, -595.122), (240.683, -607.795), (218.371, -651.447)))
(((246.909, -280.358), (231.482, -294.663), (187.147, -292.853), (174.742, -266.915), (188.063, -246.457), (250.583, -265.995), (246.909, -280.358)))
(((263.458, -753.085), (235.902, -773.106), (226.097, -773.106), (204.92, -757.48), (177.938, -691.784), (197.099, -652.265), (218.371, -651.447), (254.52, -705.048), (263.458, -753.085)))
(((217.196, -507.848), (227.034, -550.483), (185.152, -571.424), (167.542, -559.475), (167.673, -557.087), (193.915, -506.703), (212.707, -500.608), (217.196, -507.848)))
(((242.377, 625), (231.712, 494.888), (200.325, 484.852), (134.55, 522.509), (135.291, 537.327), (182.186, 625), (242.377, 625)))
(((255.631, -258.889), (250.583, -265.995), (188.063, -246.457), (186.092, -220.342), (208.145, -214.461), (246.703, -238.739), (256.478, -253.569), (255.631, -258.889)))
(((261.672, -576.291), (250.897, -603.948), (240.683, -607.795), (197.912, -595.122), (185.152, -571.424), (227.034, -550.483), (260.62, -573.176), (261.672, -576.291)))
(((243.181, -115.419), (218.649, -135.722), (195.161, -126.436), (195.801, -96.3495), (220.068, -84.2162), (243.181, -115.419)))
(((246.408, -477.996), (218.15, -491.242), (199.165, -451.465), (203.279, -422.081), (242.051, -422.812), (246.408, -477.996)))
(((255.871, -412.586), (242.051, -422.812), (203.279, -422.081), (190.976, -408.44), (206.66, -373.508), (245.455, -382.636), (257.752, -404.558), (255.871, -412.586)))
(((246.703, -238.739), (208.145, -214.461), (223.15, -190.286), (243.152, -190.799), (246.703, -238.739)))
(((256.455, -181.45), (243.152, -190.799), (223.15, -190.286), (211.05, -173), (223.735, -150.615), (248.739, -159.488), (256.455, -181.45)))
(((282.22, 90.2034), (250.606, 101.674), (185.464, 161.296), (256.756, 253.225), (276.712, 257.799), (313.902, 230.779), (333, 172), (313.902, 113.221), (282.22, 90.2034)))
(((245.455, -382.636), (206.66, -373.508), (202.048, -351.602), (227.098, -333.383), (256.463, -349.611), (245.455, -382.636)))
(((270.782, -127.649), (248.739, -159.488), (223.735, -150.615), (218.649, -135.722), (243.181, -115.419), (269.131, -117.008), (270.782, -127.649)))
(((260.62, -573.176), (227.034, -550.483), (217.196, -507.848), (270.136, -534.318), (260.62, -573.176)))
(((275.194, -53), (271.846, -113.274), (269.131, -117.008), (243.181, -115.419), (220.068, -84.2162), (234.375, -53), (275.194, -53)))
(((277.02, -630.627), (254.52, -705.048), (218.371, -651.447), (240.683, -607.795), (250.897, -603.948), (277.02, -630.627)))
(((295.24, 333.405), (187.715, 388.704), (200.325, 484.852), (231.712, 494.888), (327.042, 485.489), (334.902, 479.779), (354, 421), (334.902, 362.221), (295.24, 333.405)))
(((282.151, -520.89), (270.136, -534.318), (217.196, -507.848), (212.707, -500.608), (218.15, -491.242), (246.408, -477.996), (284.245, -482.514), (282.151, -520.89)))
(((276.869, -344.614), (256.463, -349.611), (227.098, -333.383), (231.482, -294.663), (246.909, -280.358), (288.139, -324.087), (276.869, -344.614)))
(((256.478, -253.569), (246.703, -238.739), (243.152, -190.799), (256.455, -181.45), (275.157, -185.564), (283.749, -225.663), (256.478, -253.569)))
(((291.549, -477.61), (284.245, -482.514), (246.408, -477.996), (242.051, -422.812), (255.871, -412.586), (280.404, -431.511), (292.615, -469.083), (291.549, -477.61)))
(((290.877, -384.508), (257.752, -404.558), (245.455, -382.636), (256.463, -349.611), (276.869, -344.614), (293.663, -375.803), (290.877, -384.508)))
(((242.377, 625), (344.468, 625), (348.902, 621.779), (368, 563), (348.902, 504.221), (323.587, 485.829), (231.712, 494.888), (242.377, 625)))
(((301.431, -165.698), (275.157, -185.564), (256.455, -181.45), (248.739, -159.488), (270.782, -127.649), (301.346, -163.873), (301.431, -165.698)))
(((313.325, -412.058), (280.404, -431.511), (255.871, -412.586), (257.752, -404.558), (290.877, -384.508), (313.325, -412.058)))
(((321.638, -286.095), (298.753, -321.302), (288.139, -324.087), (246.909, -280.358), (250.583, -265.995), (255.631, -258.889), (314.405, -276.522), (321.638, -286.095)))
(((322.31, -756.809), (321.902, -757.106), (264.206, -757.106), (254.52, -705.048), (277.02, -630.627), (304.086, -632.882), (322.31, -756.809)))
(((306.75, -573.832), (261.672, -576.291), (260.62, -573.176), (270.136, -534.318), (282.151, -520.89), (316.914, -539.953), (306.75, -573.832)))
(((334.116, -617.048), (304.086, -632.882), (277.02, -630.627), (250.897, -603.948), (261.672, -576.291), (306.75, -573.832), (331.7, -595.3), (334.116, -617.048)))
(((323.933, -224.118), (283.749, -225.663), (275.157, -185.564), (301.431, -165.698), (324.924, -183.318), (326.464, -222.59), (323.933, -224.118)))
(((334.399, -53), (335.344, -66.9847), (305.083, -112.376), (271.846, -113.274), (275.194, -53), (334.399, -53)))
(((301.346, -163.873), (270.782, -127.649), (269.131, -117.008), (271.846, -113.274), (305.083, -112.376), (324.235, -133.353), (301.346, -163.873)))
(((314.405, -276.522), (255.631, -258.889), (256.478, -253.569), (283.749, -225.663), (323.933, -224.118), (314.405, -276.522)))
(((329.517, -426.909), (292.615, -469.083), (280.404, -431.511), (313.325, -412.058), (323.604, -415.329), (329.517, -426.909)))
(((334.946, -363.53), (293.663, -375.803), (276.869, -344.614), (288.139, -324.087), (298.753, -321.302), (337.313, -347.744), (334.946, -363.53)))
(((326.559, -534.794), (316.914, -539.953), (282.151, -520.89), (284.245, -482.514), (291.549, -477.61), (330.436, -488.273), (326.559, -534.794)))
(((344.676, -380.559), (323.604, -415.329), (313.325, -412.058), (290.877, -384.508), (293.663, -375.803), (334.946, -363.53), (344.676, -380.559)))
(((353.814, -110.963), (339.845, -130.231), (324.235, -133.353), (305.083, -112.376), (335.344, -66.9847), (353.814, -110.963)))
(((400, -720.066), (355.902, -752.106), (321.618, -752.106), (304.086, -632.882), (334.116, -617.048), (400, -662.016), (400, -720.066)))
(((347.833, -483.187), (330.436, -488.273), (291.549, -477.61), (292.615, -469.083), (329.517, -426.909), (348.911, -436.821), (347.833, -483.187)))
(((358.64, -330.294), (337.313, -347.744), (298.753, -321.302), (321.638, -286.095), (333.314, -287.068), (354.544, -307.085), (358.64, -330.294)))
(((331.7, -595.3), (306.75, -573.832), (316.914, -539.953), (326.559, -534.794), (376.104, -550.896), (331.7, -595.3)))
(((359.579, -168.466), (324.924, -183.318), (301.431, -165.698), (301.346, -163.873), (324.235, -133.353), (339.845, -130.231), (359.579, -168.466)))
(((360.448, -256.678), (333.314, -287.068), (321.638, -286.095), (314.405, -276.522), (323.933, -224.118), (326.464, -222.59), (341.801, -226.68), (360.448, -256.678)))
(((400, -543.887), (376.104, -550.896), (326.559, -534.794), (330.436, -488.273), (347.833, -483.187), (400, -502.75), (400, -543.887)))
(((363.5, -430.478), (348.911, -436.821), (329.517, -426.909), (323.604, -415.329), (344.676, -380.559), (363.5, -386.833), (363.5, -430.478)))
(((372.519, -171.366), (366.63, -212.588), (341.801, -226.68), (326.464, -222.59), (324.924, -183.318), (359.579, -168.466), (372.519, -171.366)))
(((400, -275.615), (354.544, -307.085), (333.314, -287.068), (360.448, -256.678), (400, -264.094), (400, -275.615)))
(((400, -161.77), (372.519, -171.366), (359.579, -168.466), (339.845, -130.231), (353.814, -110.963), (400, -120.2), (400, -161.77)))
(((400, -378.469), (363.5, -386.833), (344.676, -380.559), (334.946, -363.53), (337.313, -347.744), (358.64, -330.294), (400, -342), (400, -378.469)))
(((400, -662.016), (334.116, -617.048), (331.7, -595.3), (376.104, -550.896), (400, -543.887), (400, -662.016)))
(((400, -502.75), (347.833, -483.187), (348.911, -436.821), (363.5, -430.478), (400, -436.033), (400, -502.75)))
(((400, -264.094), (360.448, -256.678), (341.801, -226.68), (366.63, -212.588), (400, -227.188), (400, -264.094)))
(((334.399, -53), (400, -53), (400, -120.2), (353.814, -110.963), (335.344, -66.9847), (334.399, -53)))
(((400, -436.033), (363.5, -430.478), (363.5, -386.833), (400, -378.469), (400, -436.033)))
(((400, -342), (358.64, -330.294), (354.544, -307.085), (400, -275.615), (400, -342)))
(((400, -227.188), (366.63, -212.588), (372.519, -171.366), (400, -161.77), (400, -227.188)))
