(((-225, -158.161), (-201.541, -159.675), (-195.749, -206.012), (-225, -222.1), (-225, -158.161)))
(((-225, -95.0089), (-204.558, -99.7544), (-175.78, -147.238), (-201.541, -159.675), (-225, -158.161), (-225, -95.0089)))
(((-225, -95.0089), (-225, -53), (-168.905, -53), (-167.55, -79.1946), (-204.558, -99.7544), (-225, -95.0089)))
(((-225, -222.1), (-195.749, -206.012), (-162.268, -213.621), (-154.844, -222.812), (-153.867, -233.285), (-163.222, -248.358), (-225, -275.683), (-225, -222.1)))
(((-225, -308.375), (-173.591, -321.227), (-158.724, -365.828), (-225, -393.118), (-225, -308.375)))
(((-159.49, -155.288), (-162.268, -213.621), (-195.749, -206.012), (-201.541, -159.675), (-175.78, -147.238), (-171.64, -147.504), (-159.49, -155.288)))
(((-175.78, -147.238), (-204.558, -99.7544), (-167.55, -79.1946), (-151.252, -95.0754), (-171.64, -147.504), (-175.78, -147.238)))
(((-225, -393.118), (-158.724, -365.828), (-154.253, -368.868), (-138.032, -409.419), (-148.578, -420.777), (-225, -439.303), (-225, -393.118)))
(((-225, -275.683), (-163.222, -248.358), (-141.431, -296.027), (-150.27, -309.955), (-173.591, -321.227), (-225, -308.375), (-225, -275.683)))
(((-225, -473.618), (-138.28, -487.221), (-122.799, -519.216), (-135.836, -540.55), (-225, -564.649), (-225, -473.618)))
(((-225, -439.303), (-148.578, -420.777), (-131.461, -469.684), (-138.28, -487.221), (-225, -473.618), (-225, -439.303)))
(((-225, -564.649), (-135.836, -540.55), (-95.4828, -610.497), (-95.5429, -610.552), (-225, -617.025), (-225, -564.649)))
(((-225, -698.398), (-225, -617.025), (-95.5429, -610.552), (-131.473, -738.106), (-173.902, -738.106), (-223.902, -701.779), (-225, -698.398)))
(((-225, 473.602), (-225, 579.086), (-98.7024, 557.435), (-110.589, 480.173), (-164.175, 433.894), (-173.902, 433.894), (-223.902, 470.221), (-225, 473.602)))
(((-108.521, -116.53), (-135.805, -154.929), (-159.49, -155.288), (-171.64, -147.504), (-151.252, -95.0754), (-126.602, -96.0056), (-108.521, -116.53)))
(((-120.555, -350.896), (-154.253, -368.868), (-158.724, -365.828), (-173.591, -321.227), (-150.27, -309.955), (-119.453, -336.207), (-120.555, -350.896)))
(((-114.649, -175), (-124.424, -202.821), (-154.844, -222.812), (-162.268, -213.621), (-159.49, -155.288), (-135.805, -154.929), (-114.649, -175)))
(((-109.4, -53), (-126.602, -96.0056), (-151.252, -95.0754), (-167.55, -79.1946), (-168.905, -53), (-109.4, -53)))
(((-107.216, -255.36), (-129.036, -291.727), (-141.431, -296.027), (-163.222, -248.358), (-153.867, -233.285), (-110.021, -250.62), (-107.216, -255.36)))
(((-225, 580.534), (-225, 617.466), (-222.552, 625), (-56.4511, 625), (-90.0414, 564.406), (-98.7024, 557.435), (-224.502, 579), (-225, 580.534)))
(((-123.378, -408.198), (-138.032, -409.419), (-154.253, -368.868), (-120.555, -350.896), (-99.8195, -369.327), (-123.378, -408.198)))
(((-92.899, -454.26), (-131.461, -469.684), (-148.578, -420.777), (-138.032, -409.419), (-123.378, -408.198), (-112.712, -413.736), (-92.4216, -453.123), (-92.899, -454.26)))
(((-84.7854, -311.078), (-87.5876, -318.15), (-119.453, -336.207), (-150.27, -309.955), (-141.431, -296.027), (-129.036, -291.727), (-85.2432, -310.092), (-84.7854, -311.078)))
(((-110.021, -250.62), (-153.867, -233.285), (-154.844, -222.812), (-124.424, -202.821), (-96.8, -220.4), (-110.021, -250.62)))
(((-72, -512.351), (-122.799, -519.216), (-138.28, -487.221), (-131.461, -469.684), (-92.899, -454.26), (-70.6819, -511.389), (-72, -512.351)))
(((-80.441, -268.792), (-85.2432, -310.092), (-129.036, -291.727), (-107.216, -255.36), (-82.2905, -265.436), (-80.441, -268.792)))
(((-73.3402, -190.557), (-92.8462, -218.423), (-96.8, -220.4), (-124.424, -202.821), (-114.649, -175), (-91.2, -175), (-74.4208, -185.487), (-73.3402, -190.557)))
(((-84.4192, -124.144), (-91.2, -175), (-114.649, -175), (-135.805, -154.929), (-108.521, -116.53), (-88.4422, -117.785), (-84.4192, -124.144)))
(((-75.9365, -364.754), (-99.8195, -369.327), (-120.555, -350.896), (-119.453, -336.207), (-87.5876, -318.15), (-75.9365, -364.754)))
(((-109.4, -53), (-83.7791, -53), (-73.4631, -97.3587), (-88.4422, -117.785), (-108.521, -116.53), (-126.602, -96.0056), (-109.4, -53)))
(((-95.4828, -610.497), (-135.836, -540.55), (-122.799, -519.216), (-72, -512.351), (-72, -605.8), (-95.4828, -610.497)))
(((-59.6912, -390.62), (-66.5474, -405.822), (-112.712, -413.736), (-123.378, -408.198), (-99.8195, -369.327), (-75.9365, -364.754), (-70.1379, -367.55), (-59.6912, -390.62)))
(((-58.0361, -437.74), (-92.4216, -453.123), (-112.712, -413.736), (-66.5474, -405.822), (-58.0361, -437.74)))
(((-82.2905, -265.436), (-107.216, -255.36), (-110.021, -250.62), (-96.8, -220.4), (-92.8462, -218.423), (-65.5217, -240.283), (-82.2905, -265.436)))
(((-51.5, -233.071), (-65.5217, -240.283), (-92.8462, -218.423), (-73.3402, -190.557), (-51.5, -210.471), (-51.5, -233.071)))
(((-42.6187, -157.319), (-74.4208, -185.487), (-91.2, -175), (-84.4192, -124.144), (-45.7152, -145.155), (-42.6187, -157.319)))
(((-112.214, -751.34), (-131.296, -737.476), (-95.5429, -610.552), (-95.4828, -610.497), (-72, -605.8), (-62.5426, -607.691), (-19.6677, -643.135), (-16.0024, -671.41), (-112.214, -751.34)))
(((-38.2475, -468.422), (-53.5981, -507.895), (-70.6819, -511.389), (-92.899, -454.26), (-92.4216, -453.123), (-58.0361, -437.74), (-42.5734, -446.399), (-38.2475, -468.422)))
(((-153.964, 400.879), (-164.578, 433.546), (-110.589, 480.173), (-39.8523, 478.312), (-35.9254, 402.392), (-153.964, 400.879)))
(((-115.209, 281.195), (-146.902, 304.221), (-166, 363), (-153.691, 400.882), (-35.9254, 402.392), (-14.8234, 387.542), (-40.2544, 312.227), (-81.6631, 281.401), (-115.209, 281.195)))
(((-102.029, 109.346), (-145.902, 141.221), (-165, 200), (-145.902, 258.779), (-115.047, 281.196), (-81.6631, 281.401), (-14.5435, 220.717), (-11.9225, 207.613), (-91.1576, 114.598), (-102.029, 109.346)))
(((-39.8523, 478.312), (-110.589, 480.173), (-98.7024, 557.435), (-90.0414, 564.406), (-12.4524, 499.331), (-39.8523, 478.312)))
(((-40.8182, -343.727), (-70.1379, -367.55), (-75.9365, -364.754), (-87.5876, -318.15), (-84.7854, -311.078), (-48.4, -313.4), (-40.8182, -343.727)))
(((-36.4583, -301.458), (-48.4, -313.4), (-84.7854, -311.078), (-85.2432, -310.092), (-80.441, -268.792), (-35.4888, -277.221), (-36.4583, -301.458)))
(((-42.2414, -53), (-40.7642, -95.8379), (-73.4631, -97.3587), (-83.7791, -53), (-42.2414, -53)))
(((-35.4888, -277.221), (-80.441, -268.792), (-82.2905, -265.436), (-65.5217, -240.283), (-51.5, -233.071), (-34.7473, -245.038), (-32.7058, -273.619), (-35.4888, -277.221)))
(((-23.2252, -106.6), (-45.7152, -145.155), (-84.4192, -124.144), (-88.4422, -117.785), (-73.4631, -97.3587), (-40.7642, -95.8379), (-23.2252, -106.6)))
(((-16.9139, -555.544), (-62.5426, -607.691), (-72, -605.8), (-72, -512.351), (-70.6819, -511.389), (-53.5981, -507.895), (-33.6332, -518.622), (-16.9139, -555.544)))
(((-14.3827, -197.37), (-51.5, -210.471), (-73.3402, -190.557), (-74.4208, -185.487), (-42.6187, -157.319), (-26.6631, -165.134), (-14.3827, -197.37)))
(((-16.8685, -427.944), (-42.5734, -446.399), (-58.0361, -437.74), (-66.5474, -405.822), (-59.6912, -390.62), (-25.3626, -392.08), (-16.8685, -427.944)))
(((8.02672, 625), (34.2242, 547.003), (-9.68179, 500.13), (-12.4524, 499.331), (-90.0414, 564.406), (-56.4511, 625), (8.02672, 625)))
(((-25.3626, -392.08), (-59.6912, -390.62), (-70.1379, -367.55), (-40.8182, -343.727), (-16.542, -351.819), (-21.3378, -388.267), (-25.3626, -392.08)))
(((-12.1579, -198.705), (-5.19582, -229.338), (-34.7473, -245.038), (-51.5, -233.071), (-51.5, -210.471), (-14.3827, -197.37), (-12.1579, -198.705)))
(((-42.2414, -53), (-30, -53), (-30, -47.5918), (-8.18375, -52.4894), (-3.89423, -76.0817), (-23.0633, -106.578), (-23.2252, -106.6), (-40.7642, -95.8379), (-42.2414, -53)))
(((-0.690405, -343.725), (-16.542, -351.819), (-40.8182, -343.727), (-48.4, -313.4), (-36.4583, -301.458), (-6.26374, -312.673), (-0.690405, -343.725)))
(((44.7039, -800), (-80.7039, -800), (-98.9017, -786.779), (-110.799, -750.163), (-16.0024, -671.41), (38.3299, -708.548), (45.4448, -799.462), (44.7039, -800)))
(((1.86939, -149.571), (-26.6631, -165.134), (-42.6187, -157.319), (-45.7152, -145.155), (-23.2252, -106.6), (-23.0633, -106.578), (-10.2933, -114.299), (1.86939, -149.571)))
(((-30, 6.7), (22.2188, -14.1875), (15.778, -33.2031), (-8.18375, -52.4894), (-30, -47.5918), (-30, 6.7)))
(((7.88853, -502.207), (-33.6332, -518.622), (-53.5981, -507.895), (-38.2475, -468.422), (7.16885, -471.261), (7.88853, -502.207)))
(((-0.186386, -271.861), (-32.7058, -273.619), (-34.7473, -245.038), (-5.19582, -229.338), (11.1199, -239.827), (-0.186386, -271.861)))
(((7.16885, -471.261), (-38.2475, -468.422), (-42.5734, -446.399), (-16.8685, -427.944), (4.39799, -432.375), (18.9943, -455.62), (7.16885, -471.261)))
(((15.7374, -292.244), (-6.26374, -312.673), (-36.4583, -301.458), (-35.4888, -277.221), (-32.7058, -273.619), (-0.186386, -271.861), (15.7374, -292.244)))
(((33.9641, 136.927), (9.93114, 118.81), (-91.1576, 114.598), (-11.9225, 207.613), (43.6369, 165.321), (33.9641, 136.927)))
(((-19.6677, -643.135), (-62.5426, -607.691), (-16.9139, -555.544), (1.24606, -559.546), (14.7985, -617.144), (-19.6677, -643.135)))
(((-7.333, 388.942), (-14.8234, 387.542), (-35.9254, 402.392), (-39.8523, 478.312), (-12.4524, 499.331), (-9.68179, 500.13), (30.3246, 434.786), (-7.333, 388.942)))
(((-30, 46.6452), (-30, 53), (-98.5773, 53), (-108, 82), (-98.5721, 111.016), (-91.1576, 114.598), (9.93114, 118.81), (19.693, 54.6602), (-30, 46.6452)))
(((21.7234, -405.149), (4.39799, -432.375), (-16.8685, -427.944), (-25.3626, -392.08), (-21.3378, -388.267), (16.1581, -390.54), (21.7234, -405.149)))
(((24.4288, -371.079), (16.1581, -390.54), (-21.3378, -388.267), (-16.542, -351.819), (-0.690405, -343.725), (13.8858, -347.774), (24.4288, -371.079)))
(((17.7723, -188.23), (-12.1579, -198.705), (-14.3827, -197.37), (-26.6631, -165.134), (1.86939, -149.571), (7.2898, -150.958), (21.5177, -166.827), (17.7723, -188.23)))
(((43.6098, 264.332), (-14.5435, 220.717), (-81.6631, 281.401), (-40.2544, 312.227), (22.6038, 302.406), (43.6098, 264.332)))
(((-30, 46.6452), (19.693, 54.6602), (27.7832, 50.4392), (25.2273, -12.1818), (22.2188, -14.1875), (-30, 6.7), (-30, 46.6452)))
(((45.8233, -541.19), (1.24606, -559.546), (-16.9139, -555.544), (-33.6332, -518.622), (7.88853, -502.207), (39.7594, -521.04), (44.7497, -528.461), (45.8233, -541.19)))
(((24.075, -111.175), (-10.2933, -114.299), (-23.0633, -106.578), (-3.89423, -76.0817), (35.1498, -87.7949), (24.075, -111.175)))
(((30.5636, -126.315), (7.2898, -150.958), (1.86939, -149.571), (-10.2933, -114.299), (24.075, -111.175), (30.5636, -126.315)))
(((22.6038, 302.406), (-40.2544, 312.227), (-14.8234, 387.542), (-7.333, 388.942), (55.5529, 351.829), (22.6038, 302.406)))
(((43.902, -218.406), (29.987, -237.381), (11.1199, -239.827), (-5.19582, -229.338), (-12.1579, -198.705), (17.7723, -188.23), (43.3941, -208.417), (43.902, -218.406)))
(((38.189, -329.026), (13.8858, -347.774), (-0.690405, -343.725), (-6.26374, -312.673), (15.7374, -292.244), (21.8926, -292.941), (38.189, -329.026)))
(((35.1498, -87.7949), (-3.89423, -76.0817), (-8.18375, -52.4894), (15.778, -33.2031), (39.4496, -67.527), (35.8404, -87.3777), (35.1498, -87.7949)))
(((47.3275, -276.636), (21.8926, -292.941), (15.7374, -292.244), (-0.186386, -271.861), (11.1199, -239.827), (29.987, -237.381), (48.9073, -271.618), (47.3275, -276.636)))
(((65.0721, -608.4), (14.7985, -617.144), (1.24606, -559.546), (45.8233, -541.19), (81.2562, -579.067), (65.0721, -608.4)))
(((47.9026, -468.923), (39.7594, -521.04), (7.88853, -502.207), (7.16885, -471.261), (18.9943, -455.62), (41.4935, -456.396), (47.9026, -468.923)))
(((49.8333, -157.389), (21.5177, -166.827), (7.2898, -150.958), (30.5636, -126.315), (46.1359, -134.588), (49.8333, -157.389)))
(((57.4765, -438.193), (41.4935, -456.396), (18.9943, -455.62), (4.39799, -432.375), (21.7234, -405.149), (49.3267, -411.863), (57.4765, -438.193)))
(((82.3682, -670.172), (38.3299, -708.548), (-16.0024, -671.41), (-19.6677, -643.135), (14.7985, -617.144), (65.0721, -608.4), (82.3682, -670.172)))
(((46.9527, 53.9491), (27.7832, 50.4392), (19.693, 54.6602), (9.93114, 118.81), (33.9641, 136.927), (72.2912, 89.5814), (46.9527, 53.9491)))
(((67.8125, -386.445), (49.3267, -411.863), (21.7234, -405.149), (16.1581, -390.54), (24.4288, -371.079), (61.0036, -373.111), (67.8125, -386.445)))
(((73.4928, -175.308), (43.3941, -208.417), (17.7723, -188.23), (21.5177, -166.827), (49.8333, -157.389), (72.75, -172.667), (73.4928, -175.308)))
(((43.6369, 165.321), (-11.9225, 207.613), (-14.5435, 220.717), (43.6098, 264.332), (77.6153, 256.641), (60.113, 172.046), (43.6369, 165.321)))
(((68.8007, 438.33), (30.3246, 434.786), (-9.68179, 500.13), (34.2242, 547.003), (99.1021, 518.413), (68.8007, 438.33)))
(((61.0036, -373.111), (24.4288, -371.079), (13.8858, -347.774), (38.189, -329.026), (49.811, -329.974), (64.0808, -361.572), (61.0036, -373.111)))
(((49.811, -329.974), (38.189, -329.026), (21.8926, -292.941), (47.3275, -276.636), (73.7697, -311.492), (49.811, -329.974)))
(((72.5, -114.308), (46.1359, -134.588), (30.5636, -126.315), (24.075, -111.175), (35.1498, -87.7949), (35.8404, -87.3777), (72.5, -101.125), (72.5, -114.308)))
(((73.6434, -49.2089), (39.4496, -67.527), (15.778, -33.2031), (22.2188, -14.1875), (25.2273, -12.1818), (51.923, -14.2674), (73.6434, -49.2089)))
(((111.028, 358.988), (55.5529, 351.829), (-7.333, 388.942), (30.3246, 434.786), (68.8007, 438.33), (118.534, 368.911), (111.028, 358.988)))
(((86.3547, 12.6061), (51.923, -14.2674), (25.2273, -12.1818), (27.7832, 50.4392), (46.9527, 53.9491), (88.4903, 19.867), (86.3547, 12.6061)))
(((82.5494, -237.655), (71.8222, -261.97), (48.9073, -271.618), (29.987, -237.381), (43.902, -218.406), (81.0121, -232.838), (82.5494, -237.655)))
(((112.886, 292.728), (87.3426, 260.592), (77.6153, 256.641), (43.6098, 264.332), (22.6038, 302.406), (55.5529, 351.829), (111.028, 358.988), (112.886, 292.728)))
(((91.292, -492.1), (44.7497, -528.461), (39.7594, -521.04), (47.9026, -468.923), (88.5054, -485.465), (91.292, -492.1)))
(((85.087, -89.1673), (72.5, -101.125), (35.8404, -87.3777), (39.4496, -67.527), (73.6434, -49.2089), (82.7368, -53.1316), (85.087, -89.1673)))
(((72.75, -172.667), (49.8333, -157.389), (46.1359, -134.588), (72.5, -114.308), (91.6023, -138.553), (72.75, -172.667)))
(((94.7781, -444.692), (88.5054, -485.465), (47.9026, -468.923), (41.4935, -456.396), (57.4765, -438.193), (92.7779, -438.914), (94.7781, -444.692)))
(((114.539, -403.113), (92.7779, -438.914), (57.4765, -438.193), (49.3267, -411.863), (67.8125, -386.445), (112.647, -399.522), (114.539, -403.113)))
(((81.8608, -312.342), (95.6696, -344.562), (64.0808, -361.572), (49.811, -329.974), (73.7697, -311.492), (81.2404, -311.754), (81.8608, -312.342)))
(((104.561, -195.832), (81.0121, -232.838), (43.902, -218.406), (43.3941, -208.417), (73.4928, -175.308), (104.516, -195.344), (104.561, -195.832)))
(((81.2404, -311.754), (73.7697, -311.492), (47.3275, -276.636), (48.9073, -271.618), (71.8222, -261.97), (97.7304, -282.246), (81.2404, -311.754)))
(((106.853, 91.1524), (72.2912, 89.5814), (33.9641, 136.927), (43.6369, 165.321), (60.113, 172.046), (91.6121, 165.453), (106.853, 91.1524)))
(((115.226, -36.8871), (82.7368, -53.1316), (73.6434, -49.2089), (51.923, -14.2674), (86.3547, 12.6061), (115.226, -36.8871)))
(((124.609, 41.9052), (88.4903, 19.867), (46.9527, 53.9491), (72.2912, 89.5814), (106.853, 91.1524), (112.865, 88.228), (124.609, 41.9052)))
(((120.711, -526.513), (83.2023, -578.608), (81.2562, -579.067), (45.8233, -541.19), (44.7497, -528.461), (91.292, -492.1), (117.765, -504.587), (120.711, -526.513)))
(((112.647, -399.522), (67.8125, -386.445), (61.0036, -373.111), (64.0808, -361.572), (95.6696, -344.562), (115.628, -354.785), (118.029, -363.639), (112.647, -399.522)))
(((8.02672, 625), (181.278, 625), (192, 592), (191.048, 589.07), (120.071, 521.572), (99.1021, 518.413), (34.2242, 547.003), (8.02672, 625)))
(((114.008, -276.044), (97.7304, -282.246), (71.8222, -261.97), (82.5494, -237.655), (115.648, -251.997), (114.008, -276.044)))
(((147.316, -800), (46.6835, -800), (45.4148, -799.078), (38.3299, -708.548), (82.3682, -670.172), (186.332, -686.166), (197, -719), (177.902, -777.779), (147.316, -800)))
(((126.63, 174.881), (91.6121, 165.453), (60.113, 172.046), (77.6153, 256.641), (87.3426, 260.592), (139.878, 200.331), (126.63, 174.881)))
(((127.074, -109.926), (99.2619, -137.738), (91.6023, -138.553), (72.5, -114.308), (72.5, -101.125), (85.087, -89.1673), (114.222, -94.5879), (127.074, -109.926)))
(((131.01, -173.897), (104.516, -195.344), (73.4928, -175.308), (72.75, -172.667), (91.6023, -138.553), (99.2619, -137.738), (129.95, -163.089), (131.01, -173.897)))
(((129.75, -238.75), (115.648, -251.997), (82.5494, -237.655), (81.0121, -232.838), (104.561, -195.832), (131.346, -227.577), (129.75, -238.75)))
(((131.992, -51.6447), (114.222, -94.5879), (85.087, -89.1673), (82.7368, -53.1316), (115.226, -36.8871), (115.971, -37.0166), (131.992, -51.6447)))
(((134.564, -326.002), (115.628, -354.785), (95.6696, -344.562), (81.8608, -312.342), (130.636, -314.462), (134.564, -326.002)))
(((130.636, -314.462), (81.8608, -312.342), (81.2404, -311.754), (97.7304, -282.246), (114.008, -276.044), (134.269, -290.59), (130.636, -314.462)))
(((191.624, -686.981), (82.3682, -670.172), (65.0721, -608.4), (81.2562, -579.067), (83.2023, -578.608), (209.622, -623.758), (211, -628), (191.902, -686.779), (191.624, -686.981)))
(((145.649, -477.971), (117.765, -504.587), (91.292, -492.1), (88.5054, -485.465), (94.7781, -444.692), (144.689, -471.727), (145.649, -477.971)))
(((168.607, 387.78), (118.534, 368.911), (68.8007, 438.33), (99.1021, 518.413), (120.071, 521.572), (177.461, 423.748), (168.607, 387.78)))
(((163.073, 24.4213), (115.971, -37.0166), (115.226, -36.8871), (86.3547, 12.6061), (88.4903, 19.867), (124.609, 41.9052), (163.073, 24.4213)))
(((163.708, 120.005), (112.865, 88.228), (106.853, 91.1524), (91.6121, 165.453), (126.63, 174.881), (162.414, 128.361), (163.708, 120.005)))
(((150.674, -126.247), (129.95, -163.089), (99.2619, -137.738), (127.074, -109.926), (139.399, -112.84), (150.674, -126.247)))
(((144.689, -471.727), (94.7781, -444.692), (92.7779, -438.914), (114.539, -403.113), (128.659, -407.752), (150.659, -449.552), (144.689, -471.727)))
(((208.062, -623.201), (83.2023, -578.608), (120.711, -526.513), (172.704, -546.155), (214.669, -601.472), (218.442, -612.038), (216.902, -616.779), (208.062, -623.201)))
(((161.235, -75.2347), (139.399, -112.84), (127.074, -109.926), (114.222, -94.5879), (131.992, -51.6447), (160.561, -58.0481), (161.235, -75.2347)))
(((154.916, -282.511), (134.269, -290.59), (114.008, -276.044), (115.648, -251.997), (129.75, -238.75), (160.64, -260.135), (154.916, -282.511)))
(((190.92, 224.434), (139.878, 200.331), (87.3426, 260.592), (112.886, 292.728), (182.171, 261.816), (190.92, 224.434)))
(((160.885, -212.808), (131.346, -227.577), (104.561, -195.832), (104.516, -195.344), (131.01, -173.897), (150.088, -180.798), (161.832, -210.996), (160.885, -212.808)))
(((162.8, -361.848), (118.029, -363.639), (115.628, -354.785), (134.564, -326.002), (155.873, -330.679), (162.8, -361.848)))
(((170.396, -395.231), (128.659, -407.752), (114.539, -403.113), (112.647, -399.522), (118.029, -363.639), (162.8, -361.848), (181.36, -377.415), (170.396, -395.231)))
(((165.683, 24.2909), (174.003, -48.9265), (160.561, -58.0481), (131.992, -51.6447), (115.971, -37.0166), (163.073, 24.4213), (165.683, 24.2909)))
(((172.704, -546.155), (120.711, -526.513), (117.765, -504.587), (145.649, -477.971), (174.071, -490.077), (172.704, -546.155)))
(((235.615, 53), (210, 53), (210, 42.4842), (165.683, 24.2909), (163.073, 24.4213), (124.609, 41.9052), (112.865, 88.228), (163.708, 120.005), (248.953, 59.4679), (248.581, 58.3228), (235.615, 53)))
(((182.785, -316.839), (155.873, -330.679), (134.564, -326.002), (130.636, -314.462), (134.269, -290.59), (154.916, -282.511), (182.504, -302.217), (186.189, -309.894), (182.785, -316.839)))
(((160.64, -260.135), (129.75, -238.75), (131.346, -227.577), (160.885, -212.808), (175.951, -249.79), (160.64, -260.135)))
(((184.311, -161.094), (150.088, -180.798), (131.01, -173.897), (129.95, -163.089), (150.674, -126.247), (158.35, -127.922), (185.328, -152.52), (184.311, -161.094)))
(((189.119, -433.716), (150.659, -449.552), (128.659, -407.752), (170.396, -395.231), (189.119, -433.716)))
(((233.776, 339.825), (182.171, 261.816), (112.886, 292.728), (111.028, 358.988), (118.534, 368.911), (168.607, 387.78), (233.776, 339.825)))
(((187.525, -101.525), (158.35, -127.922), (150.674, -126.247), (139.399, -112.84), (161.235, -75.2347), (187.525, -101.525)))
(((225.079, 202.631), (162.414, 128.361), (126.63, 174.881), (139.878, 200.331), (190.92, 224.434), (225.079, 202.631)))
(((181.36, -377.415), (162.8, -361.848), (155.873, -330.679), (182.785, -316.839), (198.942, -370.159), (181.36, -377.415)))
(((195.291, -177.987), (183.117, -206.394), (161.832, -210.996), (150.088, -180.798), (184.311, -161.094), (195.291, -177.987)))
(((201.504, -481.099), (174.071, -490.077), (145.649, -477.971), (144.689, -471.727), (150.659, -449.552), (189.119, -433.716), (201.515, -439.199), (209.284, -455.599), (201.504, -481.099)))
(((199.384, -263.854), (182.504, -302.217), (154.916, -282.511), (160.64, -260.135), (175.951, -249.79), (182.963, -250.082), (199.384, -263.854)))
(((182.963, -250.082), (175.951, -249.79), (160.885, -212.808), (161.832, -210.996), (183.117, -206.394), (202.771, -222.117), (182.963, -250.082)))
(((211.243, -134.822), (185.328, -152.52), (158.35, -127.922), (187.525, -101.525), (203.408, -101.912), (211.243, -134.822)))
(((209.309, -94.1071), (203.408, -101.912), (187.525, -101.525), (161.235, -75.2347), (160.561, -58.0481), (174.003, -48.9265), (208.359, -52.3058), (209.309, -94.1071)))
(((186.879, 585.106), (219.902, 585.106), (260.451, 555.645), (266.342, 546.436), (256.657, 481.061), (177.461, 423.748), (120.071, 521.572), (186.879, 585.106)))
(((210, -51.2667), (208.359, -52.3058), (174.003, -48.9265), (165.683, 24.2909), (210, 42.4842), (210, -51.2667)))
(((214.669, -601.472), (172.704, -546.155), (174.071, -490.077), (201.504, -481.099), (221.91, -503.711), (214.669, -601.472)))
(((228.464, -402.549), (201.515, -439.199), (189.119, -433.716), (170.396, -395.231), (181.36, -377.415), (198.942, -370.159), (200.462, -370.305), (228.464, -402.549)))
(((214.674, -220.983), (202.771, -222.117), (183.117, -206.394), (195.291, -177.987), (215.896, -184.494), (224.511, -198.851), (214.674, -220.983)))
(((248.701, 59.6469), (163.708, 120.005), (162.414, 128.361), (225.079, 202.631), (288.736, 187.9), (303, 144), (283.902, 85.2215), (248.701, 59.6469)))
(((226.162, -300.036), (216.392, -309.278), (186.189, -309.894), (182.504, -302.217), (199.384, -263.854), (213.183, -264.183), (226.682, -277.682), (226.162, -300.036)))
(((229.883, -347.503), (200.462, -370.305), (198.942, -370.159), (182.785, -316.839), (186.189, -309.894), (216.392, -309.278), (229.883, -347.503)))
(((226.489, -235.524), (213.183, -264.183), (199.384, -263.854), (182.963, -250.082), (202.771, -222.117), (214.674, -220.983), (226.489, -235.524)))
(((240.708, -150.924), (215.896, -184.494), (195.291, -177.987), (184.311, -161.094), (185.328, -152.52), (211.243, -134.822), (239.044, -142.453), (240.708, -150.924)))
(((239.044, -142.453), (211.243, -134.822), (203.408, -101.912), (209.309, -94.1071), (246.567, -97.6), (261.059, -119.338), (239.044, -142.453)))
(((210, -51.2667), (210, -53), (254, -53), (246.567, -97.6), (209.309, -94.1071), (208.359, -52.3058), (210, -51.2667)))
(((287.18, 188.26), (225.079, 202.631), (190.92, 224.434), (182.171, 261.816), (233.776, 339.825), (297.464, 334.268), (311.902, 323.779), (331, 265), (311.902, 206.221), (287.18, 188.26)))
(((250.875, -453.75), (209.284, -455.599), (201.515, -439.199), (228.464, -402.549), (246.683, -403.806), (262.591, -430.318), (250.875, -453.75)))
(((258.744, -262.72), (226.682, -277.682), (213.183, -264.183), (226.489, -235.524), (253.866, -238.332), (258.744, -262.72)))
(((267.242, -489.338), (221.91, -503.711), (201.504, -481.099), (209.284, -455.599), (250.875, -453.75), (268.179, -488.358), (267.242, -489.338)))
(((261.535, -384.163), (246.683, -403.806), (228.464, -402.549), (200.462, -370.305), (229.883, -347.503), (258.556, -349.157), (261.535, -384.163)))
(((256.527, -197.986), (224.511, -198.851), (215.896, -184.494), (240.708, -150.924), (263.537, -177.83), (256.527, -197.986)))
(((266.987, -220.401), (253.866, -238.332), (226.489, -235.524), (214.674, -220.983), (224.511, -198.851), (256.527, -197.986), (266.987, -220.401)))
(((258.556, -349.157), (229.883, -347.503), (216.392, -309.278), (226.162, -300.036), (260.659, -307.702), (264.727, -343.5), (258.556, -349.157)))
(((296.212, 334.377), (233.776, 339.825), (168.607, 387.78), (177.461, 423.748), (256.657, 481.061), (331.192, 374.582), (324.902, 355.221), (296.212, 334.377)))
(((218.823, -613.106), (214.669, -601.472), (221.91, -503.711), (267.242, -489.338), (255.99, -613.106), (218.823, -613.106)))
(((260.659, -307.702), (226.162, -300.036), (226.682, -277.682), (258.744, -262.72), (282.876, -281.902), (260.659, -307.702)))
(((289.159, -53), (286.471, -108.103), (273.854, -118.757), (261.059, -119.338), (246.567, -97.6), (254, -53), (289.159, -53)))
(((296.678, -168.038), (263.537, -177.83), (240.708, -150.924), (239.044, -142.453), (261.059, -119.338), (273.854, -118.757), (298.083, -159.139), (296.678, -168.038)))
(((298.244, -429.605), (262.591, -430.318), (246.683, -403.806), (261.535, -384.163), (288.642, -388.81), (304.021, -415.949), (298.244, -429.605)))
(((303.151, -487.298), (268.179, -488.358), (250.875, -453.75), (262.591, -430.318), (298.244, -429.605), (310.387, -451.723), (303.151, -487.298)))
(((304.914, -280.328), (282.876, -281.902), (258.744, -262.72), (253.866, -238.332), (266.987, -220.401), (298.685, -222.887), (306.012, -277.84), (304.914, -280.328)))
(((255.718, -616.106), (267.242, -489.338), (268.179, -488.358), (303.151, -487.298), (305.957, -490.26), (290.976, -616.106), (255.718, -616.106)))
(((310.041, -212.541), (298.685, -222.887), (266.987, -220.401), (256.527, -197.986), (263.537, -177.83), (296.678, -168.038), (308.318, -182.671), (310.041, -212.541)))
(((288.642, -388.81), (261.535, -384.163), (258.556, -349.157), (264.727, -343.5), (275.088, -343.5), (310.442, -359.744), (288.642, -388.81)))
(((312.483, -292.249), (313.2, -303.006), (275.088, -343.5), (264.727, -343.5), (260.659, -307.702), (282.876, -281.902), (304.914, -280.328), (312.483, -292.249)))
(((326.919, -332.5), (315.145, -359.145), (310.442, -359.744), (275.088, -343.5), (313.2, -303.006), (326.919, -332.5)))
(((325.621, -138.944), (298.083, -159.139), (273.854, -118.757), (286.471, -108.103), (315.721, -110.143), (325.621, -138.944)))
(((329.426, -401.618), (304.021, -415.949), (288.642, -388.81), (310.442, -359.744), (315.145, -359.145), (330.652, -374.652), (329.426, -401.618)))
(((332.824, -53), (333.626, -93.9172), (315.721, -110.143), (286.471, -108.103), (289.159, -53), (332.824, -53)))
(((400, -514.169), (400, -587.613), (353.902, -621.106), (292.098, -621.106), (290.517, -619.957), (305.957, -490.26), (400, -514.169)))
(((354.207, -247.048), (306.012, -277.84), (298.685, -222.887), (310.041, -212.541), (335.627, -218.404), (354.207, -247.048)))
(((400, 518.183), (400, 407.66), (354.902, 374.894), (330.974, 374.894), (256.657, 481.061), (266.215, 545.573), (267.163, 546.262), (400, 518.183)))
(((351.915, -171.771), (308.318, -182.671), (296.678, -168.038), (298.083, -159.139), (325.621, -138.944), (356.301, -146.427), (351.915, -171.771)))
(((354.958, -442.808), (310.387, -451.723), (298.244, -429.605), (304.021, -415.949), (329.426, -401.618), (348.392, -412.895), (354.958, -442.808)))
(((361.589, -190.279), (335.627, -218.404), (310.041, -212.541), (308.318, -182.671), (351.915, -171.771), (361.589, -190.279)))
(((356.301, -146.427), (325.621, -138.944), (315.721, -110.143), (333.626, -93.9172), (381.119, -125.58), (356.301, -146.427)))
(((400, -514.169), (305.957, -490.26), (303.151, -487.298), (310.387, -451.723), (354.958, -442.808), (400, -473.143), (400, -514.169)))
(((392.609, -361.609), (330.652, -374.652), (315.145, -359.145), (326.919, -332.5), (363.5, -332.5), (392.609, -361.609)))
(((363.5, -332.5), (326.919, -332.5), (313.2, -303.006), (312.483, -292.249), (363.5, -296.5), (363.5, -332.5)))
(((400, -257.733), (400, -260), (363.5, -296.5), (312.483, -292.249), (304.914, -280.328), (306.012, -277.84), (354.207, -247.048), (400, -257.733)))
(((400, 518.183), (266.342, 546.436), (263.878, 550.288), (250, 593), (260.397, 625), (400, 625), (400, 518.183)))
(((400, -377.875), (348.392, -412.895), (329.426, -401.618), (330.652, -374.652), (392.609, -361.609), (400, -364.584), (400, -377.875)))
(((332.824, -53), (400, -53), (400, -121.03), (381.119, -125.58), (333.626, -93.9172), (332.824, -53)))
(((400, -257.733), (354.207, -247.048), (335.627, -218.404), (361.589, -190.279), (400, -204.989), (400, -257.733)))
(((400, -473.143), (354.958, -442.808), (348.392, -412.895), (400, -377.875), (400, -473.143)))
(((400, -204.989), (361.589, -190.279), (351.915, -171.771), (356.301, -146.427), (381.119, -125.58), (400, -121.03), (400, -204.989)))
(((400, -364.584), (392.609, -361.609), (363.5, -332.5), (363.5, -296.5), (400, -260), (400, -364.584)))
