(((-225, 489.942), (-225, 625), (-87.285, 625), (-80.0983, 619.779), (-67.2896, 580.358), (-68.7404, 568.487), (-159.578, 465.894), (-191.902, 465.894), (-225, 489.942)))
(((-163.83, -211.174), (-191.902, -190.779), (-211, -132), (-191.902, -73.2215), (-190.781, -72.4075), (-77.2148, -118.317), (-104.043, -175.807), (-163.83, -211.174)))
(((-139.968, -412.877), (-186.902, -378.779), (-206, -320), (-186.902, -261.221), (-170.434, -249.257), (-73.8059, -308.075), (-74.5246, -354.073), (-139.968, -412.877)))
(((-181.603, -53), (-61.22, -53), (-58.7721, -59.5568), (-67.4613, -114.588), (-77.2148, -118.317), (-188.242, -73.4341), (-181.603, -53)))
(((-133.996, 334.674), (-160.902, 354.221), (-180, 413), (-163.625, 463.398), (-160.062, 465.348), (3.35955, 426.438), (7.31659, 400.005), (1.85258, 393.103), (-133.996, 334.674)))
(((-170.039, -249.498), (-162.788, -227.182), (-64.4757, -239.644), (-29.5437, -261.054), (-28.6399, -263.389), (-35.9463, -279.076), (-73.8059, -308.075), (-170.039, -249.498)))
(((-161.072, -227.399), (-165.939, -212.422), (-104.043, -175.807), (-45.7498, -179.305), (-64.4757, -239.644), (-161.072, -227.399)))
(((-34.8481, -174.501), (-45.7498, -179.305), (-104.043, -175.807), (-77.2148, -118.317), (-67.4613, -114.588), (-43.4904, -127.183), (-28.0925, -153.313), (-34.8481, -174.501)))
(((3.35955, 426.438), (-160.062, 465.348), (-68.7404, 568.487), (11.9688, 460.875), (3.35955, 426.438)))
(((-47.8058, -484.106), (-74.9017, -484.106), (-124.902, -447.779), (-137.084, -410.286), (-74.5246, -354.073), (-8.91807, -356.002), (-4.24176, -358.254), (-47.8058, -484.106)))
(((-8.91807, -356.002), (-74.5246, -354.073), (-73.8059, -308.075), (-35.9463, -279.076), (-8.91807, -356.002)))
(((-29.5437, -261.054), (-64.4757, -239.644), (-45.7498, -179.305), (-34.8481, -174.501), (-5.01665, -209.17), (-29.5437, -261.054)))
(((-93.5228, 241.33), (-120.902, 261.221), (-140, 320), (-135.433, 334.056), (1.85258, 393.103), (-0.245463, 309.181), (-82.0288, 244.698), (-93.5228, 241.33)))
(((-5.58568, -90.7362), (-43.4904, -127.183), (-67.4613, -114.588), (-58.7721, -59.5568), (-5.9576, -85.2504), (-5.58568, -90.7362)))
(((-61.22, -53), (-30, -53), (-30, -13.8659), (20.0543, -52.9326), (-5.9576, -85.2504), (-58.7721, -59.5568), (-61.22, -53)))
(((12.5702, -143.702), (-28.0925, -153.313), (-43.4904, -127.183), (-5.58568, -90.7362), (8.91729, -107.173), (12.5702, -143.702)))
(((-95.3114, 71.793), (-110, 117), (-94.5727, 164.48), (26.645, 158.907), (33.4427, 141.535), (8.17031, 83.6195), (-95.3114, 71.793)))
(((-93.1379, 164.414), (-106, 204), (-93.9075, 241.217), (-82.0288, 244.698), (24.5927, 233.037), (36.1414, 175.293), (26.645, 158.907), (-93.1379, 164.414)))
(((33.1258, -353.347), (-4.24176, -358.254), (-8.91807, -356.002), (-35.9463, -279.076), (-28.6399, -263.389), (15.621, -276.035), (33.1258, -353.347)))
(((-30, 5.65079), (-30, 53), (-100.05, 53), (-93.8915, 71.9553), (8.17031, 83.6195), (48.0385, 42.8846), (48.4893, 36.5079), (29.3015, 21.6528), (-30, 5.65079)))
(((51.2968, 266.684), (24.5927, 233.037), (-82.0288, 244.698), (-0.245463, 309.181), (50.132, 269.887), (51.2968, 266.684)))
(((35.462, -154.178), (13.5972, -205.624), (-5.01665, -209.17), (-34.8481, -174.501), (-28.0925, -153.313), (12.5702, -143.702), (35.462, -154.178)))
(((55.3064, -490.187), (38.9017, -502.106), (-22.9017, -502.106), (-47.7798, -484.031), (-4.24176, -358.254), (33.1258, -353.347), (34.8903, -353.983), (46.0821, -364.121), (55.3064, -490.187)))
(((28.3975, -268.765), (15.621, -276.035), (-28.6399, -263.389), (-29.5437, -261.054), (-5.01665, -209.17), (13.5972, -205.624), (45.33, -224.94), (28.3975, -268.765)))
(((-30, -13.8659), (-30, 5.65079), (29.3015, 21.6528), (31.662, -51.5208), (20.0543, -52.9326), (-30, -13.8659)))
(((-24.4346, 625), (62.4346, 625), (92.4838, 603.168), (110.053, 529.378), (107.418, 525.138), (11.9688, 460.875), (-68.7404, 568.487), (-67.1253, 581.702), (-61.9017, 597.779), (-24.4346, 625)))
(((34.251, -52.2803), (52.5847, -97.0958), (8.91729, -107.173), (-5.58568, -90.7362), (-5.9576, -85.2504), (20.0543, -52.9326), (31.662, -51.5208), (34.251, -52.2803)))
(((44.6201, -152.611), (35.462, -154.178), (12.5702, -143.702), (8.91729, -107.173), (52.5847, -97.0958), (54.2259, -98.5133), (64.2136, -134.469), (44.6201, -152.611)))
(((83.1876, 359.872), (50.132, 269.887), (-0.245463, 309.181), (1.85258, 393.103), (7.31659, 400.005), (67.902, 376.276), (83.1876, 359.872)))
(((82.0773, -215.607), (45.33, -224.94), (13.5972, -205.624), (35.462, -154.178), (44.6201, -152.611), (82.0773, -215.607)))
(((93.9432, 104.091), (48.0385, 42.8846), (8.17031, 83.6195), (33.4427, 141.535), (93.8272, 104.298), (93.9432, 104.091)))
(((78.5886, 14.2606), (68.3211, -39.1305), (34.251, -52.2803), (31.662, -51.5208), (29.3015, 21.6528), (48.4893, 36.5079), (78.5886, 14.2606)))
(((33.1258, -353.347), (15.621, -276.035), (28.3975, -268.765), (84.2443, -283.748), (34.8903, -353.983), (33.1258, -353.347)))
(((101.082, -277.214), (84.2443, -283.748), (28.3975, -268.765), (45.33, -224.94), (82.0773, -215.607), (94.323, -218.633), (101.082, -277.214)))
(((128.404, 205.586), (119.878, 198.482), (36.1414, 175.293), (24.5927, 233.037), (51.2968, 266.684), (97.4109, 252.625), (129.083, 208.283), (128.404, 205.586)))
(((86.2813, -80.8276), (54.2259, -98.5133), (52.5847, -97.0958), (34.251, -52.2803), (68.3211, -39.1305), (89.2634, -52.4979), (86.2813, -80.8276)))
(((104.939, -210.671), (94.323, -218.633), (82.0773, -215.607), (44.6201, -152.611), (64.2136, -134.469), (90.6757, -136.003), (113.311, -187.23), (104.939, -210.671)))
(((93.8272, 104.298), (33.4427, 141.535), (26.645, 158.907), (36.1414, 175.293), (119.878, 198.482), (93.8272, 104.298)))
(((121.034, -112.323), (90.6757, -136.003), (64.2136, -134.469), (54.2259, -98.5133), (86.2813, -80.8276), (120.902, -111.294), (121.034, -112.323)))
(((108.487, -282.28), (119.323, -359.486), (46.0821, -364.121), (34.8903, -353.983), (84.2443, -283.748), (101.082, -277.214), (108.487, -282.28)))
(((124.491, 437.332), (67.902, 376.276), (7.31659, 400.005), (3.35955, 426.438), (11.9688, 460.875), (107.418, 525.138), (124.491, 437.332)))
(((141.324, 337.199), (97.4109, 252.625), (51.2968, 266.684), (50.132, 269.887), (83.1876, 359.872), (141.324, 337.199)))
(((107.607, -496.106), (59.0983, -496.106), (55.5508, -493.528), (46.0821, -364.121), (119.323, -359.486), (137.404, -370.293), (107.607, -496.106)))
(((133.27, 65.916), (105.38, 14.5998), (78.5886, 14.2606), (48.4893, 36.5079), (48.0385, 42.8846), (93.9432, 104.091), (112.169, 97.3091), (133.27, 65.916)))
(((134.425, -9.60377), (105.027, -50.0252), (89.2634, -52.4979), (68.3211, -39.1305), (78.5886, 14.2606), (105.38, 14.5998), (134.425, -9.60377)))
(((120.902, -111.294), (86.2813, -80.8276), (89.2634, -52.4979), (105.027, -50.0252), (132.764, -75.7075), (120.902, -111.294)))
(((153.09, -162.82), (113.311, -187.23), (90.6757, -136.003), (121.034, -112.323), (161.155, -133.404), (153.09, -162.82)))
(((160.567, 339.168), (141.324, 337.199), (83.1876, 359.872), (67.902, 376.276), (124.491, 437.332), (190.765, 397.823), (160.567, 339.168)))
(((169.89, 134.507), (112.169, 97.3091), (93.9432, 104.091), (93.8272, 104.298), (119.878, 198.482), (128.404, 205.586), (170.248, 149.187), (169.89, 134.507)))
(((167.189, -57.294), (132.764, -75.7075), (105.027, -50.0252), (134.425, -9.60377), (147.483, -11.6128), (160.651, -38.9245), (167.189, -57.294)))
(((157.92, -278.646), (108.487, -282.28), (101.082, -277.214), (94.323, -218.633), (104.939, -210.671), (165.283, -226.052), (157.92, -278.646)))
(((210.376, 255.003), (129.083, 208.283), (97.4109, 252.625), (141.324, 337.199), (160.567, 339.168), (207.032, 284.649), (210.376, 255.003)))
(((230.633, -348.984), (137.404, -370.293), (119.323, -359.486), (108.487, -282.28), (157.92, -278.646), (235.009, -335.515), (230.633, -348.984)))
(((147.483, -11.6128), (134.425, -9.60377), (105.38, 14.5998), (133.27, 65.916), (155.012, 60.9747), (176.591, 13.5), (147.483, -11.6128)))
(((181.997, -215.39), (165.283, -226.052), (104.939, -210.671), (113.311, -187.23), (153.09, -162.82), (184.14, -203.07), (181.997, -215.39)))
(((188.379, -101.276), (171.926, -129.01), (161.155, -133.404), (121.034, -112.323), (120.902, -111.294), (132.764, -75.7075), (167.189, -57.294), (185.881, -67.8082), (188.379, -101.276)))
(((204.326, 92.0639), (155.012, 60.9747), (133.27, 65.916), (112.169, 97.3091), (169.89, 134.507), (204.326, 92.0639)))
(((190.765, 397.823), (124.491, 437.332), (107.418, 525.138), (110.053, 529.378), (174.249, 515.225), (204.408, 407.006), (190.765, 397.823)))
(((108.005, -494.422), (137.404, -370.293), (231.243, -348.845), (246.902, -360.221), (266, -419), (246.902, -477.779), (196.902, -514.106), (135.098, -514.106), (108.005, -494.422)))
(((225.141, -167.326), (184.14, -203.07), (153.09, -162.82), (161.155, -133.404), (171.926, -129.01), (225.911, -165.879), (225.141, -167.326)))
(((235.119, -335.596), (157.92, -278.646), (165.283, -226.052), (181.997, -215.39), (244.803, -259.08), (254.037, -269.735), (266.412, -312.861), (235.119, -335.596)))
(((210, -14.25), (160.651, -38.9245), (147.483, -11.6128), (176.591, 13.5), (210, 13.5), (210, -14.25)))
(((285.7, 53), (210, 53), (210, 13.5), (176.591, 13.5), (155.012, 60.9747), (204.326, 92.0639), (279.603, 71.7642), (285.7, 53)))
(((101.946, 625), (225.014, 625), (218.011, 528.353), (174.249, 515.225), (110.053, 529.378), (93.4856, 598.961), (101.946, 625)))
(((210, -14.25), (210, -53), (214.065, -53), (185.881, -67.8082), (167.189, -57.294), (160.651, -38.9245), (210, -14.25)))
(((282.789, 196.079), (170.248, 149.187), (128.404, 205.586), (129.083, 208.283), (210.376, 255.003), (282.789, 196.079)))
(((281.087, 71.3642), (204.326, 92.0639), (169.89, 134.507), (170.248, 149.187), (282.789, 196.079), (293.605, 191.536), (311, 138), (291.902, 79.2215), (281.087, 71.3642)))
(((283.115, -139.596), (225.911, -165.879), (171.926, -129.01), (188.379, -101.276), (288.789, -121.358), (283.115, -139.596)))
(((244.803, -259.08), (181.997, -215.39), (184.14, -203.07), (225.141, -167.326), (244.803, -259.08)))
(((256.69, 410.894), (204.408, 407.006), (174.249, 515.225), (218.011, 528.353), (273.969, 509.168), (256.69, 410.894)))
(((214.065, -53), (309.953, -53), (317.643, -76.6686), (288.789, -121.358), (188.379, -101.276), (185.881, -67.8082), (214.065, -53)))
(((314.825, 365.494), (207.032, 284.649), (160.567, 339.168), (190.765, 397.823), (204.408, 407.006), (256.69, 410.894), (314.825, 365.494)))
(((290.711, -163.573), (254.037, -269.735), (244.803, -259.08), (225.141, -167.326), (225.911, -165.879), (283.115, -139.596), (290.711, -163.573)))
(((225.014, 625), (339.429, 625), (356, 574), (345.499, 541.681), (273.969, 509.168), (218.011, 528.353), (225.014, 625)))
(((290.371, 192.894), (282.789, 196.079), (210.376, 255.003), (207.032, 284.649), (314.825, 365.494), (335.534, 360.85), (354.902, 346.779), (374, 288), (354.902, 229.221), (304.902, 192.894), (290.371, 192.894)))
(((390.956, -253.99), (382.902, -278.779), (332.902, -315.106), (271.098, -315.106), (265.992, -311.396), (254.037, -269.735), (290.711, -163.573), (390.956, -253.99)))
(((400, 486.855), (400, 419.145), (391.902, 394.221), (343.508, 359.062), (314.825, 365.494), (256.69, 410.894), (273.969, 509.168), (348.725, 543.148), (391.902, 511.779), (400, 486.855)))
(((400, -89.2232), (400, -248.777), (391.79, -254.742), (290.711, -163.573), (283.115, -139.596), (288.789, -121.358), (319.434, -73.8943), (378.902, -73.8943), (400, -89.2232)))
