(((-225, -169.599), (-225, -53), (-187.106, -53), (-154.258, -116.262), (-178.154, -150.49), (-225, -169.599)))
(((-225, 430.325), (-225, 611.675), (-218.902, 616.106), (-157.098, 616.106), (-137.725, 602.03), (-125.868, 478.08), (-150.428, 430.741), (-157.098, 425.894), (-218.902, 425.894), (-225, 430.325)))
(((-225, -510.597), (-225, -378.127), (-149.315, -400.513), (-132.825, -460.977), (-221.074, -513.45), (-225, -510.597)))
(((-225, -205.02), (-131.015, -214.611), (-131.387, -220.475), (-204.098, -304.666), (-225, -307.155), (-225, -205.02)))
(((-225, -169.599), (-178.154, -150.49), (-131.918, -176.572), (-127.097, -210.323), (-131.015, -214.611), (-225, -205.02), (-225, -169.599)))
(((-225, -307.155), (-204.098, -304.666), (-185.658, -305.873), (-108.524, -353.097), (-115.2, -379.8), (-149.315, -400.513), (-225, -378.127), (-225, -307.155)))
(((-117.715, -278.93), (-185.658, -305.873), (-204.098, -304.666), (-131.387, -220.475), (-113.261, -270.021), (-117.715, -278.93)))
(((-118.011, -53), (-114.345, -106.77), (-125.103, -115.806), (-154.258, -116.262), (-187.106, -53), (-118.011, -53)))
(((-111.864, -154.577), (-131.918, -176.572), (-178.154, -150.49), (-154.258, -116.262), (-125.103, -115.806), (-111.864, -154.577)))
(((-176.452, -587.902), (-206.902, -565.779), (-223.446, -514.86), (-132.825, -460.977), (-121.839, -462.335), (-77.1028, -509.988), (-74.6403, -517.291), (-176.452, -587.902)))
(((-91.2523, -342.27), (-108.524, -353.097), (-185.658, -305.873), (-117.715, -278.93), (-84.3611, -319.185), (-91.2523, -342.27)))
(((-74.5, -420.5), (-121.839, -462.335), (-132.825, -460.977), (-149.315, -400.513), (-115.2, -379.8), (-74.5, -420.5)))
(((-74.3066, -170.158), (-100.084, -209.437), (-127.097, -210.323), (-131.918, -176.572), (-111.864, -154.577), (-79.1652, -159.663), (-74.3066, -170.158)))
(((-79.7236, -257.064), (-113.261, -270.021), (-131.387, -220.475), (-131.015, -214.611), (-127.097, -210.323), (-100.084, -209.437), (-74.8396, -228.37), (-79.7236, -257.064)))
(((-79.1652, -159.663), (-111.864, -154.577), (-125.103, -115.806), (-114.345, -106.77), (-88.3199, -107.752), (-68.74, -135.164), (-79.1652, -159.663)))
(((-76.7553, -53), (-67.689, -83.437), (-88.3199, -107.752), (-114.345, -106.77), (-118.011, -53), (-76.7553, -53)))
(((-57.0464, -301.347), (-84.3611, -319.185), (-117.715, -278.93), (-113.261, -270.021), (-79.7236, -257.064), (-50.8716, -281.107), (-57.0464, -301.347)))
(((-33.2926, -650.443), (-52.0983, -664.106), (-113.902, -664.106), (-163.902, -627.779), (-176.784, -588.132), (-74.6403, -517.291), (-54.8207, -526.656), (-33.2926, -650.443)))
(((-42.7593, -435.241), (-77.1028, -509.988), (-121.839, -462.335), (-74.5, -420.5), (-58.1304, -420.5), (-44.7418, -428.604), (-42.7593, -435.241)))
(((-58.1304, -420.5), (-74.5, -420.5), (-115.2, -379.8), (-108.524, -353.097), (-91.2523, -342.27), (-51.9023, -363.201), (-58.1304, -420.5)))
(((-106.8, 625), (-69.0521, 625), (-39.8197, 497.441), (-125.868, 478.08), (-137.769, 602.499), (-106.8, 625)))
(((-42.0591, -216.761), (-74.8396, -228.37), (-100.084, -209.437), (-74.3066, -170.158), (-49.1106, -182.208), (-42.0591, -216.761)))
(((-41.7381, -127.963), (-68.74, -135.164), (-88.3199, -107.752), (-67.689, -83.437), (-31.1863, -95.6046), (-41.7381, -127.963)))
(((-138.894, 402.43), (-148.992, 433.509), (-125.868, 478.08), (-39.8197, 497.441), (4.61125, 482.793), (-18.0937, 416.192), (-138.894, 402.43)))
(((-38.5, -218.724), (-38.5, -274.463), (-50.8716, -281.107), (-79.7236, -257.064), (-74.8396, -228.37), (-42.0591, -216.761), (-38.5, -218.724)))
(((-38.6111, -357.833), (-51.9023, -363.201), (-91.2523, -342.27), (-84.3611, -319.185), (-57.0464, -301.347), (-28.1667, -326.5), (-38.6111, -357.833)))
(((-15.8717, -157.279), (-49.1106, -182.208), (-74.3066, -170.158), (-79.1652, -159.663), (-68.74, -135.164), (-41.7381, -127.963), (-15.8717, -157.279)))
(((-76.7553, -53), (-34.4032, -53), (-22.2738, -90.6011), (-31.1863, -95.6046), (-67.689, -83.437), (-76.7553, -53)))
(((-132.524, 331.525), (-146, 373), (-136.343, 402.72), (-18.0937, 416.192), (1.33404, 384.87), (-17.7964, 336.054), (-132.524, 331.525)))
(((-125.644, 243.585), (-143, 297), (-131.772, 331.555), (-17.7964, 336.054), (3.50309, 303.878), (-47.1459, 249.431), (-125.644, 243.585)))
(((-13.8169, -513.161), (-54.8207, -526.656), (-74.6403, -517.291), (-77.1028, -509.988), (-42.7593, -435.241), (-1.84444, -476.156), (-13.8169, -513.161)))
(((-116.384, 143.845), (-116.902, 144.221), (-136, 203), (-122.743, 243.801), (-47.1459, 249.431), (5.34917, 214.434), (-13.8156, 165.372), (-116.384, 143.845)))
(((-1.56192, -403.348), (-44.7418, -428.604), (-58.1304, -420.5), (-51.9023, -363.201), (-38.6111, -357.833), (-6.26752, -372.761), (-1.56192, -403.348)))
(((-5.6087, -320.348), (-28.1667, -326.5), (-57.0464, -301.347), (-50.8716, -281.107), (-38.5, -274.463), (-24.0952, -274.996), (-2.63139, -303.973), (-5.6087, -320.348)))
(((23.9401, 625), (25.8063, 623.644), (5.76362, 483.345), (4.61125, 482.793), (-39.8197, 497.441), (-69.0521, 625), (23.9401, 625)))
(((-0.247463, -221.432), (5.19166, -253.462), (-24.0952, -274.996), (-38.5, -274.463), (-38.5, -218.724), (-3.23928, -219.332), (-0.247463, -221.432)))
(((-1.69636, -159.158), (-3.23928, -219.332), (-38.5, -218.724), (-42.0591, -216.761), (-49.1106, -182.208), (-15.8717, -157.279), (-2.07306, -158.742), (-1.69636, -159.158)))
(((-93.5021, 58.5719), (-99.9017, 63.2215), (-119, 122), (-111.574, 144.855), (-13.8156, 165.372), (34.3992, 124.906), (15.9087, 80.4291), (-6.17701, 67.2257), (-93.5021, 58.5719)))
(((-34.4032, -53), (-30, -53), (-30, -20.8824), (5.24598, -25.0289), (9.03846, -37.0385), (-14.717, -90.4883), (-22.2738, -90.6011), (-34.4032, -53)))
(((12.3043, -122), (-2.07306, -158.742), (-15.8717, -157.279), (-41.7381, -127.963), (-31.1863, -95.6046), (-22.2738, -90.6011), (-14.717, -90.4883), (0.724719, -97.788), (12.3043, -122)))
(((-33.0034, -652.106), (-54.8207, -526.656), (-13.8169, -513.161), (20.0467, -538.113), (-1.20614, -652.106), (-33.0034, -652.106)))
(((10.5, -354.371), (-6.26752, -372.761), (-38.6111, -357.833), (-28.1667, -326.5), (-5.6087, -320.348), (10.5, -334.667), (10.5, -354.371)))
(((-30, -20.8824), (-30, 53), (-94.3534, 53), (-92.5111, 58.6701), (-6.17701, 67.2257), (25.2113, -5.46295), (5.24598, -25.0289), (-30, -20.8824)))
(((16.9494, -467.668), (-1.84444, -476.156), (-42.7593, -435.241), (-44.7418, -428.604), (-1.56192, -403.348), (38.213, -417.041), (16.9494, -467.668)))
(((36.1527, 225.352), (5.34917, 214.434), (-47.1459, 249.431), (3.50309, 303.878), (45.8857, 290.238), (36.1527, 225.352)))
(((23.0755, -288.365), (-2.63139, -303.973), (-24.0952, -274.996), (5.19166, -253.462), (21.2886, -263.944), (23.0755, -288.365)))
(((43.7264, -71.7264), (0.724719, -97.788), (-14.717, -90.4883), (9.03846, -37.0385), (43.7264, -71.7264)))
(((33.58, -212.27), (-0.247463, -221.432), (-3.23928, -219.332), (-1.69636, -159.158), (26.6552, -167.259), (33.58, -212.27)))
(((50.9538, -317.811), (10.5, -334.667), (-5.6087, -320.348), (-2.63139, -303.973), (23.0755, -288.365), (51.2868, -310.206), (52.941, -313.042), (50.9538, -317.811)))
(((43.0926, -415.315), (38.213, -417.041), (-1.56192, -403.348), (-6.26752, -372.761), (10.5, -354.371), (46.2395, -369.359), (47.6818, -406.136), (43.0926, -415.315)))
(((63.1957, -527.326), (20.0467, -538.113), (-13.8169, -513.161), (-1.84444, -476.156), (16.9494, -467.668), (57.6129, -489.487), (63.1957, -527.326)))
(((34.3992, 124.906), (-13.8156, 165.372), (5.34917, 214.434), (36.1527, 225.352), (57.7203, 208.613), (53.7031, 133.624), (34.3992, 124.906)))
(((45.8857, 290.238), (3.50309, 303.878), (-17.7964, 336.054), (1.33404, 384.87), (54.2126, 381.48), (65.9292, 300.766), (45.8857, 290.238)))
(((58.5847, -251.822), (21.2886, -263.944), (5.19166, -253.462), (-0.247463, -221.432), (33.58, -212.27), (59.7308, -218.808), (58.5926, -251.816), (58.5847, -251.822)))
(((54.3887, -159.863), (26.6552, -167.259), (-1.69636, -159.158), (-2.07306, -158.742), (12.3043, -122), (38.1429, -122), (61.7224, -149.51), (54.3887, -159.863)))
(((59.8327, -84.0428), (38.1429, -122), (12.3043, -122), (0.724719, -97.788), (43.7264, -71.7264), (48.8015, -72.532), (59.8327, -84.0428)))
(((54.2126, 381.48), (1.33404, 384.87), (-18.0937, 416.192), (4.61125, 482.793), (5.76362, 483.345), (43.8899, 476.76), (86.9376, 408.514), (54.2126, 381.48)))
(((59.3537, -352.174), (46.2395, -369.359), (10.5, -354.371), (10.5, -334.667), (50.9538, -317.811), (59.3537, -352.174)))
(((68.08, 26.964), (27.7789, -5.27689), (25.2113, -5.46295), (-6.17701, 67.2257), (15.9087, 80.4291), (72.5446, 45.4179), (68.08, 26.964)))
(((48.8015, -72.532), (43.7264, -71.7264), (9.03846, -37.0385), (5.24598, -25.0289), (25.2113, -5.46295), (27.7789, -5.27689), (67.0152, -31.8191), (48.8015, -72.532)))
(((51.2868, -310.206), (23.0755, -288.365), (21.2886, -263.944), (58.5847, -251.822), (51.2868, -310.206)))
(((59.7308, -218.808), (33.58, -212.27), (26.6552, -167.259), (54.3887, -159.863), (69.8284, -210.393), (59.7308, -218.808)))
(((100.501, -645.233), (75.9017, -663.106), (14.0983, -663.106), (-1.18655, -652.001), (20.0467, -538.113), (63.1957, -527.326), (87.9587, -541.476), (100.501, -645.233)))
(((57.6129, -489.487), (16.9494, -467.668), (38.213, -417.041), (43.0926, -415.315), (89.6357, -450.46), (57.6129, -489.487)))
(((85.7999, 625), (121.896, 598.775), (132.636, 535.924), (43.8899, 476.76), (5.76362, 483.345), (26, 625), (85.7999, 625)))
(((83.9433, -103.067), (66.2648, -147.943), (61.7224, -149.51), (38.1429, -122), (59.8327, -84.0428), (80.7614, -90.794), (83.9433, -103.067)))
(((95.6325, -23.4022), (67.0152, -31.8191), (27.7789, -5.27689), (68.08, 26.964), (96.0182, -20.531), (95.6325, -23.4022)))
(((102.741, -292.96), (94.3745, -303.66), (52.941, -313.042), (51.2868, -310.206), (58.5847, -251.822), (58.5926, -251.816), (101.65, -273.869), (102.741, -292.96)))
(((99.9048, 56.3619), (72.5446, 45.4179), (15.9087, 80.4291), (34.3992, 124.906), (53.7031, 133.624), (67.6818, 131.449), (106.221, 85.4166), (99.9048, 56.3619)))
(((93.0017, -386.714), (47.6818, -406.136), (46.2395, -369.359), (59.3537, -352.174), (94.3235, -358.294), (93.0017, -386.714)))
(((94.3235, -358.294), (59.3537, -352.174), (50.9538, -317.811), (52.941, -313.042), (94.3745, -303.66), (104.96, -349.177), (94.3235, -358.294)))
(((112.575, -168.63), (79.5016, -209.054), (69.8284, -210.393), (54.3887, -159.863), (61.7224, -149.51), (66.2648, -147.943), (105.867, -159.384), (112.575, -168.63)))
(((114.296, -67.0404), (80.7614, -90.794), (59.8327, -84.0428), (48.8015, -72.532), (67.0152, -31.8191), (95.6325, -23.4022), (111.419, -42.9475), (114.296, -67.0404)))
(((115.392, 211.908), (57.7203, 208.613), (36.1527, 225.352), (45.8857, 290.238), (65.9292, 300.766), (86.6013, 298.852), (119.851, 217.39), (115.392, 211.908)))
(((121.9, 160.567), (67.6818, 131.449), (53.7031, 133.624), (57.7203, 208.613), (115.392, 211.908), (121.9, 160.567)))
(((112.213, -449.902), (89.6357, -450.46), (43.0926, -415.315), (47.6818, -406.136), (93.0017, -386.714), (117.829, -407.779), (112.213, -449.902)))
(((122.906, -245.719), (101.65, -273.869), (58.5926, -251.816), (59.7308, -218.808), (69.8284, -210.393), (79.5016, -209.054), (119, -234), (122.906, -245.719)))
(((113.686, -451.072), (123.455, -516.199), (87.9587, -541.476), (63.1957, -527.326), (57.6129, -489.487), (89.6357, -450.46), (112.213, -449.902), (113.686, -451.072)))
(((135.704, 320.613), (86.6013, 298.852), (65.9292, 300.766), (54.2126, 381.48), (86.9376, 408.514), (111.645, 406.717), (135.704, 320.613)))
(((105.867, -159.384), (66.2648, -147.943), (83.9433, -103.067), (112.97, -125.643), (105.867, -159.384)))
(((132.756, 21.2738), (96.0182, -20.531), (68.08, 26.964), (72.5446, 45.4179), (99.9048, 56.3619), (132.123, 32.3445), (132.756, 21.2738)))
(((164.058, 499.266), (146.504, 429.7), (111.645, 406.717), (86.9376, 408.514), (43.8899, 476.76), (132.636, 535.924), (164.058, 499.266)))
(((140.367, -191.266), (119, -234), (79.5016, -209.054), (112.575, -168.63), (131.927, -174.073), (140.367, -191.266)))
(((132.168, -77.5723), (126.834, -118.909), (112.97, -125.643), (83.9433, -103.067), (80.7614, -90.794), (114.296, -67.0404), (132.168, -77.5723)))
(((157.842, 111.733), (106.221, 85.4166), (67.6818, 131.449), (121.9, 160.567), (165.585, 131.443), (157.842, 111.733)))
(((141.54, -389.273), (117.829, -407.779), (93.0017, -386.714), (94.3235, -358.294), (104.96, -349.177), (123.87, -351.723), (141.54, -389.273)))
(((152.619, -330.161), (123.87, -351.723), (104.96, -349.177), (94.3745, -303.66), (102.741, -292.96), (134.896, -303.222), (152.619, -330.161)))
(((166.165, 232.257), (119.851, 217.39), (86.6013, 298.852), (135.704, 320.613), (137.75, 320.058), (167.858, 296.598), (166.165, 232.257)))
(((150.905, -155.095), (131.927, -174.073), (112.575, -168.63), (105.867, -159.384), (112.97, -125.643), (126.834, -118.909), (148.107, -128.516), (150.905, -155.095)))
(((162.091, -20.5921), (111.419, -42.9475), (95.6325, -23.4022), (96.0182, -20.531), (132.756, 21.2738), (164.73, -14.5759), (162.091, -20.5921)))
(((235.119, -559.712), (216.902, -615.779), (166.902, -652.106), (105.098, -652.106), (100.969, -649.105), (87.9587, -541.476), (123.455, -516.199), (213.431, -531.795), (235.119, -559.712)))
(((161.181, -275.743), (134.896, -303.222), (102.741, -292.96), (101.65, -273.869), (122.906, -245.719), (143.29, -249.653), (161.181, -275.743)))
(((174.926, 56.6833), (132.123, 32.3445), (99.9048, 56.3619), (106.221, 85.4166), (157.842, 111.733), (174.926, 56.6833)))
(((167.62, -111.171), (148.107, -128.516), (126.834, -118.909), (132.168, -77.5723), (158.269, -78.4423), (167.62, -111.171)))
(((158.269, -78.4423), (132.168, -77.5723), (114.296, -67.0404), (111.419, -42.9475), (162.091, -20.5921), (172.03, -66.9747), (158.269, -78.4423)))
(((175.144, -449.152), (113.686, -451.072), (112.213, -449.902), (117.829, -407.779), (141.54, -389.273), (170.939, -390.305), (182.661, -410.99), (175.144, -449.152)))
(((167.861, -207.42), (167.224, -232.246), (143.29, -249.653), (122.906, -245.719), (119, -234), (140.367, -191.266), (164.623, -201.508), (167.861, -207.42)))
(((213.431, -531.795), (123.455, -516.199), (113.686, -451.072), (175.144, -449.152), (205.621, -487.397), (213.431, -531.795)))
(((170.939, -390.305), (141.54, -389.273), (123.87, -351.723), (152.619, -330.161), (169.667, -333.235), (186.883, -350.1), (170.939, -390.305)))
(((195.5, 144.531), (165.585, 131.443), (121.9, 160.567), (115.392, 211.908), (119.851, 217.39), (166.165, 232.257), (194.628, 214.242), (195.5, 144.531)))
(((203.412, 387.909), (137.75, 320.058), (135.704, 320.613), (111.645, 406.717), (146.504, 429.7), (203.412, 387.909)))
(((169.667, -333.235), (152.619, -330.161), (134.896, -303.222), (161.181, -275.743), (186.197, -282.269), (169.667, -333.235)))
(((188.975, -176.049), (164.623, -201.508), (140.367, -191.266), (131.927, -174.073), (150.905, -155.095), (184.661, -155.919), (188.975, -176.049)))
(((184.661, -155.919), (150.905, -155.095), (148.107, -128.516), (167.62, -111.171), (182.642, -118.104), (194.327, -143.535), (184.661, -155.919)))
(((210, 1.03448), (164.73, -14.5759), (132.756, 21.2738), (132.123, 32.3445), (174.926, 56.6833), (210, 41.942), (210, 1.03448)))
(((204.416, -252.935), (192.33, -279.625), (186.197, -282.269), (161.181, -275.743), (143.29, -249.653), (167.224, -232.246), (202.996, -249.014), (204.416, -252.935)))
(((208.547, -72.5283), (206.007, -97.9254), (182.642, -118.104), (167.62, -111.171), (158.269, -78.4423), (172.03, -66.9747), (206.894, -68.198), (208.547, -72.5283)))
(((202.996, -249.014), (167.224, -232.246), (167.861, -207.42), (212.218, -212.965), (202.996, -249.014)))
(((210, 1.03448), (210, -53), (217.217, -53), (206.894, -68.198), (172.03, -66.9747), (162.091, -20.5921), (164.73, -14.5759), (210, 1.03448)))
(((215.405, 306.228), (167.858, 296.598), (137.75, 320.058), (203.412, 387.909), (274.451, 375.817), (215.405, 306.228)))
(((219.758, -204.348), (212.218, -212.965), (167.861, -207.42), (164.623, -201.508), (188.975, -176.049), (220.215, -195.196), (219.758, -204.348)))
(((235.371, -318.38), (213.585, -346.391), (186.883, -350.1), (169.667, -333.235), (186.197, -282.269), (192.33, -279.625), (233.944, -313.895), (235.371, -318.38)))
(((285.628, 53), (210, 53), (210, 41.942), (174.926, 56.6833), (157.842, 111.733), (165.585, 131.443), (195.5, 144.531), (290.757, 107.214), (297, 88), (285.628, 53)))
(((239.458, -139.85), (194.327, -143.535), (182.642, -118.104), (206.007, -97.9254), (240.443, -138.101), (239.458, -139.85)))
(((248.235, 234.859), (194.628, 214.242), (166.165, 232.257), (167.858, 296.598), (215.405, 306.228), (248.235, 234.859)))
(((286.781, 379.927), (274.451, 375.817), (203.412, 387.909), (146.504, 429.7), (164.058, 499.266), (267.742, 495.051), (300.241, 450.645), (305, 436), (286.781, 379.927)))
(((246.386, -402.855), (182.661, -410.99), (170.939, -390.305), (186.883, -350.1), (213.585, -346.391), (247.928, -396.761), (246.386, -402.855)))
(((243.173, -167.512), (220.215, -195.196), (188.975, -176.049), (184.661, -155.919), (194.327, -143.535), (239.458, -139.85), (243.173, -167.512)))
(((139.038, 625), (280.962, 625), (288.349, 619.633), (267.742, 495.051), (164.058, 499.266), (132.636, 535.924), (122.25, 596.702), (129.098, 617.779), (139.038, 625)))
(((252.956, -422.311), (205.621, -487.397), (175.144, -449.152), (182.661, -410.99), (246.386, -402.855), (252.956, -422.311)))
(((251.068, -263.84), (233.944, -313.895), (192.33, -279.625), (204.416, -252.935), (245.891, -257.543), (251.068, -263.84)))
(((250.216, -129.676), (240.443, -138.101), (206.007, -97.9254), (208.547, -72.5283), (258.652, -102.591), (250.216, -129.676)))
(((245.891, -257.543), (204.416, -252.935), (202.996, -249.014), (212.218, -212.965), (219.758, -204.348), (252.444, -224.778), (245.891, -257.543)))
(((290.096, 107.473), (195.5, 144.531), (194.628, 214.242), (248.235, 234.859), (323.652, 219.925), (335, 185), (315.902, 126.221), (290.096, 107.473)))
(((306.087, -53), (258.652, -102.591), (208.547, -72.5283), (206.894, -68.198), (217.217, -53), (306.087, -53)))
(((279.84, -211.08), (252.444, -224.778), (219.758, -204.348), (220.215, -195.196), (243.173, -167.512), (280.193, -189.896), (279.84, -211.08)))
(((278.776, -373.171), (247.928, -396.761), (213.585, -346.391), (235.371, -318.38), (254.084, -321.945), (271.882, -356.427), (278.776, -373.171)))
(((325.387, 219.582), (248.235, 234.859), (215.405, 306.228), (274.451, 375.817), (287.29, 380.097), (335.902, 344.779), (355, 286), (335.902, 227.221), (325.387, 219.582)))
(((351.924, -478.621), (337.902, -521.779), (287.902, -558.106), (233.871, -558.106), (213.431, -531.795), (205.621, -487.397), (252.956, -422.311), (351.924, -478.621)))
(((294.403, -305.646), (254.084, -321.945), (235.371, -318.38), (233.944, -313.895), (251.068, -263.84), (276.007, -267.331), (299.904, -297.395), (294.403, -305.646)))
(((298.216, -229.926), (276.007, -267.331), (251.068, -263.84), (245.891, -257.543), (252.444, -224.778), (279.84, -211.08), (298.216, -229.926)))
(((302.026, -173.026), (280.193, -189.896), (243.173, -167.512), (239.458, -139.85), (240.443, -138.101), (250.216, -129.676), (293.971, -142.018), (304.311, -167.562), (302.026, -173.026)))
(((297.374, -318.189), (271.882, -356.427), (254.084, -321.945), (294.403, -305.646), (297.374, -318.189)))
(((313.807, -370.476), (278.776, -373.171), (271.882, -356.427), (297.374, -318.189), (313.807, -370.476)))
(((357.145, -53), (293.971, -142.018), (250.216, -129.676), (258.652, -102.591), (306.087, -53), (357.145, -53)))
(((351.11, -478.158), (252.956, -422.311), (246.386, -402.855), (247.928, -396.761), (278.776, -373.171), (313.807, -370.476), (388.342, -399.898), (390, -405), (370.902, -463.779), (351.11, -478.158)))
(((335.321, -249.42), (314.154, -293.677), (299.904, -297.395), (276.007, -267.331), (298.216, -229.926), (332.05, -234.593), (335.321, -249.42)))
(((332.05, -234.593), (298.216, -229.926), (279.84, -211.08), (280.193, -189.896), (302.026, -173.026), (345.218, -216.218), (332.05, -234.593)))
(((357.145, -53), (358.682, -53), (398.902, -82.2215), (400, -85.6017), (400, -136.463), (304.311, -167.562), (293.971, -142.018), (357.145, -53)))
(((400, -388.434), (385.671, -398.844), (313.807, -370.476), (297.374, -318.189), (294.403, -305.646), (299.904, -297.395), (314.154, -293.677), (400, -344.819), (400, -388.434)))
(((400, -182.836), (345.218, -216.218), (302.026, -173.026), (304.311, -167.562), (400, -136.463), (400, -182.836)))
(((400, 613.144), (400, 460.856), (373.902, 441.894), (312.098, 441.894), (300.455, 450.354), (267.742, 495.051), (287.45, 614.198), (302.318, 625), (383.682, 625), (400, 613.144)))
(((400, -344.819), (314.154, -293.677), (335.321, -249.42), (400, -287.878), (400, -344.819)))
(((400, -287.878), (335.321, -249.42), (332.05, -234.593), (345.218, -216.218), (400, -182.836), (400, -287.878)))
