(((-158.554, -800), (-225, -800), (-225, -640.875), (-129.403, -724.522), (-120.422, -744.841), (-132.098, -780.779), (-158.554, -800)))
(((-225, -157.225), (-200.508, -158.45), (-192.647, -205.615), (-225, -220.663), (-225, -157.225)))
(((-225, -95.7358), (-201.5, -101.5), (-174.672, -145.766), (-200.508, -158.45), (-225, -157.225), (-225, -95.7358)))
(((-225, -487), (-164.149, -547.851), (-196.543, -610.614), (-225, -629.28), (-225, -487)))
(((-225, -95.7358), (-225, -53), (-168.429, -53), (-166.48, -80.2759), (-201.5, -101.5), (-225, -95.7358)))
(((-225, -220.663), (-192.647, -205.615), (-163.023, -211.787), (-153.809, -223.922), (-152.763, -232.642), (-161.773, -247.317), (-225, -275.704), (-225, -220.663)))
(((-225, -307.513), (-172.269, -319.84), (-157.954, -365.646), (-225, -395.444), (-225, -307.513)))
(((-154.34, -157.209), (-163.023, -211.787), (-192.647, -205.615), (-200.508, -158.45), (-174.672, -145.766), (-170.61, -146.091), (-154.34, -157.209)))
(((-174.672, -145.766), (-201.5, -101.5), (-166.48, -80.2759), (-149.489, -96.8079), (-170.61, -146.091), (-174.672, -145.766)))
(((-225, -395.444), (-157.954, -365.646), (-152.913, -368.81), (-135.218, -411.277), (-144.582, -421.172), (-225, -436.25), (-225, -395.444)))
(((-225, -275.704), (-161.773, -247.317), (-142.318, -295.956), (-151.299, -309.693), (-172.269, -319.84), (-225, -307.513), (-225, -275.704)))
(((-225, -487), (-225, -477.48), (-137.66, -484.331), (-119.657, -517.522), (-133.483, -539.029), (-164.149, -547.851), (-225, -487)))
(((-225, -436.25), (-144.582, -421.172), (-132.515, -469.439), (-137.66, -484.331), (-225, -477.48), (-225, -436.25)))
(((-225, 474.754), (-225, 593.528), (-106.746, 566.879), (-117.609, 491.743), (-167.928, 444.894), (-183.902, 444.894), (-225, 474.754)))
(((-225, -640.875), (-225, -629.28), (-196.543, -610.614), (-98.0272, -612.229), (-129.403, -724.522), (-225, -640.875)))
(((-98.0272, -612.229), (-196.543, -610.614), (-164.149, -547.851), (-133.483, -539.029), (-93.7174, -608.62), (-98.0272, -612.229)))
(((-108.051, -114.497), (-134.465, -156.319), (-154.34, -157.209), (-170.61, -146.091), (-149.489, -96.8079), (-124.438, -97.2896), (-108.051, -114.497)))
(((-119.736, -351.686), (-152.913, -368.81), (-157.954, -365.646), (-172.269, -319.84), (-151.299, -309.693), (-119.303, -334.833), (-119.736, -351.686)))
(((-111.476, -53), (-124.438, -97.2896), (-149.489, -96.8079), (-166.48, -80.2759), (-168.429, -53), (-111.476, -53)))
(((-113.357, -173.5), (-121.753, -202.885), (-153.809, -223.922), (-163.023, -211.787), (-154.34, -157.209), (-134.465, -156.319), (-113.357, -173.5)))
(((-225, 593.528), (-225, 625), (-68.8387, 625), (-95.9177, 575.621), (-106.746, 566.879), (-225, 593.528)))
(((-105.54, -256.064), (-127.105, -290.569), (-142.318, -295.956), (-161.773, -247.317), (-152.763, -232.642), (-109.196, -250.465), (-105.54, -256.064)))
(((-120.23, -409.635), (-135.218, -411.277), (-152.913, -368.81), (-119.736, -351.686), (-97.8719, -368.448), (-120.23, -409.635)))
(((-85.5468, -315.045), (-119.303, -334.833), (-151.299, -309.693), (-142.318, -295.956), (-127.105, -290.569), (-84.7795, -313.243), (-85.5468, -315.045)))
(((-109.196, -250.465), (-152.763, -232.642), (-153.809, -223.922), (-121.753, -202.885), (-96.9, -218.7), (-109.196, -250.465)))
(((-91.4583, -454.385), (-132.515, -469.439), (-144.582, -421.172), (-135.218, -411.277), (-120.23, -409.635), (-112.722, -413.389), (-90.2933, -451.164), (-91.4583, -454.385)))
(((-71.9498, -510.707), (-119.657, -517.522), (-137.66, -484.331), (-132.515, -469.439), (-91.4583, -454.385), (-71.2917, -510.231), (-71.9498, -510.707)))
(((-84.7795, -313.243), (-127.105, -290.569), (-105.54, -256.064), (-83.4607, -263.282), (-79.5948, -268.671), (-80.534, -309.997), (-84.7795, -313.243)))
(((-72.3025, -189.504), (-90.5, -215.5), (-96.9, -218.7), (-121.753, -202.885), (-113.357, -173.5), (-89.2586, -173.5), (-73.9817, -182.187), (-72.3025, -189.504)))
(((-85.4844, -118.774), (-89.2586, -173.5), (-113.357, -173.5), (-134.465, -156.319), (-108.051, -114.497), (-87.4362, -115.785), (-85.4844, -118.774)))
(((-77.6883, -363.505), (-97.8719, -368.448), (-119.736, -351.686), (-119.303, -334.833), (-85.5468, -315.045), (-77.6883, -363.505)))
(((-80.2159, -53), (-73.3735, -96.0096), (-87.4362, -115.785), (-108.051, -114.497), (-124.438, -97.2896), (-111.476, -53), (-80.2159, -53)))
(((-93.7174, -608.62), (-133.483, -539.029), (-119.657, -517.522), (-71.9498, -510.707), (-69.8151, -604.636), (-93.7174, -608.62)))
(((-64.3716, -406.482), (-112.722, -413.389), (-120.23, -409.635), (-97.8719, -368.448), (-77.6883, -363.505), (-68.2339, -367.803), (-57.0625, -390.592), (-64.3716, -406.482)))
(((-83.4607, -263.282), (-105.54, -256.064), (-109.196, -250.465), (-96.9, -218.7), (-90.5, -215.5), (-67.3333, -238.667), (-83.4607, -263.282)))
(((-56.24, -436.975), (-90.2933, -451.164), (-112.722, -413.389), (-64.3716, -406.482), (-56.24, -436.975)))
(((-110.258, -752.94), (-119.956, -745.895), (-129.403, -724.522), (-98.0272, -612.229), (-93.7174, -608.62), (-69.8151, -604.636), (-62.1592, -606.462), (-21.5142, -641.688), (-18.1178, -670.426), (-110.258, -752.94)))
(((-42.2551, -154.748), (-73.9817, -182.187), (-89.2586, -173.5), (-85.4844, -118.774), (-45.4119, -142.346), (-42.2551, -154.748)))
(((-50.2759, -230.138), (-67.3333, -238.667), (-90.5, -215.5), (-72.3025, -189.504), (-50.7775, -208.569), (-50.2759, -230.138)))
(((-157.631, 408.777), (-169.032, 443.866), (-117.609, 491.743), (-45.9443, 489.832), (-40.7887, 416.364), (-157.631, 408.777)))
(((-45.9443, 489.832), (-117.609, 491.743), (-106.746, 566.879), (-95.9177, 575.621), (-17.4748, 511.886), (-45.9443, 489.832)))
(((-51.4188, -505.988), (-71.2917, -510.231), (-91.4583, -454.385), (-90.2933, -451.164), (-56.24, -436.975), (-42.7949, -445.378), (-37.673, -473.548), (-51.4188, -505.988)))
(((-112.128, 291.23), (-147.902, 317.221), (-167, 376), (-156.322, 408.862), (-40.7887, 416.364), (-16.423, 400.722), (-43.9054, 321.446), (-83.9712, 291.397), (-112.128, 291.23)))
(((-105.465, 118.116), (-146.902, 148.221), (-166, 207), (-146.902, 265.779), (-111.869, 291.232), (-83.9712, 291.397), (-17.0666, 232.312), (-14.0561, 220.716), (-87.6754, 126.851), (-105.465, 118.116)))
(((-39.7672, -343.132), (-68.2339, -367.803), (-77.6883, -363.505), (-85.5468, -315.045), (-84.7795, -313.243), (-80.534, -309.997), (-48.9921, -313.151), (-39.7672, -343.132)))
(((-33.2925, -299.104), (-48.9921, -313.151), (-80.534, -309.997), (-79.5948, -268.671), (-35, -271.294), (-31.4696, -275.863), (-33.2925, -299.104)))
(((-35, -271.294), (-79.5948, -268.671), (-83.4607, -263.282), (-67.3333, -238.667), (-50.2759, -230.138), (-35, -242.636), (-35, -271.294)))
(((-44.7414, -53), (-33.1611, -94.9785), (-73.3735, -96.0096), (-80.2159, -53), (-44.7414, -53)))
(((-22.9706, -103.074), (-45.4119, -142.346), (-85.4844, -118.774), (-87.4362, -115.785), (-73.3735, -96.0096), (-33.1611, -94.9785), (-24.0335, -100.416), (-22.9706, -103.074)))
(((-17.0747, -554.747), (-62.1592, -606.462), (-69.8151, -604.636), (-71.9498, -510.707), (-71.2917, -510.231), (-51.4188, -505.988), (-34.215, -516.741), (-17.0747, -554.747)))
(((-68.8387, 625), (28.3386, 625), (36.9017, 618.779), (47.4857, 586.204), (-17.2494, 511.949), (-17.4748, 511.886), (-95.9177, 575.621), (-68.8387, 625)))
(((-13.4046, -195.378), (-50.7775, -208.569), (-72.3025, -189.504), (-73.9817, -182.187), (-42.2551, -154.748), (-23.3996, -163.251), (-13.4046, -195.378)))
(((-15.7316, -427.573), (-42.7949, -445.378), (-56.24, -436.975), (-64.3716, -406.482), (-57.0625, -390.592), (-24.8089, -391.264), (-15.7316, -427.573)))
(((-24.8089, -391.264), (-57.0625, -390.592), (-68.2339, -367.803), (-39.7672, -343.132), (-17.4613, -350.036), (-20.5808, -387.47), (-24.8089, -391.264)))
(((-13.3, -195.45), (-3.86207, -228.483), (-35, -242.636), (-50.2759, -230.138), (-50.7775, -208.569), (-13.4046, -195.378), (-13.3, -195.45)))
(((-44.7414, -53), (-30, -53), (-30, -41.9167), (-7.92484, -46.5157), (-2.29316, -70.1687), (-24.0335, -100.416), (-33.1611, -94.9785), (-44.7414, -53)))
(((-0.691658, -341.465), (-17.4613, -350.036), (-39.7672, -343.132), (-48.9921, -313.151), (-33.2925, -299.104), (-6.82353, -312.338), (-0.691658, -341.465)))
(((-10.7105, -110.039), (0.793617, -148.866), (-23.3996, -163.251), (-42.2551, -154.748), (-45.4119, -142.346), (-22.9706, -103.074), (-10.7105, -110.039)))
(((47.7039, -800), (-77.7039, -800), (-95.9017, -786.779), (-107.654, -750.608), (-18.1178, -670.426), (40.0656, -706.791), (48.2773, -799.583), (47.7039, -800)))
(((-30, 11.3878), (24.93, -5.42754), (19.83, -23.1432), (-7.92484, -46.5157), (-30, -41.9167), (-30, 11.3878)))
(((33.3885, 151.639), (8.72414, 132.207), (-87.6754, 126.851), (-14.0561, 220.716), (41.2272, 176.984), (33.3885, 151.639)))
(((-13.6668, 401.315), (-16.423, 400.722), (-40.7887, 416.364), (-45.9443, 489.832), (-17.4748, 511.886), (-17.2494, 511.949), (26.2731, 451.018), (-13.6668, 401.315)))
(((9.35, -236.41), (-0.580196, -270.173), (-31.4696, -275.863), (-35, -271.294), (-35, -242.636), (-3.86207, -228.483), (9.35, -236.41)))
(((9.21893, -468.189), (-37.673, -473.548), (-42.7949, -445.378), (-15.7316, -427.573), (2.63156, -431.871), (18.4684, -455.061), (9.21893, -468.189)))
(((-97.3534, 53), (-111, 95), (-103.114, 119.27), (-87.6754, 126.851), (8.72414, 132.207), (17.0306, 65.7551), (-59.5, 53), (-97.3534, 53)))
(((-21.5142, -641.688), (-62.1592, -606.462), (-17.0747, -554.747), (0.0902778, -558.361), (14.4044, -615.618), (-21.5142, -641.688)))
(((12.8124, -504.124), (-34.215, -516.741), (-51.4188, -505.988), (-37.673, -473.548), (9.21893, -468.189), (12.8124, -504.124)))
(((18.5441, -291.849), (-6.82353, -312.338), (-33.2925, -299.104), (-31.4696, -275.863), (-0.580196, -270.173), (19.1411, -289.19), (18.5441, -291.849)))
(((22.5542, -400.414), (2.63156, -431.871), (-15.7316, -427.573), (-24.8089, -391.264), (-20.5808, -387.47), (18.2624, -388.549), (22.5542, -400.414)))
(((18.2624, -388.549), (-20.5808, -387.47), (-17.4613, -350.036), (-0.691658, -341.465), (13.7845, -345.562), (25.5604, -370.88), (18.2624, -388.549)))
(((-30, 11.3878), (-30, 53), (-59.5, 53), (17.0306, 65.7551), (27.5894, 60.329), (26.392, -4.33099), (24.93, -5.42754), (-30, 11.3878)))
(((43.1006, -540.806), (0.0902778, -558.361), (-17.0747, -554.747), (-34.215, -516.741), (12.8124, -504.124), (40.5359, -521.99), (41.3054, -523.078), (43.1006, -540.806)))
(((45.8864, 277.638), (-17.0666, 232.312), (-83.9712, 291.397), (-43.9054, 321.446), (22.0025, 315.454), (45.8864, 277.638)))
(((21.1111, -186.847), (-13.3, -195.45), (-13.4046, -195.378), (-23.3996, -163.251), (0.793617, -148.866), (6.30749, -149.479), (23.6035, -163.793), (21.1111, -186.847)))
(((35.1861, -84.062), (22.8196, -108.177), (-10.7105, -110.039), (-22.9706, -103.074), (-24.0335, -100.416), (-2.29316, -70.1687), (33.982, -81.1612), (35.1861, -84.062)))
(((22.0025, 315.454), (-43.9054, 321.446), (-16.423, 400.722), (-13.6668, 401.315), (51.961, 366.384), (22.0025, 315.454)))
(((29.0179, -122.51), (6.30749, -149.479), (0.793617, -148.866), (-10.7105, -110.039), (22.8196, -108.177), (29.0179, -122.51)))
(((44.7883, -216.08), (31.9666, -233.532), (9.35, -236.41), (-3.86207, -228.483), (-13.3, -195.45), (21.1111, -186.847), (44.5102, -207.321), (44.7883, -216.08)))
(((13.7845, -345.562), (-0.691658, -341.465), (-6.82353, -312.338), (18.5441, -291.849), (36.8393, -326), (13.7845, -345.562)))
(((33.982, -81.1612), (-2.29316, -70.1687), (-7.92484, -46.5157), (19.83, -23.1432), (39.7191, -58.7343), (33.982, -81.1612)))
(((49.4188, -272.11), (19.1411, -289.19), (-0.580196, -270.173), (9.35, -236.41), (31.9666, -233.532), (49.4188, -272.11)))
(((63.5506, -606.491), (14.4044, -615.618), (0.0902778, -558.361), (43.1006, -540.806), (79.0703, -578.038), (63.5506, -606.491)))
(((55.6293, -434.881), (38.8185, -454.026), (18.4684, -455.061), (2.63156, -431.871), (22.5542, -400.414), (49.4826, -413.131), (55.6293, -434.881)))
(((50.8172, -153.072), (23.6035, -163.793), (6.30749, -149.479), (29.0179, -122.51), (47.3609, -132.828), (50.8172, -153.072)))
(((47.8516, -468.951), (40.5359, -521.99), (12.8124, -504.124), (9.21893, -468.189), (18.4684, -455.061), (38.8185, -454.026), (47.8516, -468.951)))
(((103.553, 559.024), (65.6491, 454.463), (26.2731, 451.018), (-17.2494, 511.949), (48.2716, 587.106), (64.9017, 587.106), (103.553, 559.024)))
(((81.9219, -669.12), (40.0656, -706.791), (-18.1178, -670.426), (-21.5142, -641.688), (14.4044, -615.618), (63.5506, -606.491), (81.9219, -669.12)))
(((48.8084, 65.2705), (27.5894, 60.329), (17.0306, 65.7551), (8.72414, 132.207), (33.3885, 151.639), (72.078, 103.277), (48.8084, 65.2705)))
(((41.2272, 176.984), (-14.0561, 220.716), (-17.0666, 232.312), (45.8864, 277.638), (75.6751, 270.364), (60.1272, 185.558), (41.2272, 176.984)))
(((75.1981, -171.519), (44.5102, -207.321), (21.1111, -186.847), (23.6035, -163.793), (50.8172, -153.072), (74.6569, -169.76), (75.1981, -171.519)))
(((112.964, 378.319), (51.961, 366.384), (-13.6668, 401.315), (26.2731, 451.018), (65.6491, 454.463), (115.887, 382.555), (112.964, 378.319)))
(((61.0306, -368.151), (25.5604, -370.88), (13.7845, -345.562), (36.8393, -326), (51.25, -326), (63.7632, -359.368), (61.0306, -368.151)))
(((49.5133, -272.143), (70.4132, -308.966), (51.25, -326), (36.8393, -326), (18.5441, -291.849), (19.1411, -289.19), (49.4188, -272.11), (49.5133, -272.143)))
(((71.374, -385.528), (49.4826, -413.131), (22.5542, -400.414), (18.2624, -388.549), (25.5604, -370.88), (61.0306, -368.151), (71.374, -385.528)))
(((72.5899, -109.617), (47.3609, -132.828), (29.0179, -122.51), (22.8196, -108.177), (35.1861, -84.062), (73.0776, -96.6925), (72.5899, -109.617)))
(((79.7527, -46.7242), (39.7191, -58.7343), (19.83, -23.1432), (24.93, -5.42754), (26.392, -4.33099), (52.3173, -5.49182), (81.3151, -43.412), (79.7527, -46.7242)))
(((85.1243, 19.3135), (52.3173, -5.49182), (26.392, -4.33099), (27.5894, 60.329), (48.8084, 65.2705), (90.3124, 34.3838), (85.1243, 19.3135)))
(((114.795, 310.577), (83.1024, 273.35), (75.6751, 270.364), (45.8864, 277.638), (22.0025, 315.454), (51.961, 366.384), (112.964, 378.319), (114.795, 310.577)))
(((91.5056, -491.133), (41.3054, -523.078), (40.5359, -521.99), (47.8516, -468.951), (87.9444, -482.315), (91.5056, -491.133)))
(((84.3006, -86.745), (73.0776, -96.6925), (35.1861, -84.062), (33.982, -81.1612), (39.7191, -58.7343), (79.7527, -46.7242), (84.3006, -86.745)))
(((84.8083, -236.976), (73.4871, -261.128), (49.5133, -272.143), (49.4188, -272.11), (31.9666, -233.532), (44.7883, -216.08), (81.8451, -229.732), (84.8083, -236.976)))
(((93.1339, -445.123), (87.9444, -482.315), (47.8516, -468.951), (38.8185, -454.026), (55.6293, -434.881), (91.0064, -438.49), (93.1339, -445.123)))
(((74.6569, -169.76), (50.8172, -153.072), (47.3609, -132.828), (72.5899, -109.617), (92.8687, -136.068), (74.6569, -169.76)))
(((113.857, -404.214), (91.0064, -438.49), (55.6293, -434.881), (49.4826, -413.131), (71.374, -385.528), (109.705, -395.91), (113.857, -404.214)))
(((98.0161, -342.242), (63.7632, -359.368), (51.25, -326), (70.4132, -308.966), (80.4994, -309.851), (88.3232, -317.04), (98.0161, -342.242)))
(((106.761, -192.359), (81.8451, -229.732), (44.7883, -216.08), (44.5102, -207.321), (75.1981, -171.519), (106.635, -190.381), (106.761, -192.359)))
(((80.4994, -309.851), (70.4132, -308.966), (49.5133, -272.143), (73.4871, -261.128), (101.112, -279.963), (80.4994, -309.851)))
(((117.958, -524.167), (85.3777, -576.296), (79.0703, -578.038), (43.1006, -540.806), (41.3054, -523.078), (91.5056, -491.133), (115.555, -504.939), (117.958, -524.167)))
(((107.63, 105.432), (72.078, 103.277), (33.3885, 151.639), (41.2272, 176.984), (60.1272, 185.558), (90.6117, 179.886), (107.63, 105.432)))
(((117.611, -29.89), (81.3151, -43.412), (52.3173, -5.49182), (85.1243, 19.3135), (117.637, -29.4555), (117.611, -29.89)))
(((127.281, 51.1353), (90.3124, 34.3838), (48.8084, 65.2705), (72.078, 103.277), (107.63, 105.432), (116.604, 101.672), (127.281, 51.1353)))
(((117.974, -359.652), (109.705, -395.91), (71.374, -385.528), (61.0306, -368.151), (63.7632, -359.368), (98.0161, -342.242), (116.448, -353.931), (117.974, -359.652)))
(((112.562, -276.146), (101.112, -279.963), (73.4871, -261.128), (84.8083, -236.976), (113.32, -247.344), (112.562, -276.146)))
(((146.94, -800), (49.0599, -800), (48.2629, -799.421), (40.0656, -706.791), (81.9219, -669.12), (186.552, -682.768), (198, -718), (178.902, -776.779), (146.94, -800)))
(((125.229, 188.319), (90.6117, 179.886), (60.1272, 185.558), (75.6751, 270.364), (83.1024, 273.35), (140.086, 214.691), (125.229, 188.319)))
(((127.684, -106.035), (100.08, -134.894), (92.8687, -136.068), (72.5899, -109.617), (73.0776, -96.6925), (84.3006, -86.745), (110.04, -89.3715), (127.684, -106.035)))
(((130.708, -43.266), (110.04, -89.3715), (84.3006, -86.745), (79.7527, -46.7242), (81.3151, -43.412), (117.611, -29.89), (130.708, -43.266)))
(((127.883, -236.207), (113.32, -247.344), (84.8083, -236.976), (81.8451, -229.732), (106.761, -192.359), (130.166, -224.541), (127.883, -236.207)))
(((133.442, -171.15), (106.635, -190.381), (75.1981, -171.519), (74.6569, -169.76), (92.8687, -136.068), (100.08, -134.894), (132.801, -159.825), (133.442, -171.15)))
(((132.122, -307.086), (88.3232, -317.04), (80.4994, -309.851), (101.112, -279.963), (112.562, -276.146), (134.349, -288.899), (132.122, -307.086)))
(((191.352, -683.394), (81.9219, -669.12), (63.5506, -606.491), (79.0703, -578.038), (85.3777, -576.296), (209.392, -624.13), (210, -626), (191.352, -683.394)))
(((145.924, -477.269), (115.555, -504.939), (91.5056, -491.133), (87.9444, -482.315), (93.1339, -445.123), (144.356, -467.394), (145.924, -477.269)))
(((138.333, -324.167), (116.448, -353.931), (98.0161, -342.242), (88.3232, -317.04), (132.122, -307.086), (138.333, -324.167)))
(((103.22, 558.106), (109.424, 558.106), (179.757, 440.374), (170.043, 404.217), (115.887, 382.555), (65.6491, 454.463), (103.22, 558.106)))
(((158.981, 34.2825), (117.637, -29.4555), (85.1243, 19.3135), (90.3124, 34.3838), (127.281, 51.1353), (158.981, 34.2825)))
(((164.713, 134.288), (116.604, 101.672), (107.63, 105.432), (90.6117, 179.886), (125.229, 188.319), (164.713, 134.288)))
(((144.356, -467.394), (93.1339, -445.123), (91.0064, -438.49), (113.857, -404.214), (123.304, -407.316), (148.561, -450.253), (144.356, -467.394)))
(((150.794, -122.841), (132.801, -159.825), (100.08, -134.894), (127.684, -106.035), (136.762, -107.757), (150.794, -122.841)))
(((150.029, -280.559), (134.349, -288.899), (112.562, -276.146), (113.32, -247.344), (127.883, -236.207), (155.993, -258.694), (150.029, -280.559)))
(((158.67, -68.8081), (136.762, -107.757), (127.684, -106.035), (110.04, -89.3715), (130.708, -43.266), (158.996, -52.2236), (158.67, -68.8081)))
(((189.812, 238.882), (140.086, 214.691), (83.1024, 273.35), (114.795, 310.577), (181.986, 272.909), (189.812, 238.882)))
(((206.543, -623.031), (85.3777, -576.296), (117.958, -524.167), (170.408, -543.239), (215.902, -601.732), (219.197, -610.792), (217.902, -614.779), (206.543, -623.031)))
(((161.377, -212.245), (130.166, -224.541), (106.761, -192.359), (106.635, -190.381), (133.442, -171.15), (150.42, -178.08), (162.688, -209.625), (161.377, -212.245)))
(((168.736, -395.716), (123.304, -407.316), (113.857, -404.214), (109.705, -395.91), (117.974, -359.652), (163.552, -364.367), (179.292, -376.06), (168.736, -395.716)))
(((163.552, -364.367), (117.974, -359.652), (116.448, -353.931), (138.333, -324.167), (154.066, -328.004), (163.552, -364.367)))
(((173.768, -247.164), (155.993, -258.694), (127.883, -236.207), (130.166, -224.541), (161.377, -212.245), (173.768, -247.164)))
(((169.481, 33.7728), (175.023, -43.816), (158.996, -52.2236), (130.708, -43.266), (117.611, -29.89), (117.637, -29.4555), (158.981, 34.2825), (169.481, 33.7728)))
(((170.408, -543.239), (117.958, -524.167), (115.555, -504.939), (145.924, -477.269), (173.304, -488.222), (170.408, -543.239)))
(((183.49, -430.142), (148.561, -450.253), (123.304, -407.316), (168.736, -395.716), (183.49, -430.142)))
(((187.693, -307.644), (182.356, -317.496), (154.066, -328.004), (138.333, -324.167), (132.122, -307.086), (134.349, -288.899), (150.029, -280.559), (183.263, -298.6), (187.693, -307.644)))
(((221.446, 53), (210, 53), (210, 48.765), (169.481, 33.7728), (158.981, 34.2825), (127.281, 51.1353), (116.604, 101.672), (164.713, 134.288), (165.245, 134.222), (252.57, 72.3669), (249.671, 63.4432), (221.446, 53)))
(((181.259, -163.982), (150.42, -178.08), (133.442, -171.15), (132.801, -159.825), (150.794, -122.841), (155.248, -123.302), (184.618, -146.441), (181.259, -163.982)))
(((155.248, -123.302), (150.794, -122.841), (136.762, -107.757), (158.67, -68.8081), (185.66, -98.9724), (155.248, -123.302)))
(((219.695, 219.165), (165.245, 134.222), (164.713, 134.288), (125.229, 188.319), (140.086, 214.691), (189.812, 238.882), (219.695, 219.165)))
(((179.292, -376.06), (163.552, -364.367), (154.066, -328.004), (182.356, -317.496), (195.583, -368.933), (179.292, -376.06)))
(((237.22, 353.835), (181.986, 272.909), (114.795, 310.577), (112.964, 378.319), (115.887, 382.555), (170.043, 404.217), (237.22, 353.835)))
(((208.183, -452.487), (197.885, -481.322), (173.304, -488.222), (145.924, -477.269), (144.356, -467.394), (148.561, -450.253), (183.49, -430.142), (201.58, -438.301), (208.183, -452.487)))
(((195.042, -180.416), (182.656, -205.188), (162.688, -209.625), (150.42, -178.08), (181.259, -163.982), (195.042, -180.416)))
(((196.683, -262), (183.263, -298.6), (150.029, -280.559), (155.993, -258.694), (173.768, -247.164), (182.699, -248.466), (196.683, -262)))
(((182.699, -248.466), (173.768, -247.164), (161.377, -212.245), (162.688, -209.625), (182.656, -205.188), (202.949, -221.069), (182.699, -248.466)))
(((206.231, -90.6218), (200.024, -98.6304), (185.66, -98.9724), (158.67, -68.8081), (158.996, -52.2236), (175.023, -43.816), (207.159, -48.8374), (206.231, -90.6218)))
(((209.938, -133.781), (184.618, -146.441), (155.248, -123.302), (185.66, -98.9724), (200.024, -98.6304), (209.938, -133.781)))
(((215.902, -601.732), (170.408, -543.239), (173.304, -488.222), (197.885, -481.322), (219.373, -504.552), (215.902, -601.732)))
(((107.825, 560.782), (110.098, 567.779), (160.098, 604.106), (221.902, 604.106), (271.902, 567.779), (273.08, 564.151), (261.071, 496.897), (179.757, 440.374), (107.825, 560.782)))
(((210, -47.3077), (207.159, -48.8374), (175.023, -43.816), (169.481, 33.7728), (210, 48.765), (210, -47.3077)))
(((227.082, -401.11), (201.58, -438.301), (183.49, -430.142), (168.736, -395.716), (179.292, -376.06), (195.583, -368.933), (199.462, -369.305), (227.082, -401.11)))
(((213.689, -219.726), (202.949, -221.069), (182.656, -205.188), (195.042, -180.416), (212.508, -182.655), (222.707, -198.683), (213.689, -219.726)))
(((228.883, -346.503), (199.462, -369.305), (195.583, -368.933), (182.356, -317.496), (187.693, -307.644), (215.364, -308.197), (228.883, -346.503)))
(((226.645, -298.4), (215.364, -308.197), (187.693, -307.644), (183.263, -298.6), (196.683, -262), (212.241, -262), (227.169, -276.395), (226.645, -298.4)))
(((226.308, -234.87), (212.241, -262), (196.683, -262), (182.699, -248.466), (202.949, -221.069), (213.689, -219.726), (226.308, -234.87)))
(((235.647, -146.661), (212.508, -182.655), (195.042, -180.416), (181.259, -163.982), (184.618, -146.441), (209.938, -133.781), (234.65, -142.173), (235.647, -146.661)))
(((252.251, 72.5931), (165.245, 134.222), (219.695, 219.165), (293.008, 204.142), (308, 158), (288.902, 99.2215), (252.251, 72.5931)))
(((234.65, -142.173), (209.938, -133.781), (200.024, -98.6304), (206.231, -90.6218), (243.944, -96.9074), (256.191, -117.318), (234.65, -142.173)))
(((210, -47.3077), (210, -53), (251.471, -53), (243.944, -96.9074), (206.231, -90.6218), (207.159, -48.8374), (210, -47.3077)))
(((265.346, -485.691), (219.373, -504.552), (197.885, -481.322), (208.183, -452.487), (249.625, -454.25), (265.346, -485.691)))
(((249.625, -454.25), (208.183, -452.487), (201.58, -438.301), (227.082, -401.11), (246.163, -402.114), (262.7, -428.1), (249.625, -454.25)))
(((258.651, -260.111), (227.169, -276.395), (212.241, -262), (226.308, -234.87), (253.73, -236.979), (258.651, -260.111)))
(((290.969, 204.56), (219.695, 219.165), (189.812, 238.882), (181.986, 272.909), (237.22, 353.835), (302.322, 347.192), (313.902, 338.779), (333, 280), (313.902, 221.221), (290.969, 204.56)))
(((255.067, -196.885), (222.707, -198.683), (212.508, -182.655), (235.647, -146.661), (261.817, -175.285), (255.067, -196.885)))
(((258.762, -384.302), (246.163, -402.114), (227.082, -401.11), (199.462, -369.305), (228.883, -346.503), (257.96, -348.18), (258.762, -384.302)))
(((265.333, -219.373), (253.73, -236.979), (226.308, -234.87), (213.689, -219.726), (222.707, -198.683), (255.067, -196.885), (265.333, -219.373)))
(((257.96, -348.18), (228.883, -346.503), (215.364, -308.197), (226.645, -298.4), (260.518, -306.64), (265.163, -342.248), (257.96, -348.18)))
(((219.311, -611.106), (215.902, -601.732), (219.373, -504.552), (265.346, -485.691), (268.583, -487.336), (250.382, -611.106), (219.311, -611.106)))
(((260.518, -306.64), (226.645, -298.4), (227.169, -276.395), (258.651, -260.111), (282.859, -279.974), (260.518, -306.64)))
(((300.248, 347.403), (237.22, 353.835), (170.043, 404.217), (179.757, 440.374), (261.071, 496.897), (335.497, 388.521), (328.902, 368.221), (300.248, 347.403)))
(((285.774, -53), (284.488, -107.011), (275.032, -115.823), (256.191, -117.318), (243.944, -96.9074), (251.471, -53), (285.774, -53)))
(((293.494, -166.523), (261.817, -175.285), (235.647, -146.661), (234.65, -142.173), (256.191, -117.318), (275.032, -115.823), (296.32, -156.159), (293.494, -166.523)))
(((298.419, -426.699), (262.7, -428.1), (246.163, -402.114), (258.762, -384.302), (287.66, -388.155), (303.108, -415.189), (298.419, -426.699)))
(((304.286, -486.286), (268.583, -487.336), (265.346, -485.691), (249.625, -454.25), (262.7, -428.1), (298.419, -426.699), (310.582, -448.509), (304.286, -486.286)))
(((303.063, -278.531), (282.859, -279.974), (258.651, -260.111), (253.73, -236.979), (265.333, -219.373), (298.833, -220.713), (303.063, -278.531)))
(((249.69, -615.809), (268.583, -487.336), (304.286, -486.286), (305.848, -487.848), (290.207, -616.106), (250.098, -616.106), (249.69, -615.809)))
(((287.66, -388.155), (258.762, -384.302), (257.96, -348.18), (265.163, -342.248), (273.189, -342.811), (305.045, -358.351), (287.66, -388.155)))
(((307.141, -213.819), (298.833, -220.713), (265.333, -219.373), (255.067, -196.885), (261.817, -175.285), (293.494, -166.523), (307.703, -185.172), (307.141, -213.819)))
(((315.067, -300.933), (273.189, -342.811), (265.163, -342.248), (260.518, -306.64), (282.859, -279.974), (303.063, -278.531), (303.335, -278.665), (314.694, -296.301), (315.067, -300.933)))
(((327.924, -329.096), (315.624, -357.582), (305.045, -358.351), (273.189, -342.811), (315.067, -300.933), (327.924, -329.096)))
(((326.732, -399.026), (303.108, -415.189), (287.66, -388.155), (305.045, -358.351), (315.624, -357.582), (328.538, -371.931), (326.732, -399.026)))
(((325.033, -140.114), (296.32, -156.159), (275.032, -115.823), (284.488, -107.011), (315.633, -107.736), (325.033, -140.114)))
(((332.644, -53), (331.867, -93.4114), (315.633, -107.736), (284.488, -107.011), (285.774, -53), (332.644, -53)))
(((352.628, -246.273), (303.335, -278.665), (303.063, -278.531), (298.833, -220.713), (307.141, -213.819), (334.672, -221.001), (352.628, -246.273)))
(((400, -513.254), (400, -586.887), (352.902, -621.106), (291.098, -621.106), (289.719, -620.104), (305.848, -487.848), (400, -513.254)))
(((348.934, -173.927), (307.703, -185.172), (293.494, -166.523), (296.32, -156.159), (325.033, -140.114), (352.938, -147.901), (348.934, -173.927)))
(((356.211, -439.149), (310.582, -448.509), (298.419, -426.699), (303.108, -415.189), (326.732, -399.026), (350.361, -411.853), (356.211, -439.149)))
(((400, 551.426), (400, 416.574), (361.902, 388.894), (335.241, 388.894), (261.071, 496.897), (272.121, 558.779), (300.098, 579.106), (361.902, 579.106), (400, 551.426)))
(((357.857, -189.274), (334.672, -221.001), (307.141, -213.819), (307.703, -185.172), (348.934, -173.927), (357.857, -189.274)))
(((352.938, -147.901), (325.033, -140.114), (315.633, -107.736), (331.867, -93.4114), (380.811, -126.041), (352.938, -147.901)))
(((400, -513.254), (305.848, -487.848), (304.286, -486.286), (310.582, -448.509), (356.211, -439.149), (400, -470.167), (400, -513.254)))
(((366.01, -291.635), (314.694, -296.301), (303.335, -278.665), (352.628, -246.273), (395.709, -256.696), (366.01, -291.635)))
(((397.136, -363.136), (328.538, -371.931), (315.624, -357.582), (327.924, -329.096), (364.947, -330.947), (397.136, -363.136)))
(((364.947, -330.947), (327.924, -329.096), (315.067, -300.933), (314.694, -296.301), (366.01, -291.635), (364.947, -330.947)))
(((400, -367.942), (350.361, -411.853), (326.732, -399.026), (328.538, -371.931), (397.136, -363.136), (400, -364.385), (400, -367.942)))
(((332.644, -53), (400, -53), (400, -121.929), (380.811, -126.041), (331.867, -93.4114), (332.644, -53)))
(((400, -255.578), (395.709, -256.696), (352.628, -246.273), (334.672, -221.001), (357.857, -189.274), (400, -205.557), (400, -255.578)))
(((400, -470.167), (356.211, -439.149), (350.361, -411.853), (400, -367.942), (400, -470.167)))
(((400, -205.557), (357.857, -189.274), (348.934, -173.927), (352.938, -147.901), (380.811, -126.041), (400, -121.929), (400, -205.557)))
(((400, -364.385), (397.136, -363.136), (364.947, -330.947), (366.01, -291.635), (395.709, -256.696), (400, -255.578), (400, -364.385)))
