(((-225, -327.52), (-184.291, -345.432), (-161.799, -404.257), (-165.296, -411.076), (-206.845, -435.028), (-225, -436.931), (-225, -327.52)))
(((-225, -155.846), (-225, -53), (-216.922, -53), (-151.839, -120.183), (-172.929, -143.83), (-225, -155.846)))
(((-225, -580.589), (-225, -436.931), (-206.845, -435.028), (-143.288, -493.695), (-196.552, -566.742), (-223.786, -581.471), (-225, -580.589)))
(((-225, -269.92), (-177.985, -270.86), (-172.992, -273.674), (-142.459, -327.8), (-144.83, -332.634), (-184.291, -345.432), (-225, -327.52), (-225, -269.92)))
(((-225, -155.846), (-172.929, -143.83), (-145.005, -180.572), (-154.97, -195.359), (-225, -198.16), (-225, -155.846)))
(((-225, -198.16), (-154.97, -195.359), (-142.465, -224.317), (-177.985, -270.86), (-225, -269.92), (-225, -198.16)))
(((-161.799, -404.257), (-184.291, -345.432), (-144.83, -332.634), (-132.205, -379.689), (-161.799, -404.257)))
(((-123.146, -53), (-118.579, -68.6579), (-144.037, -119.573), (-151.839, -120.183), (-216.922, -53), (-123.146, -53)))
(((-121.964, -135.76), (-139.848, -178.406), (-145.005, -180.572), (-172.929, -143.83), (-151.839, -120.183), (-144.037, -119.573), (-121.964, -135.76)))
(((-225, 416.113), (-225, 537.887), (-177.902, 572.106), (-136.947, 572.106), (-116.257, 553.064), (-101.966, 429.204), (-164.247, 381.894), (-177.902, 381.894), (-225, 416.113)))
(((-94.6111, -457.889), (-125.125, -490.75), (-143.288, -493.695), (-206.845, -435.028), (-165.296, -411.076), (-95.0949, -456.317), (-94.6111, -457.889)))
(((-92.8887, -558.515), (-196.552, -566.742), (-143.288, -493.695), (-125.125, -490.75), (-91.8235, -557.353), (-92.8887, -558.515)))
(((-103.479, -282.573), (-119.257, -321.033), (-142.459, -327.8), (-172.992, -273.674), (-107.385, -275.013), (-103.479, -282.573)))
(((-107.385, -275.013), (-172.992, -273.674), (-177.985, -270.86), (-142.465, -224.317), (-116.944, -227.507), (-99.3853, -248.791), (-107.385, -275.013)))
(((-225, -602.233), (-225, -583.767), (-224.354, -581.778), (-196.552, -566.742), (-92.8887, -558.515), (-98.6913, -688.106), (-158.902, -688.106), (-208.902, -651.779), (-225, -602.233)))
(((-100.596, -190.451), (-116.944, -227.507), (-142.465, -224.317), (-154.97, -195.359), (-145.005, -180.572), (-139.848, -178.406), (-101.212, -188.848), (-100.596, -190.451)))
(((-82.585, -354.873), (-126.575, -379.425), (-132.205, -379.689), (-144.83, -332.634), (-142.459, -327.8), (-119.257, -321.033), (-81.1817, -350.78), (-82.585, -354.873)))
(((-95.0949, -456.317), (-165.296, -411.076), (-161.799, -404.257), (-132.205, -379.689), (-126.575, -379.425), (-85.3228, -420.677), (-95.0949, -456.317)))
(((-85.1004, -149.042), (-101.212, -188.848), (-139.848, -178.406), (-121.964, -135.76), (-92.2507, -136.784), (-85.1004, -149.042)))
(((-92.2507, -136.784), (-121.964, -135.76), (-144.037, -119.573), (-118.579, -68.6579), (-78.6828, -102.57), (-92.2507, -136.784)))
(((-64.6278, -398.348), (-85.3228, -420.677), (-126.575, -379.425), (-82.585, -354.873), (-64.6278, -398.348)))
(((-81.1817, -350.78), (-119.257, -321.033), (-103.479, -282.573), (-66.9707, -298.885), (-80.0039, -349.834), (-81.1817, -350.78)))
(((-68.7656, -226.517), (-76.83, -240.388), (-99.3853, -248.791), (-116.944, -227.507), (-100.596, -190.451), (-70.1252, -206.121), (-68.7656, -226.517)))
(((-63.7678, -548.426), (-91.8235, -557.353), (-125.125, -490.75), (-94.6111, -457.889), (-62.2986, -472.026), (-63.7678, -548.426)))
(((-45.3375, -53), (-72.4817, -100.207), (-78.6828, -102.57), (-118.579, -68.6579), (-123.146, -53), (-45.3375, -53)))
(((-48.4375, -187.822), (-70.1252, -206.121), (-100.596, -190.451), (-101.212, -188.848), (-85.1004, -149.042), (-66.5133, -155.476), (-48.4375, -187.822)))
(((-66.9707, -298.885), (-103.479, -282.573), (-107.385, -275.013), (-99.3853, -248.791), (-76.83, -240.388), (-55.7662, -259.831), (-63.2985, -297.493), (-66.9707, -298.885)))
(((-40.4303, 429.748), (-101.966, 429.204), (-116.257, 553.064), (-29.957, 531.489), (-40.4303, 429.748)))
(((-116.278, 290.519), (-148.902, 314.221), (-168, 373), (-165.393, 381.024), (-101.966, 429.204), (-40.4303, 429.748), (-28.1716, 422), (-38.0147, 339.564), (-116.278, 290.519)))
(((-98.6075, -686.234), (-92.8887, -558.515), (-91.8235, -557.353), (-63.7678, -548.426), (-41.4188, -554.591), (-5.36885, -595.148), (-38.3242, -691.106), (-91.9017, -691.106), (-98.6075, -686.234)))
(((-26.579, -126.72), (-30.6762, -138.101), (-66.5133, -155.476), (-85.1004, -149.042), (-92.2507, -136.784), (-78.6828, -102.57), (-72.4817, -100.207), (-28.2519, -117.899), (-26.579, -126.72)))
(((-44.3088, -468.25), (-62.2986, -472.026), (-94.6111, -457.889), (-95.0949, -456.317), (-85.3228, -420.677), (-64.6278, -398.348), (-43.5334, -400.199), (-16.4246, -435.178), (-44.3088, -468.25)))
(((-21.4945, -310.482), (-33.0884, -347.748), (-80.0039, -349.834), (-66.9707, -298.885), (-63.2985, -297.493), (-27.5112, -302.998), (-21.4945, -310.482)))
(((-19.0429, -367.231), (-43.5334, -400.199), (-64.6278, -398.348), (-82.585, -354.873), (-81.1817, -350.78), (-80.0039, -349.834), (-33.0884, -347.748), (-19.0429, -367.231)))
(((-30.867, -255.163), (-55.7662, -259.831), (-76.83, -240.388), (-68.7656, -226.517), (-27.5717, -229.459), (-30.867, -255.163)))
(((-27.5717, -229.459), (-68.7656, -226.517), (-70.1252, -206.121), (-48.4375, -187.822), (-35.4379, -189.607), (-24.1268, -225.597), (-27.5717, -229.459)))
(((-27.5112, -302.998), (-63.2985, -297.493), (-55.7662, -259.831), (-30.867, -255.163), (-18.9882, -269.681), (-27.5112, -302.998)))
(((-131.628, 625), (15.7579, 625), (-4.55449, 541.101), (-29.957, 531.489), (-116.257, 553.064), (-137.288, 572.42), (-143, 590), (-131.628, 625)))
(((-14.4382, -174.907), (-35.4379, -189.607), (-48.4375, -187.822), (-66.5133, -155.476), (-30.6762, -138.101), (-14.4382, -174.907)))
(((-45.3375, -53), (-45.2742, -53), (-10.2301, -91.7988), (-28.2519, -117.899), (-72.4817, -100.207), (-45.3375, -53)))
(((-41.4188, -554.591), (-63.7678, -548.426), (-62.2986, -472.026), (-44.3088, -468.25), (-2.51341, -505.646), (-41.4188, -554.591)))
(((-92.5755, 232.446), (-101.902, 239.221), (-118.182, 289.326), (-38.0147, 339.564), (11.0938, 324.905), (12.389, 240.714), (6.50814, 233.208), (-92.5755, 232.446)))
(((-73.839, 89.5593), (-100.902, 109.221), (-120, 168), (-100.902, 226.779), (-93.1073, 232.441), (6.50814, 233.208), (25.8502, 198.822), (2.2731, 125.845), (-73.839, 89.5593)))
(((11.794, -405.845), (-7.77349, -433.892), (-16.4246, -435.178), (-43.5334, -400.199), (-19.0429, -367.231), (-3.2316, -369.45), (11.8654, -405.305), (11.794, -405.845)))
(((11.6761, -197.919), (-3.85994, -224.675), (-24.1268, -225.597), (-35.4379, -189.607), (-14.4382, -174.907), (0.183938, -176.502), (11.6761, -197.919)))
(((16.3302, -260.387), (-18.9882, -269.681), (-30.867, -255.163), (-27.5717, -229.459), (-24.1268, -225.597), (-3.85994, -224.675), (20.768, -252.145), (16.3302, -260.387)))
(((-45.2742, -53), (-30, -53), (-30, -38.6341), (11.8701, -43.7403), (23.2456, -66.4912), (6.99733, -88.4742), (-10.2301, -91.7988), (-45.2742, -53)))
(((-3.2316, -369.45), (-19.0429, -367.231), (-33.0884, -347.748), (-21.4945, -310.482), (2.14019, -313.061), (13.2268, -357.407), (-3.2316, -369.45)))
(((14.9232, -160.869), (0.183938, -176.502), (-14.4382, -174.907), (-30.6762, -138.101), (-26.579, -126.72), (9.73463, -136.737), (17.0636, -148.83), (14.9232, -160.869)))
(((-30, 23.8261), (20.3923, -22.1842), (11.8701, -43.7403), (-30, -38.6341), (-30, 23.8261)))
(((38.6562, -476.969), (13.2832, -504.501), (-2.51341, -505.646), (-44.3088, -468.25), (-16.4246, -435.178), (-7.77349, -433.892), (37.9368, -467.136), (38.6562, -476.969)))
(((41.1345, 345.387), (11.0938, 324.905), (-38.0147, 339.564), (-28.1716, 422), (19.7279, 422), (41.1345, 345.387)))
(((80.4802, 465.486), (19.7279, 422), (-28.1716, 422), (-40.4303, 429.748), (-29.957, 531.489), (-4.55449, 541.101), (49.235, 508.705), (81.4111, 474.466), (80.4802, 465.486)))
(((26.2415, -302.014), (2.14019, -313.061), (-21.4945, -310.482), (-27.5112, -302.998), (-18.9882, -269.681), (16.3302, -260.387), (26.2415, -302.014)))
(((26.099, -582.56), (-5.36885, -595.148), (-41.4188, -554.591), (-2.51341, -505.646), (13.2832, -504.501), (35.7185, -551.411), (26.099, -582.56)))
(((19.991, -108.247), (9.73463, -136.737), (-26.579, -126.72), (-28.2519, -117.899), (-10.2301, -91.7988), (6.99733, -88.4742), (19.991, -108.247)))
(((-30, 23.8261), (-30, 44.45), (30.0194, 41.449), (33.6542, -14.8902), (20.3923, -22.1842), (-30, 23.8261)))
(((40.1936, -243.871), (20.768, -252.145), (-3.85994, -224.675), (11.6761, -197.919), (32.2735, -203.068), (38.6376, -212.753), (40.1936, -243.871)))
(((-30, 44.45), (-30, 53), (-69.5773, 53), (-79, 82), (-77.0396, 88.0334), (2.2731, 125.845), (55.5336, 106.18), (69.7741, 79.1593), (38.7317, 44.4648), (30.0194, 41.449), (-30, 44.45)))
(((34.6789, -356.513), (13.2268, -357.407), (2.14019, -313.061), (26.2415, -302.014), (32.1282, -304.044), (42.4396, -336.853), (34.6789, -356.513)))
(((51.1346, -379.695), (11.8654, -405.305), (-3.2316, -369.45), (13.2268, -357.407), (34.6789, -356.513), (51.7384, -375.124), (51.1346, -379.695)))
(((56.4706, -131.941), (17.0636, -148.83), (9.73463, -136.737), (19.991, -108.247), (49.1852, -117.37), (56.4706, -131.941)))
(((37.9368, -467.136), (-7.77349, -433.892), (11.794, -405.845), (47.1251, -421.207), (43.8559, -459.347), (37.9368, -467.136)))
(((50.7522, -175.894), (32.2735, -203.068), (11.6761, -197.919), (0.183938, -176.502), (14.9232, -160.869), (50.372, -175.049), (50.7522, -175.894)))
(((49.1852, -117.37), (19.991, -108.247), (6.99733, -88.4742), (23.2456, -66.4912), (63.739, -67.8876), (49.1852, -117.37)))
(((71.8352, -722.974), (68.9017, -725.106), (7.0983, -725.106), (-38.5986, -691.905), (-5.36885, -595.148), (26.099, -582.56), (80.3718, -607.73), (71.8352, -722.974)))
(((62.4207, -406.499), (47.1251, -421.207), (11.794, -405.845), (11.8654, -405.305), (51.1346, -379.695), (62.4207, -406.499)))
(((59.9159, -134.146), (50.372, -175.049), (14.9232, -160.869), (17.0636, -148.83), (56.4706, -131.941), (59.9159, -134.146)))
(((63.739, -67.8876), (23.2456, -66.4912), (11.8701, -43.7403), (20.3923, -22.1842), (33.6542, -14.8902), (46.062, -17.549), (65.6042, -54.0278), (64.1394, -67.6991), (63.739, -67.8876)))
(((69.6503, -262.602), (52.7122, -297.475), (32.1282, -304.044), (26.2415, -302.014), (16.3302, -260.387), (20.768, -252.145), (40.1936, -243.871), (63.2273, -250.864), (69.6503, -262.602)))
(((73.8513, 266.256), (12.389, 240.714), (11.0938, 324.905), (41.1345, 345.387), (87.1853, 332.926), (73.8513, 266.256)))
(((81.9035, 156.891), (55.5336, 106.18), (2.2731, 125.845), (25.8502, 198.822), (80.0821, 176.406), (81.9035, 156.891)))
(((98.493, -519.294), (35.7185, -551.411), (13.2832, -504.501), (38.6562, -476.969), (96.708, -510.924), (99.1131, -516.43), (98.493, -519.294)))
(((75.7449, 3.339), (46.062, -17.549), (33.6542, -14.8902), (30.0194, 41.449), (38.7317, 44.4648), (75.7449, 3.339)))
(((83.6312, 625), (85.063, 616.189), (49.235, 508.705), (-4.55449, 541.101), (15.7579, 625), (83.6312, 625)))
(((75.6102, -203.95), (38.6376, -212.753), (32.2735, -203.068), (50.7522, -175.894), (78.2021, -187.658), (75.6102, -203.95)))
(((78.3457, -332.71), (42.4396, -336.853), (32.1282, -304.044), (52.7122, -297.475), (83.0215, -317.681), (78.3457, -332.71)))
(((82.9913, -224.512), (63.2273, -250.864), (40.1936, -243.871), (38.6376, -212.753), (75.6102, -203.95), (82.9913, -224.512)))
(((86.2707, -360.447), (51.7384, -375.124), (34.6789, -356.513), (42.4396, -336.853), (78.3457, -332.71), (86.2707, -360.447)))
(((93.9938, -437.86), (43.8559, -459.347), (47.1251, -421.207), (62.4207, -406.499), (96.7146, -417.114), (93.9938, -437.86)))
(((96.8762, -12.3317), (65.6042, -54.0278), (46.062, -17.549), (75.7449, 3.339), (89.5116, 0.534682), (97.6317, -9.36793), (96.8762, -12.3317)))
(((135.112, 398.247), (98.0281, 338.074), (87.1853, 332.926), (41.1345, 345.387), (19.7279, 422), (80.4802, 465.486), (135.112, 398.247)))
(((88.5777, -144.063), (86.5321, -181.906), (78.2021, -187.658), (50.7522, -175.894), (50.372, -175.049), (59.9159, -134.146), (79.0905, -134.819), (88.5777, -144.063)))
(((117.348, -583.573), (80.3718, -607.73), (26.099, -582.56), (35.7185, -551.411), (98.493, -519.294), (117.348, -583.573)))
(((103.209, -86.5821), (79.0905, -134.819), (59.9159, -134.146), (56.4706, -131.941), (49.1852, -117.37), (63.739, -67.8876), (64.1394, -67.6991), (103.151, -82.8003), (103.209, -86.5821)))
(((120.248, 202.396), (80.0821, 176.406), (25.8502, 198.822), (6.50814, 233.208), (12.389, 240.714), (73.8513, 266.256), (116.623, 240.457), (120.248, 202.396)))
(((96.7146, -417.114), (62.4207, -406.499), (51.1346, -379.695), (51.7384, -375.124), (86.2707, -360.447), (94.4727, -364.391), (105.536, -408.645), (96.7146, -417.114)))
(((109.188, -282.584), (99.3841, -308.384), (83.0215, -317.681), (52.7122, -297.475), (69.6503, -262.602), (105.51, -276.635), (109.188, -282.584)))
(((111.7, 67.1), (89.5116, 0.534682), (75.7449, 3.339), (38.7317, 44.4648), (69.7741, 79.1593), (109.565, 71.6432), (111.7, 67.1)))
(((96.708, -510.924), (38.6562, -476.969), (37.9368, -467.136), (43.8559, -459.347), (93.9938, -437.86), (109.296, -463.93), (96.708, -510.924)))
(((81.4111, 474.466), (49.235, 508.705), (85.063, 616.189), (130.861, 516.629), (81.4111, 474.466)))
(((105.51, -276.635), (69.6503, -262.602), (63.2273, -250.864), (82.9913, -224.512), (100.235, -225.773), (116.978, -241.276), (105.51, -276.635)))
(((103.151, -82.8003), (64.1394, -67.6991), (65.6042, -54.0278), (96.8762, -12.3317), (117.932, -72.8657), (103.151, -82.8003)))
(((109.565, 71.6432), (69.7741, 79.1593), (55.5336, 106.18), (81.9035, 156.891), (140.901, 112.196), (109.565, 71.6432)))
(((100.235, -225.773), (82.9913, -224.512), (75.6102, -203.95), (78.2021, -187.658), (86.5321, -181.906), (123.452, -189.29), (100.235, -225.773)))
(((115.897, -354.463), (94.4727, -364.391), (86.2707, -360.447), (78.3457, -332.71), (83.0215, -317.681), (99.3841, -308.384), (125.573, -334.573), (115.897, -354.463)))
(((123.452, -189.29), (86.5321, -181.906), (88.5777, -144.063), (113.756, -144.677), (129.453, -162.885), (130.498, -187.463), (123.452, -189.29)))
(((126.574, -122.245), (113.756, -144.677), (88.5777, -144.063), (79.0905, -134.819), (103.209, -86.5821), (126.574, -122.245)))
(((164.944, 280.871), (116.623, 240.457), (73.8513, 266.256), (87.1853, 332.926), (98.0281, 338.074), (164.825, 281.442), (164.944, 280.871)))
(((146.387, -1.93548), (135.819, -8.66076), (97.6317, -9.36793), (89.5116, 0.534682), (111.7, 67.1), (152.809, 32.3154), (146.387, -1.93548)))
(((117.932, -72.8657), (96.8762, -12.3317), (97.6317, -9.36793), (135.819, -8.66076), (134.054, -68.6598), (117.932, -72.8657)))
(((72.0942, -719.478), (80.3718, -607.73), (117.348, -583.573), (210.038, -608.417), (219, -636), (199.902, -694.779), (149.902, -731.106), (88.0983, -731.106), (72.0942, -719.478)))
(((141.113, -233.85), (116.978, -241.276), (100.235, -225.773), (123.452, -189.29), (130.498, -187.463), (147.444, -197.449), (141.113, -233.85)))
(((166.328, 124.606), (140.901, 112.196), (81.9035, 156.891), (80.0821, 176.406), (120.248, 202.396), (149.815, 186.834), (169.966, 135.414), (166.328, 124.606)))
(((141.973, -406.256), (105.536, -408.645), (94.4727, -364.391), (115.897, -354.463), (156.749, -386.434), (141.973, -406.256)))
(((159.868, -451.889), (109.296, -463.93), (93.9938, -437.86), (96.7146, -417.114), (105.536, -408.645), (141.973, -406.256), (159.868, -451.889)))
(((144.959, -286.14), (157.567, -325.644), (125.573, -334.573), (99.3841, -308.384), (109.188, -282.584), (144.643, -285.929), (144.959, -286.14)))
(((147.734, -241.111), (144.643, -285.929), (109.188, -282.584), (105.51, -276.635), (116.978, -241.276), (141.113, -233.85), (147.734, -241.111)))
(((183.88, 625), (180.062, 529.554), (130.861, 516.629), (85.063, 616.189), (83.6313, 625), (183.88, 625)))
(((163.124, -505.581), (99.1131, -516.43), (96.708, -510.924), (109.296, -463.93), (159.868, -451.889), (172.353, -460.145), (163.124, -505.581)))
(((156.431, -141.771), (129.453, -162.885), (113.756, -144.677), (126.574, -122.245), (143.022, -122.715), (156.431, -141.771)))
(((160.16, -94.8653), (143.022, -122.715), (126.574, -122.245), (103.209, -86.5821), (103.151, -82.8003), (117.932, -72.8657), (134.054, -68.6598), (150.375, -72.5), (160.16, -94.8653)))
(((162.961, -382.843), (156.749, -386.434), (115.897, -354.463), (125.573, -334.573), (157.567, -325.644), (158.493, -326.203), (170.854, -361.91), (162.961, -382.843)))
(((210.93, -608.656), (117.348, -583.573), (98.493, -519.294), (99.1131, -516.43), (163.124, -505.581), (224.11, -577.172), (227.3, -593.476), (225.902, -597.779), (210.93, -608.656)))
(((167.247, -61.0128), (150.375, -72.5), (134.054, -68.6598), (135.819, -8.66076), (146.387, -1.93548), (176.876, -22.4975), (167.247, -61.0128)))
(((169.646, -192.939), (147.444, -197.449), (130.498, -187.463), (129.453, -162.885), (156.431, -141.771), (161.269, -142.808), (176.354, -188.061), (169.646, -192.939)))
(((202.519, 364.08), (164.825, 281.442), (98.0281, 338.074), (135.112, 398.247), (161.655, 396.221), (202.519, 364.08)))
(((212.389, 232.101), (149.815, 186.834), (120.248, 202.396), (116.623, 240.457), (164.944, 280.871), (204.22, 254.687), (212.389, 232.101)))
(((188.217, -270.519), (144.959, -286.14), (144.643, -285.929), (147.734, -241.111), (187.723, -247.17), (198.161, -255.122), (188.217, -270.519)))
(((219, 53), (210, 53), (210, 50.1875), (152.809, 32.3154), (111.7, 67.1), (109.565, 71.6432), (140.901, 112.196), (166.328, 124.606), (224.554, 54.7355), (219, 53)))
(((196.277, -123.712), (161.269, -142.808), (156.431, -141.771), (143.022, -122.715), (160.16, -94.8653), (195.828, -116.073), (196.277, -123.712)))
(((230.969, 495.241), (161.655, 396.221), (135.112, 398.247), (80.4802, 465.486), (81.4111, 474.466), (130.861, 516.629), (180.062, 529.554), (226.008, 501.745), (230.969, 495.241)))
(((187.723, -247.17), (147.734, -241.111), (141.113, -233.85), (147.444, -197.449), (169.646, -192.939), (187.723, -247.17)))
(((194.015, -311.106), (158.493, -326.203), (157.567, -325.644), (144.959, -286.14), (188.217, -270.519), (194.015, -311.106)))
(((186.124, -455.922), (172.353, -460.145), (159.868, -451.889), (141.973, -406.256), (156.749, -386.434), (162.961, -382.843), (208.364, -409.42), (186.124, -455.922)))
(((210.117, -142.415), (192.371, -184.807), (176.354, -188.061), (161.269, -142.808), (196.277, -123.712), (210.117, -142.415)))
(((210, -15.6226), (176.876, -22.4975), (146.387, -1.93548), (152.809, 32.3154), (210, 50.1875), (210, -15.6226)))
(((195.828, -116.073), (160.16, -94.8653), (150.375, -72.5), (167.247, -61.0128), (202.667, -68.6713), (205.991, -101.907), (195.828, -116.073)))
(((208.309, -353.688), (170.854, -361.91), (158.493, -326.203), (194.015, -311.106), (194.755, -311.402), (213.753, -339.399), (208.309, -353.688)))
(((210, -15.6226), (210, -53), (218.828, -53), (202.667, -68.6713), (167.247, -61.0128), (176.876, -22.4975), (210, -15.6226)))
(((201.514, -254.387), (198.161, -255.122), (187.723, -247.17), (169.646, -192.939), (176.354, -188.061), (192.371, -184.807), (209.792, -196.169), (218.036, -243.277), (201.514, -254.387)))
(((279.527, 182.369), (169.966, 135.414), (149.815, 186.834), (212.389, 232.101), (279.527, 182.369)))
(((224.11, -577.172), (163.124, -505.581), (172.353, -460.145), (186.124, -455.922), (245.689, -481.771), (224.11, -577.172)))
(((225.074, -403.585), (208.364, -409.42), (162.961, -382.843), (170.854, -361.91), (208.309, -353.688), (229.814, -382.075), (225.074, -403.585)))
(((201.514, -254.387), (229.885, -297.89), (194.755, -311.402), (194.015, -311.106), (188.217, -270.519), (198.161, -255.122), (201.514, -254.387)))
(((254.427, 308.568), (204.22, 254.687), (164.944, 280.871), (164.825, 281.442), (202.519, 364.08), (220.934, 361.999), (254.427, 308.568)))
(((245.523, -326.691), (213.753, -339.399), (194.755, -311.402), (229.885, -297.89), (242.549, -301.906), (245.523, -326.691)))
(((229.5, 53), (224.554, 54.7355), (166.328, 124.606), (169.966, 135.414), (279.527, 182.369), (302.441, 177.118), (321, 120), (301.902, 61.2215), (290.586, 53), (229.5, 53)))
(((245.689, -481.771), (186.124, -455.922), (208.364, -409.42), (225.074, -403.585), (226.81, -404.869), (256.643, -472.49), (245.689, -481.771)))
(((247.971, -186.379), (209.792, -196.169), (192.371, -184.807), (210.117, -142.415), (232.683, -145.287), (250.111, -184.5), (247.971, -186.379)))
(((300.22, 420.649), (220.934, 361.999), (202.519, 364.08), (161.655, 396.221), (230.969, 495.241), (264.94, 480.314), (300.22, 420.649)))
(((218.828, -53), (257.245, -53), (248.526, -95.0092), (205.991, -101.907), (202.667, -68.6713), (218.828, -53)))
(((256.032, -127.925), (232.683, -145.287), (210.117, -142.415), (196.277, -123.712), (195.828, -116.073), (205.991, -101.907), (248.526, -95.0092), (260.67, -116.961), (256.032, -127.925)))
(((242.549, -301.906), (229.885, -297.89), (201.514, -254.387), (218.036, -243.277), (234.871, -243.536), (263.121, -280.157), (242.549, -301.906)))
(((286.378, 625), (226.008, 501.745), (180.062, 529.554), (183.88, 625), (286.378, 625)))
(((248.099, -328.953), (251.478, -367.252), (229.814, -382.075), (208.309, -353.688), (213.753, -339.399), (245.523, -326.691), (248.099, -328.953)))
(((234.871, -243.536), (218.036, -243.277), (209.792, -196.169), (247.971, -186.379), (244.217, -235.174), (234.871, -243.536)))
(((297.712, 178.201), (279.527, 182.369), (212.389, 232.101), (204.22, 254.687), (254.427, 308.568), (347.938, 282.656), (354, 264), (334.902, 205.221), (297.712, 178.201)))
(((287.854, -438.36), (265.63, -469.701), (256.643, -472.49), (226.81, -404.869), (283.977, -409.769), (287.854, -438.36)))
(((283.977, -409.769), (226.81, -404.869), (225.074, -403.585), (229.814, -382.075), (251.478, -367.252), (279.824, -372.783), (293.603, -389.804), (283.977, -409.769)))
(((285.877, -225.916), (244.217, -235.174), (247.971, -186.379), (250.111, -184.5), (251.591, -184.5), (286.731, -210.269), (285.877, -225.916)))
(((280.461, -160.976), (251.591, -184.5), (250.111, -184.5), (232.683, -145.287), (256.032, -127.925), (280.461, -160.976)))
(((287.435, -335.817), (279.824, -372.783), (251.478, -367.252), (248.099, -328.953), (283.486, -330.815), (287.435, -335.817)))
(((287, -227.515), (287, -262.833), (266.336, -280.054), (263.121, -280.157), (234.871, -243.536), (244.217, -235.174), (285.877, -225.916), (287, -227.515)))
(((283.486, -330.815), (248.099, -328.953), (245.523, -326.691), (242.549, -301.906), (263.121, -280.157), (266.336, -280.054), (289.276, -304.759), (283.486, -330.815)))
(((321.929, -53), (304.972, -112.347), (260.67, -116.961), (248.526, -95.0092), (257.245, -53), (321.929, -53)))
(((349.605, 282.194), (254.427, 308.568), (220.934, 361.999), (300.22, 420.649), (361.714, 394.046), (377, 347), (357.902, 288.221), (349.605, 282.194)))
(((286.731, -210.269), (251.591, -184.5), (280.461, -160.976), (286.305, -161.109), (302.833, -194.167), (286.731, -210.269)))
(((342.328, 625), (361.902, 610.779), (373.017, 576.57), (264.94, 480.314), (230.969, 495.241), (226.008, 501.745), (286.378, 625), (342.328, 625)))
(((317.276, -136.133), (286.305, -161.109), (280.461, -160.976), (256.032, -127.925), (260.67, -116.961), (304.972, -112.347), (317.276, -136.133)))
(((375.853, -533.997), (363.902, -570.779), (313.902, -607.106), (252.098, -607.106), (226.299, -588.361), (224.11, -577.172), (245.689, -481.771), (256.643, -472.49), (265.63, -469.701), (375.853, -533.997)))
(((325.333, -288.333), (320.833, -297.333), (289.276, -304.759), (266.336, -280.054), (287, -262.833), (322.062, -272.573), (325.333, -288.333)))
(((344.164, -378.2), (293.603, -389.804), (279.824, -372.783), (287.435, -335.817), (331.649, -340.597), (355.483, -362.909), (344.164, -378.2)))
(((331.649, -340.597), (287.435, -335.817), (283.486, -330.815), (289.276, -304.759), (320.833, -297.333), (331.649, -340.597)))
(((338.482, -244.33), (322.062, -272.573), (287, -262.833), (287, -227.515), (334.754, -237.645), (338.482, -244.33)))
(((339.109, -188.646), (302.833, -194.167), (286.305, -161.109), (317.276, -136.133), (364.854, -161.872), (339.109, -188.646)))
(((376.19, -534.194), (265.63, -469.701), (287.854, -438.36), (348.31, -443.505), (396.913, -507.356), (391.902, -522.779), (376.19, -534.194)))
(((334.754, -237.645), (287, -227.515), (285.877, -225.916), (286.731, -210.269), (302.833, -194.167), (339.109, -188.646), (334.754, -237.645)))
(((348.31, -443.505), (287.854, -438.36), (283.977, -409.769), (293.603, -389.804), (344.164, -378.2), (348.31, -443.505)))
(((400, 560.511), (400, 415.489), (368.902, 392.894), (364.375, 392.894), (300.22, 420.649), (264.94, 480.314), (375.21, 578.523), (400, 560.511)))
(((321.929, -53), (400, -53), (400, -155.856), (364.854, -161.872), (317.276, -136.133), (304.972, -112.347), (321.929, -53)))
(((400, -326.544), (400, -348.784), (355.483, -362.909), (331.649, -340.597), (320.833, -297.333), (325.333, -288.333), (361.21, -293.459), (400, -326.544)))
(((361.21, -293.459), (325.333, -288.333), (322.062, -272.573), (338.482, -244.33), (363.086, -248.431), (361.21, -293.459)))
(((400, -238.364), (363.086, -248.431), (338.482, -244.33), (334.754, -237.645), (339.109, -188.646), (364.854, -161.872), (400, -155.856), (400, -238.364)))
(((400, -326.544), (361.21, -293.459), (363.086, -248.431), (400, -238.364), (400, -326.544)))
(((400, -348.784), (400, -508.106), (397.483, -508.106), (348.31, -443.505), (344.164, -378.2), (355.483, -362.909), (400, -348.784)))
