(((-225, -141.311), (-225, -116.689), (-212.495, -78.2021), (-96.4853, -124.606), (-94.248, -140.764), (-192.723, -200.26), (-209.902, -187.779), (-225, -141.311)))
(((-173.822, 625), (-62.178, 625), (-50.5392, 616.544), (-73.5603, 495.683), (-170.938, 468.905), (-198.902, 489.221), (-218, 548), (-198.902, 606.779), (-173.822, 625)))
(((-202.054, -53), (-109.069, -53), (-85.2808, -96.3278), (-96.4853, -124.606), (-210.501, -78.9994), (-202.054, -53)))
(((-172.512, -241.874), (-180.902, -235.779), (-192.488, -200.118), (-94.248, -140.764), (-63.6998, -160.058), (-62.4078, -162.916), (-147.132, -239.938), (-172.512, -241.874)))
(((-143.225, -430.973), (-177.902, -405.779), (-197, -347), (-185.135, -310.484), (-82.5457, -322.322), (-67.6873, -380.27), (-143.225, -430.973)))
(((-186.001, -310.384), (-191, -295), (-173.769, -241.97), (-147.132, -239.938), (-113.863, -243.75), (-59.0306, -269.12), (-50.2608, -296.955), (-82.5457, -322.322), (-186.001, -310.384)))
(((-112.842, 332.894), (-115.902, 332.894), (-165.902, 369.221), (-185, 428), (-171.785, 468.672), (-73.5603, 495.683), (-12.6264, 451.811), (-26.3104, 402.71), (-112.842, 332.894)))
(((-41.8748, -194.103), (-113.863, -243.75), (-147.132, -239.938), (-62.4078, -162.916), (-39.4981, -184.993), (-41.8748, -194.103)))
(((-39.6636, -53), (-28.9973, -71.3327), (-36.5516, -94.3388), (-85.2808, -96.3278), (-109.069, -53), (-39.6636, -53)))
(((-30.5082, -108.888), (-63.6998, -160.058), (-94.248, -140.764), (-96.4853, -124.606), (-85.2808, -96.3278), (-36.5516, -94.3388), (-30.5082, -108.888)))
(((-31.0336, -242.396), (-59.0306, -269.12), (-113.863, -243.75), (-41.8748, -194.103), (-31.0336, -242.396)))
(((-17.4357, -374.215), (-67.6873, -380.27), (-82.5457, -322.322), (-50.2608, -296.955), (-34.9858, -306.355), (-17.4357, -374.215)))
(((-13, -512.128), (-17.0983, -515.106), (-78.9017, -515.106), (-128.902, -478.779), (-144.218, -431.64), (-67.6873, -380.27), (-17.4357, -374.215), (-13, -376.388), (-13, -512.128)))
(((-86.2981, 100.534), (-118.902, 124.221), (-138, 183), (-120.295, 237.491), (-5.70985, 226.281), (1.60565, 182.951), (-30.1677, 126.88), (-86.2981, 100.534)))
(((-116.698, 237.139), (-129, 275), (-111.678, 328.31), (30.6507, 295.465), (33.8206, 260.308), (-5.70985, 226.281), (-116.698, 237.139)))
(((-16.7226, -180.001), (-39.4981, -184.993), (-62.4078, -162.916), (-63.6998, -160.058), (-30.5082, -108.888), (-16.1555, -116.768), (-2.91551, -151.759), (-16.7226, -180.001)))
(((19.6519, -286.685), (-34.9858, -306.355), (-50.2608, -296.955), (-59.0306, -269.12), (-31.0336, -242.396), (2.38285, -246.649), (21.7325, -277.139), (19.6519, -286.685)))
(((-110.082, 327.942), (-111.93, 333.63), (-26.3104, 402.71), (48.9177, 331.661), (30.6507, 295.465), (-110.082, 327.942)))
(((-50.1548, 618.563), (-46.7077, 621.067), (46.5854, 482.855), (46.2883, 473.794), (-12.6264, 451.811), (-73.5603, 495.683), (-50.1548, 618.563)))
(((2.38285, -246.649), (-31.0336, -242.396), (-41.8748, -194.103), (-39.4981, -184.993), (-16.7226, -180.001), (23.7226, -202.999), (2.38285, -246.649)))
(((-39.6636, -53), (-30, -53), (-30, -7.41667), (15.0118, -20.5451), (26.1288, -44.9169), (13.2834, -61.937), (-28.9973, -71.3327), (-39.6636, -53)))
(((30.5473, -306.495), (6.74343, -371.956), (-13, -376.388), (-17.4357, -374.215), (-34.9858, -306.355), (19.6519, -286.685), (30.5473, -306.495)))
(((28.3125, -105.951), (-16.1555, -116.768), (-30.5082, -108.888), (-36.5516, -94.3388), (-28.9973, -71.3327), (13.2834, -61.937), (28.3125, -105.951)))
(((-30, 49.3355), (37.754, 44.878), (40.8752, 30.0062), (15.0118, -20.5451), (-30, -7.41667), (-30, 49.3355)))
(((-30, 49.3355), (-30, 53), (-81.6026, 53), (-92, 85), (-87.0707, 100.171), (-30.1677, 126.88), (32.4322, 113.187), (43.1881, 51.8779), (37.754, 44.878), (-30, 49.3355)))
(((28.3182, -105.955), (30.2887, -144.38), (-2.91551, -151.759), (-16.1555, -116.768), (28.3125, -105.951), (28.3182, -105.955)))
(((40.4198, -199.34), (23.7226, -202.999), (-16.7226, -180.001), (-2.91551, -151.759), (30.2887, -144.38), (44.5, -155.974), (44.5, -194.788), (40.4198, -199.34)))
(((48.3633, -515.106), (-8.9017, -515.106), (-13, -512.128), (-13, -376.388), (6.74343, -371.956), (56.7392, -385.369), (65.5811, -393.016), (48.3633, -515.106)))
(((56.7669, 132.564), (32.4322, 113.187), (-30.1677, 126.88), (1.60565, 182.951), (53.906, 164.034), (56.7669, 132.564)))
(((-38.4567, 625), (59.7692, 625), (80.2208, 571.826), (46.5854, 482.855), (-45.774, 619.684), (-38.4567, 625)))
(((67.4365, -253.373), (21.7325, -277.139), (2.38285, -246.649), (23.7226, -202.999), (40.4198, -199.34), (67.4365, -253.373)))
(((110.279, 363.478), (48.9177, 331.661), (-26.3104, 402.71), (-12.6264, 451.811), (46.2883, 473.794), (102.292, 442.777), (110.279, 363.478)))
(((91.3564, 208.792), (53.906, 164.034), (1.60565, 182.951), (-5.70985, 226.281), (33.8206, 260.308), (83.6511, 230.409), (91.3564, 208.792)))
(((78.87, -68.8903), (63.4646, -100.934), (28.3182, -105.955), (28.3125, -105.951), (13.2834, -61.937), (26.1288, -44.9169), (66.9631, -47.3917), (78.87, -68.8903)))
(((56.7392, -385.369), (6.74343, -371.956), (30.5473, -306.495), (69.3495, -319.165), (56.7392, -385.369)))
(((66.9631, -47.3917), (26.1288, -44.9169), (15.0118, -20.5451), (40.8752, 30.0062), (84.2451, -12.2516), (66.9631, -47.3917)))
(((71.3056, -140.455), (44.5, -155.974), (30.2887, -144.38), (28.3182, -105.955), (63.4646, -100.934), (77.0129, -126.337), (71.3056, -140.455)))
(((108.601, -301.261), (69.3495, -319.165), (30.5473, -306.495), (19.6519, -286.685), (21.7325, -277.139), (67.4365, -253.373), (103.909, -261.592), (108.601, -301.261)))
(((109.343, 70.0943), (43.1881, 51.8779), (32.4322, 113.187), (56.7669, 132.564), (92.5888, 118.833), (109.343, 70.0943)))
(((89.0726, -190.503), (44.5, -194.788), (44.5, -155.974), (71.3056, -140.455), (98.9573, -176.838), (89.0726, -190.503)))
(((103.909, -261.592), (67.4365, -253.373), (40.4198, -199.34), (44.5, -194.788), (89.0726, -190.503), (113.993, -248.651), (103.909, -261.592)))
(((116.814, 66.3994), (96.8393, -8.05357), (84.2451, -12.2516), (40.8752, 30.0062), (37.754, 44.878), (43.1881, 51.8779), (109.343, 70.0943), (116.814, 66.3994)))
(((128.866, -382.593), (65.5811, -393.016), (56.7392, -385.369), (69.3495, -319.165), (108.601, -301.261), (120.64, -313.123), (128.866, -382.593)))
(((143.394, 173.649), (92.5888, 118.833), (56.7669, 132.564), (53.906, 164.034), (91.3564, 208.792), (143.394, 173.649)))
(((141.99, 341.904), (139.277, 278.825), (83.6511, 230.409), (33.8206, 260.308), (30.6507, 295.465), (48.9177, 331.661), (110.279, 363.478), (141.99, 341.904)))
(((126.581, -85.7094), (117.073, -124.473), (77.0129, -126.337), (63.4646, -100.934), (78.87, -68.8903), (122.604, -78.2107), (126.581, -85.7094)))
(((121.509, -132.016), (119.282, -168.402), (98.9573, -176.838), (71.3056, -140.455), (77.0129, -126.337), (117.073, -124.473), (121.509, -132.016)))
(((48.8833, -511.419), (65.5811, -393.016), (128.866, -382.593), (145.155, -393.336), (122.142, -526.106), (69.0983, -526.106), (48.8833, -511.419)))
(((122.604, -78.2107), (78.87, -68.8903), (66.9631, -47.3917), (84.2451, -12.2516), (96.8393, -8.05357), (120.903, -15.5216), (140.755, -41.2118), (122.604, -78.2107)))
(((163.705, 544.81), (152.891, 472.002), (102.292, 442.777), (46.2883, 473.794), (46.5854, 482.855), (80.2208, 571.826), (161.223, 546.727), (163.705, 544.81)))
(((155.421, -193.611), (117.869, -246.911), (113.993, -248.651), (89.0726, -190.503), (98.9573, -176.838), (119.282, -168.402), (155.345, -187.876), (155.421, -193.611)))
(((156.958, 23.5373), (120.903, -15.5216), (96.8393, -8.05357), (116.814, 66.3994), (120.833, 66.2418), (156.815, 24.863), (156.958, 23.5373)))
(((182.283, 107.869), (120.833, 66.2418), (116.814, 66.3994), (109.343, 70.0943), (92.5888, 118.833), (143.394, 173.649), (161.076, 171.958), (167.462, 167.152), (182.283, 107.869)))
(((145.167, 625), (161.223, 546.727), (80.2208, 571.826), (59.7692, 625), (145.167, 625)))
(((161.076, 171.958), (143.394, 173.649), (91.3564, 208.792), (83.6511, 230.409), (139.277, 278.825), (176.681, 244.413), (161.076, 171.958)))
(((190.445, -153.492), (155.345, -187.876), (119.282, -168.402), (121.509, -132.016), (177.762, -135.425), (190.454, -153.071), (190.445, -153.492)))
(((177.762, -135.425), (121.509, -132.016), (117.073, -124.473), (126.581, -85.7094), (169.335, -97.2886), (174.523, -113.159), (177.762, -135.425)))
(((181.719, -7.61409), (144.946, -40.5831), (140.755, -41.2118), (120.903, -15.5216), (156.958, 23.5373), (181.719, -7.61409)))
(((176.588, -304.588), (120.64, -313.123), (108.601, -301.261), (103.909, -261.592), (113.993, -248.651), (117.869, -246.911), (186.146, -259.985), (176.588, -304.588)))
(((169.335, -97.2886), (126.581, -85.7094), (122.604, -78.2107), (140.755, -41.2118), (144.946, -40.5831), (193.321, -67.1118), (169.335, -97.2886)))
(((247.745, -380.872), (145.155, -393.336), (128.866, -382.593), (120.64, -313.123), (176.588, -304.588), (249.002, -377.002), (247.745, -380.872)))
(((186.146, -259.985), (117.869, -246.911), (155.421, -193.611), (190.65, -227.739), (189.615, -257.222), (186.146, -259.985)))
(((145.167, 625), (262.852, 625), (270, 603), (265.114, 587.964), (163.705, 544.81), (161.223, 546.727), (145.167, 625)))
(((239.061, 72.2172), (156.815, 24.863), (120.833, 66.2418), (182.283, 107.869), (239.061, 72.2172)))
(((122.596, -523.483), (145.155, -393.336), (249.604, -380.646), (255.902, -385.221), (275, -444), (255.902, -502.779), (205.902, -539.106), (144.098, -539.106), (122.596, -523.483)))
(((226.694, 398.197), (149.474, 342.498), (141.99, 341.904), (110.279, 363.478), (102.292, 442.777), (152.891, 472.002), (204.384, 454.668), (226.694, 398.197)))
(((210, -13.7417), (210, -53), (233.091, -53), (193.321, -67.1118), (144.946, -40.5831), (181.719, -7.61409), (210, -13.7417)))
(((226.326, 259.152), (176.681, 244.413), (139.277, 278.825), (141.99, 341.904), (149.474, 342.498), (220.722, 305.23), (226.326, 259.152)))
(((279.927, 53), (210, 53), (210, -13.7417), (181.719, -7.61409), (156.958, 23.5373), (156.815, 24.863), (239.061, 72.2172), (277.342, 60.9583), (279.927, 53)))
(((229.461, -198.059), (190.65, -227.739), (155.421, -193.611), (155.345, -187.876), (190.445, -153.492), (231.458, -191.015), (229.461, -198.059)))
(((233.091, -53), (243.131, -53), (234.478, -93.174), (174.523, -113.159), (169.335, -97.2886), (193.321, -67.1118), (233.091, -53)))
(((232.317, -119.97), (190.454, -153.071), (177.762, -135.425), (174.523, -113.159), (234.478, -93.174), (232.317, -119.97)))
(((299.633, 201.483), (167.462, 167.152), (161.076, 171.958), (176.681, 244.413), (226.326, 259.152), (300.269, 203.441), (299.633, 201.483)))
(((249.866, -377.866), (176.588, -304.588), (186.146, -259.985), (189.615, -257.222), (255.323, -268.75), (268.487, -278.074), (289.332, -349.192), (249.866, -377.866)))
(((263.856, 587.428), (290.902, 567.779), (305.315, 523.418), (204.384, 454.668), (152.891, 472.002), (163.705, 544.81), (263.856, 587.428)))
(((255.323, -268.75), (189.615, -257.222), (190.65, -227.739), (229.461, -198.059), (255.323, -268.75)))
(((306.452, 366.465), (220.722, 305.23), (149.474, 342.498), (226.694, 398.197), (306.452, 366.465)))
(((276.839, 61.1062), (239.061, 72.2172), (182.283, 107.869), (167.462, 167.152), (302.039, 202.108), (303.007, 201.882), (305.902, 199.779), (325, 141), (305.902, 82.2215), (276.839, 61.1062)))
(((231.458, -191.015), (190.445, -153.492), (190.454, -153.071), (232.317, -119.97), (296.591, -167.33), (231.458, -191.015)))
(((317.909, 366.696), (306.452, 366.465), (226.694, 398.197), (204.384, 454.668), (304.631, 522.951), (337.902, 498.779), (357, 440), (337.902, 381.221), (317.909, 366.696)))
(((332.424, -168.709), (268.487, -278.074), (255.323, -268.75), (229.461, -198.059), (231.458, -191.015), (296.591, -167.33), (332.424, -168.709)))
(((300.77, 203.064), (226.326, 259.152), (220.722, 305.23), (306.452, 366.465), (317.624, 366.69), (340.902, 349.779), (360, 291), (340.902, 232.221), (300.77, 203.064)))
(((243.131, -53), (341.844, -53), (344.902, -55.2215), (364, -114), (348.463, -161.819), (332.424, -168.709), (296.591, -167.33), (232.317, -119.97), (234.478, -93.174), (243.131, -53)))
(((400, -192.934), (400, -319.066), (355.902, -351.106), (294.098, -351.106), (288.755, -347.224), (268.487, -278.074), (332.424, -168.709), (350.615, -160.894), (355.902, -160.894), (400, -192.934)))
