(((-225, -157.097), (-201.16, -158.635), (-195.087, -205.703), (-225, -221.024), (-225, -157.097)))
(((-225, -94.5833), (-202.291, -100.05), (-176.578, -147.191), (-201.16, -158.635), (-225, -157.097), (-225, -94.5833)))
(((-225, -94.5833), (-225, -53), (-168.474, -53), (-167.028, -80.4602), (-202.291, -100.05), (-225, -94.5833)))
(((-225, -221.024), (-195.087, -205.703), (-162.905, -212.854), (-154.223, -224.077), (-153.439, -232.595), (-162.662, -247.455), (-225, -275.569), (-225, -221.024)))
(((-225, -307.375), (-172.367, -320.533), (-158.706, -365.16), (-225, -393.571), (-225, -307.375)))
(((-157.619, -156.026), (-162.905, -212.854), (-195.087, -205.703), (-201.16, -158.635), (-176.578, -147.191), (-170.451, -147.675), (-157.619, -156.026)))
(((-151.099, -95.5731), (-170.451, -147.675), (-176.578, -147.191), (-202.291, -100.05), (-167.028, -80.4602), (-151.099, -95.5731)))
(((-225, -393.571), (-158.706, -365.16), (-153.155, -368.935), (-137.273, -410.728), (-145.866, -419.969), (-225, -438.231), (-225, -393.571)))
(((-225, -275.569), (-162.662, -247.455), (-141.792, -296.152), (-150.797, -309.925), (-172.367, -320.533), (-225, -307.375), (-225, -275.569)))
(((-225, -473.784), (-138.083, -485.714), (-121.757, -518.911), (-134.518, -539.33), (-225, -565.007), (-225, -473.784)))
(((-225, -438.231), (-145.866, -419.969), (-131.741, -469.406), (-138.083, -485.714), (-225, -473.784), (-225, -438.231)))
(((-225, 472.387), (-225, 585.8), (-102.99, 561.398), (-114.344, 485.709), (-166.56, 438.894), (-178.902, 438.894), (-225, 472.387)))
(((-225, -565.007), (-134.518, -539.33), (-94.6498, -609.444), (-97.2768, -611.742), (-225, -613.836), (-225, -565.007)))
(((-225, -698.398), (-225, -613.836), (-97.2768, -611.742), (-132.073, -738.106), (-173.902, -738.106), (-223.902, -701.779), (-225, -698.398)))
(((-108.569, -115.37), (-135.943, -155.379), (-157.619, -156.026), (-170.451, -147.675), (-151.099, -95.5731), (-125.182, -96.5699), (-108.569, -115.37)))
(((-119.951, -351.797), (-153.155, -368.935), (-158.706, -365.16), (-172.367, -320.533), (-150.797, -309.925), (-119.127, -335.73), (-119.951, -351.797)))
(((-123.103, -203.025), (-154.223, -224.077), (-162.905, -212.854), (-157.619, -156.026), (-135.943, -155.379), (-113.921, -174.715), (-123.103, -203.025)))
(((-110.305, -53), (-125.182, -96.5699), (-151.099, -95.5731), (-167.028, -80.4602), (-168.474, -53), (-110.305, -53)))
(((-106.289, -255.576), (-128.286, -291.467), (-141.792, -296.152), (-162.662, -247.455), (-153.439, -232.595), (-109.08, -251.164), (-106.289, -255.576)))
(((-225, 585.8), (-225, 625), (-62.7688, 625), (-92.3659, 569.949), (-102.99, 561.398), (-225, 585.8)))
(((-120.884, -409.135), (-137.273, -410.728), (-153.155, -368.935), (-119.951, -351.797), (-98.396, -368.893), (-120.884, -409.135)))
(((-87.1186, -316.966), (-119.127, -335.73), (-150.797, -309.925), (-141.792, -296.152), (-128.286, -291.467), (-85.0159, -311.659), (-87.1186, -316.966)))
(((-92.2102, -455.031), (-131.741, -469.406), (-145.866, -419.969), (-137.273, -410.728), (-120.884, -409.135), (-112.793, -413.256), (-91.0061, -451.989), (-92.2102, -455.031)))
(((-109.08, -251.164), (-153.439, -232.595), (-154.223, -224.077), (-123.103, -203.025), (-96.9, -219.7), (-109.08, -251.164)))
(((-71.5, -511.54), (-121.757, -518.911), (-138.083, -485.714), (-131.741, -469.406), (-92.2102, -455.031), (-70.5113, -510.828), (-71.5, -511.54)))
(((-85.0159, -311.659), (-128.286, -291.467), (-106.289, -255.576), (-83.4613, -263.794), (-80.2652, -268.801), (-83.1561, -310.237), (-85.0159, -311.659)))
(((-85.1351, -120.851), (-90.4773, -174.273), (-113.921, -174.715), (-135.943, -155.379), (-108.569, -115.37), (-87.5947, -117.008), (-85.1351, -120.851)))
(((-72.3025, -190.504), (-90.5, -216.5), (-96.9, -219.7), (-123.103, -203.025), (-113.921, -174.715), (-90.4773, -174.273), (-73.8086, -183.941), (-72.3025, -190.504)))
(((-76.685, -363.917), (-98.396, -368.893), (-119.951, -351.797), (-119.127, -335.73), (-87.1186, -316.966), (-76.685, -363.917)))
(((-82.0465, -53), (-72.9576, -96.4248), (-87.5947, -117.008), (-108.569, -115.37), (-125.182, -96.5699), (-110.305, -53), (-82.0465, -53)))
(((-94.6498, -609.444), (-134.518, -539.33), (-121.757, -518.911), (-71.5, -511.54), (-71.5, -605.408), (-94.6498, -609.444)))
(((-58.0868, -390.645), (-65.3716, -406.482), (-112.793, -413.256), (-120.884, -409.135), (-98.396, -368.893), (-76.685, -363.917), (-68.7976, -367.439), (-58.0868, -390.645)))
(((-83.4613, -263.794), (-106.289, -255.576), (-109.08, -251.164), (-96.9, -219.7), (-90.5, -216.5), (-67.0306, -239.969), (-83.4613, -263.794)))
(((-57.1414, -437.345), (-91.0061, -451.989), (-112.793, -413.256), (-65.3716, -406.482), (-57.1414, -437.345)))
(((-111.696, -752.169), (-131.903, -737.488), (-97.2768, -611.742), (-94.6498, -609.444), (-71.5, -605.408), (-61.8947, -607.523), (-20.4949, -642.851), (-17.2184, -670.575), (-111.696, -752.169)))
(((-42.4325, -156.051), (-73.8086, -183.941), (-90.4773, -174.273), (-85.1351, -120.851), (-45.6489, -143.415), (-42.4325, -156.051)))
(((-50.7482, -232.075), (-67.0306, -239.969), (-90.5, -216.5), (-72.3025, -190.504), (-51.295, -209.11), (-50.7482, -232.075)))
(((-155.864, 403.494), (-167.184, 438.335), (-114.344, 485.709), (-43.4012, 483.817), (-38.2775, 409.524), (-155.864, 403.494)))
(((-52.2663, -507.138), (-70.5113, -510.828), (-92.2102, -455.031), (-91.0061, -451.989), (-57.1414, -437.345), (-42.9054, -445.77), (-38.1213, -472.083), (-52.2663, -507.138)))
(((-43.4012, 483.817), (-114.344, 485.709), (-102.99, 561.398), (-92.3659, 569.949), (-15.9473, 505.471), (-43.4012, 483.817)))
(((-103.581, 112.747), (-146.902, 144.221), (-166, 203), (-146.902, 261.779), (-113.564, 286), (-82.2941, 286), (-16.207, 226.869), (-13.3736, 214.969), (-88.4281, 120.257), (-103.581, 112.747)))
(((-113.564, 286), (-146.902, 310.221), (-166, 369), (-154.774, 403.55), (-38.2775, 409.524), (-15.4934, 394.52), (-40.9037, 317.273), (-82.2941, 286), (-113.564, 286)))
(((-40.4252, -343.499), (-68.7976, -367.439), (-76.685, -363.917), (-87.1186, -316.966), (-85.0159, -311.659), (-83.1561, -310.237), (-48.7846, -313.101), (-40.4252, -343.499)))
(((-35.1054, -299.792), (-48.7846, -313.101), (-83.1561, -310.237), (-80.2652, -268.801), (-33.615, -274.456), (-35.1054, -299.792)))
(((-33.615, -274.456), (-80.2652, -268.801), (-83.4613, -263.794), (-67.0306, -239.969), (-50.7482, -232.075), (-34.9582, -244.15), (-33.5524, -274.374), (-33.615, -274.456)))
(((-43.2586, -53), (-37.5075, -94.6955), (-72.9576, -96.4248), (-82.0465, -53), (-43.2586, -53)))
(((-22.7271, -105.212), (-45.6489, -143.415), (-85.1351, -120.851), (-87.5947, -117.008), (-72.9576, -96.4248), (-37.5075, -94.6955), (-23.5476, -103.071), (-22.7271, -105.212)))
(((-17.1915, -554.931), (-61.8947, -607.523), (-71.5, -605.408), (-71.5, -511.54), (-70.5113, -510.828), (-52.2663, -507.138), (-33.9262, -517.975), (-17.1915, -554.931)))
(((-13.4428, -196.864), (-51.295, -209.11), (-72.3025, -190.504), (-73.8086, -183.941), (-42.4325, -156.051), (-24.8601, -164.134), (-13.4428, -196.864)))
(((8.27273, 625), (32.2674, 556.146), (-13.1402, 506.262), (-15.9473, 505.471), (-92.3659, 569.949), (-62.7688, 625), (8.27273, 625)))
(((-16.2442, -427.996), (-42.9054, -445.77), (-57.1414, -437.345), (-65.3716, -406.482), (-58.0868, -390.645), (-24.9869, -392.054), (-16.2442, -427.996)))
(((-24.9869, -392.054), (-58.0868, -390.645), (-68.7976, -367.439), (-40.4252, -343.499), (-16.4197, -350.757), (-20.4305, -387.857), (-24.9869, -392.054)))
(((-13.2322, -197.001), (-5.21337, -228.348), (-34.9582, -244.15), (-50.7482, -232.075), (-51.295, -209.11), (-13.4428, -196.864), (-13.2322, -197.001)))
(((-43.2586, -53), (-30, -53), (-30, -44.6633), (-8.13659, -49.1252), (-3.22566, -72.5885), (-23.5476, -103.071), (-37.5075, -94.6955), (-43.2586, -53)))
(((-1.05578, -342.911), (-16.4197, -350.757), (-40.4252, -343.499), (-48.7846, -313.101), (-35.1054, -299.792), (-6.68955, -312.328), (-1.05578, -342.911)))
(((-11.4626, -111.612), (1.1, -149.3), (-24.8601, -164.134), (-42.4325, -156.051), (-45.6489, -143.415), (-22.7271, -105.212), (-11.4626, -111.612)))
(((45.7039, -800), (-79.7039, -800), (-97.9017, -786.779), (-109.705, -750.45), (-17.2184, -670.575), (38.7881, -708.149), (46.0213, -799.769), (45.7039, -800)))
(((-30, 9.6383), (23.8242, -9.83001), (18.1298, -27.4554), (-8.13659, -49.1252), (-30, -44.6633), (-30, 9.6383)))
(((8.31236, -469.269), (-38.1213, -472.083), (-42.9054, -445.77), (-16.2442, -427.996), (2.92623, -432.389), (18.1307, -455.196), (8.31236, -469.269)))
(((0.00721154, -270.841), (-33.5524, -274.374), (-34.9582, -244.15), (-5.21337, -228.348), (10.6516, -237.941), (0.00721154, -270.841)))
(((34.303, 144.896), (8.81305, 125.586), (-88.4281, 120.257), (-13.3736, 214.969), (42.9136, 171.284), (34.303, 144.896)))
(((-10.6902, 395.508), (-15.4934, 394.52), (-38.2775, 409.524), (-43.4012, 483.817), (-15.9473, 505.471), (-13.1402, 506.262), (28.239, 442.9), (-10.6902, 395.508)))
(((10.7857, -503.071), (-33.9262, -517.975), (-52.2663, -507.138), (-38.1213, -472.083), (8.31236, -469.269), (10.7857, -503.071)))
(((-20.4949, -642.851), (-61.8947, -607.523), (-17.1915, -554.931), (0.665746, -558.934), (14.6823, -616.752), (-20.4949, -642.851)))
(((18.2358, -291.095), (-6.68955, -312.328), (-35.1054, -299.792), (-33.615, -274.456), (-33.5524, -274.374), (0.00721154, -270.841), (18.2358, -291.095)))
(((-30, 52.373), (-30, 53), (-97.6278, 53), (-109, 88), (-100.456, 114.296), (-88.4281, 120.257), (8.81305, 125.586), (18.7759, 60.1152), (-30, 52.373)))
(((22.3227, -402.325), (2.92623, -432.389), (-16.2442, -427.996), (-24.9869, -392.054), (-20.4305, -387.857), (17.7045, -390.1), (22.3227, -402.325)))
(((17.7045, -390.1), (-20.4305, -387.857), (-16.4197, -350.757), (-1.05578, -342.911), (13.7364, -346.746), (25.2694, -370.966), (17.7045, -390.1)))
(((-30, 52.373), (18.7759, 60.1152), (27.7356, 55.5074), (25.2117, -8.85053), (23.8242, -9.83001), (-30, 9.6383), (-30, 52.373)))
(((19.2775, -187.591), (-13.2322, -197.001), (-13.4428, -196.864), (-24.8601, -164.134), (1.1, -149.3), (6.30628, -150.128), (22.1938, -165.427), (19.2775, -187.591)))
(((45.1735, 271.4), (-16.207, 226.869), (-82.2941, 286), (-40.9037, 317.273), (22.463, 309.474), (45.1735, 271.4)))
(((45.0962, -541.162), (0.665746, -558.934), (-17.1915, -554.931), (-33.9262, -517.975), (10.7857, -503.071), (39.3788, -520.227), (43.6264, -526.28), (45.0962, -541.162)))
(((34.8743, -85.3107), (23.0207, -109.642), (-11.4626, -111.612), (-22.7271, -105.212), (-23.5476, -103.071), (-3.22566, -72.5885), (34.6673, -84.812), (34.8743, -85.3107)))
(((29.3778, -124.342), (6.30628, -150.128), (1.1, -149.3), (-11.4626, -111.612), (23.0207, -109.642), (29.3778, -124.342)))
(((22.463, 309.474), (-40.9037, 317.273), (-15.4934, 394.52), (-10.6902, 395.508), (54.06, 359.417), (22.463, 309.474)))
(((43.9647, -217.948), (31.6561, -234.829), (10.6516, -237.941), (-5.21337, -228.348), (-13.2322, -197.001), (19.2775, -187.591), (43.4441, -207.363), (43.9647, -217.948)))
(((19.3713, -291.243), (37.3854, -327.271), (13.7364, -346.746), (-1.05578, -342.911), (-6.68955, -312.328), (18.2358, -291.095), (19.3713, -291.243)))
(((34.6673, -84.812), (-3.22566, -72.5885), (-8.13659, -49.1252), (18.1298, -27.4554), (39.233, -62.9977), (34.6673, -84.812)))
(((48.6949, -273.949), (19.3713, -291.243), (18.2358, -291.095), (0.00721154, -270.841), (10.6516, -237.941), (31.6561, -234.829), (49.3178, -272.011), (48.6949, -273.949)))
(((63.9621, -607.6), (14.6823, -616.752), (0.665746, -558.934), (45.0962, -541.162), (80.2306, -578.113), (63.9621, -607.6)))
(((49.9279, -155.027), (22.1938, -165.427), (6.30628, -150.128), (29.3778, -124.342), (46.053, -133.438), (49.9279, -155.027)))
(((56.3305, -436.221), (40.0004, -454.819), (18.1307, -455.196), (2.92623, -432.389), (22.3227, -402.325), (49.5101, -412.612), (56.3305, -436.221)))
(((47.8895, -469.163), (39.3788, -520.227), (10.7857, -503.071), (8.31236, -469.269), (18.1307, -455.196), (40.0004, -454.819), (47.8895, -469.163)))
(((82.5242, -670.036), (38.7881, -708.149), (-17.2184, -670.575), (-20.4949, -642.851), (14.6823, -616.752), (63.9621, -607.6), (82.5242, -670.036)))
(((47.3736, 59.5987), (27.7356, 55.5074), (18.7759, 60.1152), (8.81305, 125.586), (34.303, 144.896), (71.8191, 96.6612), (47.3736, 59.5987)))
(((67.1743, 446.394), (28.239, 442.9), (-13.1402, 506.262), (32.2674, 556.146), (97.2191, 526.168), (67.1743, 446.394)))
(((42.9136, 171.284), (-13.3736, 214.969), (-16.207, 226.869), (45.1735, 271.4), (77.0233, 263.906), (59.6812, 178.641), (42.9136, 171.284)))
(((73.856, -172.897), (43.4441, -207.363), (19.2775, -187.591), (22.1938, -165.427), (49.9279, -155.027), (73.4092, -171.283), (73.856, -172.897)))
(((61.1792, -369.995), (25.2694, -370.966), (13.7364, -346.746), (37.3854, -327.271), (50.0727, -327.789), (63.8684, -360.686), (61.1792, -369.995)))
(((69.9933, -386.154), (49.5101, -412.612), (22.3227, -402.325), (17.7045, -390.1), (25.2694, -370.966), (61.1792, -369.995), (69.9933, -386.154)))
(((71.8122, -310.276), (50.0727, -327.789), (37.3854, -327.271), (19.3713, -291.243), (48.6949, -273.949), (71.8122, -310.276)))
(((112.492, 368.944), (54.06, 359.417), (-10.6902, 395.508), (28.239, 442.9), (67.1743, 446.394), (117.021, 375.184), (112.492, 368.944)))
(((72.5081, -112.07), (46.053, -133.438), (29.3778, -124.342), (23.0207, -109.642), (34.8743, -85.3107), (72.7689, -98.2503), (72.5081, -112.07)))
(((78.6514, -47.512), (39.233, -62.9977), (18.1298, -27.4554), (23.8242, -9.83001), (25.2117, -8.85053), (51.9027, -10.0638), (78.6514, -47.512)))
(((85.0973, 15.8443), (51.9027, -10.0638), (25.2117, -8.85053), (27.7356, 55.5074), (47.3736, 59.5987), (88.8359, 27.2379), (85.0973, 15.8443)))
(((113.726, 301.678), (85.1114, 267.158), (77.0233, 263.906), (45.1735, 271.4), (22.463, 309.474), (54.06, 359.417), (112.492, 368.944), (113.726, 301.678)))
(((90.6517, -491.011), (43.6264, -526.28), (39.3788, -520.227), (47.8895, -469.163), (87.7314, -483.919), (90.6517, -491.011)))
(((81.1083, -48.6245), (83.7377, -88.065), (72.7689, -98.2503), (34.8743, -85.3107), (34.6673, -84.812), (39.233, -62.9977), (78.6514, -47.512), (81.1083, -48.6245)))
(((84.0777, -238.029), (73.3563, -261.616), (49.3178, -272.011), (31.6561, -234.829), (43.9647, -217.948), (81.3193, -230.728), (84.0777, -238.029)))
(((73.4092, -171.283), (49.9279, -155.027), (46.053, -133.438), (72.5081, -112.07), (92.2016, -137.278), (73.4092, -171.283)))
(((93.5341, -444.267), (87.7314, -483.919), (47.8895, -469.163), (40.0004, -454.819), (56.3305, -436.221), (91.7844, -439.115), (93.5341, -444.267)))
(((84.4614, -314.138), (96.2611, -343.244), (63.8684, -360.686), (50.0727, -327.789), (71.8122, -310.276), (81.167, -310.933), (84.4614, -314.138)))
(((114.247, -403.609), (91.7844, -439.115), (56.3305, -436.221), (49.5101, -412.612), (69.9933, -386.154), (110.928, -397.241), (114.247, -403.609)))
(((105.752, -193.496), (81.3193, -230.728), (43.9647, -217.948), (43.4441, -207.363), (73.856, -172.897), (105.752, -193.496)))
(((81.167, -310.933), (71.8122, -310.276), (48.6949, -273.949), (49.3178, -272.011), (73.3563, -261.616), (99.408, -281.747), (81.167, -310.933)))
(((108.334, 97.7677), (71.8191, 96.6612), (34.303, 144.896), (42.9136, 171.284), (59.6812, 178.641), (92.1542, 172.599), (108.334, 97.7677)))
(((119.622, -525.102), (83.472, -577.318), (80.2306, -578.113), (45.0962, -541.162), (43.6264, -526.28), (90.6517, -491.011), (116.921, -504.394), (119.622, -525.102)))
(((116.183, -33.8931), (81.1083, -48.6245), (78.6514, -47.512), (51.9027, -10.0638), (85.0973, 15.8443), (116.183, -33.8931)))
(((125.341, 46.0794), (88.8359, 27.2379), (47.3736, 59.5987), (71.8191, 96.6612), (108.334, 97.7677), (114.333, 94.9305), (125.341, 46.0794)))
(((117.912, -360.419), (110.928, -397.241), (69.9933, -386.154), (61.1792, -369.995), (63.8684, -360.686), (96.2611, -343.244), (116.335, -354.505), (117.912, -360.419)))
(((8.27273, 625), (182.877, 625), (191, 600), (190.523, 598.533), (120.427, 529.824), (97.2191, 526.168), (32.2674, 556.146), (8.27273, 625)))
(((113.738, -276.629), (99.408, -281.747), (73.3563, -261.616), (84.0777, -238.029), (115.054, -249.645), (113.738, -276.629)))
(((147.316, -800), (46.6835, -800), (46.0003, -799.504), (38.7881, -708.149), (82.5242, -670.036), (185.834, -684.634), (197, -719), (177.902, -777.779), (147.316, -800)))
(((125.988, 181.708), (92.1542, 172.599), (59.6812, 178.641), (77.0233, 263.906), (85.1114, 267.158), (139.949, 207.482), (125.988, 181.708)))
(((127.662, -108.338), (99.7, -136.3), (92.2016, -137.278), (72.5081, -112.07), (72.7689, -98.2503), (83.7377, -88.065), (112.114, -91.8486), (127.662, -108.338)))
(((132.238, -173.089), (105.83, -193.495), (105.752, -193.496), (73.856, -172.897), (73.4092, -171.283), (92.2016, -137.278), (99.7, -136.3), (131.403, -162.239), (132.238, -173.089)))
(((130.638, -47.0822), (112.114, -91.8486), (83.7377, -88.065), (81.1083, -48.6245), (116.183, -33.8931), (117.35, -34.0764), (130.638, -47.0822)))
(((129.049, -237.709), (115.054, -249.645), (84.0777, -238.029), (81.3193, -230.728), (105.752, -193.496), (105.83, -193.495), (130.902, -226.59), (129.049, -237.709)))
(((131.607, -311.995), (84.4614, -314.138), (81.167, -310.933), (99.408, -281.747), (113.738, -276.629), (134.407, -290.064), (131.607, -311.995)))
(((191.035, -685.369), (82.5242, -670.036), (63.9621, -607.6), (80.2306, -578.113), (83.472, -577.318), (209.008, -623.946), (210, -627), (191.035, -685.369)))
(((136.178, -325.137), (116.335, -354.505), (96.2611, -343.244), (84.4614, -314.138), (131.607, -311.995), (136.178, -325.137)))
(((145.649, -476.971), (116.921, -504.394), (90.6517, -491.011), (87.7314, -483.919), (93.5341, -444.267), (144.542, -469.771), (145.649, -476.971)))
(((169.31, 395.498), (117.021, 375.184), (67.1743, 446.394), (97.2191, 526.168), (120.427, 529.824), (178.602, 431.572), (169.31, 395.498)))
(((158.973, 29.2634), (117.35, -34.0764), (116.183, -33.8931), (85.0973, 15.8443), (88.8359, 27.2379), (125.341, 46.0794), (158.973, 29.2634)))
(((164.762, 126.231), (114.333, 94.9305), (108.334, 97.7677), (92.1542, 172.599), (125.988, 181.708), (163.862, 132.18), (164.762, 126.231)))
(((144.542, -469.771), (93.5341, -444.267), (91.7844, -439.115), (114.247, -403.609), (126.848, -407.686), (149.569, -450.737), (144.542, -469.771)))
(((151.186, -124.871), (131.403, -162.239), (99.7, -136.3), (127.662, -108.338), (138, -110.333), (151.186, -124.871)))
(((159.5, -72.1111), (138, -110.333), (127.662, -108.338), (112.114, -91.8486), (130.638, -47.0822), (159.5, -55.3983), (159.5, -72.1111)))
(((152.886, -281.628), (134.407, -290.064), (113.738, -276.629), (115.054, -249.645), (129.049, -237.709), (158.597, -259.302), (152.886, -281.628)))
(((190.555, 231.746), (139.949, 207.482), (85.1114, 267.158), (113.726, 301.678), (182.219, 266.904), (190.555, 231.746)))
(((206.793, -623.123), (83.472, -577.318), (119.622, -525.102), (171.417, -544.668), (215.158, -602.652), (218.318, -611.42), (216.902, -615.779), (206.793, -623.123)))
(((161.076, -212.875), (130.902, -226.59), (105.83, -193.495), (132.238, -173.089), (150.519, -179.944), (162.819, -209.467), (161.076, -212.875)))
(((169.092, -395.617), (126.848, -407.686), (114.247, -403.609), (110.928, -397.241), (117.912, -360.419), (163.448, -363.792), (180.054, -376.876), (169.092, -395.617)))
(((163.448, -363.792), (117.912, -360.419), (116.335, -354.505), (136.178, -325.137), (154.806, -329.226), (163.448, -363.792)))
(((168.544, 28.8844), (173.969, -47.0605), (159.5, -55.3983), (130.638, -47.0822), (117.35, -34.0764), (158.973, 29.2634), (168.544, 28.8844)))
(((171.417, -544.668), (119.622, -525.102), (116.921, -504.394), (145.649, -476.971), (174.194, -489.129), (171.417, -544.668)))
(((158.597, -259.302), (129.049, -237.709), (130.902, -226.59), (161.076, -212.875), (175.108, -248.592), (158.597, -259.302)))
(((230.737, 53), (210, 53), (210, 44.9592), (168.544, 28.8844), (158.973, 29.2634), (125.341, 46.0794), (114.333, 94.9305), (164.762, 126.231), (250.421, 65.9077), (248.46, 59.8723), (230.737, 53)))
(((186.817, -308.119), (181.993, -317.575), (154.806, -329.226), (136.178, -325.137), (131.607, -311.995), (134.407, -290.064), (152.886, -281.628), (183.268, -300.726), (186.817, -308.119)))
(((183.008, -162.223), (150.519, -179.944), (132.238, -173.089), (131.403, -162.239), (151.186, -124.871), (155.977, -125.628), (184.716, -149.295), (183.008, -162.223)))
(((185.895, -432.024), (149.569, -450.737), (126.848, -407.686), (169.092, -395.617), (185.895, -432.024)))
(((186.395, -100.5), (155.977, -125.628), (151.186, -124.871), (138, -110.333), (159.5, -72.1111), (186.395, -100.5)))
(((234.721, 346.908), (182.219, 266.904), (113.726, 301.678), (112.492, 368.944), (117.021, 375.184), (169.31, 395.498), (234.721, 346.908)))
(((222.5, 211.115), (163.862, 132.18), (125.988, 181.708), (139.949, 207.482), (190.555, 231.746), (222.5, 211.115)))
(((180.054, -376.876), (163.448, -363.792), (154.806, -329.226), (181.993, -317.575), (197.295, -369.602), (180.054, -376.876)))
(((195.638, -179.224), (182.366, -205.769), (162.819, -209.467), (150.519, -179.944), (183.008, -162.223), (195.638, -179.224)))
(((209, -454), (199.891, -481.328), (174.194, -489.129), (145.649, -476.971), (144.542, -469.771), (149.569, -450.737), (185.895, -432.024), (201.85, -438.906), (209, -454)))
(((198.089, -263), (183.268, -300.726), (152.886, -281.628), (158.597, -259.302), (175.108, -248.592), (182.852, -249.238), (198.089, -263)))
(((182.852, -249.238), (175.108, -248.592), (161.076, -212.875), (162.819, -209.467), (182.366, -205.769), (202.405, -221.633), (182.852, -249.238)))
(((210.37, -133.652), (184.716, -149.295), (155.977, -125.628), (186.395, -100.5), (201.476, -100.5), (210.37, -133.652)))
(((207.5, -92.2667), (201.476, -100.5), (186.395, -100.5), (159.5, -72.1111), (159.5, -55.3983), (173.969, -47.0605), (207.5, -51.3871), (207.5, -92.2667)))
(((186.007, 594.106), (220.902, 594.106), (270.205, 558.285), (259.101, 488.635), (178.602, 431.572), (120.427, 529.824), (186.007, 594.106)))
(((215.158, -602.652), (171.417, -544.668), (174.194, -489.129), (199.891, -481.328), (220.652, -503.772), (215.158, -602.652)))
(((210, -49.8952), (207.5, -51.3871), (173.969, -47.0605), (168.544, 28.8844), (210, 44.9592), (210, -49.8952)))
(((227.19, -401.952), (201.85, -438.906), (185.895, -432.024), (169.092, -395.617), (180.054, -376.876), (197.295, -369.602), (200.037, -369.862), (227.19, -401.952)))
(((214.123, -220.204), (202.405, -221.633), (182.366, -205.769), (195.638, -179.224), (214.321, -183.536), (223.221, -198.369), (214.123, -220.204)))
(((228.514, -347.635), (200.037, -369.862), (197.295, -369.602), (181.993, -317.575), (186.817, -308.119), (215.922, -308.713), (228.514, -347.635)))
(((250.047, 66.1713), (164.762, 126.231), (163.862, 132.18), (222.5, 211.115), (290.346, 196.1), (305, 151), (285.902, 92.2215), (250.047, 66.1713)))
(((226.645, -299.4), (215.922, -308.713), (186.817, -308.119), (183.268, -300.726), (198.089, -263), (212.519, -263), (227.187, -276.657), (226.645, -299.4)))
(((226.194, -234.597), (212.519, -263), (198.089, -263), (182.852, -249.238), (202.405, -221.633), (214.123, -220.204), (226.194, -234.597)))
(((238.111, -149.172), (214.321, -183.536), (195.638, -179.224), (183.008, -162.223), (184.716, -149.295), (210.37, -133.652), (236.596, -141.722), (238.111, -149.172)))
(((236.596, -141.722), (210.37, -133.652), (201.476, -100.5), (207.5, -92.2667), (245.609, -97.3478), (258.26, -118.433), (236.596, -141.722)))
(((210, -49.8952), (210, -53), (253, -53), (245.609, -97.3478), (207.5, -92.2667), (207.5, -51.3871), (210, -49.8952)))
(((288.516, 196.505), (222.5, 211.115), (190.555, 231.746), (182.219, 266.904), (234.721, 346.908), (300.731, 340.621), (312.902, 331.779), (332, 273), (312.902, 214.221), (288.516, 196.505)))
(((267.021, -487.543), (220.652, -503.772), (199.891, -481.328), (209, -454), (250.25, -454), (267.021, -487.543)))
(((250.25, -454), (209, -454), (201.85, -438.906), (227.19, -401.952), (246.276, -403.291), (262.7, -429.1), (250.25, -454)))
(((258.094, -261.203), (227.187, -276.657), (212.519, -263), (226.194, -234.597), (253.435, -237.391), (258.094, -261.203)))
(((256.325, -197.449), (223.221, -198.369), (214.321, -183.536), (238.111, -149.172), (262.996, -176.546), (256.325, -197.449)))
(((260.71, -383.383), (246.276, -403.291), (227.19, -401.952), (200.037, -369.862), (228.514, -347.635), (258.453, -348.787), (260.71, -383.383)))
(((266.322, -219.349), (253.435, -237.391), (226.194, -234.597), (214.123, -220.204), (223.221, -198.369), (256.325, -197.449), (266.322, -219.349)))
(((258.453, -348.787), (228.514, -347.635), (215.922, -308.713), (226.645, -299.4), (259.967, -307.506), (264.721, -343.159), (258.453, -348.787)))
(((298.8, 340.805), (234.721, 346.908), (169.31, 395.498), (178.602, 431.572), (259.101, 488.635), (333.517, 381.581), (326.902, 361.221), (298.8, 340.805)))
(((218.565, -612.106), (215.158, -602.652), (220.652, -503.772), (267.021, -487.543), (267.663, -487.868), (253.046, -612.106), (218.565, -612.106)))
(((259.967, -307.506), (226.645, -299.4), (227.187, -276.657), (258.094, -261.203), (282.876, -280.902), (259.967, -307.506)))
(((287.317, -53), (285.986, -107.569), (274.593, -117.668), (258.26, -118.433), (245.609, -97.3478), (253, -53), (287.317, -53)))
(((295.29, -166.499), (262.996, -176.546), (238.111, -149.172), (236.596, -141.722), (258.26, -118.433), (274.593, -117.668), (297.057, -158.103), (295.29, -166.499)))
(((298.377, -427.701), (262.7, -429.1), (246.276, -403.291), (260.71, -383.383), (288.593, -388.611), (303.29, -416.168), (298.377, -427.701)))
(((303.998, -486.784), (267.663, -487.868), (267.021, -487.543), (250.25, -454), (262.7, -429.1), (298.377, -427.701), (310.651, -450.495), (303.998, -486.784)))
(((303.582, -279.423), (282.876, -280.902), (258.094, -261.203), (253.435, -237.391), (266.322, -219.349), (298.441, -221.868), (303.76, -279.044), (303.582, -279.423)))
(((252.576, -616.106), (267.663, -487.868), (303.998, -486.784), (305.319, -488.152), (293.133, -616.106), (252.576, -616.106)))
(((288.593, -388.611), (260.71, -383.383), (258.453, -348.787), (264.721, -343.159), (274.304, -343.333), (308.314, -359.029), (288.593, -388.611)))
(((308, -213.936), (298.441, -221.868), (266.322, -219.349), (256.325, -197.449), (262.996, -176.546), (295.29, -166.499), (308, -183.061), (308, -213.936)))
(((313.529, -301.656), (274.304, -343.333), (264.721, -343.159), (259.967, -307.506), (282.876, -280.902), (303.582, -279.423), (312.902, -294), (313.529, -301.656)))
(((327.534, -331), (315.782, -358.215), (308.314, -359.029), (274.304, -343.333), (313.529, -301.656), (327.534, -331)))
(((325.217, -139.623), (297.057, -158.103), (274.593, -117.668), (285.986, -107.569), (315.317, -108.933), (325.217, -139.623)))
(((328.157, -400.865), (303.29, -416.168), (288.593, -388.611), (308.314, -359.029), (315.782, -358.215), (330.039, -373.263), (328.157, -400.865)))
(((332.5, -53), (332.5, -93.8333), (315.317, -108.933), (285.986, -107.569), (287.317, -53), (332.5, -53)))
(((353.07, -246.64), (303.76, -279.044), (298.441, -221.868), (308, -213.936), (335.02, -220.26), (353.07, -246.64)))
(((400, -513.4), (400, -586.613), (353.902, -620.106), (292.752, -620.106), (305.319, -488.152), (400, -513.4)))
(((350.229, -174.103), (308, -183.061), (295.29, -166.499), (297.057, -158.103), (325.217, -139.623), (354.542, -146.605), (350.229, -174.103)))
(((400, 542.246), (400, 411.754), (358.902, 381.894), (333.299, 381.894), (259.101, 488.635), (269.174, 551.817), (297.098, 572.106), (358.902, 572.106), (400, 542.246)))
(((355.83, -441.227), (310.651, -450.495), (298.377, -427.701), (303.29, -416.168), (328.157, -400.865), (349.583, -412.769), (355.83, -441.227)))
(((358.963, -189.476), (335.02, -220.26), (308, -213.936), (308, -183.061), (350.229, -174.103), (358.963, -189.476)))
(((354.542, -146.605), (325.217, -139.623), (315.317, -108.933), (332.5, -93.8333), (380.155, -125.603), (354.542, -146.605)))
(((400, -513.4), (305.319, -488.152), (303.998, -486.784), (310.651, -450.495), (355.83, -441.227), (400, -471.594), (400, -513.4)))
(((396.386, -363.056), (330.039, -373.263), (315.782, -358.215), (327.534, -331), (363.487, -331), (396.386, -363.056)))
(((363.487, -331), (327.534, -331), (313.529, -301.656), (312.902, -294), (364.461, -294), (363.487, -331)))
(((364.461, -294), (312.902, -294), (303.582, -279.423), (303.76, -279.044), (353.07, -246.64), (397.923, -257.67), (364.461, -294)))
(((400, -373.556), (349.583, -412.769), (328.157, -400.865), (330.039, -373.263), (396.386, -363.056), (400, -364.538), (400, -373.556)))
(((332.5, -53), (400, -53), (400, -121.06), (380.155, -125.603), (332.5, -93.8333), (332.5, -53)))
(((400, -257.172), (397.923, -257.67), (353.07, -246.64), (335.02, -220.26), (358.963, -189.476), (400, -204.641), (400, -257.172)))
(((400, -471.594), (355.83, -441.227), (349.583, -412.769), (400, -373.556), (400, -471.594)))
(((400, -204.641), (358.963, -189.476), (350.229, -174.103), (354.542, -146.605), (380.155, -125.603), (400, -121.06), (400, -204.641)))
(((400, -364.538), (396.386, -363.056), (363.487, -331), (364.461, -294), (397.923, -257.67), (400, -257.172), (400, -364.538)))
