(((-225, 458.762), (-225, 605.238), (-197.8, 625), (-130.2, 625), (-83.0983, 590.779), (-79.8498, 580.781), (-142.291, 436.894), (-194.902, 436.894), (-225, 458.762)))
(((-116.425, 410.891), (-138.902, 427.221), (-142.15, 437.219), (-79.7089, 581.106), (-39.251, 581.106), (-6.26916, 489.921), (-51.2165, 421.001), (-116.425, 410.891)))
(((-98.7331, 283.568), (-118.902, 298.221), (-138, 357), (-120.705, 410.228), (-51.2165, 421.001), (35.0544, 370.677), (1.13101, 292.445), (-98.7331, 283.568)))
(((-80.4634, 144.013), (-106.902, 163.221), (-126, 222), (-106.902, 280.779), (-103.666, 283.13), (1.13101, 292.445), (48.2151, 237.149), (53.4027, 224.365), (44.5756, 199.145), (-22.9642, 148.316), (-80.4634, 144.013)))
(((-99.8441, -53), (-59.6111, -53), (-27.7511, -62.3502), (30.4712, -148.605), (-76.4099, -192.026), (-102.902, -172.779), (-122, -114), (-102.902, -55.2215), (-99.8441, -53)))
(((-30, 21.3454), (-30, 53), (-107.852, 53), (-115, 75), (-95.9017, 133.779), (-81.9705, 143.9), (-22.9642, 148.316), (20.5794, 94.3216), (23.3424, 81.9691), (-27.2278, 21.9169), (-30, 21.3454)))
(((-59.6111, -53), (-30, -53), (-30, 21.3454), (-27.2278, 21.9169), (24.6403, 7.55345), (27.4434, -51.3113), (-27.7511, -62.3502), (-59.6111, -53)))
(((35.0544, 370.677), (-51.2165, 421.001), (-6.26916, 489.921), (53.9347, 470.869), (46.9366, 376.394), (35.0544, 370.677)))
(((28.8991, -305.106), (-13.9017, -305.106), (-63.9017, -268.779), (-83, -210), (-77.2739, -192.377), (30.4712, -148.605), (45.1966, -148.725), (49.2526, -150.459), (53.8223, -155.566), (28.8991, -305.106)))
(((30.4712, -148.605), (-27.7511, -62.3502), (27.4434, -51.3113), (43.4566, -58.2424), (45.1966, -148.725), (30.4712, -148.605)))
(((63.9891, 22.5435), (24.6403, 7.55345), (-27.2278, 21.9169), (23.3424, 81.9691), (76.1449, 41.0203), (63.9891, 22.5435)))
(((-39.7604, 582.514), (5.0983, 615.106), (31.5634, 615.106), (63.9491, 477.466), (53.9347, 470.869), (-6.26916, 489.921), (-39.7604, 582.514)))
(((80.9216, -45.1864), (43.4566, -58.2424), (27.4434, -51.3113), (24.6403, 7.55345), (63.9891, 22.5435), (80.9216, -45.1864)))
(((84.1759, 121.302), (20.5794, 94.3216), (-22.9642, 148.316), (44.5756, 199.145), (86.7416, 140.288), (84.1759, 121.302)))
(((87.1491, 45.2441), (76.1449, 41.0203), (23.3424, 81.9691), (20.5794, 94.3216), (84.1759, 121.302), (101.72, 75.5356), (87.1491, 45.2441)))
(((117.873, -76.5597), (49.2526, -150.459), (45.1966, -148.725), (43.4566, -58.2424), (80.9216, -45.1864), (102.154, -52.9804), (117.873, -76.5597)))
(((31.0559, 617.262), (39.0983, 623.106), (100.902, 623.106), (114.123, 613.5), (142.066, 495.946), (63.9491, 477.466), (31.0559, 617.262)))
(((167.951, -228.383), (151.902, -277.779), (101.902, -314.106), (40.0983, -314.106), (28.7707, -305.876), (53.8223, -155.566), (134.508, -190.759), (167.951, -228.383)))
(((118.317, 323.608), (48.2151, 237.149), (1.13101, 292.445), (35.0544, 370.677), (46.9366, 376.394), (89.5813, 370.686), (118.317, 323.608)))
(((183.135, 462.282), (185.24, 455.806), (165.242, 427.432), (89.5813, 370.686), (46.9366, 376.394), (53.9347, 470.869), (63.9491, 477.466), (142.066, 495.946), (183.135, 462.282)))
(((139.353, 6.02572), (102.154, -52.9804), (80.9216, -45.1864), (63.9891, 22.5435), (76.1449, 41.0203), (87.1491, 45.2441), (138.075, 11.0149), (139.353, 6.02572)))
(((134.508, -190.759), (53.8223, -155.566), (49.2526, -150.459), (117.873, -76.5597), (145.271, -86.7183), (134.508, -190.759)))
(((181.809, 256.922), (140.313, 226.02), (53.4027, 224.365), (48.2151, 237.149), (118.317, 323.608), (177.158, 293.042), (181.809, 256.922)))
(((152.89, 148.271), (86.7416, 140.288), (44.5756, 199.145), (53.4027, 224.365), (140.313, 226.02), (152.89, 148.271)))
(((200.398, 106.271), (101.72, 75.5356), (84.1759, 121.302), (86.7416, 140.288), (152.89, 148.271), (200.398, 106.271)))
(((223.673, 98.7519), (138.075, 11.0149), (87.1491, 45.2441), (101.72, 75.5356), (200.398, 106.271), (223.673, 98.7519)))
(((210, -44.84), (210, -53), (221.333, -53), (235.27, -63.0343), (145.271, -86.7183), (117.873, -76.5597), (102.154, -52.9804), (139.353, 6.02572), (210, -44.84)))
(((177.158, 293.042), (118.317, 323.608), (89.5813, 370.686), (165.242, 427.432), (182.142, 300.685), (177.158, 293.042)))
(((165.927, -226.106), (134.508, -190.759), (145.271, -86.7183), (235.27, -63.0343), (238.605, -63.2873), (250.902, -72.2215), (270, -131), (250.902, -189.779), (200.902, -226.106), (165.927, -226.106)))
(((268.328, 53), (210, 53), (210, -44.84), (139.353, 6.02572), (138.075, 11.0149), (223.673, 98.7519), (226.173, 98.7372), (261.902, 72.7785), (268.328, 53)))
(((226.447, 98.7356), (223.673, 98.7519), (200.398, 106.271), (152.89, 148.271), (140.313, 226.02), (181.809, 256.922), (275.268, 204.72), (282, 184), (262.902, 125.221), (226.447, 98.7356)))
(((123.791, 625), (203.795, 625), (243.479, 476.845), (222.902, 461.894), (183.609, 461.894), (142.066, 495.946), (113.216, 617.317), (123.791, 625)))
(((291.333, 378.442), (182.142, 300.685), (165.242, 427.432), (185.451, 456.106), (227.902, 456.106), (277.902, 419.779), (291.333, 378.442)))
(((278.816, 202.738), (181.809, 256.922), (177.158, 293.042), (182.142, 300.685), (291.142, 378.306), (324.902, 353.779), (344, 295), (324.902, 236.221), (278.816, 202.738)))
(((203.795, 625), (330.779, 625), (348, 572), (328.902, 513.221), (278.902, 476.894), (243.466, 476.894), (203.795, 625)))
