(((-225, -121.96), (-225, -53), (-183.721, -53), (-171.093, -113.335), (-225, -121.96)))
(((-225, -403.729), (-157.657, -411.425), (-178.523, -451.419), (-225, -465.281), (-225, -403.729)))
(((-225, -224.214), (-176.973, -232.791), (-157.825, -261.512), (-158.694, -268.902), (-225, -300.476), (-225, -224.214)))
(((-225, -148.6), (-168.574, -154.243), (-163.863, -176.857), (-225, -191.768), (-225, -148.6)))
(((-225, -535.594), (-222.552, -535.887), (-164.605, -565.247), (-153.183, -582.899), (-219.115, -683.115), (-225, -689), (-225, -535.594)))
(((-225, -360.909), (-162.56, -372.262), (-153.507, -408.471), (-157.657, -411.425), (-225, -403.729), (-225, -360.909)))
(((-225, -121.96), (-171.093, -113.335), (-160.985, -119.331), (-168.574, -154.243), (-225, -148.6), (-225, -121.96)))
(((-225, -312.833), (-162.919, -326.629), (-147.638, -345.506), (-162.56, -372.262), (-225, -360.909), (-225, -312.833)))
(((-225, -191.768), (-163.863, -176.857), (-157.059, -181.927), (-153.322, -200.952), (-176.973, -232.791), (-225, -224.214), (-225, -191.768)))
(((-225, -465.281), (-178.523, -451.419), (-148.554, -477.756), (-149.734, -494.277), (-222.552, -535.887), (-225, -535.594), (-225, -465.281)))
(((-225, -312.833), (-225, -300.476), (-158.694, -268.902), (-148.179, -283.748), (-162.919, -326.629), (-225, -312.833)))
(((-121, -53), (-121, -84.4655), (-137.733, -115.624), (-160.985, -119.331), (-171.093, -113.335), (-183.721, -53), (-121, -53)))
(((-127.616, -629.987), (-219.115, -683.115), (-153.183, -582.899), (-133.218, -591.579), (-127.616, -629.987)))
(((-118.472, -520.602), (-164.605, -565.247), (-222.552, -535.887), (-149.734, -494.277), (-118.472, -520.602)))
(((-114.883, -453.185), (-148.554, -477.756), (-178.523, -451.419), (-157.657, -411.425), (-153.507, -408.471), (-133.653, -413.301), (-114.883, -453.185)))
(((-122.631, -240.211), (-157.825, -261.512), (-176.973, -232.791), (-153.322, -200.952), (-127.908, -215.377), (-120.81, -228.603), (-122.631, -240.211)))
(((-105.694, -153.12), (-109.603, -160.571), (-157.059, -181.927), (-163.863, -176.857), (-168.574, -154.243), (-160.985, -119.331), (-137.733, -115.624), (-108.567, -146.979), (-105.694, -153.12)))
(((-103.366, -305.201), (-116.596, -339.138), (-118.269, -340.844), (-147.638, -345.506), (-162.919, -326.629), (-148.179, -283.748), (-108.189, -297.966), (-103.366, -305.201)))
(((-213.313, -715.659), (-215.902, -713.779), (-224.21, -688.21), (-219.115, -683.115), (-127.616, -629.987), (-101.601, -650.525), (-95.9483, -679.224), (-162.397, -712.448), (-213.313, -715.659)))
(((-101.933, -392.366), (-133.653, -413.301), (-153.507, -408.471), (-162.56, -372.262), (-147.638, -345.506), (-118.269, -340.844), (-101.933, -392.366)))
(((-216.953, -800), (-225, -775.233), (-225, -756.767), (-211.608, -715.552), (-162.397, -712.448), (-77.7613, -770.248), (-70, -800), (-216.953, -800)))
(((-105.071, -184.929), (-127.908, -215.377), (-153.322, -200.952), (-157.059, -181.927), (-109.603, -160.571), (-105.071, -184.929)))
(((-108.189, -297.966), (-148.179, -283.748), (-158.694, -268.902), (-157.825, -261.512), (-122.631, -240.211), (-101.669, -259.776), (-108.189, -297.966)))
(((-91.8477, -563.711), (-105.779, -583.613), (-133.218, -591.579), (-153.183, -582.899), (-164.605, -565.247), (-118.472, -520.602), (-111.807, -520.795), (-98.4792, -532.764), (-91.8477, -563.711)))
(((-88.6749, -472.217), (-111.807, -520.795), (-118.472, -520.602), (-149.734, -494.277), (-148.554, -477.756), (-114.883, -453.185), (-93.4838, -461.605), (-88.6749, -472.217)))
(((-76.7273, -213.909), (-120.81, -228.603), (-127.908, -215.377), (-105.071, -184.929), (-76.75, -213.25), (-76.7273, -213.909)))
(((-101.601, -650.525), (-127.616, -629.987), (-133.218, -591.579), (-105.779, -583.613), (-77.9989, -616.538), (-101.601, -650.525)))
(((-108.567, -146.979), (-137.733, -115.624), (-121, -84.4655), (-82.9965, -102.812), (-108.567, -146.979)))
(((-77.7613, -770.248), (-162.397, -712.448), (-95.9483, -679.224), (-57.4067, -693.619), (-77.7613, -770.248)))
(((-93.4838, -461.605), (-114.883, -453.185), (-133.653, -413.301), (-101.933, -392.366), (-100.177, -392.589), (-68.815, -430.769), (-93.4838, -461.605)))
(((-171.988, 355.925), (-177.902, 360.221), (-197, 419), (-177.902, 477.779), (-139.569, 505.629), (-59.1822, 476.047), (-43.1913, 402.946), (-171.988, 355.925)))
(((-68.3359, -226.496), (-73.0775, -249.73), (-101.669, -259.776), (-122.631, -240.211), (-120.81, -228.603), (-76.7273, -213.909), (-68.3359, -226.496)))
(((-61.0476, -373.024), (-100.177, -392.589), (-101.933, -392.366), (-118.269, -340.844), (-116.596, -339.138), (-66.4227, -354.004), (-61.0476, -373.024)))
(((-58.375, -53), (-54.8362, -67.1552), (-68.6916, -101.024), (-82.9965, -102.812), (-121, -84.4655), (-121, -53), (-58.375, -53)))
(((-74.375, -304.25), (-103.366, -305.201), (-108.189, -297.966), (-101.669, -259.776), (-73.0775, -249.73), (-57.5, -270.5), (-74.375, -304.25)))
(((-56.2791, -179.132), (-76.75, -213.25), (-105.071, -184.929), (-109.603, -160.571), (-105.694, -153.12), (-69.5413, -153.712), (-56.2791, -179.132)))
(((-69.5413, -153.712), (-105.694, -153.12), (-108.567, -146.979), (-82.9965, -102.812), (-68.6916, -101.024), (-51.4096, -131.66), (-69.5413, -153.712)))
(((-54.4, -321.371), (-66.4227, -354.004), (-116.596, -339.138), (-103.366, -305.201), (-74.375, -304.25), (-54.4, -321.371)))
(((-68.0578, -522.897), (-98.4792, -532.764), (-111.807, -520.795), (-88.6749, -472.217), (-57.8901, -486.039), (-68.0578, -522.897)))
(((-115.999, 268.957), (-154.902, 297.221), (-173.765, 355.276), (-43.1913, 402.946), (-37.4835, 397.986), (-63.9234, 287.819), (-115.999, 268.957)))
(((-60.1667, -615.167), (-77.9989, -616.538), (-105.779, -583.613), (-91.8477, -563.711), (-56.9255, -568.169), (-60.1667, -615.167)))
(((-57.4067, -693.619), (-95.9483, -679.224), (-101.601, -650.525), (-77.9989, -616.538), (-60.1667, -615.167), (-35.5, -627.5), (-53.1494, -692.214), (-57.4067, -693.619)))
(((-43.7314, -397.618), (-51.5682, -427.006), (-68.815, -430.769), (-100.177, -392.589), (-61.0476, -373.024), (-51.3235, -377.794), (-43.7314, -397.618)))
(((-28.4731, -554.814), (-56.9255, -568.169), (-91.8477, -563.711), (-98.4792, -532.764), (-68.0578, -522.897), (-33.3434, -543.247), (-28.4731, -554.814)))
(((-32.8433, -482.963), (-57.8901, -486.039), (-88.6749, -472.217), (-93.4838, -461.605), (-68.815, -430.769), (-51.5682, -427.006), (-29.8226, -443.694), (-32.8433, -482.963)))
(((-101.316, 625), (-36.2692, 625), (0.499115, 558.082), (-35.9445, 487.219), (-59.1822, 476.047), (-138.392, 505.196), (-151, 544), (-131.902, 602.779), (-101.316, 625)))
(((-26.4829, -488.364), (-33.3434, -543.247), (-68.0578, -522.897), (-57.8901, -486.039), (-32.8433, -482.963), (-26.4829, -488.364)))
(((-24.9589, -225.463), (-68.3359, -226.496), (-76.7273, -213.909), (-76.75, -213.25), (-56.2791, -179.132), (-30.2319, -185.499), (-23.7538, -223.442), (-24.9589, -225.463)))
(((-24.0443, -229.704), (-39.7686, -269.729), (-57.5, -270.5), (-73.0775, -249.73), (-68.3359, -226.496), (-24.9589, -225.463), (-24.0443, -229.704)))
(((-18.3785, -288.329), (-41.5012, -320.911), (-54.4, -321.371), (-74.375, -304.25), (-57.5, -270.5), (-39.7686, -269.729), (-18.0409, -285.87), (-18.3785, -288.329)))
(((-24.1216, -622.248), (-35.5, -627.5), (-60.1667, -615.167), (-56.9255, -568.169), (-28.4731, -554.814), (-28.0711, -555.001), (-13.2415, -606.905), (-24.1216, -622.248)))
(((-22.703, -360.622), (-51.3235, -377.794), (-61.0476, -373.024), (-66.4227, -354.004), (-54.4, -321.371), (-41.5012, -320.911), (-19.7506, -339.463), (-22.703, -360.622)))
(((-27.8503, -129.264), (-51.4096, -131.66), (-68.6916, -101.024), (-54.8362, -67.1552), (-19.8776, -91.1268), (-18.8191, -116), (-27.8503, -129.264)))
(((-4.29983, -165.026), (-30.2319, -185.499), (-56.2791, -179.132), (-69.5413, -153.712), (-51.4096, -131.66), (-27.8503, -129.264), (-4.29983, -165.026)))
(((-70, -800), (-77.7613, -770.248), (-57.4067, -693.619), (-53.1494, -692.214), (-13.7561, -702.41), (-21.4605, -800), (-70, -800)))
(((-112.435, 181.096), (-128, 229), (-114.886, 269.36), (-63.9234, 287.819), (-43.8089, 287.119), (2.19643, 247.429), (10.3247, 182.402), (-112.435, 181.096)))
(((-91.0769, 63.9975), (-107.902, 76.2215), (-127, 135), (-112.021, 181.101), (10.3247, 182.402), (11.6975, 181.555), (6.86322, 94.538), (-91.0769, 63.9975)))
(((-0.0488506, -431.658), (-29.8226, -443.694), (-51.5682, -427.006), (-43.7314, -397.618), (-4.53846, -400.231), (-0.0488506, -431.658)))
(((30.4182, 333.511), (-43.8089, 287.119), (-63.9234, 287.819), (-37.4835, 397.986), (11.6822, 386.206), (30.4182, 333.511)))
(((-4.53846, -400.231), (-43.7314, -397.618), (-51.3235, -377.794), (-22.703, -360.622), (6.11137, -382.481), (-4.53846, -400.231)))
(((0.576087, -274.788), (-18.0409, -285.87), (-39.7686, -269.729), (-24.0443, -229.704), (2.93173, -257.906), (0.576087, -274.788)))
(((-58.375, -53), (-30, -53), (-30, -39.25), (7.08065, -57.7903), (10.1279, -70.2139), (-19.8776, -91.1268), (-54.8362, -67.1552), (-58.375, -53)))
(((-13.7561, -702.41), (-53.1494, -692.214), (-35.5, -627.5), (-24.1216, -622.248), (10.1259, -655.179), (-12.1047, -702.11), (-13.7561, -702.41)))
(((11.7129, -328.45), (-19.7506, -339.463), (-41.5012, -320.911), (-18.3785, -288.329), (11.7129, -328.45)))
(((12.7963, -544.611), (-28.0711, -555.001), (-28.4731, -554.814), (-33.3434, -543.247), (-26.4829, -488.364), (-5.23807, -490.195), (17.6978, -534.633), (12.7963, -544.611)))
(((15.88, -211.969), (-23.7538, -223.442), (-30.2319, -185.499), (-4.29983, -165.026), (-0.644737, -165.645), (24.1294, -191.758), (15.88, -211.969)))
(((20, -474.571), (-5.23807, -490.195), (-26.4829, -488.364), (-32.8433, -482.963), (-29.8226, -443.694), (-0.0488506, -431.658), (20, -440.358), (20, -474.571)))
(((-30, -39.25), (-30, 6.62162), (6.41697, 4.65314), (28.1555, -21.662), (7.08065, -57.7903), (-30, -39.25)))
(((51.2233, 427.601), (11.6822, 386.206), (-37.4835, 397.986), (-43.1913, 402.946), (-59.1822, 476.047), (-35.9445, 487.219), (49.5498, 462.074), (51.2233, 427.601)))
(((24.8982, -353.419), (11.6577, -380.597), (6.11137, -382.481), (-22.703, -360.622), (-19.7506, -339.463), (11.7129, -328.45), (19.3675, -329.286), (24.8982, -353.419)))
(((-21.4605, -800), (-13.7561, -702.41), (-12.1047, -702.11), (18.2001, -711.634), (81.5566, -800), (-21.4605, -800)))
(((-30, 6.62162), (-30, 53), (-94.4259, 53), (-90.8273, 64.0754), (6.86322, 94.538), (29.602, 83.5518), (42.4003, 46.6337), (6.41697, 4.65314), (-30, 6.62162)))
(((28.8652, -239.382), (2.93173, -257.906), (-24.0443, -229.704), (-24.9589, -225.463), (-23.7538, -223.442), (15.88, -211.969), (28.8652, -239.382)))
(((27.9255, -137.074), (-0.644737, -165.645), (-4.29983, -165.026), (-27.8503, -129.264), (-18.8191, -116), (28.3646, -116), (27.9255, -137.074)))
(((28.3646, -116), (-18.8191, -116), (-19.8776, -91.1268), (10.1279, -70.2139), (22.0433, -77.9848), (29.6353, -114.257), (28.3646, -116)))
(((35.0096, -601.442), (-13.2415, -606.905), (-28.0711, -555.001), (12.7963, -544.611), (38.6447, -579.632), (35.0096, -601.442)))
(((31.8623, -317.359), (19.3675, -329.286), (11.7129, -328.45), (-18.3785, -288.329), (-18.0409, -285.87), (0.576087, -274.788), (33.7857, -291.393), (31.8623, -317.359)))
(((42.6344, -612.335), (41.5518, -645.894), (10.1259, -655.179), (-24.1216, -622.248), (-13.2415, -606.905), (35.0096, -601.442), (42.6344, -612.335)))
(((77.2432, 307.378), (68.0859, 278.075), (2.19643, 247.429), (-43.8089, 287.119), (30.4182, 333.511), (76.7053, 309.403), (77.2432, 307.378)))
(((20, -440.358), (-0.0488506, -431.658), (-4.53846, -400.231), (6.11137, -382.481), (11.6577, -380.597), (39.9845, -398.093), (27.5558, -436.509), (20, -440.358)))
(((87.1538, 511.615), (49.5498, 462.074), (-35.9445, 487.219), (0.499115, 558.082), (91.4143, 535.881), (87.1538, 511.615)))
(((48.0859, -516.676), (17.6978, -534.633), (-5.23807, -490.195), (20, -474.571), (45.3798, -489.074), (48.0859, -516.676)))
(((61.7439, -669.451), (18.2001, -711.634), (-12.1047, -702.11), (10.1259, -655.179), (41.5518, -645.894), (61.7439, -669.451)))
(((56.3902, -271.049), (33.7857, -291.393), (0.576087, -274.788), (2.93173, -257.906), (28.8652, -239.382), (41.8995, -244.482), (56.3902, -271.049)))
(((54.8232, -186.373), (24.1294, -191.758), (-0.644737, -165.645), (27.9255, -137.074), (61.1142, -161.659), (54.8232, -186.373)))
(((50.9884, -67.8149), (22.0433, -77.9848), (10.1279, -70.2139), (7.08065, -57.7903), (28.1555, -21.662), (48.3175, -25.0792), (50.9884, -67.8149)))
(((76.5115, 228.817), (28.7469, 183.002), (11.6975, 181.555), (10.3247, 182.402), (2.19643, 247.429), (68.0859, 278.075), (76.5115, 228.817)))
(((67.5213, -390.138), (39.9845, -398.093), (11.6577, -380.597), (24.8982, -353.419), (63.8928, -365.118), (69.5732, -387.402), (67.5213, -390.138)))
(((-36.2692, 625), (129.927, 625), (140, 594), (135.607, 580.479), (91.4143, 535.881), (0.499115, 558.082), (-36.2692, 625)))
(((73.1279, -207.576), (41.8995, -244.482), (28.8652, -239.382), (15.88, -211.969), (24.1294, -191.758), (54.8232, -186.373), (73.4614, -205.878), (73.1279, -207.576)))
(((85.6273, 19.1465), (64.9385, -18.6641), (48.3175, -25.0792), (28.1555, -21.662), (6.41697, 4.65314), (42.4003, 46.6337), (83.3865, 24.8185), (85.6273, 19.1465)))
(((68.5, -472.203), (45.3798, -489.074), (20, -474.571), (20, -440.358), (27.5558, -436.509), (68.5, -443.333), (68.5, -472.203)))
(((94.6506, 116.592), (29.602, 83.5518), (6.86322, 94.538), (11.6975, 181.555), (28.7469, 183.002), (94.422, 139.219), (94.6506, 116.592)))
(((73.5469, -559.688), (38.6447, -579.632), (12.7963, -544.611), (17.6978, -534.633), (48.0859, -516.676), (64.9444, -525.278), (73.5469, -559.688)))
(((62.8106, -110.487), (29.6353, -114.257), (22.0433, -77.9848), (50.9884, -67.8149), (70.4681, -77.305), (62.8106, -110.487)))
(((75.9645, -335.294), (63.8928, -365.118), (24.8982, -353.419), (19.3675, -329.286), (31.8623, -317.359), (72.7981, -329.639), (75.9645, -335.294)))
(((68.5, -443.333), (27.5558, -436.509), (39.9845, -398.093), (67.5213, -390.138), (74.7843, -437.348), (68.5, -443.333)))
(((61.1142, -161.659), (27.9255, -137.074), (28.3646, -116), (29.6353, -114.257), (62.8106, -110.487), (64.6298, -112.255), (72.9637, -151.543), (61.1142, -161.659)))
(((81.5566, -800), (18.2001, -711.634), (61.7439, -669.451), (72.9154, -672.169), (92.6067, -759.884), (87.1364, -800), (81.5566, -800)))
(((72.7981, -329.639), (31.8623, -317.359), (33.7857, -291.393), (56.3902, -271.049), (59.9111, -271.489), (81.8315, -301.034), (72.7981, -329.639)))
(((90.5912, -68.9204), (70.4681, -77.305), (50.9884, -67.8149), (48.3175, -25.0792), (64.9385, -18.6641), (96.0524, -53.1116), (90.5912, -68.9204)))
(((76.7053, 309.403), (30.4182, 333.511), (11.6822, 386.206), (51.2233, 427.601), (135.646, 383.554), (76.7053, 309.403)))
(((90.3098, -254.436), (59.9111, -271.489), (56.3902, -271.049), (41.8995, -244.482), (73.1279, -207.576), (90.3098, -254.436)))
(((91.7237, -610.103), (42.6344, -612.335), (35.0096, -601.442), (38.6447, -579.632), (73.5469, -559.688), (89.547, -565.725), (107.246, -591.721), (91.7237, -610.103)))
(((104.342, -495.934), (102.465, -506.518), (64.9444, -525.278), (48.0859, -516.676), (45.3798, -489.074), (68.5, -472.203), (103.679, -491.218), (104.342, -495.934)))
(((83.6982, -666.863), (72.9154, -672.169), (61.7439, -669.451), (41.5518, -645.894), (42.6344, -612.335), (91.7237, -610.103), (96.8333, -646.722), (83.6982, -666.863)))
(((121.599, 85.9581), (83.3865, 24.8185), (42.4003, 46.6337), (29.602, 83.5518), (94.6506, 116.592), (120.626, 89.3989), (121.599, 85.9581)))
(((140.132, 189.009), (94.422, 139.219), (28.7469, 183.002), (76.5115, 228.817), (138.91, 199.631), (140.132, 189.009)))
(((98.5014, -150.479), (72.9637, -151.543), (64.6298, -112.255), (100.963, -113.552), (98.5014, -150.479)))
(((100.963, -113.552), (64.6298, -112.255), (62.8106, -110.487), (70.4681, -77.305), (90.5912, -68.9204), (115.738, -99.27), (100.963, -113.552)))
(((101.626, -152.381), (106.226, -184.581), (95.4858, -201.392), (73.4614, -205.878), (54.8232, -186.373), (61.1142, -161.659), (72.9637, -151.543), (98.5014, -150.479), (101.626, -152.381)))
(((107.071, -386.681), (69.5732, -387.402), (63.8928, -365.118), (75.9645, -335.294), (111.69, -341.645), (107.071, -386.681)))
(((117.265, -530.088), (89.547, -565.725), (73.5469, -559.688), (64.9444, -525.278), (102.465, -506.518), (117.265, -530.088)))
(((109.211, -436.631), (74.7843, -437.348), (67.5213, -390.138), (69.5732, -387.402), (107.071, -386.681), (125.439, -401.223), (109.211, -436.631)))
(((107, -296), (81.8315, -301.034), (59.9111, -271.489), (90.3098, -254.436), (107, -256.683), (107, -296)))
(((122.793, -461.183), (103.679, -491.218), (68.5, -472.203), (68.5, -443.333), (74.7843, -437.348), (109.211, -436.631), (122.793, -461.183)))
(((133.679, -7.80513), (113.31, -44.2993), (96.0524, -53.1116), (64.9385, -18.6641), (85.6273, 19.1465), (128.761, -0.652695), (133.679, -7.80513)))
(((129.108, -330.625), (111.69, -341.645), (75.9645, -335.294), (72.7981, -329.639), (81.8315, -301.034), (107, -296), (127.79, -310.85), (129.108, -330.625)))
(((140.486, -240.583), (107, -256.683), (90.3098, -254.436), (73.1279, -207.576), (73.4614, -205.878), (95.4858, -201.392), (138.938, -236.434), (140.486, -240.583)))
(((154.016, 389.444), (135.646, 383.554), (51.2233, 427.601), (49.5498, 462.074), (87.1538, 511.615), (155.504, 429.596), (154.016, 389.444)))
(((92.6067, -759.884), (72.9154, -672.169), (83.6982, -666.863), (133.985, -689.721), (92.6067, -759.884)))
(((138.91, 199.631), (76.5115, 228.817), (68.0859, 278.075), (77.2432, 307.378), (173.645, 259.177), (138.91, 199.631)))
(((134.061, -146.843), (101.626, -152.381), (98.5014, -150.479), (100.963, -113.552), (115.738, -99.27), (120.451, -99.7493), (138.913, -140.628), (134.061, -146.843)))
(((153.601, -641.992), (96.8333, -646.722), (91.7237, -610.103), (107.246, -591.721), (143.688, -592.763), (156.434, -639.049), (153.601, -641.992)))
(((143.688, -592.763), (107.246, -591.721), (89.547, -565.725), (117.265, -530.088), (140.126, -537.709), (152.177, -581.61), (143.688, -592.763)))
(((139.348, -687.422), (133.985, -689.721), (83.6982, -666.863), (96.8333, -646.722), (153.601, -641.992), (139.348, -687.422)))
(((134.384, -92.0091), (120.451, -99.7493), (115.738, -99.27), (90.5912, -68.9204), (96.0524, -53.1116), (113.31, -44.2993), (140.21, -66.5209), (134.384, -92.0091)))
(((143.697, -183.243), (106.226, -184.581), (101.626, -152.381), (134.061, -146.843), (143.697, -183.243)))
(((142.271, -241.557), (154.084, -281.163), (127.79, -310.85), (107, -296), (107, -256.683), (140.486, -240.583), (142.271, -241.557)))
(((146.216, -185.49), (138.938, -236.434), (95.4858, -201.392), (106.226, -184.581), (143.697, -183.243), (146.216, -185.49)))
(((156.654, 58.4146), (128.761, -0.652695), (85.6273, 19.1465), (83.3865, 24.8185), (121.599, 85.9581), (156.654, 58.4146)))
(((146.5, -398.214), (125.439, -401.223), (107.071, -386.681), (111.69, -341.645), (129.108, -330.625), (148.881, -341.444), (160.632, -376.007), (146.5, -398.214)))
(((165.884, -511.193), (140.126, -537.709), (117.265, -530.088), (102.465, -506.518), (104.342, -495.934), (163.867, -501.887), (165.884, -511.193)))
(((163.867, -501.887), (104.342, -495.934), (103.679, -491.218), (122.793, -461.183), (154.362, -462.937), (166.189, -482.648), (163.867, -501.887)))
(((154.362, -462.937), (122.793, -461.183), (109.211, -436.631), (125.439, -401.223), (146.5, -398.214), (171.197, -429.968), (154.362, -462.937)))
(((171.633, -50.3022), (140.21, -66.5209), (113.31, -44.2993), (133.679, -7.80513), (149.388, -12.6566), (171.633, -50.3022)))
(((193.316, -800), (92.6835, -800), (87.6364, -796.333), (92.6067, -759.884), (133.985, -689.721), (139.348, -687.422), (186.103, -718.982), (215.083, -784.186), (193.316, -800)))
(((201.61, 142.678), (120.626, 89.3989), (94.6506, 116.592), (94.422, 139.219), (140.132, 189.009), (201.61, 142.678)))
(((188.139, 265.847), (173.645, 259.177), (77.2432, 307.378), (76.7053, 309.403), (135.646, 383.554), (154.016, 389.444), (203.634, 363.659), (188.139, 265.847)))
(((175.279, -113.725), (160.899, -135.848), (138.913, -140.628), (120.451, -99.7493), (134.384, -92.0091), (169.954, -101.623), (175.279, -113.725)))
(((135.237, 580.106), (180.902, 580.106), (227.024, 546.596), (219.638, 517.052), (155.504, 429.596), (87.1538, 511.615), (91.4143, 535.881), (135.237, 580.106)))
(((181.852, -178.031), (146.216, -185.49), (143.697, -183.243), (134.061, -146.843), (138.913, -140.628), (160.899, -135.848), (183.366, -169.549), (181.852, -178.031)))
(((186.467, -57.5889), (169.954, -101.623), (134.384, -92.0091), (140.21, -66.5209), (171.633, -50.3022), (186.467, -57.5889)))
(((191.42, -299.563), (184.018, -320.948), (148.881, -341.444), (129.108, -330.625), (127.79, -310.85), (154.084, -281.163), (190.699, -297.945), (191.42, -299.563)))
(((210, 20.5357), (149.388, -12.6566), (133.679, -7.80513), (128.761, -0.652695), (156.654, 58.4146), (165.133, 57.4854), (210, 21.0312), (210, 20.5357)))
(((188.376, -187.323), (174.817, -233.421), (142.271, -241.557), (140.486, -240.583), (138.938, -236.434), (146.216, -185.49), (181.852, -178.031), (188.376, -187.323)))
(((198.187, -528.376), (166.181, -578.163), (152.177, -581.61), (140.126, -537.709), (165.884, -511.193), (198.187, -528.376)))
(((228.388, 135.921), (165.133, 57.4854), (156.654, 58.4146), (121.599, 85.9581), (120.626, 89.3989), (201.61, 142.678), (228.388, 135.921)))
(((186.103, -718.982), (139.348, -687.422), (153.601, -641.992), (156.434, -639.049), (172.82, -642.511), (195.89, -663.933), (186.103, -718.982)))
(((206.703, -371.577), (160.632, -376.007), (148.881, -341.444), (184.018, -320.948), (209.466, -364.775), (206.703, -371.577)))
(((206.511, -262.159), (190.699, -297.945), (154.084, -281.163), (142.271, -241.557), (174.817, -233.421), (200.288, -243.099), (206.511, -262.159)))
(((217.651, -424.204), (210.634, -428.631), (171.197, -429.968), (146.5, -398.214), (160.632, -376.007), (206.703, -371.577), (218.047, -397.318), (217.651, -424.204)))
(((210, -43.5357), (187, -57.5), (186.467, -57.5889), (171.633, -50.3022), (149.388, -12.6566), (210, 20.5357), (210, -43.5357)))
(((207.332, -613.949), (172.82, -642.511), (156.434, -639.049), (143.688, -592.763), (152.177, -581.61), (166.181, -578.163), (195.7, -585.7), (207.332, -613.949)))
(((203.567, -474.567), (166.189, -482.648), (154.362, -462.937), (171.197, -429.968), (210.634, -428.631), (203.567, -474.567)))
(((215.354, -141.826), (183.366, -169.549), (160.899, -135.848), (175.279, -113.725), (206.059, -120.137), (215.354, -141.826)))
(((223.313, -521.739), (215.577, -527.573), (198.187, -528.376), (165.884, -511.193), (163.867, -501.887), (166.189, -482.648), (203.567, -474.567), (233.5, -504.5), (223.313, -521.739)))
(((206.059, -120.137), (175.279, -113.725), (169.954, -101.623), (186.467, -57.5889), (187, -57.5), (218.98, -101.473), (206.059, -120.137)))
(((269.964, 137.181), (228.388, 135.921), (201.61, 142.678), (140.132, 189.009), (138.91, 199.631), (173.645, 259.177), (188.139, 265.847), (291.973, 213.395), (296, 201), (276.902, 142.221), (269.964, 137.181)))
(((219.507, -569.828), (195.7, -585.7), (166.181, -578.163), (198.187, -528.376), (215.577, -527.573), (219.507, -569.828)))
(((214.453, -230.601), (200.288, -243.099), (174.817, -233.421), (188.376, -187.323), (220.953, -197.172), (214.453, -230.601)))
(((294.801, 53), (210, 53), (210, 21.0312), (165.133, 57.4854), (228.388, 135.921), (268.041, 137.122), (280.902, 127.779), (300, 69), (294.801, 53)))
(((226.877, -660.215), (195.89, -663.933), (172.82, -642.511), (207.332, -613.949), (243.031, -622.251), (226.877, -660.215)))
(((229.741, -349.57), (209.466, -364.775), (184.018, -320.948), (191.42, -299.563), (234.919, -311.595), (229.741, -349.57)))
(((203.634, 363.659), (154.016, 389.444), (155.504, 429.596), (219.638, 517.052), (257.213, 376.772), (203.634, 363.659)))
(((220.953, -197.172), (188.376, -187.323), (181.852, -178.031), (183.366, -169.549), (215.354, -141.826), (230.26, -148.549), (223.962, -195.788), (220.953, -197.172)))
(((255.193, -775.355), (245.902, -782.106), (214.158, -782.106), (186.103, -718.982), (195.89, -663.933), (226.877, -660.215), (251.864, -694.365), (255.193, -775.355)))
(((210, -43.5357), (210, -53), (268.254, -53), (249.027, -89.594), (218.98, -101.473), (187, -57.5), (210, -43.5357)))
(((258.584, -613.118), (243.031, -622.251), (207.332, -613.949), (195.7, -585.7), (219.507, -569.828), (257.015, -591.117), (261.222, -604.694), (258.584, -613.118)))
(((260.579, -274.372), (250.426, -302.525), (234.919, -311.595), (191.42, -299.563), (190.699, -297.945), (206.511, -262.159), (259.445, -271.234), (260.579, -274.372)))
(((233.5, -504.5), (203.567, -474.567), (210.634, -428.631), (217.651, -424.204), (244.647, -435.593), (247.593, -497.453), (233.5, -504.5)))
(((259.445, -271.234), (206.511, -262.159), (200.288, -243.099), (214.453, -230.601), (255.847, -239.799), (262.613, -248.001), (259.445, -271.234)))
(((255.847, -239.799), (214.453, -230.601), (220.953, -197.172), (223.962, -195.788), (248.746, -199.559), (255.847, -239.799)))
(((259.588, -126.557), (231.667, -148.37), (230.26, -148.549), (215.354, -141.826), (206.059, -120.137), (218.98, -101.473), (249.027, -89.594), (259.588, -126.557)))
(((257.015, -591.117), (219.507, -569.828), (215.577, -527.573), (223.313, -521.739), (266.146, -560.679), (257.015, -591.117)))
(((263.718, -189.453), (248.746, -199.559), (223.962, -195.788), (230.26, -148.549), (231.667, -148.37), (259.264, -169.967), (263.718, -189.453)))
(((260.942, -383.019), (218.047, -397.318), (206.703, -371.577), (209.466, -364.775), (229.741, -349.57), (266.913, -360.33), (260.942, -383.019)))
(((291.018, 213.877), (188.139, 265.847), (203.634, 363.659), (257.213, 376.772), (307.6, 370.075), (325.902, 356.779), (345, 298), (325.902, 239.221), (291.018, 213.877)))
(((262.407, -431.297), (244.647, -435.593), (217.651, -424.204), (218.047, -397.318), (260.942, -383.019), (275.927, -408.582), (262.407, -431.297)))
(((285.663, -349.783), (266.913, -360.33), (229.741, -349.57), (234.919, -311.595), (250.426, -302.525), (290.241, -341.056), (285.663, -349.783)))
(((288.761, -650.635), (251.864, -694.365), (226.877, -660.215), (243.031, -622.251), (258.584, -613.118), (288.761, -650.635)))
(((287.659, -543.236), (266.146, -560.679), (223.313, -521.739), (233.5, -504.5), (247.593, -497.453), (286.896, -501.275), (287.659, -543.236)))
(((287.912, -137.5), (259.264, -169.967), (231.667, -148.37), (259.588, -126.557), (287.912, -137.5)))
(((309.238, 369.858), (257.213, 376.772), (219.638, 517.052), (226.61, 544.938), (235.098, 551.106), (296.902, 551.106), (346.902, 514.779), (366, 456), (346.902, 397.221), (309.238, 369.858)))
(((297.441, -494.145), (286.896, -501.275), (247.593, -497.453), (244.647, -435.593), (262.407, -431.297), (282.024, -445.612), (298.504, -482.451), (297.441, -494.145)))
(((294.247, -228.419), (262.613, -248.001), (255.847, -239.799), (248.746, -199.559), (263.718, -189.453), (294.909, -194.651), (294.247, -228.419)))
(((294.909, -194.651), (263.718, -189.453), (259.264, -169.967), (287.912, -137.5), (290.881, -137.5), (305.652, -185.223), (294.909, -194.651)))
(((268.254, -53), (271.988, -53), (310.352, -119.722), (290.881, -137.5), (287.912, -137.5), (259.588, -126.557), (249.027, -89.594), (268.254, -53)))
(((299.752, -401.208), (275.927, -408.582), (260.942, -383.019), (266.913, -360.33), (285.663, -349.783), (303.831, -388.39), (299.752, -401.208)))
(((320.208, -299.069), (308.021, -332.307), (290.241, -341.056), (250.426, -302.525), (260.579, -274.372), (317.963, -287.523), (320.208, -299.069)))
(((255.293, -777.794), (251.864, -694.365), (288.761, -650.635), (309.759, -655.229), (317.666, -779.106), (257.098, -779.106), (255.293, -777.794)))
(((309.85, -592.538), (261.222, -604.694), (257.015, -591.117), (266.146, -560.679), (287.659, -543.236), (314.747, -561.057), (309.85, -592.538)))
(((318.904, -425.328), (282.024, -445.612), (262.407, -431.297), (275.927, -408.582), (299.752, -401.208), (318.409, -421.864), (318.904, -425.328)))
(((317.963, -287.523), (260.579, -274.372), (259.445, -271.234), (262.613, -248.001), (294.247, -228.419), (324.386, -246.797), (323.313, -277.924), (317.963, -287.523)))
(((336.971, -640.508), (309.759, -655.229), (288.761, -650.635), (258.584, -613.118), (261.222, -604.694), (309.85, -592.538), (335.775, -613.404), (336.971, -640.508)))
(((331.206, -442.641), (298.504, -482.451), (282.024, -445.612), (318.904, -425.328), (331.206, -442.641)))
(((333.32, -552.802), (314.747, -561.057), (287.659, -543.236), (286.896, -501.275), (297.441, -494.145), (338.061, -505.394), (333.32, -552.802)))
(((334.847, -378.051), (303.831, -388.39), (285.663, -349.783), (290.241, -341.056), (308.021, -332.307), (339.341, -354.461), (334.847, -378.051)))
(((358.283, -53), (316.132, -119.554), (310.352, -119.722), (271.988, -53), (358.283, -53)))
(((344.524, -135.454), (318.754, -185.012), (305.652, -185.223), (290.881, -137.5), (310.352, -119.722), (316.132, -119.554), (344.524, -135.454)))
(((347.791, -228.835), (324.386, -246.797), (294.247, -228.419), (294.909, -194.651), (305.652, -185.223), (318.754, -185.012), (339.966, -195.402), (347.791, -228.835)))
(((347.705, -396.753), (318.409, -421.864), (299.752, -401.208), (303.831, -388.39), (334.847, -378.051), (347.705, -396.753)))
(((354.057, -500.293), (338.061, -505.394), (297.441, -494.145), (298.504, -482.451), (331.206, -442.641), (357.474, -447.895), (354.057, -500.293)))
(((400, -751.332), (365.902, -776.106), (317.475, -776.106), (309.759, -655.229), (336.971, -640.508), (400, -674.977), (400, -751.332)))
(((335.775, -613.404), (309.85, -592.538), (314.747, -561.057), (333.32, -552.802), (377.94, -574.568), (335.775, -613.404)))
(((400, -413.779), (400, -419.009), (357.474, -447.895), (331.206, -442.641), (318.904, -425.328), (318.409, -421.864), (347.705, -396.753), (400, -413.779)))
(((400, -325.667), (400, -338.367), (339.341, -354.461), (308.021, -332.307), (320.208, -299.069), (400, -325.667)))
(((400, -159.066), (339.966, -195.402), (318.754, -185.012), (344.524, -135.454), (400, -138.095), (400, -159.066)))
(((358.283, -53), (400, -53), (400, -138.095), (344.524, -135.454), (316.132, -119.554), (358.283, -53)))
(((385.593, -272.085), (323.313, -277.924), (324.386, -246.797), (347.791, -228.835), (356.501, -231.093), (385.593, -272.085)))
(((400, -570.38), (377.94, -574.568), (333.32, -552.802), (338.061, -505.394), (354.057, -500.293), (400, -517), (400, -570.38)))
(((400, -325.667), (320.208, -299.069), (317.963, -287.523), (323.313, -277.924), (385.593, -272.085), (400, -279.556), (400, -325.667)))
(((400, -413.779), (347.705, -396.753), (334.847, -378.051), (339.341, -354.461), (400, -338.367), (400, -413.779)))
(((400, -207.984), (356.501, -231.093), (347.791, -228.835), (339.966, -195.402), (400, -159.066), (400, -207.984)))
(((400, -674.977), (336.971, -640.508), (335.775, -613.404), (377.94, -574.568), (400, -570.38), (400, -674.977)))
(((400, -517), (354.057, -500.293), (357.474, -447.895), (400, -419.009), (400, -517)))
(((400, -279.556), (385.593, -272.085), (356.501, -231.093), (400, -207.984), (400, -279.556)))
