(((-225, 498.403), (-225, 625), (-85.9211, 625), (-78.6754, 602.7), (-86.5353, 575.012), (-165.442, 480.894), (-200.902, 480.894), (-225, 498.403)))
(((-225, -143), (-225, -53), (-144.837, -53), (-146.719, -139.596), (-225, -143)))
(((-225, -143), (-146.719, -139.596), (-144.058, -141.279), (-124.687, -181.314), (-225, -225.354), (-225, -143)))
(((-225, -277.613), (-225, -225.354), (-124.687, -181.314), (-103.043, -194.727), (-102.551, -198.288), (-158.177, -284.419), (-200.924, -295.106), (-225, -277.613)))
(((-89.5, -53), (-89.5, -114), (-144.058, -141.279), (-146.719, -139.596), (-144.837, -53), (-89.5, -53)))
(((-209.167, -364.106), (-217, -340), (-202.545, -295.511), (-158.177, -284.419), (-104.888, -294.16), (-84.9761, -305.754), (-77.4341, -333.408), (-97.6381, -361.571), (-209.167, -364.106)))
(((-160.065, -469.542), (-196.902, -442.779), (-216, -384), (-209.539, -364.115), (-97.6381, -361.571), (-83.4228, -419.725), (-160.065, -469.542)))
(((-103.043, -194.727), (-124.687, -181.314), (-144.058, -141.279), (-89.5, -114), (-77.9927, -128.536), (-81.9088, -176.508), (-103.043, -194.727)))
(((-73.3448, -228.821), (-104.888, -294.16), (-158.177, -284.419), (-102.551, -198.288), (-73.3448, -228.821)))
(((-145.055, 323.63), (-178.902, 348.221), (-198, 407), (-178.902, 465.779), (-165.582, 475.456), (-53.2813, 440.199), (-47.2387, 398.332), (-56, 383), (-145.055, 323.63)))
(((-38.0498, -416.235), (-83.4228, -419.725), (-97.6381, -361.571), (-77.4341, -333.408), (-50.7023, -348.754), (-38.0498, -416.235)))
(((-56.4816, -290.525), (-84.9761, -305.754), (-104.888, -294.16), (-73.3448, -228.821), (-43.5612, -237.551), (-56.4816, -290.525)))
(((-165.268, 475.357), (-166.613, 479.498), (-86.5353, 575.012), (-17.1269, 475.349), (-53.2813, 440.199), (-165.268, 475.357)))
(((-161.827, -470.688), (-83.4228, -419.725), (-38.0498, -416.235), (-23.1412, -422.347), (-45.9343, -559.106), (-94.9017, -559.106), (-144.902, -522.779), (-161.827, -470.688)))
(((-89.5, -53), (-72, -53), (-37.0227, -82.1477), (-39.6213, -127.622), (-77.9927, -128.536), (-89.5, -114), (-89.5, -53)))
(((-31.9666, -175.583), (-81.9088, -176.508), (-77.9927, -128.536), (-39.6213, -127.622), (-28.8614, -136.768), (-31.9666, -175.583)))
(((-31.6611, -175.882), (-34.4444, -234.333), (-43.5612, -237.551), (-73.3448, -228.821), (-102.551, -198.288), (-103.043, -194.727), (-81.9088, -176.508), (-31.9666, -175.583), (-31.6611, -175.882)))
(((-108.997, 260.307), (-130.902, 276.221), (-146.083, 322.945), (-56, 383), (-1.86802, 301.802), (-51.3197, 267.735), (-108.997, 260.307)))
(((-7.41286, -332.4), (-50.7023, -348.754), (-77.4341, -333.408), (-84.9761, -305.754), (-56.4816, -290.525), (-10.5391, -300.096), (-7.41286, -332.4)))
(((-90.5572, 127.261), (-113.902, 144.221), (-133, 203), (-114.615, 259.584), (-51.3197, 267.735), (13.2791, 198.522), (-1.84317, 145.292), (-90.5572, 127.261)))
(((-10.5391, -300.096), (-56.4816, -290.525), (-43.5612, -237.551), (-34.4444, -234.333), (-32.4074, -234.889), (1.29565, -285.443), (-10.5391, -300.096)))
(((-23.1412, -422.347), (-38.0498, -416.235), (-50.7023, -348.754), (-7.41286, -332.4), (17.9672, -354.795), (-17.5467, -421.087), (-23.1412, -422.347)))
(((1.13575, -125.86), (-28.8614, -136.768), (-39.6213, -127.622), (-37.0227, -82.1477), (-5.26471, -85.3235), (1.13575, -125.86)))
(((-72, -53), (-30, -53), (-30, -28.6383), (9.74706, -41.3235), (8.39691, -75.0773), (-5.26471, -85.3235), (-37.0227, -82.1477), (-72, -53)))
(((-48.7999, 625), (18.7999, 625), (35.5022, 612.865), (50.8476, 563.617), (43.1739, 529.239), (-12.9497, 475.876), (-17.1269, 475.349), (-86.5353, 575.012), (-78.463, 603.448), (-48.7999, 625)))
(((26.6714, 308.311), (-1.86802, 301.802), (-56, 383), (-47.2387, 398.332), (36.4226, 380.79), (49.7855, 330.679), (26.6714, 308.311)))
(((25.6792, -219.736), (-32.4074, -234.889), (-34.4444, -234.333), (-31.6611, -175.882), (-12.4088, -178.474), (25.6792, -219.736)))
(((-30, 32.0598), (-30, 53), (-99.2272, 53), (-108, 80), (-92.7916, 126.807), (-1.84317, 145.292), (40.5, 118.071), (40.5, 104.1), (-0.558902, 34.2999), (-30, 32.0598)))
(((13.9053, -160.618), (-12.4088, -178.474), (-31.6611, -175.882), (-31.9666, -175.583), (-28.8614, -136.768), (1.13575, -125.86), (25.0423, -136.379), (13.9053, -160.618)))
(((-30, 32.0598), (-0.558902, 34.2999), (32.3596, 10.9384), (21.3696, -33.0217), (9.74706, -41.3235), (-30, -28.6383), (-30, 32.0598)))
(((36.4226, 380.79), (-47.2387, 398.332), (-53.2813, 440.199), (-17.1269, 475.349), (-12.9497, 475.876), (50.8228, 419.756), (36.4226, 380.79)))
(((31.8796, -224.852), (34.1046, -273.802), (1.29565, -285.443), (-32.4074, -234.889), (25.6792, -219.736), (28.1194, -220.224), (31.8796, -224.852)))
(((-45.7299, -557.879), (-23.1412, -422.347), (-17.5467, -421.087), (45.2651, -445.126), (10.6554, -570.106), (-28.9017, -570.106), (-45.7299, -557.879)))
(((54.0995, 224.721), (13.2791, 198.522), (-51.3197, 267.735), (-1.86802, 301.802), (26.6714, 308.311), (54.0995, 224.721)))
(((25.6792, -219.736), (-12.4088, -178.474), (13.9053, -160.618), (36.3535, -197.351), (28.1194, -220.224), (25.6792, -219.736)))
(((33.3638, -134.516), (25.0423, -136.379), (1.13575, -125.86), (-5.26471, -85.3235), (8.39691, -75.0773), (31.3628, -84.373), (34.5385, -133.597), (33.3638, -134.516)))
(((58.4416, -312.844), (22.1, -354.233), (17.9672, -354.795), (-7.41286, -332.4), (-10.5391, -300.096), (1.29565, -285.443), (34.1046, -273.802), (47.0992, -282.598), (58.4416, -312.844)))
(((36.3535, -197.351), (13.9053, -160.618), (25.0423, -136.379), (33.3638, -134.516), (52.607, -179.416), (36.3535, -197.351)))
(((58.6298, -440.536), (45.2651, -445.126), (-17.5467, -421.087), (17.9672, -354.795), (22.1, -354.233), (68.6757, -385.284), (58.6298, -440.536)))
(((55.2758, -76.0035), (31.3628, -84.373), (8.39691, -75.0773), (9.74706, -41.3235), (21.3696, -33.0217), (60.9598, -51.7171), (55.2758, -76.0035)))
(((61.3767, 14.0335), (32.3596, 10.9384), (-0.558902, 34.2999), (40.5, 104.1), (84.459, 36.6961), (61.3767, 14.0335)))
(((50.8228, 419.756), (-12.9497, 475.876), (43.1739, 529.239), (98.1379, 446.793), (50.8228, 419.756)))
(((70.5468, -126.016), (34.5385, -133.597), (31.3628, -84.373), (55.2758, -76.0035), (74.4211, -97.7895), (70.5468, -126.016)))
(((83.6633, -37.2256), (60.9598, -51.7171), (21.3696, -33.0217), (32.3596, 10.9384), (61.3767, 14.0335), (83.6633, -37.2256)))
(((100.32, 138.825), (40.5, 118.071), (-1.84317, 145.292), (13.2791, 198.522), (54.0995, 224.721), (82.0428, 218.052), (109.788, 181.226), (100.32, 138.825)))
(((93.5695, -156.758), (79.0979, -176.832), (52.607, -179.416), (33.3638, -134.516), (34.5385, -133.597), (70.5468, -126.016), (91.3729, -142.261), (93.5695, -156.758)))
(((102.854, -363.697), (68.6757, -385.284), (22.1, -354.233), (58.4416, -312.844), (110.4, -332.762), (102.854, -363.697)))
(((84.833, -199.199), (61.5, -223.643), (31.8796, -224.852), (28.1194, -220.224), (36.3535, -197.351), (52.607, -179.416), (79.0979, -176.832), (84.833, -199.199)))
(((92.7283, -260.34), (47.0992, -282.598), (34.1046, -273.802), (31.8796, -224.852), (61.5, -223.643), (98.5478, -250.106), (92.7283, -260.34)))
(((107.809, -580.907), (97.9017, -588.106), (36.0983, -588.106), (10.7673, -569.702), (45.2651, -445.126), (58.6298, -440.536), (104.602, -457.446), (107.809, -580.907)))
(((119.89, 277.691), (82.0428, 218.052), (54.0995, 224.721), (26.6714, 308.311), (49.7855, 330.679), (111.224, 323.063), (119.89, 277.691)))
(((88.8797, -38.4713), (100.786, -84.6071), (74.4211, -97.7895), (55.2758, -76.0035), (60.9598, -51.7171), (83.6633, -37.2256), (88.8797, -38.4713)))
(((114.509, -329.731), (110.4, -332.762), (58.4416, -312.844), (47.0992, -282.598), (92.7283, -260.34), (117.272, -323.744), (114.509, -329.731)))
(((98.5478, -250.106), (61.5, -223.643), (84.833, -199.199), (108.743, -212.31), (100.475, -249.058), (98.5478, -250.106)))
(((139.162, 100.353), (88.2103, 37.0492), (84.459, 36.6961), (40.5, 104.1), (40.5, 118.071), (100.32, 138.825), (139.243, 103.017), (139.162, 100.353)))
(((170.132, 364.979), (111.224, 323.063), (49.7855, 330.679), (36.4226, 380.79), (50.8228, 419.756), (98.1379, 446.793), (120.527, 445.674), (150.089, 423.287), (170.132, 364.979)))
(((120.079, -30.5393), (88.8797, -38.4713), (83.6633, -37.2256), (61.3767, 14.0335), (84.459, 36.6961), (88.2103, 37.0492), (119.011, 17.5026), (120.079, -30.5393)))
(((120.527, 445.674), (98.1379, 446.793), (43.1739, 529.239), (50.8476, 563.617), (140.299, 529.415), (120.527, 445.674)))
(((104.602, -457.446), (58.6298, -440.536), (68.6757, -385.284), (102.854, -363.697), (156.262, -430.096), (104.602, -457.446)))
(((139.667, -109.662), (91.3729, -142.261), (70.5468, -126.016), (74.4211, -97.7895), (100.786, -84.6071), (131.098, -93.5631), (139.667, -109.662)))
(((139.511, -184.778), (136.053, -196.607), (108.743, -212.31), (84.833, -199.199), (79.0979, -176.832), (93.5695, -156.758), (136.634, -180.917), (139.511, -184.778)))
(((131.098, -93.5631), (100.786, -84.6071), (88.8797, -38.4713), (120.079, -30.5393), (142.706, -41.8532), (131.098, -93.5631)))
(((145.353, -296.248), (117.272, -323.744), (92.7283, -260.34), (98.5478, -250.106), (100.475, -249.058), (144.658, -257.342), (145.353, -296.248)))
(((39.246, 625), (194.677, 625), (182.986, 552.516), (140.299, 529.415), (50.8476, 563.617), (35.4047, 613.178), (39.246, 625)))
(((144.658, -257.342), (100.475, -249.058), (108.743, -212.31), (136.053, -196.607), (159.167, -242.833), (144.658, -257.342)))
(((144.044, -111.761), (136.634, -180.917), (93.5695, -156.758), (91.3729, -142.261), (139.667, -109.662), (144.044, -111.761)))
(((190.489, 212.265), (109.788, 181.226), (82.0428, 218.052), (119.89, 277.691), (178.473, 234.34), (190.489, 212.265)))
(((170.855, 29.7011), (119.011, 17.5026), (88.2103, 37.0492), (139.162, 100.353), (174.109, 32.7897), (170.855, 29.7011)))
(((158.619, -37.5949), (142.706, -41.8532), (120.079, -30.5393), (119.011, 17.5026), (170.855, 29.7011), (158.619, -37.5949)))
(((107.845, -582.289), (104.602, -457.446), (156.262, -430.096), (214.712, -430.576), (226.573, -437.364), (244, -491), (224.902, -549.779), (174.902, -586.106), (113.098, -586.106), (107.845, -582.289)))
(((214.712, -430.576), (156.262, -430.096), (102.854, -363.697), (110.4, -332.762), (114.509, -329.731), (191.066, -362.79), (214.712, -430.576)))
(((182.933, -133.99), (162.271, -179.188), (139.511, -184.778), (136.634, -180.917), (144.044, -111.761), (160.84, -113.308), (182.933, -133.99)))
(((191, 212.058), (191, 122.923), (139.243, 103.017), (100.32, 138.825), (109.788, 181.226), (190.489, 212.265), (191, 212.058)))
(((184.346, -83.317), (160.84, -113.308), (144.044, -111.761), (139.667, -109.662), (131.098, -93.5631), (142.706, -41.8532), (158.619, -37.5949), (177.029, -44.9002), (184.346, -83.317)))
(((191.066, -362.79), (114.509, -329.731), (117.272, -323.744), (145.353, -296.248), (202.767, -306.794), (191.066, -362.79)))
(((170.292, 364.921), (195.331, 335.483), (178.473, 234.34), (119.89, 277.691), (111.224, 323.063), (170.132, 364.979), (170.292, 364.921)))
(((206.813, -212.881), (174.275, -241.722), (159.167, -242.833), (136.053, -196.607), (139.511, -184.778), (162.271, -179.188), (203.11, -200.105), (206.813, -212.881)))
(((232.487, 493.116), (150.089, 423.287), (120.527, 445.674), (140.299, 529.415), (182.986, 552.516), (232.487, 493.116)))
(((211.504, -298.751), (202.767, -306.794), (145.353, -296.248), (144.658, -257.342), (159.167, -242.833), (174.275, -241.722), (210.83, -293.509), (211.504, -298.751)))
(((210, -34.7091), (177.029, -44.9002), (158.619, -37.5949), (170.855, 29.7011), (174.109, 32.7897), (210, 31.9831), (210, -34.7091)))
(((280.202, 53), (210, 53), (210, 31.9831), (174.109, 32.7897), (139.162, 100.353), (139.243, 103.017), (191, 122.923), (287.559, 78.3574), (288, 77), (280.202, 53)))
(((203.11, -200.105), (162.271, -179.188), (182.933, -133.99), (191.346, -135.192), (216.021, -170.595), (203.11, -200.105)))
(((217.422, -119.547), (191.346, -135.192), (182.933, -133.99), (160.84, -113.308), (184.346, -83.317), (216.584, -87.6734), (217.422, -119.547)))
(((210, -34.7091), (210, -53), (254.409, -53), (216.584, -87.6734), (184.346, -83.317), (177.029, -44.9002), (210, -34.7091)))
(((236.842, -231.079), (210.83, -293.509), (174.275, -241.722), (206.813, -212.881), (208.475, -213.66), (236.842, -231.079)))
(((306.297, 273.835), (290.779, 226.076), (191, 212.058), (190.489, 212.265), (178.473, 234.34), (195.331, 335.483), (306.297, 273.835)))
(((249.978, 489.166), (248.488, 399.792), (170.292, 364.921), (170.132, 364.979), (150.089, 423.287), (232.487, 493.116), (249.978, 489.166)))
(((256.63, -156.751), (216.021, -170.595), (191.346, -135.192), (217.422, -119.547), (262.47, -134.929), (256.63, -156.751)))
(((283.128, 80.4023), (191, 122.923), (191, 212.058), (288.429, 225.746), (304.902, 213.779), (324, 155), (304.902, 96.2215), (283.128, 80.4023)))
(((327.614, -349.42), (311.902, -397.779), (261.902, -434.106), (220.88, -434.106), (214.712, -430.576), (191.066, -362.79), (202.767, -306.794), (211.504, -298.751), (259.519, -306.753), (323.713, -340.585), (327.614, -349.42)))
(((254.409, -53), (319.754, -53), (326.584, -74.0203), (262.47, -134.929), (217.422, -119.547), (216.584, -87.6734), (254.409, -53)))
(((263.569, -174.308), (208.475, -213.66), (206.813, -212.881), (203.11, -200.105), (216.021, -170.595), (256.63, -156.751), (264.058, -173.391), (263.569, -174.308)))
(((236.842, -231.079), (208.475, -213.66), (263.569, -174.308), (243.163, -230.991), (236.842, -231.079)))
(((254.219, -235.202), (259.519, -306.753), (211.504, -298.751), (210.83, -293.509), (236.842, -231.079), (243.163, -230.991), (254.219, -235.202)))
(((265.333, 625), (276.096, 495.852), (249.978, 489.166), (232.487, 493.116), (182.986, 552.516), (194.677, 625), (265.333, 625)))
(((302.353, 276.026), (195.331, 335.483), (170.292, 364.921), (248.488, 399.792), (350.336, 362.122), (352, 357), (332.902, 298.221), (302.353, 276.026)))
(((329.404, -231.505), (254.219, -235.202), (243.163, -230.991), (263.569, -174.308), (264.058, -173.391), (336.366, -219.244), (329.404, -231.505)))
(((323.713, -340.585), (259.519, -306.753), (254.219, -235.202), (329.404, -231.505), (323.713, -340.585)))
(((348.376, 362.847), (248.488, 399.792), (249.978, 489.166), (276.096, 495.852), (361.026, 485.318), (379, 430), (359.902, 371.221), (348.376, 362.847)))
(((389.406, -174.062), (336.366, -219.244), (264.058, -173.391), (256.63, -156.751), (262.47, -134.929), (329.075, -71.6533), (373.902, -104.221), (393, -163), (389.406, -174.062)))
(((265.333, 625), (365.962, 625), (375.902, 617.779), (395, 559), (375.902, 500.221), (356.211, 485.916), (276.096, 495.852), (265.333, 625)))
(((400, -175.894), (400, -366.106), (354.098, -366.106), (325.952, -345.656), (323.713, -340.585), (329.404, -231.505), (336.366, -219.244), (387.254, -175.894), (400, -175.894)))
