(((-225, 495.934), (-225, 622.066), (-220.962, 625), (-79.0378, 625), (-69.0983, 617.779), (-50, 559), (-69.0983, 500.221), (-110.909, 469.844), (-123.159, 463.894), (-180.902, 463.894), (-225, 495.934)))
(((-108.845, 298.298), (-145.902, 325.221), (-165, 384), (-145.902, 442.779), (-104.091, 473.156), (-91.8413, 479.106), (-58.9623, 479.106), (23.5856, 404.738), (16.4207, 369.565), (-17.9622, 325.632), (-108.845, 298.298)))
(((-106.177, 193.068), (-125, 251), (-109.717, 298.036), (-17.9622, 325.632), (3.52878, 288.147), (-12.9387, 203.752), (-106.177, 193.068)))
(((-73.5978, 80.7433), (-94.9017, 96.2215), (-114, 155), (-101.455, 193.609), (-12.9387, 203.752), (19, 192.864), (19, 114.261), (-40.949, 85.5896), (-73.5978, 80.7433)))
(((-30, -29.7736), (-30, 53), (-86.5521, 53), (-77.7374, 80.1288), (-40.949, 85.5896), (60.4231, 15.1923), (56.8916, -11.1759), (39.7196, -23.1963), (-30, -29.7736)))
(((-76.5521, -53), (-30, -53), (-30, -29.7736), (39.7196, -23.1963), (54.2071, -168.071), (45.9017, -174.106), (-15.9017, -174.106), (-65.9017, -137.779), (-85, -79), (-76.5521, -53)))
(((59.1084, 209.272), (19, 192.864), (-12.9387, 203.752), (3.52878, 288.147), (43.7449, 261.337), (59.1084, 209.272)))
(((60.4231, 15.1923), (-40.949, 85.5896), (19, 114.261), (54.5748, 105.754), (71.8172, 34.6293), (60.4231, 15.1923)))
(((-60.1971, 480.218), (-65, 495), (-45.9017, 553.779), (4.0983, 590.106), (17.9842, 590.106), (82.7977, 430.232), (23.5856, 404.738), (-60.1971, 480.218)))
(((95.9126, 304.019), (43.7449, 261.337), (3.52878, 288.147), (-17.9622, 325.632), (16.4207, 369.565), (95.9126, 304.019)))
(((66.128, 207.616), (92.7206, 127.838), (54.5748, 105.754), (19, 114.261), (19, 192.864), (59.1084, 209.272), (66.128, 207.616)))
(((18.5458, 588.72), (41.0983, 605.106), (102.902, 605.106), (142.335, 576.456), (166.495, 526.942), (171.935, 510.2), (115.356, 435.352), (82.7977, 430.232), (18.5458, 588.72)))
(((173.598, -77.3149), (155.902, -131.779), (105.902, -168.106), (54.2106, -168.106), (39.7196, -23.1963), (56.8916, -11.1759), (146.098, -55.2541), (173.598, -77.3149)))
(((120.188, 227.5), (66.128, 207.616), (59.1084, 209.272), (43.7449, 261.337), (95.9126, 304.019), (128.385, 296.803), (120.188, 227.5)))
(((158.523, 79.6343), (125.447, 51.4387), (71.8172, 34.6293), (54.5748, 105.754), (92.7206, 127.838), (116.221, 124.622), (158.523, 79.6343)))
(((134.509, 404.342), (131.587, 299.117), (128.385, 296.803), (95.9126, 304.019), (16.4207, 369.565), (23.5856, 404.738), (82.7977, 430.232), (115.356, 435.352), (134.509, 404.342)))
(((158.814, 196.498), (116.221, 124.622), (92.7206, 127.838), (66.128, 207.616), (120.188, 227.5), (158.814, 196.498)))
(((146.098, -55.2541), (56.8916, -11.1759), (60.4231, 15.1923), (71.8172, 34.6293), (125.447, 51.4387), (146.098, -55.2541)))
(((236.628, 53), (210, 53), (210, -53), (212.08, -53), (178.902, -77.1057), (173.337, -77.1057), (146.098, -55.2541), (125.447, 51.4387), (158.523, 79.6343), (230.815, 70.8893), (236.628, 53)))
(((227.483, 71.2924), (158.523, 79.6343), (116.221, 124.622), (158.814, 196.498), (184.669, 194.822), (262.013, 138.963), (243.902, 83.2215), (227.483, 71.2924)))
(((267.098, 343.147), (260.082, 321.554), (217.305, 299.983), (131.587, 299.117), (134.509, 404.342), (267.098, 343.147)))
(((184.669, 194.822), (158.814, 196.498), (120.188, 227.5), (128.385, 296.803), (131.587, 299.117), (217.305, 299.983), (184.669, 194.822)))
(((264.765, 344.224), (134.509, 404.342), (115.356, 435.352), (171.107, 509.106), (188.521, 509.106), (247.914, 496.019), (279.902, 472.779), (299, 414), (279.902, 355.221), (264.765, 344.224)))
(((261.88, 139.059), (184.669, 194.822), (217.305, 299.983), (263.896, 323.477), (308.902, 290.779), (328, 232), (308.902, 173.221), (261.88, 139.059)))
(((149.047, 625), (326.953, 625), (338, 591), (318.902, 532.221), (268.902, 495.894), (248.479, 495.894), (189.086, 508.981), (167.665, 524.544), (143.505, 574.058), (138, 591), (149.047, 625)))
