(((-225, -350.429), (-192.491, -363.2), (-174.491, -433.203), (-178.578, -440.903), (-183.3, -445.1), (-225, -452.174), (-225, -350.429)))
(((-225, -124.723), (-193.113, -130.486), (-165.809, -182.363), (-178.986, -199.682), (-225, -206.947), (-225, -124.723)))
(((-225, -206.947), (-178.986, -199.682), (-153.914, -241.849), (-210.266, -283.501), (-225, -284.062), (-225, -206.947)))
(((-225, -591.495), (-225, -452.174), (-183.3, -445.1), (-147.626, -506.092), (-189.957, -583.057), (-219.138, -595.755), (-225, -591.495)))
(((-225, -284.062), (-210.266, -283.501), (-192.868, -292.347), (-153.968, -339.351), (-160.099, -354.24), (-192.491, -363.2), (-225, -350.429), (-225, -284.062)))
(((-225, -124.723), (-225, -53), (-152.782, -53), (-148.432, -91.5342), (-170.583, -122.261), (-193.113, -130.486), (-225, -124.723)))
(((-140.222, -402.889), (-174.491, -433.203), (-192.491, -363.2), (-160.099, -354.24), (-136.634, -388.535), (-140.222, -402.889)))
(((-165.809, -182.363), (-193.113, -130.486), (-170.583, -122.261), (-135.636, -144.103), (-165.341, -182.295), (-165.809, -182.363)))
(((-127.303, -326.315), (-153.968, -339.351), (-192.868, -292.347), (-127.861, -294.204), (-118.685, -307.699), (-127.303, -326.315)))
(((-127.861, -294.204), (-192.868, -292.347), (-210.266, -283.501), (-153.914, -241.849), (-141.844, -242.382), (-127.159, -259.773), (-127.861, -294.204)))
(((-225, 487.934), (-225, 614.066), (-209.951, 625), (-152.574, 625), (-109.982, 519.641), (-194.981, 466.123), (-225, 487.934)))
(((-121.864, -214.409), (-141.844, -242.382), (-153.914, -241.849), (-178.986, -199.682), (-165.809, -182.363), (-165.341, -182.295), (-129.668, -190.996), (-121.864, -214.409)))
(((-105.138, -157.974), (-129.668, -190.996), (-165.341, -182.295), (-135.636, -144.103), (-109.577, -145.236), (-105.138, -157.974)))
(((-109.577, -145.236), (-135.636, -144.103), (-170.583, -122.261), (-148.432, -91.5342), (-109.583, -110.958), (-104.125, -130.064), (-109.577, -145.236)))
(((-86.272, -474.56), (-120.558, -503.131), (-147.626, -506.092), (-183.3, -445.1), (-178.578, -440.903), (-94, -460.934), (-86.272, -474.56)))
(((-101.867, -367.013), (-136.634, -388.535), (-160.099, -354.24), (-153.968, -339.351), (-127.303, -326.315), (-101.867, -367.013)))
(((-225, -643.233), (-225, -624.767), (-214.986, -593.948), (-189.957, -583.057), (-87.8853, -586.182), (-113.658, -729.106), (-158.902, -729.106), (-208.902, -692.779), (-225, -643.233)))
(((-87.8853, -586.182), (-189.957, -583.057), (-147.626, -506.092), (-120.558, -503.131), (-81.8481, -582.97), (-87.8853, -586.182)))
(((-94, -460.934), (-178.578, -440.903), (-174.491, -433.203), (-140.222, -402.889), (-94, -426), (-94, -460.934)))
(((-75.2849, -53), (-75.2483, -53.213), (-109.583, -110.958), (-148.432, -91.5342), (-152.782, -53), (-75.2849, -53)))
(((-88.1845, -255.775), (-127.159, -259.773), (-141.844, -242.382), (-121.864, -214.409), (-90.185, -216.521), (-82.3413, -246.47), (-88.1845, -255.775)))
(((-76.1627, -406.181), (-94, -426), (-140.222, -402.889), (-136.634, -388.535), (-101.867, -367.013), (-86.9408, -368.457), (-76.1627, -406.181)))
(((-74.2627, -198.257), (-90.185, -216.521), (-121.864, -214.409), (-129.668, -190.996), (-105.138, -157.974), (-84.1929, -171.225), (-74.2627, -198.257)))
(((-85.6483, -305.459), (-118.685, -307.699), (-127.861, -294.204), (-127.159, -259.773), (-88.1845, -255.775), (-78.7093, -286.57), (-85.6483, -305.459)))
(((-109.211, 625), (-46.9313, 542.571), (-64.2149, 521.471), (-109.982, 519.641), (-152.574, 625), (-109.211, 625)))
(((-86.9408, -368.457), (-101.867, -367.013), (-127.303, -326.315), (-118.685, -307.699), (-85.6483, -305.459), (-71.7919, -320.667), (-82.8154, -364.762), (-86.9408, -368.457)))
(((-170.668, 404.513), (-179.902, 411.221), (-197.272, 464.681), (-109.982, 519.641), (-64.2149, 521.471), (-53.8731, 481.003), (-83.229, 427.629), (-170.668, 404.513)))
(((-81.8481, -582.97), (-120.558, -503.131), (-86.272, -474.56), (-55.8529, -484.11), (-68.2583, -580.252), (-81.8481, -582.97)))
(((-61.7862, -73.0519), (-60.5842, -121.133), (-104.125, -130.064), (-109.583, -110.958), (-75.2483, -53.213), (-61.7862, -73.0519)))
(((-160.681, 335.852), (-176, 383), (-168.854, 404.993), (-83.229, 427.629), (-13.8651, 380.102), (-26.0218, 352.685), (-160.681, 335.852)))
(((-52.5, -152.823), (-84.1929, -171.225), (-105.138, -157.974), (-109.577, -145.236), (-104.125, -130.064), (-60.5842, -121.133), (-52.5, -127.6), (-52.5, -152.823)))
(((-19.1142, -727.766), (-36.0983, -740.106), (-97.9017, -740.106), (-113.587, -728.71), (-87.8853, -586.182), (-81.8481, -582.97), (-68.2583, -580.252), (-48.3778, -586.539), (-20.3901, -607.834), (-19.1142, -727.766)))
(((-111.599, 225.846), (-147.902, 252.221), (-167, 311), (-158.851, 336.081), (-26.0218, 352.685), (-14.3642, 307.453), (-111.599, 225.846)))
(((-29.3762, -474.252), (-55.8529, -484.11), (-86.272, -474.56), (-94, -460.934), (-94, -426), (-76.1627, -406.181), (-44.2342, -411.928), (-27.6504, -454.216), (-28.907, -473.568), (-29.3762, -474.252)))
(((-46.1113, -245.516), (-82.3413, -246.47), (-90.185, -216.521), (-74.2627, -198.257), (-42.1041, -204.442), (-46.1113, -245.516)))
(((-39.442, -253.362), (-44.7832, -275.261), (-78.7093, -286.57), (-88.1845, -255.775), (-82.3413, -246.47), (-46.1113, -245.516), (-39.442, -253.362)))
(((-109.211, 625), (35.1767, 625), (42, 604), (39.2181, 595.438), (29.8144, 579.661), (21.827, 572.924), (-46.9313, 542.571), (-109.211, 625)))
(((-44.2342, -411.928), (-76.1627, -406.181), (-86.9408, -368.457), (-82.8154, -364.762), (-41.9434, -365.866), (-29.5418, -391.359), (-44.2342, -411.928)))
(((-26.3947, -336.406), (-41.9434, -365.866), (-82.8154, -364.762), (-71.7919, -320.667), (-40.0825, -321.277), (-26.3947, -336.406)))
(((-42.1041, -204.442), (-74.2627, -198.257), (-84.1929, -171.225), (-52.5, -152.823), (-36, -165.065), (-36, -201.062), (-42.1041, -204.442)))
(((-40.0825, -321.277), (-71.7919, -320.667), (-85.6483, -305.459), (-78.7093, -286.57), (-44.7832, -275.261), (-31.4346, -295.951), (-40.0825, -321.277)))
(((-18.8983, -120.04), (-52.5, -127.6), (-60.5842, -121.133), (-61.7862, -73.0519), (-27.6922, -87.7953), (-18.8983, -120.04)))
(((-84.0036, 61.14), (-119.902, 87.2215), (-139, 146), (-119.902, 204.779), (-107.159, 214.037), (-12.2718, 197.497), (-9.01231, 104.601), (-84.0036, 61.14)))
(((26.7059, 407.819), (-13.8651, 380.102), (-83.229, 427.629), (-53.8731, 481.003), (11.2593, 446.111), (30.669, 416.997), (26.7059, 407.819)))
(((-4.35894, -141.696), (-11.0093, -152.972), (-36, -165.065), (-52.5, -152.823), (-52.5, -127.6), (-18.8983, -120.04), (-11.7738, -123.529), (-4.35894, -141.696)))
(((2.02469, -520.007), (-48.3778, -586.539), (-68.2583, -580.252), (-55.8529, -484.11), (-29.3762, -474.252), (2.02469, -520.007)))
(((-75.2849, -53), (-30, -53), (-30, -35.8514), (7.11773, -61.9341), (8.41016, -65.876), (-27.6922, -87.7953), (-61.7862, -73.0519), (-75.2483, -53.213), (-75.2849, -53)))
(((-11.1683, -252.72), (-39.442, -253.362), (-46.1113, -245.516), (-42.1041, -204.442), (-36, -201.062), (-17.78, -203.34), (0.197889, -231.124), (-11.1683, -252.72)))
(((2.71713, -285.907), (-31.4346, -295.951), (-44.7832, -275.261), (-39.442, -253.362), (-11.1683, -252.72), (6.4423, -279.869), (2.71713, -285.907)))
(((-106.662, 213.95), (-110.757, 226.552), (-14.3642, 307.453), (12.5237, 290.856), (6.75016, 204.252), (-12.2718, 197.497), (-106.662, 213.95)))
(((-8.38157, -389.154), (-29.5418, -391.359), (-41.9434, -365.866), (-26.3947, -336.406), (-8.13376, -338.328), (2.76779, -379.512), (-8.38157, -389.154)))
(((-17.78, -203.34), (-36, -201.062), (-36, -165.065), (-11.0093, -152.972), (0.848837, -188.547), (-17.78, -203.34)))
(((4.50208, -420.778), (-27.6504, -454.216), (-44.2342, -411.928), (-29.5418, -391.359), (-8.38157, -389.154), (4.50208, -420.778)))
(((8.49061, -328.63), (-8.13376, -338.328), (-26.3947, -336.406), (-40.0825, -321.277), (-31.4346, -295.951), (2.71713, -285.907), (8.49061, -328.63)))
(((11.2593, 446.111), (-53.8731, 481.003), (-64.2149, 521.471), (-46.9313, 542.571), (21.827, 572.924), (11.2593, 446.111)))
(((15.0236, -71.9383), (14.3781, -100.984), (-11.7738, -123.529), (-18.8983, -120.04), (-27.6922, -87.7953), (8.41016, -65.876), (15.0236, -71.9383)))
(((-30, 18.5625), (15.1361, 12.9205), (25.2813, -24.5386), (7.11773, -61.9341), (-30, -35.8514), (-30, 18.5625)))
(((30.2811, -594.47), (-20.3901, -607.834), (-48.3778, -586.539), (2.02469, -520.007), (5.51145, -521.053), (34.2612, -558.649), (30.2811, -594.47)))
(((17.5503, -187.354), (0.848837, -188.547), (-11.0093, -152.972), (-4.35894, -141.696), (6.60359, -144.245), (27.7647, -173.871), (17.5503, -187.354)))
(((27.1925, -228.553), (0.197889, -231.124), (-17.78, -203.34), (0.848837, -188.547), (17.5503, -187.354), (33.8469, -216.112), (27.1925, -228.553)))
(((32.9744, -463.254), (-28.907, -473.568), (-27.6504, -454.216), (4.50208, -420.778), (21.4459, -421.248), (34.4211, -457.579), (32.9744, -463.254)))
(((-30, 18.5625), (-30, 53), (-86.3754, 53), (-88, 58), (-87.6702, 59.015), (-9.01231, 104.601), (5.06075, 103.663), (54.5028, 49.9826), (30.5283, 20.514), (15.1361, 12.9205), (-30, 18.5625)))
(((40.6317, -401.325), (21.4459, -421.248), (4.50208, -420.778), (-8.38157, -389.154), (2.76779, -379.512), (29.3644, -380.668), (40.6317, -401.325)))
(((30.3498, -275.359), (6.4423, -279.869), (-11.1683, -252.72), (0.197889, -231.124), (27.1925, -228.553), (35.5416, -245.691), (30.3498, -275.359)))
(((29.3644, -380.668), (2.76779, -379.512), (-8.13376, -338.328), (8.49061, -328.63), (30.7136, -332.404), (36.8212, -366.432), (29.3644, -380.668)))
(((38.9327, -131.544), (6.60359, -144.245), (-4.35894, -141.696), (-11.7738, -123.529), (14.3781, -100.984), (36.3286, -116.663), (38.9327, -131.544)))
(((42.9693, 125.719), (5.06075, 103.663), (-9.01231, 104.601), (-12.2718, 197.497), (6.75016, 204.252), (48.2278, 195.393), (42.9693, 125.719)))
(((46.3832, -501.82), (5.51145, -521.053), (2.02469, -520.007), (-29.3762, -474.252), (-28.907, -473.568), (32.9744, -463.254), (44.1714, -474.724), (46.3832, -501.82)))
(((46.3182, -322.227), (30.7136, -332.404), (8.49061, -328.63), (2.71713, -285.907), (6.4423, -279.869), (30.3498, -275.359), (58.1512, -293.49), (46.3182, -322.227)))
(((60.7717, -737.021), (57.9017, -739.106), (-3.9017, -739.106), (-19.1111, -728.055), (-20.3901, -607.834), (30.2811, -594.47), (67.2844, -611.65), (60.7717, -737.021)))
(((51.6923, -166.692), (27.7647, -173.871), (6.60359, -144.245), (38.9327, -131.544), (53.1243, -143.303), (51.6923, -166.692)))
(((68.3254, 348.227), (27.3356, 292.598), (12.5237, 290.856), (-14.3642, 307.453), (-26.0218, 352.685), (-13.8651, 380.102), (26.7059, 407.819), (68.3254, 348.227)))
(((61.6509, -57.0755), (47.0354, -71.285), (15.0236, -71.9383), (8.41016, -65.876), (7.11773, -61.9341), (25.2813, -24.5386), (62.2856, -40.5738), (61.6509, -57.0755)))
(((72.8122, -524.771), (34.2612, -558.649), (5.51145, -521.053), (46.3832, -501.82), (72.8122, -524.771)))
(((56.8963, -97.0749), (36.3286, -116.663), (14.3781, -100.984), (15.0236, -71.9383), (47.0354, -71.285), (56.8963, -97.0749)))
(((29.8144, 579.661), (91.2315, 447), (30.669, 416.997), (11.2593, 446.111), (21.827, 572.924), (29.8144, 579.661)))
(((66.5588, -425.441), (34.4211, -457.579), (21.4459, -421.248), (40.6317, -401.325), (57.0933, -406.922), (66.5588, -425.441)))
(((61.9634, -176.963), (51.1486, -210.489), (33.8469, -216.112), (17.5503, -187.354), (27.7647, -173.871), (51.6923, -166.692), (61.9634, -176.963)))
(((58.4704, 198.361), (48.2278, 195.393), (6.75016, 204.252), (12.5237, 290.856), (27.3356, 292.598), (85.9717, 263.795), (58.4704, 198.361)))
(((62.2856, -40.5738), (25.2813, -24.5386), (15.1361, 12.9205), (30.5283, 20.514), (79.6007, -19.471), (62.2856, -40.5738)))
(((57.5843, 50.7623), (54.5028, 49.9826), (5.06075, 103.663), (42.9693, 125.719), (92.1848, 105.453), (57.5843, 50.7623)))
(((69.0435, -244.402), (35.5416, -245.691), (27.1925, -228.553), (33.8469, -216.112), (51.1486, -210.489), (77.1754, -226.105), (69.0435, -244.402)))
(((77.5563, -362.218), (36.8212, -366.432), (30.7136, -332.404), (46.3182, -322.227), (79.911, -350.445), (77.5563, -362.218)))
(((63.1874, -291.911), (58.1512, -293.49), (30.3498, -275.359), (35.5416, -245.691), (69.0435, -244.402), (75.207, -265.974), (63.1874, -291.911)))
(((84.2451, -378.764), (57.0933, -406.922), (40.6317, -401.325), (29.3644, -380.668), (36.8212, -366.432), (77.5563, -362.218), (84.2451, -378.764)))
(((85.8046, -126.103), (53.1243, -143.303), (38.9327, -131.544), (36.3286, -116.663), (56.8963, -97.0749), (81.1563, -107.064), (86.5451, -121.734), (85.8046, -126.103)))
(((90.3764, -465.983), (44.1714, -474.724), (32.9744, -463.254), (34.4211, -457.579), (66.5588, -425.441), (88.6804, -436.021), (90.3764, -465.983)))
(((111.906, -592.381), (67.2844, -611.65), (30.2811, -594.47), (34.2612, -558.649), (72.8122, -524.771), (87.4178, -525.594), (111.906, -592.381)))
(((106.616, 273.637), (85.9717, 263.795), (27.3356, 292.598), (68.3254, 348.227), (85.8357, 342.147), (111.216, 283.985), (106.616, 273.637)))
(((87.4178, -525.594), (72.8122, -524.771), (46.3832, -501.82), (44.1714, -474.724), (90.3764, -465.983), (96.7835, -473.351), (90.8695, -521.649), (87.4178, -525.594)))
(((87.6031, -222.025), (77.1754, -226.105), (51.1486, -210.489), (61.9634, -176.963), (75.31, -178.667), (93.1455, -201.367), (87.6031, -222.025)))
(((81.1563, -107.064), (56.8963, -97.0749), (47.0354, -71.285), (61.6509, -57.0755), (96.1279, -74.314), (81.1563, -107.064)))
(((109.878, -0.140025), (98.7247, -13.9607), (79.6007, -19.471), (30.5283, 20.514), (54.5028, 49.9826), (57.5843, 50.7623), (100.602, 27.5989), (110.306, 4.08522), (109.878, -0.140025)))
(((94.5691, 106.268), (92.1848, 105.453), (42.9693, 125.719), (48.2278, 195.393), (58.4704, 198.361), (128.634, 164.178), (94.5691, 106.268)))
(((109.247, -317.619), (106.881, -328.099), (79.911, -350.445), (46.3182, -322.227), (58.1512, -293.49), (63.1874, -291.911), (105.216, -309.424), (109.247, -317.619)))
(((104.868, -152.656), (75.31, -178.667), (61.9634, -176.963), (51.6923, -166.692), (53.1243, -143.303), (85.8046, -126.103), (104.868, -152.656)))
(((110.068, -420.602), (88.6804, -436.021), (66.5588, -425.441), (57.0933, -406.922), (84.2451, -378.764), (95.9146, -383.584), (110.068, -420.602)))
(((116.013, -67.1553), (96.1279, -74.314), (61.6509, -57.0755), (62.2856, -40.5738), (79.6007, -19.471), (98.7247, -13.9607), (116.013, -67.1553)))
(((104.619, -259.889), (75.207, -265.974), (69.0435, -244.402), (77.1754, -226.105), (87.6031, -222.025), (108.197, -235.558), (104.619, -259.889)))
(((167.518, 393.199), (85.8357, 342.147), (68.3254, 348.227), (26.7059, 407.819), (30.669, 416.997), (91.2315, 447), (95.5556, 447), (129.533, 430.32), (167.518, 393.199)))
(((36.1106, 590.225), (62.0983, 609.106), (111.214, 609.106), (144.362, 556.816), (95.5556, 447), (91.2315, 447), (29.8144, 579.661), (36.1106, 590.225)))
(((105.216, -309.424), (63.1874, -291.911), (75.207, -265.974), (104.619, -259.889), (119.395, -277.128), (105.216, -309.424)))
(((124.967, -159.967), (112.715, -193.658), (93.1455, -201.367), (75.31, -178.667), (104.868, -152.656), (124.195, -158.855), (124.826, -159.337), (124.967, -159.967)))
(((132.328, 70.3068), (100.602, 27.5989), (57.5843, 50.7623), (92.1848, 105.453), (94.5691, 106.268), (132.328, 70.3068)))
(((60.9154, -734.254), (67.2844, -611.65), (111.906, -592.381), (191.073, -608.215), (204, -648), (184.902, -706.779), (134.902, -743.106), (73.0983, -743.106), (60.9154, -734.254)))
(((126.052, -369.885), (95.9146, -383.584), (84.2451, -378.764), (77.5563, -362.218), (79.911, -350.445), (106.881, -328.099), (129.144, -363.083), (126.052, -369.885)))
(((141.636, -93.0554), (128.946, -106.591), (86.5451, -121.734), (81.1563, -107.064), (96.1279, -74.314), (116.013, -67.1553), (135.452, -73.9437), (141.636, -93.0554)))
(((166.015, 173.682), (128.634, 164.178), (58.4704, 198.361), (85.9717, 263.795), (106.616, 273.637), (164.887, 211.566), (167.213, 175.011), (166.015, 173.682)))
(((139.87, -226.848), (108.197, -235.558), (87.6031, -222.025), (93.1455, -201.367), (112.715, -193.658), (138.239, -217.965), (139.87, -226.848)))
(((154.443, -469.591), (96.7835, -473.351), (90.3764, -465.983), (88.6804, -436.021), (110.068, -420.602), (144.286, -422.435), (154.443, -469.591)))
(((124.195, -158.855), (104.868, -152.656), (85.8046, -126.103), (86.5451, -121.734), (128.946, -106.591), (124.195, -158.855)))
(((171.707, -508.49), (90.8695, -521.649), (96.7835, -473.351), (154.443, -469.591), (174.581, -490.401), (171.707, -508.49)))
(((144.286, -422.435), (110.068, -420.602), (95.9146, -383.584), (126.052, -369.885), (147.489, -417.707), (144.286, -422.435)))
(((146.277, -268.807), (119.395, -277.128), (104.619, -259.889), (108.197, -235.558), (139.87, -226.848), (150.948, -235.44), (146.277, -268.807)))
(((189.173, 384.282), (168.119, 315.104), (111.216, 283.985), (85.8357, 342.147), (167.518, 393.199), (189.173, 384.282)))
(((191.142, -608.228), (111.906, -592.381), (87.4178, -525.594), (90.8695, -521.649), (171.707, -508.49), (196.607, -604.258), (191.142, -608.228)))
(((156.269, -50.588), (135.452, -73.9437), (116.013, -67.1553), (98.7247, -13.9607), (109.878, -0.140025), (155.844, -26.7517), (156.269, -50.588)))
(((138.239, -217.965), (112.715, -193.658), (124.967, -159.967), (151.329, -186.329), (138.239, -217.965)))
(((163.916, 29.3135), (110.306, 4.08522), (100.602, 27.5989), (132.328, 70.3068), (146.618, 69.256), (162.6, 55.1916), (163.916, 29.3135)))
(((152.184, -316.644), (109.247, -317.619), (105.216, -309.424), (119.395, -277.128), (146.277, -268.807), (149.433, -272.144), (153.518, -314.35), (152.184, -316.644)))
(((165.866, -353.231), (129.144, -363.083), (106.881, -328.099), (109.247, -317.619), (152.184, -316.644), (166.919, -349.215), (165.866, -353.231)))
(((156.131, -103.091), (153.594, -144.953), (124.826, -159.337), (124.195, -158.855), (128.946, -106.591), (141.636, -93.0554), (156.131, -103.091)))
(((175.375, 131.562), (146.618, 69.256), (132.328, 70.3068), (94.5691, 106.268), (128.634, 164.178), (166.015, 173.682), (175.375, 131.562)))
(((195.172, 525.795), (129.533, 430.32), (95.5556, 447), (144.362, 556.816), (195.172, 525.795)))
(((170.654, -403.808), (147.489, -417.707), (126.052, -369.885), (129.144, -363.083), (165.866, -353.231), (178.764, -379.027), (170.654, -403.808)))
(((187.292, 2.14689), (155.844, -26.7517), (109.878, -0.140025), (110.306, 4.08522), (163.916, 29.3135), (187.292, 2.14689)))
(((169.379, -184.378), (151.329, -186.329), (124.967, -159.967), (124.826, -159.337), (153.594, -144.953), (173.736, -152.786), (169.379, -184.378)))
(((164.887, 211.566), (106.616, 273.637), (111.216, 283.985), (168.119, 315.104), (199.408, 265.562), (164.887, 211.566)))
(((181.214, -228.954), (150.948, -235.44), (139.87, -226.848), (138.239, -217.965), (151.329, -186.329), (169.379, -184.378), (179.154, -191.783), (182.039, -228.323), (181.214, -228.954)))
(((195.104, -283.849), (190.298, -298.587), (153.518, -314.35), (149.433, -272.144), (190.643, -279.871), (195.104, -283.849)))
(((194.458, -145.016), (173.736, -152.786), (153.594, -144.953), (156.131, -103.091), (183.983, -104.638), (195.49, -120.229), (194.458, -145.016)))
(((190.643, -279.871), (149.433, -272.144), (146.277, -268.807), (150.948, -235.44), (181.214, -228.954), (190.643, -279.871)))
(((183.983, -104.638), (156.131, -103.091), (141.636, -93.0554), (135.452, -73.9437), (156.269, -50.588), (208.521, -63.0289), (183.983, -104.638)))
(((224.031, 74.7971), (162.6, 55.1916), (146.618, 69.256), (175.375, 131.562), (224.031, 74.7971)))
(((202.31, -330.003), (166.919, -349.215), (152.184, -316.644), (153.518, -314.35), (190.298, -298.587), (202.31, -330.003)))
(((189.173, 384.282), (167.518, 393.199), (129.533, 430.32), (195.172, 525.795), (207.263, 523.108), (219.283, 390.891), (189.173, 384.282)))
(((174.581, -490.401), (154.443, -469.591), (144.286, -422.435), (147.489, -417.707), (170.654, -403.808), (214.025, -429.596), (188.117, -482.49), (174.581, -490.401)))
(((210, -0.614865), (210, -53), (219, -53), (209.333, -62.6667), (208.521, -63.0289), (156.269, -50.588), (155.844, -26.7517), (187.292, 2.14689), (210, -0.614865)))
(((214.123, -176.63), (179.154, -191.783), (169.379, -184.378), (173.736, -152.786), (194.458, -145.016), (217.881, -165.357), (214.123, -176.63)))
(((288.451, 53), (210, 53), (210, -0.614865), (187.292, 2.14689), (163.916, 29.3135), (162.6, 55.1916), (224.031, 74.7971), (288.145, 53.9406), (288.451, 53)))
(((212.536, -375.101), (178.764, -379.027), (165.866, -353.231), (166.919, -349.215), (202.31, -330.003), (206.71, -331.378), (219.938, -357.057), (212.536, -375.101)))
(((217.172, -227.673), (182.039, -228.323), (179.154, -191.783), (214.123, -176.63), (225.914, -216.914), (217.172, -227.673)))
(((222.543, -276.989), (195.104, -283.849), (190.643, -279.871), (181.214, -228.954), (182.039, -228.323), (217.172, -227.673), (230.272, -268.72), (222.543, -276.989)))
(((225.539, -424.499), (214.025, -429.596), (170.654, -403.808), (178.764, -379.027), (212.536, -375.101), (239.215, -408.696), (225.539, -424.499)))
(((117.997, 625), (289.964, 625), (241.54, 535.46), (207.263, 523.108), (195.172, 525.795), (144.362, 556.816), (112.284, 607.418), (117.997, 625)))
(((233.184, -316.006), (206.71, -331.378), (202.31, -330.003), (190.298, -298.587), (195.104, -283.849), (222.543, -276.989), (233.184, -316.006)))
(((209.333, -62.6667), (234.562, -113.125), (195.49, -120.229), (183.983, -104.638), (208.521, -63.0289), (209.333, -62.6667)))
(((307.883, 282.095), (277.053, 269.703), (199.408, 265.562), (168.119, 315.104), (189.173, 384.282), (219.283, 390.891), (269.375, 382.052), (295.902, 362.779), (315, 304), (307.883, 282.095)))
(((245.141, -155.135), (217.881, -165.357), (194.458, -145.016), (195.49, -120.229), (234.562, -113.125), (236.658, -113.963), (246.106, -153.647), (245.141, -155.135)))
(((208.234, 175.395), (167.213, 175.011), (164.887, 211.566), (199.408, 265.562), (277.053, 269.703), (208.234, 175.395)))
(((288.133, 53.9446), (224.031, 74.7971), (175.375, 131.562), (166.015, 173.682), (167.213, 175.011), (208.234, 175.395), (318.82, 125.631), (320, 122), (300.902, 63.2215), (288.133, 53.9446)))
(((217.041, -607.106), (197.347, -607.106), (171.707, -508.49), (174.581, -490.401), (188.117, -482.49), (259.267, -487.86), (268.6, -500.431), (217.041, -607.106)))
(((259.267, -487.86), (188.117, -482.49), (214.025, -429.596), (225.539, -424.499), (259.892, -478.175), (259.267, -487.86)))
(((254.159, -350.835), (219.938, -357.057), (206.71, -331.378), (233.184, -316.006), (250.624, -322.547), (256.094, -346.613), (254.159, -350.835)))
(((262.358, -382.141), (240.631, -408.342), (239.215, -408.696), (212.536, -375.101), (219.938, -357.057), (254.159, -350.835), (262.358, -382.141)))
(((219, -53), (228.184, -53), (257.612, -99.5944), (236.658, -113.963), (234.562, -113.125), (209.333, -62.6667), (219, -53)))
(((264.358, -191.547), (236.244, -215.496), (225.914, -216.914), (214.123, -176.63), (217.881, -165.357), (245.141, -155.135), (264.358, -191.547)))
(((334.7, 442.3), (325.902, 415.221), (278.122, 380.508), (219.283, 390.891), (207.263, 523.108), (241.54, 535.46), (334.7, 442.3)))
(((250.624, -322.547), (233.184, -316.006), (222.543, -276.989), (230.272, -268.72), (245.025, -268.975), (276.57, -297.466), (250.624, -322.547)))
(((245.025, -268.975), (230.272, -268.72), (217.172, -227.673), (225.914, -216.914), (236.244, -215.496), (273.6, -240.4), (245.025, -268.975)))
(((259.892, -478.175), (225.539, -424.499), (239.215, -408.696), (240.631, -408.342), (283.586, -434.341), (259.892, -478.175)))
(((297, -53), (284.706, -96.7121), (257.612, -99.5944), (228.184, -53), (297, -53)))
(((315.035, 127.334), (208.234, 175.395), (277.053, 269.703), (307.676, 282.012), (336.902, 260.779), (356, 202), (336.902, 143.221), (315.035, 127.334)))
(((291.654, -110.847), (278.355, -143.355), (246.106, -153.647), (236.658, -113.963), (257.612, -99.5944), (284.706, -96.7121), (291.654, -110.847)))
(((293.019, -230.659), (285.733, -237.783), (273.6, -240.4), (236.244, -215.496), (264.358, -191.547), (273.837, -194.226), (293.096, -229.704), (293.019, -230.659)))
(((277.671, -297.448), (276.57, -297.466), (245.025, -268.975), (273.6, -240.4), (285.733, -237.783), (293.743, -281.836), (277.671, -297.448)))
(((297.867, -341.392), (256.094, -346.613), (250.624, -322.547), (276.57, -297.466), (277.671, -297.448), (300.594, -326.543), (297.867, -341.392)))
(((303.537, -170.025), (273.837, -194.226), (264.358, -191.547), (245.141, -155.135), (246.106, -153.647), (278.355, -143.355), (303.481, -168.481), (303.537, -170.025)))
(((313.293, -397.866), (299.662, -430.461), (283.586, -434.341), (240.631, -408.342), (262.358, -382.141), (301.407, -383.009), (313.293, -397.866)))
(((301.407, -383.009), (262.358, -382.141), (254.159, -350.835), (256.094, -346.613), (297.867, -341.392), (304.358, -354.092), (301.407, -383.009)))
(((216.558, -608.104), (268.6, -500.431), (365.773, -507.906), (376.727, -512.462), (386, -541), (366.902, -599.779), (316.902, -636.106), (255.098, -636.106), (216.558, -608.104)))
(((365.773, -507.906), (268.6, -500.431), (259.267, -487.86), (259.892, -478.175), (283.586, -434.341), (299.662, -430.461), (365.773, -507.906)))
(((324.719, -194.129), (293.096, -229.704), (273.837, -194.226), (303.537, -170.025), (324.719, -194.129)))
(((400, 541.233), (400, 522.767), (383.902, 473.221), (337.495, 439.505), (241.54, 535.46), (289.964, 625), (336.8, 625), (383.902, 590.779), (400, 541.233)))
(((333.498, -139.576), (303.481, -168.481), (278.355, -143.355), (291.654, -110.847), (329.893, -123.051), (333.498, -139.576)))
(((339.2, -270.397), (332.717, -280.885), (293.743, -281.836), (285.733, -237.783), (293.019, -230.659), (337.282, -250.577), (339.2, -270.397)))
(((334.332, -293.347), (325.358, -315.222), (300.594, -326.543), (277.671, -297.448), (293.743, -281.836), (332.717, -280.885), (334.332, -293.347)))
(((391.188, -53), (329.893, -123.051), (291.654, -110.847), (284.706, -96.7121), (297, -53), (391.188, -53)))
(((351.861, -347.306), (304.358, -354.092), (297.867, -341.392), (300.594, -326.543), (325.358, -315.222), (351.861, -347.306)))
(((337.282, -250.577), (293.019, -230.659), (293.096, -229.704), (324.719, -194.129), (376.381, -199.977), (337.282, -250.577)))
(((400, -390.984), (313.293, -397.866), (301.407, -383.009), (304.358, -354.092), (351.861, -347.306), (400, -366.766), (400, -390.984)))
(((400, -189.026), (400, -189.661), (376.381, -199.977), (324.719, -194.129), (303.537, -170.025), (303.481, -168.481), (333.498, -139.576), (400, -189.026)))
(((400, -390.984), (400, -496.879), (377.888, -512.944), (365.773, -507.906), (299.662, -430.461), (313.293, -397.866), (400, -390.984)))
(((400, -366.766), (351.861, -347.306), (325.358, -315.222), (334.332, -293.347), (400, -336.174), (400, -366.766)))
(((391.188, -53), (400, -53), (400, -189.026), (333.498, -139.576), (329.893, -123.051), (391.188, -53)))
(((400, -336.174), (334.332, -293.347), (332.717, -280.885), (339.2, -270.397), (400, -281.038), (400, -336.174)))
(((400, -281.037), (339.2, -270.397), (337.282, -250.577), (376.381, -199.977), (400, -189.661), (400, -281.037)))
