(((-225, -147.207), (-149.5, -172.988), (-149.5, -184.543), (-225, -227.915), (-225, -147.207)))
(((-225, -147.207), (-225, -53), (-208.859, -53), (-138.284, -151.377), (-149.5, -172.988), (-225, -147.207)))
(((-225, -303.871), (-225, -227.915), (-149.5, -184.543), (-134.246, -205.963), (-168.585, -293.716), (-222.143, -305.946), (-225, -303.871)))
(((-225, -400.165), (-225, -307.835), (-224.566, -306.499), (-168.585, -293.716), (-140.9, -298.034), (-111.323, -313.159), (-100.684, -345.501), (-113.326, -374.674), (-201.461, -426.903), (-220.902, -412.779), (-225, -400.165)))
(((-101.933, -53), (-96.4787, -73.455), (-105.808, -136.894), (-138.284, -151.377), (-208.859, -53), (-101.933, -53)))
(((-93.0599, -234.246), (-140.9, -298.034), (-168.585, -293.716), (-134.246, -205.963), (-102.676, -215.676), (-93.0599, -234.246)))
(((-201.794, -427.1), (-113.326, -374.674), (-63.0047, -424.995), (-160.078, -487.72), (-188.902, -466.779), (-201.794, -427.1)))
(((-77.2925, -190.292), (-102.676, -215.676), (-134.246, -205.963), (-149.5, -184.543), (-149.5, -172.988), (-138.284, -151.377), (-105.808, -136.894), (-79.6376, -151.206), (-77.2925, -190.292)))
(((-120.05, 367.894), (-126.902, 367.894), (-176.902, 404.221), (-196, 463), (-178.667, 516.345), (-59.6386, 510.272), (-27.7245, 445.086), (-30.7396, 439.731), (-120.05, 367.894)))
(((-72.9111, -294.258), (-111.323, -313.159), (-140.9, -298.034), (-93.0599, -234.246), (-62.0551, -251.609), (-72.9111, -294.258)))
(((-164.715, 625), (-17.285, 625), (-10.0983, 619.779), (-5.7563, 606.415), (-59.6386, 510.272), (-176.454, 516.232), (-191, 561), (-171.902, 619.779), (-164.715, 625)))
(((-63.0047, -424.995), (-113.326, -374.674), (-100.684, -345.501), (-57.3974, -359.081), (-46.2116, -422.467), (-63.0047, -424.995)))
(((-60.3743, -146.469), (-79.6376, -151.206), (-105.808, -136.894), (-96.4787, -73.455), (-42.4149, -108.437), (-60.3743, -146.469)))
(((-62.0551, -251.609), (-93.0599, -234.246), (-102.676, -215.676), (-77.2925, -190.292), (-42.801, -202.674), (-54.535, -248.437), (-62.0551, -251.609)))
(((-68.4176, -568.106), (-96.9017, -568.106), (-146.902, -531.779), (-161.02, -488.328), (-63.0047, -424.995), (-46.2116, -422.467), (-20.4185, -431.824), (-13.5036, -443.129), (-68.4176, -568.106)))
(((-17.6129, -325.927), (-57.3974, -359.081), (-100.684, -345.501), (-111.323, -313.159), (-72.9111, -294.258), (-19.6981, -320.321), (-17.2873, -322.964), (-17.6129, -325.927)))
(((-42.801, -202.674), (-77.2925, -190.292), (-79.6376, -151.206), (-60.3743, -146.469), (-35.5045, -158.339), (-34.3921, -198.384), (-42.801, -202.674)))
(((-130.11, 217.92), (-131.902, 219.221), (-151, 278), (-131.902, 336.779), (-115.077, 349.002), (-16.2598, 318.189), (-10.3567, 261.371), (-28.9621, 240.397), (-130.11, 217.92)))
(((-33.5152, -53), (-25.8063, -103.878), (-42.4149, -108.437), (-96.4787, -73.455), (-101.933, -53), (-33.5152, -53)))
(((-19.6981, -320.321), (-72.9111, -294.258), (-62.0551, -251.609), (-54.535, -248.437), (-25.6495, -254.856), (-19.6981, -320.321)))
(((-94.0417, 123.792), (-113.902, 138.221), (-133, 197), (-125.899, 218.856), (-28.9621, 240.397), (13.5709, 168.418), (-29.2004, 135.68), (-94.0417, 123.792)))
(((-8.17609, -111.779), (-12.775, -150.41), (-35.5045, -158.339), (-60.3743, -146.469), (-42.4149, -108.437), (-25.8063, -103.878), (-9.35714, -109.459), (-8.17609, -111.779)))
(((-20.4185, -431.824), (-46.2116, -422.467), (-57.3974, -359.081), (-17.6129, -325.927), (11.7709, -377.349), (-20.4185, -431.824)))
(((-3.82932, -217.133), (-17.1362, -251.35), (-25.6495, -254.856), (-54.535, -248.437), (-42.801, -202.674), (-34.3921, -198.384), (-11.0952, -203.509), (-3.82932, -217.133)))
(((-114.827, 348.925), (-120.796, 367.295), (-30.7396, 439.731), (22.375, 344.125), (20.6836, 339.051), (-16.2598, 318.189), (-114.827, 348.925)))
(((-11.0952, -203.509), (-34.3921, -198.384), (-35.5045, -158.339), (-12.775, -150.41), (14.6234, -169.877), (-11.0952, -203.509)))
(((-33.5152, -53), (-30, -53), (-30, -43.4545), (11.3166, -44.7066), (18.3475, -55.956), (18.0529, -74.2176), (-9.35714, -109.459), (-25.8063, -103.878), (-33.5152, -53)))
(((-30, 33), (6.20161, 33), (32.371, 5.5), (11.3166, -44.7066), (-30, -43.4545), (-30, 33)))
(((-30, 33), (-30, 53), (-103.202, 53), (-111, 77), (-95.9074, 123.45), (-29.2004, 135.68), (27.1811, 77.8527), (6.20161, 33), (-30, 33)))
(((27.8846, -298.192), (-17.2873, -322.964), (-19.6981, -320.321), (-25.6495, -254.856), (-17.1362, -251.35), (26.1354, -268.893), (27.8846, -298.192)))
(((23.9307, -597.106), (-30.9017, -597.106), (-68.9982, -569.427), (-13.5036, -443.129), (43.3118, -465.979), (44.4403, -467.211), (23.9307, -597.106)))
(((-6.49024, 605.106), (30.9017, 605.106), (32.6706, 603.82), (59.6904, 565.053), (52.9979, 523.644), (-0.495038, 450.58), (-27.7245, 445.086), (-59.6386, 510.272), (-6.49024, 605.106)))
(((26.1354, -268.893), (-17.1362, -251.35), (-3.82932, -217.133), (30.9474, -225.369), (33.5949, -257.138), (26.1354, -268.893)))
(((14.6234, -169.877), (-12.775, -150.41), (-8.17609, -111.779), (24.7086, -124.734), (27.53, -168.465), (14.6234, -169.877)))
(((59.2943, 203.577), (25.6785, 170.455), (13.5709, 168.418), (-28.9621, 240.397), (-10.3567, 261.371), (45.4198, 248.091), (59.2943, 203.577)))
(((30.9868, -169.722), (42.185, -212.479), (30.9474, -225.369), (-3.82932, -217.133), (-11.0952, -203.509), (14.6234, -169.877), (27.53, -168.465), (30.9868, -169.722)))
(((51.3297, -109.276), (24.7086, -124.734), (-8.17609, -111.779), (-9.35714, -109.459), (18.0529, -74.2176), (52.0579, -106.963), (51.3297, -109.276)))
(((66.2766, 383.405), (22.375, 344.125), (-30.7396, 439.731), (-27.7245, 445.086), (-0.495038, 450.58), (69.1168, 419.112), (66.2766, 383.405)))
(((45.4198, 248.091), (-10.3567, 261.371), (-16.2598, 318.189), (20.6836, 339.051), (72.8934, 291.766), (45.4198, 248.091)))
(((63.3779, -333.34), (23.6008, -375.683), (11.7709, -377.349), (-17.6129, -325.927), (-17.2873, -322.964), (27.8846, -298.192), (52.7245, -310.612), (63.3779, -333.34)))
(((76.6688, 93.8634), (27.1811, 77.8527), (-29.2004, 135.68), (13.5709, 168.418), (25.6785, 170.455), (77.4899, 105.359), (76.6688, 93.8634)))
(((43.3118, -465.979), (-13.5036, -443.129), (-20.4185, -431.824), (11.7709, -377.349), (23.6008, -375.683), (66.1993, -400.177), (43.3118, -465.979)))
(((65.2864, -158.497), (30.9868, -169.722), (27.53, -168.465), (24.7086, -124.734), (51.3297, -109.276), (67.2244, -150.149), (65.2864, -158.497)))
(((75.1466, -92.2703), (52.0579, -106.963), (18.0529, -74.2176), (18.3475, -55.956), (70.1142, -58.4812), (75.1466, -92.2703)))
(((85.685, -37.8728), (70.1142, -58.4812), (18.3475, -55.956), (11.3166, -44.7066), (32.371, 5.5), (47.7308, 5.5), (86.703, -26.165), (85.685, -37.8728)))
(((101.826, 62.5196), (47.7308, 5.5), (32.371, 5.5), (6.20161, 33), (27.1811, 77.8527), (76.6688, 93.8634), (101.826, 62.5196)))
(((82.125, -230.357), (61.3134, -254.142), (33.5949, -257.138), (30.9474, -225.369), (42.185, -212.479), (75.2682, -214.685), (82.125, -230.357)))
(((95.793, 437.451), (69.1168, 419.112), (-0.495038, 450.58), (52.9979, 523.644), (97.7581, 446.656), (95.793, 437.451)))
(((75.2682, -214.685), (42.185, -212.479), (30.9868, -169.722), (65.2864, -158.497), (92.2323, -182.877), (75.2682, -214.685)))
(((95.5395, -388.127), (66.1993, -400.177), (23.6008, -375.683), (63.3779, -333.34), (106.12, -355.061), (95.5395, -388.127)))
(((52.7245, -310.612), (27.8846, -298.192), (26.1354, -268.893), (33.5949, -257.138), (61.3134, -254.142), (84.5592, -283.199), (52.7245, -310.612)))
(((120.539, 299.017), (72.8934, 291.766), (20.6836, 339.051), (22.375, 344.125), (66.2766, 383.405), (116.708, 346.086), (120.539, 299.017)))
(((112.274, -605.202), (106.902, -609.106), (45.0983, -609.106), (24.4093, -594.074), (44.4403, -467.211), (121.581, -473.347), (112.274, -605.202)))
(((99.2868, -126.399), (67.2244, -150.149), (51.3297, -109.276), (52.0579, -106.963), (75.1466, -92.2703), (101.449, -102.069), (99.2868, -126.399)))
(((119.093, 149.675), (77.4899, 105.359), (25.6785, 170.455), (59.2943, 203.577), (108.225, 198.258), (119.093, 149.675)))
(((96.6571, -280.64), (84.5592, -283.199), (61.3134, -254.142), (82.125, -230.357), (95.2225, -237.841), (103.169, -274.593), (96.6571, -280.64)))
(((121.581, -473.347), (44.4403, -467.211), (43.3118, -465.979), (66.1993, -400.177), (95.5395, -388.127), (139.059, -458.845), (121.581, -473.347)))
(((160.476, 244.239), (108.225, 198.258), (59.2943, 203.577), (45.4198, 248.091), (72.8934, 291.766), (120.539, 299.017), (150.375, 277.318), (160.659, 257.553), (160.476, 244.239)))
(((102.799, 62.1524), (116.261, 29.6196), (105.155, -15.9138), (86.703, -26.165), (47.7308, 5.5), (101.826, 62.5196), (102.799, 62.1524)))
(((106.12, -355.061), (63.3779, -333.34), (52.7245, -310.612), (84.5592, -283.199), (96.6571, -280.64), (120.566, -347.584), (106.12, -355.061)))
(((119.777, -93.4055), (101.449, -102.069), (75.1466, -92.2703), (70.1142, -58.4812), (85.685, -37.8728), (123.982, -70.6986), (119.777, -93.4055)))
(((92.2323, -182.877), (65.2864, -158.497), (67.2244, -150.149), (99.2868, -126.399), (120.704, -149.678), (92.25, -182.875), (92.2323, -182.877)))
(((139.583, 490.382), (97.7581, 446.656), (52.9979, 523.644), (59.6904, 565.053), (113.621, 548.574), (139.583, 490.382)))
(((138.079, -221.455), (95.2225, -237.841), (82.125, -230.357), (75.2682, -214.685), (92.2323, -182.877), (92.25, -182.875), (133.375, -203.438), (140.167, -215.889), (138.079, -221.455)))
(((116.708, 346.086), (66.2766, 383.405), (69.1168, 419.112), (95.793, 437.451), (163.68, 399.613), (116.708, 346.086)))
(((142.973, -273.001), (103.169, -274.593), (95.2225, -237.841), (138.079, -221.455), (147.01, -266.999), (142.973, -273.001)))
(((134.731, -345.198), (120.566, -347.584), (96.6571, -280.64), (103.169, -274.593), (142.973, -273.001), (151.689, -317.37), (134.731, -345.198)))
(((159.698, -42.5018), (123.982, -70.6986), (85.685, -37.8728), (86.703, -26.165), (105.155, -15.9138), (151.31, -27.4524), (159.698, -42.5018)))
(((144.09, -148.186), (120.704, -149.678), (99.2868, -126.399), (101.449, -102.069), (119.777, -93.4055), (149.86, -112.124), (144.09, -148.186)))
(((150.254, -155.614), (133.375, -203.438), (92.25, -182.875), (120.704, -149.678), (144.09, -148.186), (150.254, -155.614)))
(((151.116, 75.8639), (102.799, 62.1524), (101.826, 62.5196), (76.6688, 93.8634), (77.4899, 105.359), (119.093, 149.675), (153.204, 135.056), (174.521, 103.859), (151.116, 75.8639)))
(((151.31, -27.4524), (105.155, -15.9138), (116.261, 29.6196), (158.5, 8.5), (151.31, -27.4524)))
(((39.4732, 625), (224.527, 625), (226.171, 619.94), (225.698, 617.341), (189.5, 579.31), (113.621, 548.574), (59.6904, 565.053), (32.6166, 603.898), (39.4732, 625)))
(((192.216, -447.876), (139.059, -458.845), (95.5395, -388.127), (106.12, -355.061), (120.566, -347.584), (134.731, -345.198), (179.15, -383.272), (192.216, -447.876)))
(((184.671, 402.64), (163.68, 399.613), (95.793, 437.451), (97.7581, 446.656), (139.583, 490.382), (189.5, 477.39), (201.971, 465.432), (184.671, 402.64)))
(((180.404, 24.9279), (158.5, 8.5), (116.261, 29.6196), (102.799, 62.1524), (151.116, 75.8639), (180.404, 24.9279)))
(((180.055, -51.2669), (170.003, -103.763), (149.86, -112.124), (119.777, -93.4055), (123.982, -70.6986), (159.698, -42.5018), (180.055, -51.2669)))
(((198.534, 203.052), (153.204, 135.056), (119.093, 149.675), (108.225, 198.258), (160.476, 244.239), (198.534, 203.052)))
(((172.621, -210.48), (140.167, -215.889), (133.375, -203.438), (150.254, -155.614), (179.589, -163.091), (172.621, -210.48)))
(((214.393, 370.602), (150.375, 277.318), (120.539, 299.017), (116.708, 346.086), (163.68, 399.613), (184.671, 402.64), (214.393, 370.602)))
(((112.479, -602.304), (121.581, -473.347), (139.059, -458.845), (192.216, -447.876), (245.08, -471.004), (261, -520), (241.902, -578.779), (191.902, -615.106), (130.098, -615.106), (112.479, -602.304)))
(((189.5, 477.39), (139.583, 490.382), (113.621, 548.574), (189.5, 579.31), (189.5, 477.39)))
(((202.19, -227.163), (186.161, -261.406), (147.01, -266.999), (138.079, -221.455), (140.167, -215.889), (172.621, -210.48), (201.747, -225.34), (202.19, -227.163)))
(((201.137, -155.011), (179.589, -163.091), (150.254, -155.614), (144.09, -148.186), (149.86, -112.124), (170.003, -103.763), (193.788, -117.277), (202.904, -151.638), (201.137, -155.011)))
(((204.66, -308.894), (151.689, -317.37), (142.973, -273.001), (147.01, -266.999), (186.161, -261.406), (204.987, -289.295), (204.66, -308.894)))
(((210, -38.6304), (193.653, -48.5809), (180.055, -51.2669), (159.698, -42.5018), (151.31, -27.4524), (158.5, 8.5), (180.404, 24.9279), (210, 21.8358), (210, -38.6304)))
(((226.553, -332.127), (179.15, -383.272), (134.731, -345.198), (151.689, -317.37), (204.66, -308.894), (226.553, -332.127)))
(((272.353, 104.922), (174.521, 103.859), (153.204, 135.056), (198.534, 203.052), (283.061, 162.123), (287, 150), (272.353, 104.922)))
(((286.375, 53), (210, 53), (210, 21.8358), (180.404, 24.9279), (151.116, 75.8639), (174.521, 103.859), (272.753, 104.927), (288, 58), (286.375, 53)))
(((201.747, -225.34), (172.621, -210.48), (179.589, -163.091), (201.137, -155.011), (223.16, -195.228), (201.747, -225.34)))
(((217.048, -99.2697), (193.788, -117.277), (170.003, -103.763), (180.055, -51.2669), (193.653, -48.5809), (217.048, -99.2697)))
(((245.767, 285.922), (160.659, 257.553), (150.375, 277.318), (214.393, 370.602), (243.521, 362.28), (245.767, 285.922)))
(((246.688, -259.508), (204.987, -289.295), (186.161, -261.406), (202.19, -227.163), (223.104, -239.497), (246.688, -259.508)))
(((280.665, 508.578), (247.979, 478.314), (201.971, 465.432), (189.5, 477.39), (189.5, 579.31), (225.698, 617.341), (280.665, 508.578)))
(((236.695, -141.354), (202.904, -151.638), (193.788, -117.277), (217.048, -99.2697), (235.321, -100.12), (236.695, -141.354)))
(((210, -38.6304), (210, -53), (306, -53), (235.321, -100.12), (217.048, -99.2697), (193.653, -48.5809), (210, -38.6304)))
(((245.313, -471.106), (192.216, -447.876), (179.15, -383.272), (226.553, -332.127), (300.485, -341.475), (315.29, -349.194), (324, -376), (304.902, -434.779), (254.902, -471.106), (245.313, -471.106)))
(((281.664, 162.799), (198.534, 203.052), (160.476, 244.239), (160.659, 257.553), (245.767, 285.922), (328.182, 230.171), (313.902, 186.221), (281.664, 162.799)))
(((300.485, -341.475), (226.553, -332.127), (204.66, -308.894), (204.987, -289.295), (246.688, -259.508), (251.699, -260.165), (300.485, -341.475)))
(((265.839, -183.653), (256.883, -193.388), (223.16, -195.228), (201.137, -155.011), (202.904, -151.638), (236.695, -141.354), (278.168, -155.472), (265.839, -183.653)))
(((259.849, -208.876), (223.104, -239.497), (202.19, -227.163), (201.747, -225.34), (223.16, -195.228), (256.883, -193.388), (259.849, -208.876)))
(((269.536, -236), (251.699, -260.165), (246.688, -259.508), (223.104, -239.497), (259.849, -208.876), (269.536, -236)))
(((243.521, 362.28), (214.393, 370.602), (184.671, 402.64), (201.971, 465.432), (247.979, 478.314), (288.885, 377.126), (243.521, 362.28)))
(((306, -53), (320.586, -53), (331.902, -61.2215), (348.004, -110.778), (278.168, -155.472), (236.695, -141.354), (235.321, -100.12), (306, -53)))
(((327.466, 230.655), (245.767, 285.922), (243.521, 362.28), (288.885, 377.126), (360.138, 371.05), (379, 313), (359.902, 254.221), (327.466, 230.655)))
(((319.582, -351.432), (300.485, -341.475), (251.699, -260.165), (269.536, -236), (333.143, -236), (380.923, -246.452), (385, -259), (365.902, -317.779), (319.582, -351.432)))
(((333.143, -236), (269.536, -236), (259.849, -208.876), (256.883, -193.388), (265.839, -183.653), (333.143, -236)))
(((354.778, 371.507), (288.885, 377.126), (247.979, 478.314), (280.665, 508.578), (372.567, 495.655), (390, 442), (370.902, 383.221), (354.778, 371.507)))
(((382.192, -246.73), (333.143, -236), (265.839, -183.653), (278.168, -155.472), (346.344, -111.84), (379.902, -136.221), (399, -195), (382.192, -246.73)))
(((400, 594.621), (400, 545.379), (388.902, 511.221), (368.301, 496.254), (280.665, 508.578), (225.698, 617.341), (227.091, 625), (390.129, 625), (400, 594.621)))
