(((-225, -256.565), (-153.089, -268.029), (-148.368, -300.22), (-195.77, -355.917), (-225, -360.131), (-225, -256.565)))
(((-225, -191.161), (-152.844, -200.472), (-139.753, -216.763), (-149.133, -263.664), (-153.089, -268.029), (-225, -256.565), (-225, -191.161)))
(((-225, -360.131), (-195.77, -355.917), (-154.177, -374.078), (-134.296, -424.254), (-225, -485.273), (-225, -360.131)))
(((-225, -120.715), (-137.86, -139.484), (-133.442, -145.688), (-152.844, -200.472), (-225, -191.161), (-225, -120.715)))
(((-225, 466.395), (-225, 605.605), (-198.305, 625), (-123.323, 625), (-104.407, 514.843), (-217.131, 460.677), (-225, 466.395)))
(((-225, -120.715), (-225, -53), (-153.278, -53), (-124.135, -99.8358), (-137.86, -139.484), (-225, -120.715)))
(((-99.7951, -350.15), (-154.177, -374.078), (-195.77, -355.917), (-148.368, -300.22), (-97.6409, -328.07), (-99.7951, -350.15)))
(((-225, -491.699), (-225, -485.273), (-134.296, -424.254), (-116.264, -428.05), (-86.9607, -496.425), (-175.697, -551.262), (-214.902, -522.779), (-225, -491.699)))
(((-166.065, 373.458), (-202.902, 400.221), (-221.814, 458.427), (-104.407, 514.843), (-87.852, 503.924), (-83.6389, 427.035), (-166.065, 373.458)))
(((-89.5675, -178.232), (-115.085, -212.936), (-139.753, -216.763), (-152.844, -200.472), (-133.442, -145.688), (-102.388, -154.422), (-89.5675, -178.232)))
(((-70.115, -392.55), (-116.264, -428.05), (-134.296, -424.254), (-154.177, -374.078), (-99.7951, -350.15), (-70.115, -392.55)))
(((-82.8415, -314.524), (-97.6409, -328.07), (-148.368, -300.22), (-153.089, -268.029), (-149.133, -263.664), (-91.1122, -264.953), (-76.1202, -294.36), (-82.8415, -314.524)))
(((-91.1122, -264.953), (-149.133, -263.664), (-139.753, -216.763), (-115.085, -212.936), (-81.1226, -238.665), (-91.1122, -264.953)))
(((-85.9362, -53), (-85.0662, -93.8905), (-124.135, -99.8358), (-153.278, -53), (-85.9362, -53)))
(((-82.4764, -96.0946), (-74.4831, -128.067), (-102.388, -154.422), (-133.442, -145.688), (-137.86, -139.484), (-124.135, -99.8358), (-85.0662, -93.8905), (-82.4764, -96.0946)))
(((-67.4807, -232.106), (-81.1226, -238.665), (-115.085, -212.936), (-89.5675, -178.232), (-71.542, -184.354), (-58.9087, -205.247), (-67.4807, -232.106)))
(((-178.918, -553.253), (-86.9607, -496.425), (-70.0879, -496.574), (-41.2045, -510.287), (-77.0375, -648.106), (-109.902, -648.106), (-159.902, -611.779), (-178.918, -553.253)))
(((-44.7173, -413.214), (-70.0879, -496.574), (-86.9607, -496.425), (-116.264, -428.05), (-70.115, -392.55), (-58.1601, -395.094), (-51.3387, -399.419), (-44.7173, -413.214)))
(((-109.58, 221.473), (-151.902, 252.221), (-171, 311), (-159.527, 346.309), (-19.4528, 344.249), (11.0203, 313.051), (9.92776, 310.319), (-80.2955, 231.235), (-109.58, 221.473)))
(((-159.377, 346.307), (-167.827, 372.312), (-83.6389, 427.035), (-32.6358, 414.284), (-19.4528, 344.249), (-159.377, 346.307)))
(((-36.9326, -152.308), (-71.542, -184.354), (-89.5675, -178.232), (-102.388, -154.422), (-74.4831, -128.067), (-47.0892, -136.057), (-36.9326, -152.308)))
(((-34.5, -53), (-52.6371, -89.2742), (-82.4764, -96.0946), (-85.0662, -93.8905), (-85.9362, -53), (-34.5, -53)))
(((-40.7079, -281.352), (-76.1202, -294.36), (-91.1122, -264.953), (-81.1226, -238.665), (-67.4807, -232.106), (-30.2064, -254.269), (-40.7079, -281.352)))
(((-122.704, 625), (-121, 625), (-13.5185, 563.582), (-2.40548, 514.367), (-87.852, 503.924), (-104.407, 514.843), (-123.255, 624.6), (-122.704, 625)))
(((-70.115, -392.55), (-99.7951, -350.15), (-97.6409, -328.07), (-82.8415, -314.524), (-35.3649, -334.306), (-58.1601, -395.094), (-70.115, -392.55)))
(((-47.0892, -136.057), (-74.4831, -128.067), (-82.4764, -96.0946), (-52.6371, -89.2742), (-32.4832, -108.468), (-47.0892, -136.057)))
(((8.77077, 506.111), (-3.26339, 441.929), (-32.6358, 414.284), (-83.6389, 427.035), (-87.852, 503.924), (-2.40548, 514.367), (8.77077, 506.111)))
(((-25.4268, -330.787), (-35.3649, -334.306), (-82.8415, -314.524), (-76.1202, -294.36), (-40.7079, -281.352), (-22.3068, -300.366), (-25.4268, -330.787)))
(((-13.9407, -188.785), (-27.7584, -202.208), (-58.9087, -205.247), (-71.542, -184.354), (-36.9326, -152.308), (-25.1802, -157.05), (-13.9407, -188.785)))
(((-28.9719, -253.674), (-30.2064, -254.269), (-67.4807, -232.106), (-58.9087, -205.247), (-27.7584, -202.208), (-20.3072, -239.464), (-28.9719, -253.674)))
(((-34.5, -53), (-30, -53), (-30, -44), (-29.617, -43.234), (-15.4388, -49.0507), (-9.74384, -100.305), (-32.4832, -108.468), (-52.6371, -89.2742), (-34.5, -53)))
(((-10.4157, -509.462), (-41.2045, -510.287), (-70.0879, -496.574), (-44.7173, -413.214), (6.47216, -442.904), (-10.4157, -509.462)))
(((31.6545, -639.489), (1.9017, -661.106), (-59.9017, -661.106), (-77.1578, -648.568), (-41.2045, -510.287), (-10.4157, -509.462), (13.8971, -525.841), (31.6545, -639.489)))
(((21.7213, 625), (-13.5185, 563.582), (-121, 625), (21.7213, 625)))
(((3.47436, -372.013), (-51.3387, -399.419), (-58.1601, -395.094), (-35.3649, -334.306), (-25.4268, -330.787), (0.971963, -343.986), (3.47436, -372.013)))
(((-106.115, 114.879), (-125, 173), (-109.21, 221.597), (-80.2955, 231.235), (13.1639, 190.244), (9.68392, 147.904), (-12.4778, 126.833), (-106.115, 114.879)))
(((12.968, -128.922), (9.1015, -135.624), (-25.1802, -157.05), (-36.9326, -152.308), (-47.0892, -136.057), (-32.4832, -108.468), (-9.74384, -100.305), (13.8753, -116.946), (12.968, -128.922)))
(((-30, 32.1875), (-30, 53), (-104.552, 53), (-113, 79), (-101.136, 115.515), (-12.4778, 126.833), (22.262, 78.4076), (-13.7006, 34.2249), (-30, 32.1875)))
(((10.619, -292.619), (-22.3068, -300.366), (-40.7079, -281.352), (-30.2064, -254.269), (-28.9719, -253.674), (9.64147, -271.112), (10.619, -292.619)))
(((17.1368, -226.177), (-20.3072, -239.464), (-27.7584, -202.208), (-13.9407, -188.785), (3.75055, -193.548), (17.1368, -226.177)))
(((16.7949, -330.192), (0.971963, -343.986), (-25.4268, -330.787), (-22.3068, -300.366), (10.619, -292.619), (25.8333, -307.833), (16.7949, -330.192)))
(((6.47216, -442.904), (-44.7173, -413.214), (-51.3387, -399.419), (3.47436, -372.013), (36.4028, -393.319), (7.35236, -442.405), (6.47216, -442.904)))
(((-30, 32.1875), (-13.7006, 34.2249), (22.7878, 12.1941), (1.43307, -46.0462), (-15.4388, -49.0507), (-29.617, -43.234), (-30, -42.875), (-30, 32.1875)))
(((44.7217, 214.288), (13.1639, 190.244), (-80.2955, 231.235), (9.92776, 310.319), (44.7217, 214.288)))
(((36.8357, -242.98), (9.64147, -271.112), (-28.9719, -253.674), (-20.3072, -239.464), (17.1368, -226.177), (34.1197, -236.295), (36.8357, -242.98)))
(((25.0712, -178.742), (3.75055, -193.548), (-13.9407, -188.785), (-25.1802, -157.05), (9.1015, -135.624), (25.0712, -178.742)))
(((13.8753, -116.946), (-9.74384, -100.305), (-15.4388, -49.0507), (1.43307, -46.0462), (28.7442, -53.5347), (30.1439, -105.326), (13.8753, -116.946)))
(((11.0203, 313.051), (-19.4528, 344.249), (-32.6358, 414.284), (-3.26339, 441.929), (61.4924, 400.485), (19.3894, 316.279), (11.0203, 313.051)))
(((39.684, -49.9479), (28.7442, -53.5347), (1.43307, -46.0462), (22.7878, 12.1941), (60.0103, 11.0309), (39.684, -49.9479)))
(((45.62, -391.476), (36.4028, -393.319), (3.47436, -372.013), (0.971963, -343.986), (16.7949, -330.192), (54.5952, -354.762), (56.8902, -373.122), (45.62, -391.476)))
(((59.1965, -193.306), (34.1197, -236.295), (17.1368, -226.177), (3.75055, -193.548), (25.0712, -178.742), (55.8338, -180.08), (59.1965, -193.306)))
(((62.873, 12.4065), (60.0103, 11.0309), (22.7878, 12.1941), (-13.7006, 34.2249), (22.262, 78.4076), (50.9566, 77.1416), (82.2158, 37.7279), (62.873, 12.4065)))
(((61.35, -279.475), (45, -304), (25.8333, -307.833), (10.619, -292.619), (9.64147, -271.112), (36.8357, -242.98), (43.788, -247.278), (61.35, -279.475)))
(((55.8338, -180.08), (25.0712, -178.742), (9.1015, -135.624), (12.968, -128.922), (67.1536, -159.266), (55.8338, -180.08)))
(((50.9566, 77.1416), (22.262, 78.4076), (-12.4778, 126.833), (9.68392, 147.904), (72.418, 130.795), (50.9566, 77.1416)))
(((79.7772, 625), (84.8683, 560.725), (37.059, 509.181), (8.77077, 506.111), (-2.40548, 514.367), (-13.5185, 563.582), (21.7213, 625), (79.7772, 625)))
(((55.8723, -509.051), (13.8971, -525.841), (-10.4157, -509.462), (6.47216, -442.904), (7.35236, -442.405), (61.0858, -457.959), (55.8723, -509.051)))
(((54.5952, -354.762), (16.7949, -330.192), (25.8333, -307.833), (45, -304), (65.4898, -327.525), (54.5952, -354.762)))
(((61.0858, -457.959), (7.35236, -442.405), (36.4028, -393.319), (45.62, -391.476), (90.2763, -432.163), (61.0858, -457.959)))
(((67.1536, -159.266), (12.968, -128.922), (13.8753, -116.946), (30.1439, -105.326), (49.8061, -106.112), (73.8226, -154.145), (67.1536, -159.266)))
(((123.44, 428.179), (61.4924, 400.485), (-3.26339, 441.929), (8.77077, 506.111), (37.059, 509.181), (125.828, 434.068), (123.44, 428.179)))
(((78.6888, -87.3776), (49.8061, -106.112), (30.1439, -105.326), (28.7442, -53.5347), (39.684, -49.9479), (64.9805, -59.961), (78.6888, -87.3776)))
(((91.0929, 140.496), (72.418, 130.795), (9.68392, 147.904), (13.1639, 190.244), (44.7217, 214.288), (85.558, 204.543), (91.0929, 140.496)))
(((93.2781, -231.314), (43.788, -247.278), (36.8357, -242.98), (34.1197, -236.295), (59.1965, -193.306), (97.0484, -217.489), (93.2781, -231.314)))
(((32.2517, -643.311), (13.8971, -525.841), (55.8723, -509.051), (95.9668, -518.139), (83.421, -646.106), (36.0983, -646.106), (32.2517, -643.311)))
(((62.873, 12.4065), (92.0192, -33.9623), (64.9805, -59.961), (39.684, -49.9479), (60.0103, 11.0309), (62.873, 12.4065)))
(((85.558, 204.543), (44.7217, 214.288), (9.92776, 310.319), (11.0203, 313.051), (19.3894, 316.279), (71.0269, 308.41), (120.13, 230.152), (85.558, 204.543)))
(((103.237, -128.288), (80.0441, -152.612), (73.8226, -154.145), (49.8061, -106.112), (78.6888, -87.3776), (91.7968, -91.8209), (103.237, -128.288)))
(((103.435, -323.823), (65.4898, -327.525), (45, -304), (61.35, -279.475), (90.6413, -280.602), (110.862, -317.154), (103.435, -323.823)))
(((103.122, -259), (90.6413, -280.602), (61.35, -279.475), (43.788, -247.278), (93.2781, -231.314), (103.122, -259)))
(((95.2602, -364.699), (56.8902, -373.122), (54.5952, -354.762), (65.4898, -327.525), (103.435, -323.823), (95.2602, -364.699)))
(((109.998, -440.296), (107.012, -513.445), (95.9668, -518.139), (55.8723, -509.051), (61.0858, -457.959), (90.2763, -432.163), (97.8578, -432.421), (109.998, -440.296)))
(((145.105, 343.927), (71.0269, 308.41), (19.3894, 316.279), (61.4924, 400.485), (123.44, 428.179), (145.105, 343.927)))
(((90.2763, -432.163), (45.62, -391.476), (56.8902, -373.122), (95.2602, -364.699), (113.575, -381.903), (97.8578, -432.421), (90.2763, -432.163)))
(((128.759, 88.4812), (88.6778, 38.6237), (82.2158, 37.7279), (50.9566, 77.1416), (72.418, 130.795), (91.0929, 140.496), (106.516, 132.969), (128.759, 88.4812)))
(((114.888, -206.296), (97.0484, -217.489), (59.1965, -193.306), (55.8338, -180.08), (67.1536, -159.266), (73.8226, -154.145), (80.0441, -152.612), (114.462, -184.572), (114.888, -206.296)))
(((119.107, -43.9258), (118.012, -72.9213), (91.7968, -91.8209), (78.6888, -87.3776), (64.9805, -59.961), (92.0192, -33.9623), (115.447, -38.8431), (119.107, -43.9258)))
(((115.447, -38.8431), (92.0192, -33.9623), (62.873, 12.4065), (82.2158, 37.7279), (88.6778, 38.6237), (130.88, 12.5992), (115.447, -38.8431)))
(((166.139, 462.909), (125.828, 434.068), (37.059, 509.181), (84.8683, 560.725), (162.897, 526.046), (169.605, 514.5), (166.139, 462.909)))
(((137.393, -163.34), (114.462, -184.572), (80.0441, -152.612), (103.237, -128.288), (115.139, -129.958), (137.393, -163.34)))
(((83.2079, -648.279), (95.9668, -518.139), (107.012, -513.445), (210.649, -533.375), (218, -556), (198.902, -614.779), (148.902, -651.106), (87.0983, -651.106), (83.2079, -648.279)))
(((156.674, -369.065), (113.575, -381.903), (95.2602, -364.699), (103.435, -323.823), (110.862, -317.154), (117.954, -317.438), (156.674, -369.065)))
(((177.877, 315.316), (121.156, 230.234), (120.13, 230.152), (71.0269, 308.41), (145.105, 343.927), (176.707, 321.805), (177.877, 315.316)))
(((117.954, -317.438), (110.862, -317.154), (90.6413, -280.602), (103.122, -259), (131.061, -259), (149.864, -295.5), (117.954, -317.438)))
(((146.253, -238.946), (131.061, -259), (103.122, -259), (93.2781, -231.314), (97.0484, -217.489), (114.888, -206.296), (137.367, -214.509), (146.253, -238.946)))
(((154.829, -110.622), (115.139, -129.958), (103.237, -128.288), (91.7968, -91.8209), (118.012, -72.9213), (160.659, -95.8047), (154.829, -110.622)))
(((182.319, 166.497), (106.516, 132.969), (91.0929, 140.496), (85.558, 204.543), (120.13, 230.152), (121.156, 230.234), (175.541, 198.45), (182.319, 166.497)))
(((172.234, -439.477), (109.998, -440.296), (97.8578, -432.421), (113.575, -381.903), (156.674, -369.065), (159.461, -369.894), (175.838, -395.204), (172.234, -439.477)))
(((214.751, -534.164), (107.012, -513.445), (109.998, -440.296), (172.234, -439.477), (205.48, -480.432), (218.21, -523.519), (214.751, -534.164)))
(((177.808, 625), (162.897, 526.046), (84.8683, 560.725), (79.7772, 625), (177.808, 625)))
(((183.783, 65.7672), (149.218, 13.3633), (130.88, 12.5992), (88.6778, 38.6237), (128.759, 88.4812), (171.015, 80.9562), (183.783, 65.7672)))
(((160.5, -198.444), (137.367, -214.509), (114.888, -206.296), (114.462, -184.572), (137.393, -163.34), (144.372, -163.65), (160.5, -176.25), (160.5, -198.444)))
(((162.386, -131.779), (144.372, -163.65), (137.393, -163.34), (115.139, -129.958), (154.829, -110.622), (162.386, -131.779)))
(((173.129, -12.2972), (159.917, -40.7039), (119.107, -43.9258), (115.447, -38.8431), (130.88, 12.5992), (149.218, 13.3633), (173.129, -12.2972)))
(((160.659, -95.8047), (118.012, -72.9213), (119.107, -43.9258), (159.917, -40.7039), (171.101, -65.5584), (161.604, -95.2376), (160.659, -95.8047)))
(((191.396, 157.046), (171.015, 80.9562), (128.759, 88.4812), (106.516, 132.969), (182.319, 166.497), (191.396, 157.046)))
(((159.461, -369.894), (156.674, -369.065), (117.954, -317.438), (149.864, -295.5), (159.5, -295.5), (191.357, -320.986), (159.461, -369.894)))
(((159.5, -295.5), (149.864, -295.5), (131.061, -259), (146.253, -238.946), (185.125, -249.375), (159.5, -295.5)))
(((185.125, -249.375), (146.253, -238.946), (137.367, -214.509), (160.5, -198.444), (180.453, -207.312), (188.849, -240.897), (185.262, -249.319), (185.125, -249.375)))
(((196.636, -158.182), (160.5, -176.25), (144.372, -163.65), (162.386, -131.779), (197.255, -155.441), (196.636, -158.182)))
(((231.518, 252.428), (175.541, 198.45), (121.156, 230.234), (177.877, 315.316), (231.518, 252.428)))
(((207.904, -186.978), (180.453, -207.312), (160.5, -198.444), (160.5, -176.25), (196.636, -158.182), (207.904, -186.978)))
(((217.147, -135.075), (197.255, -155.441), (162.386, -131.779), (154.829, -110.622), (160.659, -95.8047), (161.604, -95.2376), (212.478, -106.658), (221.792, -114.329), (217.147, -135.075)))
(((210, -12.9016), (210, -53), (210.183, -53), (209.105, -54.3808), (171.101, -65.5584), (159.917, -40.7039), (173.129, -12.2972), (210, -12.9016)))
(((235.432, 53), (210, 53), (210, -12.9016), (173.129, -12.2972), (149.218, 13.3633), (183.783, 65.7672), (235.432, 53)))
(((224.449, -294.064), (199.744, -319.867), (191.357, -320.986), (159.5, -295.5), (185.125, -249.375), (185.262, -249.319), (218.129, -274.401), (224.449, -294.064)))
(((254.963, 373.975), (176.707, 321.805), (145.105, 343.927), (123.44, 428.179), (125.828, 434.068), (166.139, 462.909), (248.268, 429.769), (254.963, 373.975)))
(((212.478, -106.658), (161.604, -95.2376), (171.101, -65.5584), (209.105, -54.3808), (212.478, -106.658)))
(((228.78, -376.519), (175.838, -395.204), (159.461, -369.894), (191.357, -320.986), (199.744, -319.867), (233.361, -361.329), (228.78, -376.519)))
(((223.551, -221.377), (188.849, -240.897), (180.453, -207.312), (207.904, -186.978), (225.145, -196.939), (223.551, -221.377)))
(((177.808, 625), (289.454, 625), (299.77, 593.251), (262.665, 553.054), (169.605, 514.5), (162.897, 526.046), (177.808, 625)))
(((235.432, 53), (183.783, 65.7672), (171.015, 80.9562), (191.396, 157.046), (299.74, 132.423), (308, 107), (290.454, 53), (235.432, 53)))
(((205.48, -480.432), (172.234, -439.477), (175.838, -395.204), (228.78, -376.519), (251.454, -408.405), (205.48, -480.432)))
(((243.289, -240.434), (218.129, -274.401), (185.262, -249.319), (188.849, -240.897), (223.551, -221.377), (243.289, -240.434)))
(((278.838, -53), (225.337, -112.986), (221.792, -114.329), (212.478, -106.658), (209.105, -54.3808), (210.183, -53), (278.838, -53)))
(((257.155, -183.602), (225.145, -196.939), (207.904, -186.978), (196.636, -158.182), (197.255, -155.441), (217.147, -135.075), (258.466, -171.803), (257.155, -183.602)))
(((302.736, 131.742), (191.396, 157.046), (182.319, 166.497), (175.541, 198.45), (231.518, 252.428), (312.575, 242.473), (328, 195), (308.902, 136.221), (302.736, 131.742)))
(((248.268, 429.769), (166.139, 462.909), (169.605, 514.5), (262.665, 553.054), (257.949, 437.494), (248.268, 429.769)))
(((264, -345.071), (233.361, -361.329), (199.744, -319.867), (224.449, -294.064), (254.008, -298.287), (263.227, -339.773), (264, -345.071)))
(((312.286, 242.509), (231.518, 252.428), (177.877, 315.316), (176.707, 321.805), (254.963, 373.975), (341.134, 306.335), (322.902, 250.221), (312.286, 242.509)))
(((288.667, -274.745), (254.008, -298.287), (224.449, -294.064), (218.129, -274.401), (243.289, -240.434), (262.456, -240.826), (288.667, -274.745)))
(((275.651, -203), (262.456, -240.826), (243.289, -240.434), (223.551, -221.377), (225.145, -196.939), (257.155, -183.602), (275.651, -203)))
(((283.876, -142.656), (258.466, -171.803), (217.147, -135.075), (221.792, -114.329), (225.337, -112.986), (277.971, -132.126), (284.059, -141.992), (283.876, -142.656)))
(((353.869, -405.101), (251.454, -408.405), (228.78, -376.519), (233.361, -361.329), (264, -345.071), (316.131, -365.552), (353.88, -405.069), (353.869, -405.101)))
(((278.838, -53), (287.014, -53), (277.971, -132.126), (225.337, -112.986), (278.838, -53)))
(((217.85, -522.301), (205.48, -480.432), (251.454, -408.405), (353.909, -405.1), (354.001, -405.147), (365, -439), (345.902, -497.779), (295.902, -534.106), (234.098, -534.106), (217.85, -522.301)))
(((304.255, -298.745), (263.227, -339.773), (254.008, -298.287), (288.667, -274.745), (301.881, -275.96), (304.255, -298.745)))
(((316.131, -365.552), (264, -345.071), (263.227, -339.773), (304.255, -298.745), (316.131, -365.552)))
(((376.977, 474.307), (257.949, 437.494), (262.665, 553.054), (300.559, 594.106), (315.902, 594.106), (365.902, 557.779), (385, 499), (376.977, 474.307)))
(((308.382, -272.789), (301.881, -275.96), (288.667, -274.745), (262.456, -240.826), (275.651, -203), (314.763, -203), (324.469, -247.05), (308.382, -272.789)))
(((314.763, -203), (275.651, -203), (257.155, -183.602), (258.466, -171.803), (283.876, -142.656), (321.572, -193.657), (314.763, -203)))
(((287.014, -53), (378.597, -53), (378.902, -53.2215), (395.896, -105.523), (284.059, -141.992), (277.971, -132.126), (287.014, -53)))
(((400, -117.99), (400, -146.6), (321.572, -193.657), (283.876, -142.656), (284.059, -141.992), (395.944, -105.507), (400, -117.99)))
(((400, 448.165), (400, 355.835), (395.902, 343.221), (345.902, 306.894), (340.422, 306.894), (254.963, 373.975), (248.268, 429.769), (257.949, 437.494), (377.19, 474.373), (395.902, 460.779), (400, 448.165)))
(((400, -379.699), (360.902, -408.106), (359.736, -408.106), (353.909, -405.1), (316.131, -365.552), (304.255, -298.745), (301.881, -275.96), (308.382, -272.789), (400, -325.143), (400, -379.699)))
(((400, -239.925), (324.469, -247.05), (314.763, -203), (321.572, -193.657), (400, -146.6), (400, -239.925)))
(((400, -325.143), (308.382, -272.789), (324.469, -247.05), (400, -239.925), (400, -325.143)))
