(((-225, 516.762), (-225, 625), (-75.3722, 625), (-64, 590), (-83.0983, 531.221), (-133.098, 494.894), (-194.902, 494.894), (-225, 516.762)))
(((-122.743, 306.592), (-164.902, 337.221), (-184, 396), (-164.902, 454.779), (-114.902, 491.106), (-63.9268, 491.106), (2.72978, 435.559), (1.60562, 397.112), (-17.1846, 356.641), (-122.743, 306.592)))
(((-105.636, 218.122), (-109.902, 221.221), (-129, 280), (-119.926, 307.927), (-17.1846, 356.641), (0.169014, 327.718), (-22.6289, 230.827), (-105.636, 218.122)))
(((-72.6624, 107.064), (-94.9017, 123.221), (-114, 182), (-102.087, 218.665), (-22.6289, 230.827), (17.8094, 222.29), (20.1877, 143.806), (-52.2379, 110.441), (-72.6624, 107.064)))
(((50.0034, 239.485), (17.8094, 222.29), (-22.6289, 230.827), (0.169014, 327.718), (37.5828, 295.378), (50.0034, 239.485)))
(((-30, -8.34513), (-30, 53), (-92.3502, 53), (-93, 55), (-76.2777, 106.466), (-52.2379, 110.441), (62.5633, 50.0193), (55.5251, 13.4876), (38.4802, 1.9572), (-30, -8.34513)))
(((-74.3754, -53), (-30, -53), (-30, -8.34513), (38.4802, 1.9572), (69.0998, -142.79), (54.9017, -153.106), (-6.9017, -153.106), (-56.9017, -116.779), (-76, -58), (-74.3754, -53)))
(((-61.3014, 488.918), (-74, 528), (-54.9017, 586.779), (-4.9017, 623.106), (6.82909, 623.106), (78.1741, 469.151), (2.72978, 435.559), (-61.3014, 488.918)))
(((62.5633, 50.0193), (-52.2379, 110.441), (20.1877, 143.806), (53.6892, 134.602), (68.3941, 58.8149), (62.5633, 50.0193)))
(((92.7374, 155.628), (53.6892, 134.602), (20.1877, 143.806), (17.8094, 222.29), (50.0034, 239.485), (72.8342, 233.997), (92.7374, 155.628)))
(((120.312, 335.78), (37.5828, 295.378), (0.169014, 327.718), (-17.1846, 356.641), (1.60562, 397.112), (120.312, 335.78)))
(((12.5544, 625), (121.446, 625), (147.902, 605.779), (166.935, 547.2), (116.963, 474.123), (78.1741, 469.151), (7.61445, 621.411), (12.5544, 625)))
(((172.803, -56.8399), (156.902, -105.779), (106.902, -142.106), (68.955, -142.106), (38.4802, 1.9572), (55.5251, 13.4876), (144.36, -30.3816), (172.803, -56.8399)))
(((130.869, 326.529), (125.335, 256.667), (72.8342, 233.997), (50.0034, 239.485), (37.5828, 295.378), (120.312, 335.78), (122.965, 335.523), (130.869, 326.529)))
(((140.192, 431.352), (122.965, 335.523), (120.312, 335.78), (1.60562, 397.112), (2.72978, 435.559), (78.1741, 469.151), (116.963, 474.123), (140.192, 431.352)))
(((130.826, 77.8913), (68.3941, 58.8149), (53.6892, 134.602), (92.7374, 155.628), (118.054, 149.972), (159.607, 104.524), (130.826, 77.8913)))
(((164.497, 225.828), (118.054, 149.972), (92.7374, 155.628), (72.8342, 233.997), (125.335, 256.667), (164.497, 225.828)))
(((144.36, -30.3816), (55.5251, 13.4876), (62.5633, 50.0193), (68.3941, 58.8149), (130.826, 77.8913), (144.36, -30.3816)))
(((251.451, 53), (210, 53), (210, -39.3238), (186.902, -56.1057), (172.014, -56.1057), (144.36, -30.3816), (130.826, 77.8913), (159.607, 104.524), (233.858, 99.9896), (236.902, 97.7785), (251.451, 53)))
(((229.785, 100.238), (159.607, 104.524), (118.054, 149.972), (164.497, 225.828), (188.84, 222.729), (263.989, 169.965), (244.902, 111.221), (229.785, 100.238)))
(((268.287, 351.261), (221.364, 328.434), (130.869, 326.529), (122.965, 335.523), (140.192, 431.352), (272.368, 386.178), (276, 375), (268.287, 351.261)))
(((188.84, 222.729), (164.497, 225.828), (125.335, 256.667), (130.869, 326.529), (221.364, 328.434), (188.84, 222.729)))
(((271.747, 386.39), (140.192, 431.352), (116.963, 474.123), (164.426, 543.531), (172.098, 549.106), (233.902, 549.106), (283.902, 512.779), (303, 454), (283.902, 395.221), (271.747, 386.39)))
(((263.168, 170.541), (188.84, 222.729), (221.364, 328.434), (270.33, 352.255), (310.902, 322.779), (330, 264), (310.902, 205.221), (263.168, 170.541)))
