(((-225, -152.5), (-225, -53), (-189.9, -53), (-166.799, -105.939), (-225, -152.5)))
(((-225, 487.894), (-225, 625), (-116.647, 625), (-109.769, 603.833), (-137.439, 529.717), (-202.336, 487.894), (-225, 487.894)))
(((-225, -278.132), (-194.461, -282.632), (-167.963, -300.762), (-154.628, -332.1), (-225, -374.935), (-225, -278.132)))
(((-225, -520.05), (-225, -395.912), (-173.441, -398.338), (-128.961, -458.155), (-130.985, -465.984), (-224.981, -520.064), (-225, -520.05)))
(((-225, -167), (-143.962, -172.788), (-138.194, -216.046), (-138.233, -216.095), (-225, -222.769), (-225, -167)))
(((-225, -374.935), (-154.628, -332.1), (-117.605, -360.512), (-119.167, -364.417), (-173.441, -398.338), (-225, -395.912), (-225, -374.935)))
(((-225, -222.769), (-138.233, -216.095), (-141.774, -247.97), (-194.461, -282.632), (-225, -278.132), (-225, -222.769)))
(((-225, -167), (-225, -152.5), (-166.799, -105.939), (-146.098, -111.64), (-141.675, -118.391), (-138.148, -166.006), (-143.962, -172.788), (-225, -167)))
(((-105.247, -53), (-105.334, -60.3552), (-146.098, -111.64), (-166.799, -105.939), (-189.9, -53), (-105.247, -53)))
(((-110.202, -288.273), (-167.963, -300.762), (-194.461, -282.632), (-141.774, -247.97), (-106.313, -280.107), (-110.202, -288.273)))
(((-117.605, -360.512), (-154.628, -332.1), (-167.963, -300.762), (-110.202, -288.273), (-102.403, -349.544), (-117.605, -360.512)))
(((-96.4482, -426.892), (-128.961, -458.155), (-173.441, -398.338), (-119.167, -364.417), (-96.4482, -426.892)))
(((-225, -529.388), (-225, -520.075), (-130.985, -465.984), (-79.6603, -514.229), (-77.7041, -522.309), (-189.868, -588.06), (-210.902, -572.779), (-225, -529.388)))
(((-114.215, 352.894), (-146.902, 352.894), (-196.902, 389.221), (-216, 448), (-203.223, 487.323), (-137.439, 529.717), (-71.7109, 477.301), (-94.1319, 376.407), (-114.215, 352.894)))
(((-94.7494, -273.766), (-106.313, -280.107), (-141.774, -247.97), (-138.233, -216.095), (-138.194, -216.046), (-105.399, -217.902), (-86.9931, -245.51), (-94.7494, -273.766)))
(((-98.1434, -164.467), (-138.148, -166.006), (-141.675, -118.391), (-97.6265, -123.573), (-88.0354, -143.288), (-98.1434, -164.467)))
(((-80.0194, -189.022), (-105.399, -217.902), (-138.194, -216.046), (-143.962, -172.788), (-138.148, -166.006), (-98.1434, -164.467), (-80.0194, -189.022)))
(((-83.332, -94.091), (-97.6265, -123.573), (-141.675, -118.391), (-146.098, -111.64), (-105.334, -60.3552), (-83.332, -94.091)))
(((-49.6378, -655.873), (-65.0983, -667.106), (-126.902, -667.106), (-176.902, -630.779), (-190.635, -588.51), (-77.7041, -522.309), (-65.6424, -531.393), (-49.6378, -655.873)))
(((-39.8273, -443.415), (-79.6603, -514.229), (-130.985, -465.984), (-128.961, -458.155), (-96.4482, -426.892), (-54.649, -429.795), (-40.7778, -439.296), (-39.8273, -443.415)))
(((-55.9711, -318.211), (-101.19, -349.516), (-102.403, -349.544), (-110.202, -288.273), (-106.313, -280.107), (-94.7494, -273.766), (-53.005, -288.55), (-55.9711, -318.211)))
(((-54.649, -429.795), (-96.4482, -426.892), (-119.167, -364.417), (-117.605, -360.512), (-102.403, -349.544), (-101.19, -349.516), (-55.8976, -373.608), (-54.649, -429.795)))
(((-48.9031, -230.475), (-86.9931, -245.51), (-105.399, -217.902), (-80.0194, -189.022), (-60.1231, -192.007), (-48.9031, -230.475)))
(((-49.4648, -136.365), (-88.0354, -143.288), (-97.6265, -123.573), (-83.332, -94.091), (-59.6588, -100.781), (-40.7768, -120.188), (-49.4648, -136.365)))
(((-41.0643, -175.848), (-60.1231, -192.007), (-80.0194, -189.022), (-98.1434, -164.467), (-88.0354, -143.288), (-49.4648, -136.365), (-41.0643, -175.848)))
(((-41.4838, -235.183), (-48.5069, -285.75), (-53.005, -288.55), (-94.7494, -273.766), (-86.9931, -245.51), (-48.9031, -230.475), (-41.4838, -235.183)))
(((-39.75, -53), (-59.6588, -100.781), (-83.332, -94.091), (-105.334, -60.3552), (-105.247, -53), (-39.75, -53)))
(((-47.6, -370), (-55.8976, -373.608), (-101.19, -349.516), (-55.9711, -318.211), (-27.9142, -337.19), (-47.6, -370)))
(((-110.036, 603.118), (-83.9017, 622.106), (-22.0983, 622.106), (27.3162, 586.204), (17.1001, 514.181), (-34.5054, 480.826), (-71.7109, 477.301), (-137.439, 529.717), (-110.036, 603.118)))
(((-12.4319, 406.116), (-94.1319, 376.407), (-71.7109, 477.301), (-34.5054, 480.826), (-12.4319, 406.116)))
(((-39.75, -53), (-32.4714, -53), (-11.3637, -68.3911), (-33.3593, -118.248), (-40.7768, -120.188), (-59.6588, -100.781), (-39.75, -53)))
(((-18.4792, -525.497), (-65.6424, -531.393), (-77.7041, -522.309), (-79.6603, -514.229), (-39.8273, -443.415), (-2.82124, -476.566), (-18.4792, -525.497)))
(((4.69897, -403.439), (-40.7778, -439.296), (-54.649, -429.795), (-55.8976, -373.608), (-47.6, -370), (5.0838, -388.816), (4.69897, -403.439)))
(((-4.19429, -333.997), (-27.9142, -337.19), (-55.9711, -318.211), (-53.005, -288.55), (-48.5069, -285.75), (-24.0054, -287.281), (-3.40591, -319.806), (-4.19429, -333.997)))
(((-6.28313, -190.658), (-13.6347, -233.718), (-41.4838, -235.183), (-48.9031, -230.475), (-60.1231, -192.007), (-41.0643, -175.848), (-15.1154, -179.555), (-6.28313, -190.658)))
(((-99.8271, 144.628), (-108.902, 151.221), (-128, 210), (-113.004, 256.152), (-0.294066, 245.771), (22.042, 210.033), (-27.4493, 159.552), (-99.8271, 144.628)))
(((11.2479, -254.459), (-24.0054, -287.281), (-48.5069, -285.75), (-41.4838, -235.183), (-13.6347, -233.718), (11.7286, -252.994), (11.2479, -254.459)))
(((5.63547, -657.573), (4.9017, -658.106), (-49.3507, -658.106), (-65.6424, -531.393), (-18.4792, -525.497), (20.7338, -554.207), (5.63547, -657.573)))
(((5.0838, -388.816), (-47.6, -370), (-27.9142, -337.19), (-4.19429, -333.997), (4.82086, -342.644), (6.34365, -386.044), (5.0838, -388.816)))
(((4.16667, -146.5), (-15.1154, -179.555), (-41.0643, -175.848), (-49.4648, -136.365), (-40.7768, -120.188), (-33.3593, -118.248), (-4.91791, -127.918), (4.16667, -146.5)))
(((-111.249, 255.99), (-121, 286), (-107.649, 327.089), (5.45513, 325.676), (21.7954, 292.087), (-0.294066, 245.771), (-111.249, 255.99)))
(((-107.356, 327.086), (-115.321, 351.6), (-94.1319, 376.407), (-12.4319, 406.116), (32.143, 394.831), (40.7547, 384.241), (5.45513, 325.676), (-107.356, 327.086)))
(((-92.6808, 65.8524), (-108, 113), (-97.5722, 145.093), (-27.4493, 159.552), (28.4207, 122.701), (1.36486, 77.6081), (-92.6808, 65.8524)))
(((22, -101), (-4.91791, -127.918), (-33.3593, -118.248), (-11.3637, -68.3911), (7.3125, -68.6875), (22, -101)))
(((-32.4714, -53), (-30, -53), (-30, 3.82692), (9.81222, 1.27486), (20.8265, -55.1735), (7.3125, -68.6875), (-11.3637, -68.3911), (-32.4714, -53)))
(((19.8837, -294.4), (-3.40591, -319.806), (-24.0054, -287.281), (11.2479, -254.459), (19.8837, -294.4)))
(((38.4172, 483.924), (32.143, 394.831), (-12.4319, 406.116), (-34.5054, 480.826), (17.1001, 514.181), (38.4172, 483.924)))
(((-30, 3.82692), (-30, 53), (-95.101, 53), (-90.8506, 66.0812), (1.36486, 77.6081), (41.3405, 45.6276), (27.6987, 10.4736), (9.81222, 1.27486), (-30, 3.82692)))
(((41.3784, -429.115), (6.1228, -475.588), (-2.82124, -476.566), (-39.8273, -443.415), (-40.7778, -439.296), (4.69897, -403.439), (41.3784, -429.115)))
(((15.0528, -251.776), (11.7286, -252.994), (-13.6347, -233.718), (-6.28313, -190.658), (22.9826, -192.749), (28.904, -235.679), (15.0528, -251.776)))
(((46, -177), (22.9826, -192.749), (-6.28313, -190.658), (-15.1154, -179.555), (4.16667, -146.5), (28.6357, -151.621), (46, -177)))
(((45.5079, -536.973), (20.7338, -554.207), (-18.4792, -525.497), (-2.82124, -476.566), (6.1228, -475.588), (44.8227, -495.859), (45.5079, -536.973)))
(((52.2063, -111.413), (28.6357, -151.621), (4.16667, -146.5), (-4.91791, -127.918), (22, -101), (52, -111), (52.2063, -111.413)))
(((47.4306, 126.298), (28.4207, 122.701), (-27.4493, 159.552), (22.042, 210.033), (53.3418, 203.114), (47.6667, 126.5), (47.4306, 126.298)))
(((55.9738, -318.85), (46.96, -333.679), (4.82086, -342.644), (-4.19429, -333.997), (-3.40591, -319.806), (19.8837, -294.4), (51.1837, -307.963), (55.9738, -318.85)))
(((52.8448, -372.966), (6.34365, -386.044), (4.82086, -342.644), (46.96, -333.679), (59.5149, -365.851), (52.8448, -372.966)))
(((79.7665, -463.473), (44.8227, -495.859), (6.1228, -475.588), (41.3784, -429.115), (48.8421, -429.737), (79.7665, -463.473)))
(((51.1837, -307.963), (19.8837, -294.4), (11.2479, -254.459), (11.7286, -252.994), (15.0528, -251.776), (58.622, -273.561), (51.1837, -307.963)))
(((43.9899, -54.2651), (20.8265, -55.1735), (9.81222, 1.27486), (27.6987, 10.4736), (68.1495, -18.0258), (43.9899, -54.2651)))
(((41.3405, 45.6276), (1.36486, 77.6081), (28.4207, 122.701), (47.4306, 126.298), (66.5839, 56.6493), (41.3405, 45.6276)))
(((52, -111), (22, -101), (7.3125, -68.6875), (20.8265, -55.1735), (43.9899, -54.2651), (65.711, -77.4842), (52, -111)))
(((63.5185, -223.86), (28.904, -235.679), (22.9826, -192.749), (46, -177), (49.7795, -177.709), (59.1418, -186.22), (63.5185, -223.86)))
(((48.8421, -429.737), (41.3784, -429.115), (4.69897, -403.439), (5.0838, -388.816), (6.34365, -386.044), (52.8448, -372.966), (56.75, -417.875), (48.8421, -429.737)))
(((53.3418, 203.114), (22.042, 210.033), (-0.294066, 245.771), (21.7954, 292.087), (67.6831, 285.923), (65.9745, 207.325), (53.3418, 203.114)))
(((81.8333, -132.833), (49.7795, -177.709), (46, -177), (28.6357, -151.621), (52.2063, -111.413), (81.3347, -130.625), (81.8333, -132.833)))
(((101.583, 304.369), (67.6831, 285.923), (21.7954, 292.087), (5.45513, 325.676), (40.7547, 384.241), (62.7141, 380.891), (101.583, 304.369)))
(((76.6062, -232.11), (66.2985, -269.905), (58.622, -273.561), (15.0528, -251.776), (28.904, -235.679), (63.5185, -223.86), (76.6062, -232.11)))
(((112.304, -657.735), (93.9017, -671.106), (32.0983, -671.106), (6.38729, -652.426), (20.7338, -554.207), (45.5079, -536.973), (88.1249, -544.279), (112.304, -657.735)))
(((94.7275, -393.823), (56.75, -417.875), (52.8448, -372.966), (59.5149, -365.851), (93.6064, -372.521), (94.7275, -393.823)))
(((100.195, -9.63842), (86.0289, -17.484), (68.1495, -18.0258), (27.6987, 10.4736), (41.3405, 45.6276), (66.5839, 56.6493), (68.4, 56.45), (102.029, 3.20388), (100.195, -9.63842)))
(((87.6155, -71.4255), (65.711, -77.4842), (43.9899, -54.2651), (68.1495, -18.0258), (86.0289, -17.484), (87.6155, -71.4255)))
(((144.459, 423.665), (62.7141, 380.891), (40.7547, 384.241), (32.143, 394.831), (38.4172, 483.924), (145.798, 456.678), (144.459, 423.665)))
(((100.62, -318.007), (55.9738, -318.85), (51.1837, -307.963), (58.622, -273.561), (66.2985, -269.905), (104.057, -284.78), (100.62, -318.007)))
(((88.1249, -544.279), (45.5079, -536.973), (44.8227, -495.859), (79.7665, -463.473), (85.9377, -464.199), (109.552, -525.859), (88.1249, -544.279)))
(((101.029, -318.504), (100.113, -365.258), (93.6064, -372.521), (59.5149, -365.851), (46.96, -333.679), (55.9738, -318.85), (100.62, -318.007), (101.029, -318.504)))
(((109.782, 122.414), (107.573, 76.0366), (68.4, 56.45), (66.5839, 56.6493), (47.4306, 126.298), (47.6667, 126.5), (104.333, 126.5), (109.782, 122.414)))
(((104.333, 126.5), (47.6667, 126.5), (53.3418, 203.114), (65.9745, 207.325), (96.3336, 203.298), (104.333, 126.5)))
(((103.953, -182.773), (59.1418, -186.22), (49.7795, -177.709), (81.8333, -132.833), (108.734, -159.734), (103.953, -182.773)))
(((106.405, -187.151), (100.075, -230.404), (76.6062, -232.11), (63.5185, -223.86), (59.1418, -186.22), (103.953, -182.773), (106.405, -187.151)))
(((119.345, -94.9182), (81.3347, -130.625), (52.2063, -111.413), (52, -111), (65.711, -77.4842), (87.6155, -71.4255), (110.65, -81.5032), (119.345, -94.9182)))
(((107.855, -452.095), (85.9377, -464.199), (79.7665, -463.473), (48.8421, -429.737), (56.75, -417.875), (94.7275, -393.823), (112.803, -414.636), (107.855, -452.095)))
(((119.247, -267.254), (104.057, -284.78), (66.2985, -269.905), (76.6062, -232.11), (100.075, -230.404), (112.5, -239.786), (119.247, -267.254)))
(((26.409, 579.809), (38.4009, 588.521), (162.388, 507.66), (168.713, 497.8), (145.798, 456.678), (38.4172, 483.924), (17.1001, 514.181), (26.409, 579.809)))
(((125.668, 214.337), (96.3336, 203.298), (65.9745, 207.325), (67.6831, 285.923), (101.583, 304.369), (118.132, 300.066), (129.955, 231.096), (125.668, 214.337)))
(((131.369, -28.9098), (110.65, -81.5032), (87.6155, -71.4255), (86.0289, -17.484), (100.195, -9.63842), (131.369, -28.9098)))
(((150.934, 49.2318), (102.029, 3.20388), (68.4, 56.45), (107.573, 76.0366), (150.934, 49.2318)))
(((131.221, -102.445), (132.533, -149.686), (108.734, -159.734), (81.8333, -132.833), (81.3347, -130.625), (119.345, -94.9182), (125.552, -97.0174), (131.221, -102.445)))
(((175.808, 383.304), (155.452, 318.726), (118.132, 300.066), (101.583, 304.369), (62.7141, 380.891), (144.459, 423.665), (175.808, 383.304)))
(((204.894, -523.316), (109.552, -525.859), (85.9377, -464.199), (107.855, -452.095), (181.664, -471.777), (202.751, -512.07), (204.894, -523.316)))
(((158.049, -397.669), (112.803, -414.636), (94.7275, -393.823), (93.6064, -372.521), (100.113, -365.258), (142.062, -368.254), (158.049, -397.669)))
(((112.383, -658.106), (88.1249, -544.279), (109.552, -525.859), (204.894, -523.316), (216.343, -539.434), (224, -563), (204.902, -621.779), (154.902, -658.106), (112.383, -658.106)))
(((151.308, -217.61), (112.5, -239.786), (100.075, -230.404), (106.405, -187.151), (143.643, -197.008), (151.308, -217.61)))
(((156.482, 132.869), (109.782, 122.414), (104.333, 126.5), (96.3336, 203.298), (125.668, 214.337), (153.404, 194.414), (156.482, 132.869)))
(((142.062, -368.254), (100.113, -365.258), (101.029, -318.504), (136.649, -322.956), (153.221, -340.03), (142.062, -368.254)))
(((158.044, -283.018), (136.649, -322.956), (101.029, -318.504), (100.62, -318.007), (104.057, -284.78), (119.247, -267.254), (154.82, -275.308), (158.044, -283.018)))
(((160.442, -165.277), (143.643, -197.008), (106.405, -187.151), (103.953, -182.773), (108.734, -159.734), (132.533, -149.686), (157.051, -158.747), (160.442, -165.277)))
(((48.9211, 625), (164.311, 625), (162.388, 507.66), (37.3014, 589.238), (48.9211, 625)))
(((160.041, -60.8853), (125.552, -97.0174), (119.345, -94.9182), (110.65, -81.5032), (131.369, -28.9098), (137.821, -29.0047), (160.041, -60.8853)))
(((181.664, -471.777), (107.855, -452.095), (112.803, -414.636), (158.049, -397.669), (167.037, -401.956), (183.359, -433.202), (181.664, -471.777)))
(((157.661, 49.0806), (161.733, -12.0007), (137.821, -29.0047), (131.369, -28.9098), (100.195, -9.63842), (102.029, 3.20388), (150.934, 49.2318), (157.661, 49.0806)))
(((175.309, 57.9044), (157.661, 49.0806), (150.934, 49.2318), (107.573, 76.0366), (109.782, 122.414), (156.482, 132.869), (171.345, 123.314), (175.309, 57.9044)))
(((170.053, -228.737), (172.387, -250.129), (154.82, -275.308), (119.247, -267.254), (112.5, -239.786), (151.308, -217.61), (168.158, -225.209), (170.053, -228.737)))
(((172.333, -130.598), (157.051, -158.747), (132.533, -149.686), (131.221, -102.445), (167.311, -109.507), (172.333, -130.598)))
(((186.042, -92.3365), (167.311, -109.507), (131.221, -102.445), (125.552, -97.0174), (160.041, -60.8853), (183.584, -66.7709), (186.042, -92.3365)))
(((188.758, -333.634), (153.221, -340.03), (136.649, -322.956), (158.044, -283.018), (190.59, -306.143), (188.758, -333.634)))
(((214.347, 270.811), (129.955, 231.096), (118.132, 300.066), (155.452, 318.726), (214.347, 270.811)))
(((196.27, -185.596), (168.158, -225.209), (151.308, -217.61), (143.643, -197.008), (160.442, -165.277), (194.575, -178.93), (196.27, -185.596)))
(((207.061, -353.927), (167.037, -401.956), (158.049, -397.669), (142.062, -368.254), (153.221, -340.03), (188.758, -333.634), (207.061, -353.927)))
(((210, -25.0729), (210, -39), (183.584, -66.7709), (160.041, -60.8853), (137.821, -29.0047), (161.733, -12.0007), (210, -25.0729)))
(((227.234, 266.376), (203.2, 201.004), (153.404, 194.414), (125.668, 214.337), (129.955, 231.096), (214.347, 270.811), (227.234, 266.376)))
(((210, -25.0729), (161.733, -12.0007), (157.661, 49.0806), (175.309, 57.9044), (210, 49.0389), (210, -25.0729)))
(((194.575, -178.93), (160.442, -165.277), (157.051, -158.747), (172.333, -130.598), (201.379, -137.609), (209.881, -158.013), (194.575, -178.93)))
(((243.167, 146.167), (171.345, 123.314), (156.482, 132.869), (153.404, 194.414), (203.2, 201.004), (243.167, 146.167)))
(((210.876, -290.205), (190.59, -306.143), (158.044, -283.018), (154.82, -275.308), (172.387, -250.129), (207.77, -261.923), (214.263, -275.527), (210.876, -290.205)))
(((201.379, -137.609), (172.333, -130.598), (167.311, -109.507), (186.042, -92.3365), (216.435, -106.421), (201.379, -137.609)))
(((270.089, 625), (207.657, 504.705), (168.713, 497.8), (162.388, 507.66), (164.311, 625), (270.089, 625)))
(((226.347, -224.712), (224.435, -226.372), (170.053, -228.737), (168.158, -225.209), (196.27, -185.596), (225.747, -207.903), (226.347, -224.712)))
(((207.77, -261.923), (172.387, -250.129), (170.053, -228.737), (224.435, -226.372), (207.77, -261.923)))
(((212.459, -354.992), (232.774, -402.793), (183.359, -433.202), (167.037, -401.956), (207.061, -353.927), (212.459, -354.992)))
(((291.379, 53), (210, 53), (210, 49.0389), (175.309, 57.9044), (171.345, 123.314), (243.167, 146.167), (296.377, 127.616), (306, 98), (291.379, 53)))
(((295.743, 287.278), (227.234, 266.376), (214.347, 270.811), (155.452, 318.726), (175.808, 383.304), (254.678, 375.344), (305.756, 318.093), (295.743, 287.278)))
(((210, -39), (210, -53), (237.532, -53), (232.948, -96.0913), (217.595, -106.21), (216.435, -106.421), (186.042, -92.3365), (183.584, -66.7709), (210, -39)))
(((254.678, 375.344), (175.808, 383.304), (144.459, 423.665), (145.798, 456.678), (168.713, 497.8), (207.657, 504.705), (273.259, 469.28), (254.678, 375.344)))
(((247.33, -340.216), (212.459, -354.992), (207.061, -353.927), (188.758, -333.634), (190.59, -306.143), (210.876, -290.205), (251.261, -315.782), (255.241, -327.724), (247.33, -340.216)))
(((217.595, -106.21), (245.308, -154.077), (209.881, -158.013), (201.379, -137.609), (216.435, -106.421), (217.595, -106.21)))
(((251.495, -155.624), (250.158, -188.373), (225.747, -207.903), (196.27, -185.596), (194.575, -178.93), (209.881, -158.013), (245.308, -154.077), (251.495, -155.624)))
(((257.962, -433.198), (202.751, -512.07), (181.664, -471.777), (183.359, -433.202), (232.774, -402.793), (250.815, -407.947), (257.962, -433.198)))
(((253.11, -266.11), (214.263, -275.527), (207.77, -261.923), (224.435, -226.372), (226.347, -224.712), (251.867, -239.386), (253.11, -266.11)))
(((262.827, -275.827), (251.261, -315.782), (210.876, -290.205), (214.263, -275.527), (253.11, -266.11), (262.827, -275.827)))
(((259.87, -150.57), (251.495, -155.624), (245.308, -154.077), (217.595, -106.21), (232.948, -96.0913), (273.385, -114.755), (259.87, -150.57)))
(((296.488, 127.578), (243.167, 146.167), (203.2, 201.004), (227.234, 266.376), (295.439, 287.185), (324.902, 265.779), (344, 207), (324.902, 148.221), (296.488, 127.578)))
(((273.639, -387.35), (250.815, -407.947), (232.774, -402.793), (212.459, -354.992), (247.33, -340.216), (266.25, -371.75), (273.639, -387.35)))
(((279.312, -224.941), (251.867, -239.386), (226.347, -224.712), (225.747, -207.903), (250.158, -188.373), (280.633, -207.767), (279.312, -224.941)))
(((335.739, -53), (300.118, -98.8962), (273.385, -114.755), (232.948, -96.0913), (237.532, -53), (335.739, -53)))
(((366.998, -466.162), (349.902, -518.779), (299.902, -555.106), (238.098, -555.106), (216.145, -539.156), (204.894, -523.316), (202.751, -512.07), (257.962, -433.198), (366.998, -466.162)))
(((270.089, 625), (272.455, 625), (364.834, 508.866), (360.9, 496.761), (273.259, 469.28), (207.657, 504.705), (270.089, 625)))
(((291.851, -273.934), (262.827, -275.827), (253.11, -266.11), (251.867, -239.386), (279.312, -224.941), (298.354, -242.863), (291.851, -273.934)))
(((312.165, -181.348), (280.633, -207.767), (250.158, -188.373), (251.495, -155.624), (259.87, -150.57), (314.4, -176.4), (312.165, -181.348)))
(((305.034, -325.103), (255.241, -327.724), (251.261, -315.782), (262.827, -275.827), (291.851, -273.934), (317.702, -301.88), (305.034, -325.103)))
(((307, -331), (266.25, -371.75), (247.33, -340.216), (255.241, -327.724), (305.034, -325.103), (307, -331)))
(((366.113, -465.895), (257.962, -433.198), (250.815, -407.947), (273.639, -387.35), (329.922, -388.304), (379.488, -424.732), (366.113, -465.895)))
(((329.922, -388.304), (273.639, -387.35), (266.25, -371.75), (307, -331), (329.922, -388.304)))
(((314.4, -176.4), (259.87, -150.57), (273.385, -114.755), (300.118, -98.8962), (316.732, -174.845), (314.4, -176.4)))
(((327.835, -235.321), (298.354, -242.863), (279.312, -224.941), (280.633, -207.767), (312.165, -181.348), (327.835, -235.321)))
(((400, 446.777), (400, 385.223), (390.902, 357.221), (340.902, 320.894), (303.256, 320.894), (254.678, 375.344), (273.259, 469.28), (360.722, 496.705), (390.902, 474.779), (400, 446.777)))
(((332.306, -296.679), (317.702, -301.88), (291.851, -273.934), (298.354, -242.863), (327.835, -235.321), (354.849, -245.711), (332.306, -296.679)))
(((335.739, -53), (372.564, -53), (400, -72.9336), (400, -161.158), (316.732, -174.845), (300.118, -98.8962), (335.739, -53)))
(((400, -226.447), (354.849, -245.711), (327.835, -235.321), (312.165, -181.348), (314.4, -176.4), (316.732, -174.845), (400, -161.158), (400, -226.447)))
(((400, -331.88), (400, -410.144), (379.703, -424.89), (329.922, -388.304), (307, -331), (305.034, -325.103), (317.702, -301.88), (332.306, -296.679), (400, -331.88)))
(((400, 514.778), (391.902, 508.894), (364.811, 508.894), (272.455, 625), (400, 625), (400, 514.778)))
(((400, -331.88), (332.306, -296.679), (354.849, -245.711), (400, -226.447), (400, -331.88)))
