(((-225, -417.705), (-208.559, -420.348), (-178.144, -448.801), (-193.186, -480.137), (-225, -482.125), (-225, -417.705)))
(((-225, -482.125), (-193.186, -480.137), (-189.381, -484.512), (-176.886, -533.355), (-225, -556.1), (-225, -482.125)))
(((-225, -132.25), (-179.021, -143.745), (-166.343, -176.709), (-225, -203.465), (-225, -132.25)))
(((-225, -234.133), (-183.639, -250.289), (-179.289, -295.963), (-225, -326.791), (-225, -234.133)))
(((-225, -99.6667), (-225, -53), (-152.593, -53), (-197.857, -95.1429), (-225, -99.6667)))
(((-225, -343.15), (-181.261, -360.021), (-170.694, -390.055), (-208.559, -420.348), (-225, -417.705), (-225, -343.15)))
(((-225, -99.6667), (-197.857, -95.1429), (-169.419, -123.581), (-179.021, -143.745), (-225, -132.25), (-225, -99.6667)))
(((-162.697, -800), (-225, -800), (-225, -689.957), (-169.639, -695.847), (-152.686, -711.151), (-162.697, -800)))
(((-225, -605.81), (-139.994, -609.038), (-137.003, -614.258), (-169.639, -695.847), (-225, -689.957), (-225, -605.81)))
(((-161.178, -442.323), (-178.144, -448.801), (-208.559, -420.348), (-170.694, -390.055), (-151.6, -404.809), (-161.178, -442.323)))
(((-225, -556.1), (-176.886, -533.355), (-176.239, -533.522), (-139.479, -607.043), (-139.994, -609.038), (-225, -605.81), (-225, -556.1)))
(((-225, -234.133), (-225, -203.465), (-166.343, -176.709), (-158.013, -179.522), (-145.645, -190.065), (-143.056, -197.833), (-167.63, -245.754), (-183.639, -250.289), (-225, -234.133)))
(((-148.823, -53), (-161.59, -118.963), (-169.419, -123.581), (-197.857, -95.1429), (-152.593, -53), (-148.823, -53)))
(((-225, -343.15), (-225, -326.791), (-179.289, -295.963), (-163.381, -300.363), (-147.451, -335.407), (-156.231, -346.769), (-181.261, -360.021), (-225, -343.15)))
(((-127.891, -519.017), (-176.239, -533.522), (-176.886, -533.355), (-189.381, -484.512), (-133.539, -490.289), (-119.807, -507.361), (-127.891, -519.017)))
(((-140.42, -286.013), (-163.381, -300.363), (-179.289, -295.963), (-183.639, -250.289), (-167.63, -245.754), (-141.791, -259.965), (-140.42, -286.013)))
(((-225, 437.668), (-225, 578.332), (-190.902, 603.106), (-129.098, 603.106), (-117.741, 594.854), (-96.4977, 470.749), (-175.325, 412.894), (-190.902, 412.894), (-225, 437.668)))
(((-133.539, -490.289), (-189.381, -484.512), (-193.186, -480.137), (-178.144, -448.801), (-161.178, -442.323), (-140.091, -455.073), (-133.539, -490.289)))
(((-158.013, -179.522), (-166.343, -176.709), (-179.021, -143.745), (-169.419, -123.581), (-161.59, -118.963), (-126.049, -127.579), (-158.013, -179.522)))
(((-139.479, -607.043), (-176.239, -533.522), (-127.891, -519.017), (-119.352, -576.35), (-139.479, -607.043)))
(((-128.636, -399.478), (-151.6, -404.809), (-170.694, -390.055), (-181.261, -360.021), (-156.231, -346.769), (-120.743, -382.257), (-128.636, -399.478)))
(((-148.823, -53), (-147.125, -53), (-116.096, -123.923), (-126.049, -127.579), (-161.59, -118.963), (-148.823, -53)))
(((-120.851, -329.436), (-147.451, -335.407), (-163.381, -300.363), (-140.42, -286.013), (-117.853, -297.96), (-120.851, -329.436)))
(((-100.701, -239.229), (-103.159, -243.699), (-141.791, -259.965), (-167.63, -245.754), (-143.056, -197.833), (-103.16, -227.755), (-100.701, -239.229)))
(((-104.308, -437.692), (-140.091, -455.073), (-161.178, -442.323), (-151.6, -404.809), (-128.636, -399.478), (-105.323, -423.476), (-104.308, -437.692)))
(((-87.8714, -356.129), (-120.743, -382.257), (-156.231, -346.769), (-147.451, -335.407), (-120.851, -329.436), (-88.4667, -351.745), (-87.8714, -356.129)))
(((-95.0632, -706.83), (-152.686, -711.151), (-169.639, -695.847), (-137.003, -614.258), (-109.694, -628.799), (-95.0632, -706.83)))
(((-96.7081, -145.653), (-102.406, -166.693), (-145.645, -190.065), (-158.013, -179.522), (-126.049, -127.579), (-116.096, -123.923), (-106.3, -126.1), (-96.7081, -145.653)))
(((-98.3901, -285.667), (-117.853, -297.96), (-140.42, -286.013), (-141.791, -259.965), (-103.159, -243.699), (-98.3901, -285.667)))
(((-162.697, -800), (-152.686, -711.151), (-95.0632, -706.83), (-84.096, -712.005), (-90.5662, -800), (-162.697, -800)))
(((-97.2838, -444.716), (-100.645, -503.529), (-119.807, -507.361), (-133.539, -490.289), (-140.091, -455.073), (-104.308, -437.692), (-97.2838, -444.716)))
(((-90.9151, -53), (-81.9628, -100.447), (-106.3, -126.1), (-116.096, -123.923), (-147.125, -53), (-90.9151, -53)))
(((-103.16, -227.755), (-143.056, -197.833), (-145.645, -190.065), (-102.406, -166.693), (-77.8, -195.4), (-103.16, -227.755)))
(((-77.8942, -529.867), (-93.0809, -568.524), (-119.352, -576.35), (-127.891, -519.017), (-119.807, -507.361), (-100.645, -503.529), (-88.6239, -506.457), (-77.8942, -529.867)))
(((-59.6001, -391.47), (-105.323, -423.476), (-128.636, -399.478), (-120.743, -382.257), (-87.8714, -356.129), (-61.6724, -382.328), (-59.6001, -391.47)))
(((-88.4667, -351.745), (-120.851, -329.436), (-117.853, -297.96), (-98.3901, -285.667), (-85.1175, -291.841), (-71.5156, -326.817), (-88.4667, -351.745)))
(((-51.1781, -622.776), (-109.694, -628.799), (-137.003, -614.258), (-139.994, -609.038), (-139.479, -607.043), (-119.352, -576.35), (-93.0809, -568.524), (-52.61, -584.263), (-43.8606, -606.311), (-51.1781, -622.776)))
(((-43.7739, -483.231), (-88.6239, -506.457), (-100.645, -503.529), (-97.2838, -444.716), (-61.1675, -448.24), (-43.9823, -467.812), (-43.7739, -483.231)))
(((-162.564, 345.336), (-180, 399), (-175.536, 412.74), (-96.4977, 470.749), (-77.5801, 466.168), (-44.7279, 371.718), (-162.564, 345.336)))
(((-39.8099, -649.065), (-72.6235, -708.832), (-84.096, -712.005), (-95.0632, -706.83), (-109.694, -628.799), (-51.1781, -622.776), (-39.8099, -649.065)))
(((-56.547, -276.078), (-85.1175, -291.841), (-98.3901, -285.667), (-103.159, -243.699), (-100.701, -239.229), (-65.8459, -246.49), (-56.547, -276.078)))
(((-54.3163, -397.541), (-61.1675, -448.24), (-97.2838, -444.716), (-104.308, -437.692), (-105.323, -423.476), (-59.6001, -391.47), (-54.3163, -397.541)))
(((-75.7953, -195.06), (-77.8, -195.4), (-102.406, -166.693), (-96.7081, -145.653), (-60.1906, -150.335), (-65.6765, -188.735), (-75.7953, -195.06)))
(((-52.61, -584.263), (-93.0809, -568.524), (-77.8942, -529.867), (-44.8892, -549.87), (-52.61, -584.263)))
(((-51.3839, -145.624), (-60.1906, -150.335), (-96.7081, -145.653), (-106.3, -126.1), (-81.9628, -100.447), (-50.5312, -109.81), (-51.3839, -145.624)))
(((-65.8459, -246.49), (-100.701, -239.229), (-103.16, -227.755), (-77.8, -195.4), (-75.7953, -195.06), (-45.2917, -232.603), (-65.8459, -246.49)))
(((-136.14, 266.13), (-145.902, 273.221), (-165, 332), (-160.518, 345.795), (-44.7279, 371.718), (-27.7362, 365.371), (-14.9184, 354.263), (-51.0377, 280.859), (-136.14, 266.13)))
(((-30.6503, -288.379), (-59.2975, -323.253), (-71.5156, -326.817), (-85.1175, -291.841), (-56.547, -276.078), (-30.6503, -288.379)))
(((-90.9151, -53), (-40.6569, -53), (-24.5548, -78.6627), (-34.3974, -100.399), (-50.5312, -109.81), (-81.9628, -100.447), (-90.9151, -53)))
(((-90.5662, -800), (-84.096, -712.005), (-72.6235, -708.832), (-4.09907, -734.788), (12.6881, -800), (-90.5662, -800)))
(((-30.9744, -493.336), (-39.2245, -546.137), (-44.8892, -549.87), (-77.8942, -529.867), (-88.6239, -506.457), (-43.7739, -483.231), (-30.9744, -493.336)))
(((-26.5235, -229.224), (-45.2917, -232.603), (-75.7953, -195.06), (-65.6765, -188.735), (-29.7143, -191.732), (-26.5235, -229.224)))
(((-29.7143, -191.732), (-65.6765, -188.735), (-60.1906, -150.335), (-51.3839, -145.624), (-33.2368, -153.833), (-25.6005, -186.076), (-29.7143, -191.732)))
(((-117.704, 594.641), (-79.9017, 622.106), (-18.0983, 622.106), (-15.7341, 620.388), (3.7377, 526.738), (-53.6237, 469.376), (-77.5801, 466.168), (-96.4977, 470.749), (-117.704, 594.641)))
(((-19.0561, -350.043), (-61.6724, -382.328), (-87.8714, -356.129), (-88.4667, -351.745), (-71.5156, -326.817), (-59.2975, -323.253), (-20.0343, -345.241), (-19.0561, -350.043)))
(((-96.7096, 146.559), (-127.902, 169.221), (-147, 228), (-134.52, 266.41), (-51.0377, 280.859), (-12.1289, 256.874), (-17.2773, 171.924), (-96.7096, 146.559)))
(((-16.6896, -236.144), (-26.2918, -287.756), (-30.6503, -288.379), (-56.547, -276.078), (-65.8459, -246.49), (-45.2917, -232.603), (-26.5235, -229.224), (-16.6896, -236.144)))
(((-19.5, -444.729), (-43.9823, -467.812), (-61.1675, -448.24), (-54.3163, -397.541), (-19.5, -408.923), (-19.5, -444.729)))
(((-7.29167, -308.833), (-20.0343, -345.241), (-59.2975, -323.253), (-30.6503, -288.379), (-26.2918, -287.756), (-10.0511, -297.796), (-7.29167, -308.833)))
(((-9.89177, 441.21), (-27.7362, 365.371), (-44.7279, 371.718), (-77.5801, 466.168), (-53.6237, 469.376), (-9.89177, 441.21)))
(((-3.74016, -136.85), (-33.2368, -153.833), (-51.3839, -145.624), (-50.5312, -109.81), (-34.3974, -100.399), (-2.46471, -133.662), (-3.74016, -136.85)))
(((-4.09907, -734.788), (-72.6235, -708.832), (-39.8099, -649.065), (-11.3124, -659.989), (6.9832, -713.732), (-4.09907, -734.788)))
(((6.3042, -579.138), (-5.71524, -595.055), (-43.8606, -606.311), (-52.61, -584.263), (-44.8892, -549.87), (-39.2245, -546.137), (-0.165644, -549.141), (6.3042, -579.138)))
(((-6.88333, -403.1), (-19.5, -408.923), (-54.3163, -397.541), (-59.6001, -391.47), (-61.6724, -382.328), (-19.0561, -350.043), (-3.32585, -360.41), (-6.88333, -403.1)))
(((-0.165644, -549.141), (-39.2245, -546.137), (-30.9744, -493.336), (-5.18987, -498.742), (10.514, -530.833), (-0.165644, -549.141)))
(((7.71401, -181.2), (-25.6005, -186.076), (-33.2368, -153.833), (-3.74016, -136.85), (12.2154, -174.898), (7.71401, -181.2)))
(((-90.9552, 53.4638), (-109, 109), (-96.8063, 146.528), (-17.2773, 171.924), (-11.4664, 170.509), (42.3101, 82.0383), (-13.2859, 54.9021), (-90.9552, 53.4638)))
(((-5.18987, -498.742), (-30.9744, -493.336), (-43.7739, -483.231), (-43.9823, -467.812), (-19.5, -444.729), (7.17672, -450.826), (10.4908, -485.072), (-5.18987, -498.742)))
(((-40.6569, -53), (-30, -53), (-30, -24.5), (-5.69231, -24.5), (17.6228, -56.4049), (5.80508, -77.5784), (-24.5548, -78.6627), (-40.6569, -53)))
(((-30, -24.5), (-30, 53), (-90.1042, 53), (-89.9474, 53.4825), (-13.2859, 54.9021), (21.8205, -2.14583), (-5.69231, -24.5), (-30, -24.5)))
(((22.553, -641.517), (-11.3124, -659.989), (-39.8099, -649.065), (-51.1781, -622.776), (-43.8606, -606.311), (-5.71524, -595.055), (22.8926, -632.007), (22.553, -641.517)))
(((14.3229, -202.83), (-6.94597, -235.359), (-16.6896, -236.144), (-26.5235, -229.224), (-29.7143, -191.732), (-25.6005, -186.076), (7.71401, -181.2), (14.3229, -202.83)))
(((14.0987, -124.251), (-2.46471, -133.662), (-34.3974, -100.399), (-24.5548, -78.6627), (5.80508, -77.5784), (18.954, -94.4254), (14.0987, -124.251)))
(((47.2591, 319.199), (12.9612, 263.717), (-12.1289, 256.874), (-51.0377, 280.859), (-14.9184, 354.263), (15.1925, 353.694), (47.2591, 319.199)))
(((18.929, -282.245), (-10.0511, -297.796), (-26.2918, -287.756), (-16.6896, -236.144), (-6.94597, -235.359), (13.0618, -244.696), (18.929, -282.245)))
(((15.1925, 353.694), (-14.9184, 354.263), (-27.7362, 365.371), (-9.89177, 441.21), (63.3898, 436.835), (15.1925, 353.694)))
(((20.4383, -441.294), (7.17672, -450.826), (-19.5, -444.729), (-19.5, -408.923), (-6.88333, -403.1), (10.2379, -407.293), (20.4383, -441.294)))
(((63.3898, 436.835), (-9.89177, 441.21), (-53.6237, 469.376), (3.7377, 526.738), (66.7753, 485.848), (73.8819, 443.209), (63.3898, 436.835)))
(((40.0607, -345.145), (28.5099, -355.669), (-3.32585, -360.41), (-19.0561, -350.043), (-20.0343, -345.241), (-7.29167, -308.833), (36.7341, -333.991), (40.0607, -345.145)))
(((30.9971, -397.951), (10.2379, -407.293), (-6.88333, -403.1), (-3.32585, -360.41), (28.5099, -355.669), (30.9971, -397.951)))
(((56.5525, -688.062), (6.9832, -713.732), (-11.3124, -659.989), (22.553, -641.517), (53.1897, -664.859), (56.5525, -688.062)))
(((54.2899, -41.9087), (17.6228, -56.4049), (-5.69231, -24.5), (21.8205, -2.14583), (47.633, -8.13801), (57.8519, -24.811), (54.2899, -41.9087)))
(((44.0457, 185.709), (-11.4664, 170.509), (-17.2773, 171.924), (-12.1289, 256.874), (12.9612, 263.717), (68.9703, 219.43), (44.0457, 185.709)))
(((43.5662, -166.878), (12.2154, -174.898), (-3.74016, -136.85), (-2.46471, -133.662), (14.0987, -124.251), (38.1544, -135.953), (43.5662, -166.878)))
(((37.605, -237.946), (13.0618, -244.696), (-6.94597, -235.359), (14.3229, -202.83), (45.4096, -213.932), (37.605, -237.946)))
(((46.3739, -298.061), (36.7341, -333.991), (-7.29167, -308.833), (-10.0511, -297.796), (18.929, -282.245), (38.6949, -286.542), (46.3739, -298.061)))
(((46.2974, -482.514), (10.4908, -485.072), (7.17672, -450.826), (20.4383, -441.294), (52.7248, -446.807), (46.2974, -482.514)))
(((55.0531, -601.084), (22.8926, -632.007), (-5.71524, -595.055), (6.3042, -579.138), (42.035, -580.626), (55.0531, -601.084)))
(((53.0377, -529.999), (10.514, -530.833), (-5.18987, -498.742), (10.4908, -485.072), (46.2974, -482.514), (53.7339, -493.106), (53.0377, -529.999)))
(((61.8025, -539.115), (42.035, -580.626), (6.3042, -579.138), (-0.165644, -549.141), (10.514, -530.833), (53.0377, -529.999), (61.8025, -539.115)))
(((52.7248, -446.807), (20.4383, -441.294), (10.2379, -407.293), (30.9971, -397.951), (53.239, -406.424), (58.4145, -441.914), (52.7248, -446.807)))
(((52.8714, -208.472), (45.4096, -213.932), (14.3229, -202.83), (7.71401, -181.2), (12.2154, -174.898), (43.5662, -166.878), (52.0182, -171.781), (52.8714, -208.472)))
(((38.6949, -286.542), (18.929, -282.245), (13.0618, -244.696), (37.605, -237.946), (55.3247, -256.978), (38.6949, -286.542)))
(((68.557, 48.822), (47.633, -8.13801), (21.8205, -2.14583), (-13.2859, 54.9021), (42.3101, 82.0383), (43.0955, 81.97), (68.557, 48.822)))
(((65.2623, -63.4616), (50.9774, -92.7832), (18.954, -94.4254), (5.80508, -77.5784), (17.6228, -56.4049), (54.2899, -41.9087), (65.2623, -63.4616)))
(((64.0484, -116.965), (38.1544, -135.953), (14.0987, -124.251), (18.954, -94.4254), (50.9774, -92.7832), (64.0484, -116.965)))
(((43.0955, 81.97), (42.3101, 82.0383), (-11.4664, 170.509), (44.0457, 185.709), (87.8882, 124.595), (43.0955, 81.97)))
(((53.239, -406.424), (30.9971, -397.951), (28.5099, -355.669), (40.0607, -345.145), (44.3585, -346.254), (79.4218, -382.486), (53.239, -406.424)))
(((12.6881, -800), (-4.09907, -734.788), (6.9832, -713.732), (56.5525, -688.062), (78.8717, -701.589), (87.8182, -800), (12.6881, -800)))
(((87.7125, -624.942), (53.1897, -664.859), (22.553, -641.517), (22.8926, -632.007), (55.0531, -601.084), (81.1675, -610.272), (87.7125, -624.942)))
(((-3.82199, 625), (107.822, 625), (132.902, 606.779), (138.092, 590.805), (66.7753, 485.848), (3.7377, 526.738), (-15.0039, 616.876), (-3.82199, 625)))
(((87.292, 302.263), (69.466, 219.615), (68.9703, 219.43), (12.9612, 263.717), (47.2591, 319.199), (73.6262, 314.98), (87.292, 302.263)))
(((71.656, -166.17), (52.0182, -171.781), (43.5662, -166.878), (38.1544, -135.953), (64.0484, -116.965), (84.3378, -123.051), (71.656, -166.17)))
(((67.5806, -256.161), (55.3247, -256.978), (37.605, -237.946), (45.4096, -213.932), (52.8714, -208.472), (76.8183, -215.884), (74.4269, -250.56), (67.5806, -256.161)))
(((81.588, -328.803), (44.3585, -346.254), (40.0607, -345.145), (36.7341, -333.991), (46.3739, -298.061), (75.9662, -298.82), (81.588, -328.803)))
(((75.9662, -298.82), (46.3739, -298.061), (38.6949, -286.542), (55.3247, -256.978), (67.5806, -256.161), (84.7732, -290.546), (75.9662, -298.82)))
(((119.511, 398.556), (73.6262, 314.98), (47.2591, 319.199), (15.1925, 353.694), (63.3898, 436.835), (73.8819, 443.209), (93.9126, 433.663), (119.511, 398.556)))
(((101.064, -573.662), (81.1675, -610.272), (55.0531, -601.084), (42.035, -580.626), (61.8025, -539.115), (98.2243, -544.318), (101.064, -573.662)))
(((100.838, -484.793), (53.7339, -493.106), (46.2974, -482.514), (52.7248, -446.807), (58.4145, -441.914), (63.3462, -442.346), (101.389, -480.389), (100.838, -484.793)))
(((102.851, -206.418), (76.8183, -215.884), (52.8714, -208.472), (52.0182, -171.781), (71.656, -166.17), (94.0167, -177.637), (104.465, -200.624), (102.851, -206.418)))
(((109.277, -90.3342), (88.3028, -121.796), (84.3378, -123.051), (64.0484, -116.965), (50.9774, -92.7832), (65.2623, -63.4616), (104.229, -76.727), (109.277, -90.3342)))
(((100.918, -358.395), (81.5376, -382.453), (79.4218, -382.486), (44.3585, -346.254), (81.588, -328.803), (99.9678, -337.025), (100.918, -358.395)))
(((104.112, -427.327), (63.3462, -442.346), (58.4145, -441.914), (53.239, -406.424), (79.4218, -382.486), (81.5376, -382.453), (104.125, -404.413), (106.398, -424.113), (104.112, -427.327)))
(((98.2243, -544.318), (61.8025, -539.115), (53.0377, -529.999), (53.7339, -493.106), (100.838, -484.793), (122.382, -524.689), (98.2243, -544.318)))
(((112.983, 18.919), (94.0863, -17.9743), (57.8519, -24.811), (47.633, -8.13801), (68.557, 48.822), (97.7212, 40.6067), (112.983, 18.919)))
(((120.606, -683.504), (78.8717, -701.589), (56.5525, -688.062), (53.1897, -664.859), (87.7125, -624.942), (113.207, -636.644), (120.606, -683.504)))
(((105.01, -287.398), (84.7732, -290.546), (67.5806, -256.161), (74.4269, -250.56), (112.557, -253.02), (105.01, -287.398)))
(((98.6451, 126.067), (87.8882, 124.595), (44.0457, 185.709), (68.9703, 219.43), (69.466, 219.615), (110.219, 211.759), (114.827, 136.5), (98.6451, 126.067)))
(((112.557, -253.02), (74.4269, -250.56), (76.8183, -215.884), (102.851, -206.418), (124.074, -241.79), (112.557, -253.02)))
(((104.229, -76.727), (65.2623, -63.4616), (54.2899, -41.9087), (57.8519, -24.811), (94.0863, -17.9743), (121.186, -44.227), (104.229, -76.727)))
(((101.389, -480.389), (63.3462, -442.346), (104.112, -427.327), (111.576, -465.892), (101.389, -480.389)))
(((117.91, -147.456), (94.0167, -177.637), (71.656, -166.17), (84.3378, -123.051), (88.3028, -121.796), (117.91, -147.456)))
(((124.729, -317.766), (99.9678, -337.025), (81.588, -328.803), (75.9662, -298.82), (84.7732, -290.546), (105.01, -287.398), (124.318, -305.634), (124.729, -317.766)))
(((127.537, 71.3255), (97.7212, 40.6067), (68.557, 48.822), (43.0955, 81.97), (87.8882, 124.595), (98.6451, 126.067), (127.537, 71.3255)))
(((149.983, 228.162), (110.219, 211.759), (69.466, 219.615), (87.292, 302.263), (120.27, 295.906), (166.624, 258.243), (149.983, 228.162)))
(((168.446, -800), (87.8182, -800), (78.8717, -701.589), (120.606, -683.504), (213.018, -725.023), (194.902, -780.779), (168.446, -800)))
(((141.938, -382.985), (104.125, -404.413), (81.5376, -382.453), (100.918, -358.395), (142.163, -370.37), (141.938, -382.985)))
(((132.932, -625.644), (113.207, -636.644), (87.7125, -624.942), (81.1675, -610.272), (101.064, -573.662), (140.31, -593.918), (132.932, -625.644)))
(((149.403, -179.977), (104.465, -200.624), (94.0167, -177.637), (117.91, -147.456), (144.609, -148.545), (149.403, -179.977)))
(((144.609, -148.545), (117.91, -147.456), (88.3028, -121.796), (109.277, -90.3342), (141.242, -100.587), (147.612, -144.266), (144.609, -148.545)))
(((163.73, 378.252), (120.27, 295.906), (87.292, 302.263), (73.6262, 314.98), (119.511, 398.556), (163.73, 378.252)))
(((145.882, -37.6118), (121.186, -44.227), (94.0863, -17.9743), (112.983, 18.919), (141.202, 12.7012), (145.882, -37.6118)))
(((142.163, -370.37), (100.918, -358.395), (99.9678, -337.025), (124.729, -317.766), (158.964, -345.694), (142.163, -370.37)))
(((151.432, -440.21), (142.721, -460.052), (111.576, -465.892), (104.112, -427.327), (106.398, -424.113), (143.367, -430.923), (151.432, -440.21)))
(((125.819, -241.946), (155.128, -282.979), (124.318, -305.634), (105.01, -287.398), (112.557, -253.02), (124.074, -241.79), (125.819, -241.946)))
(((147.385, -509.898), (125.099, -524.63), (122.382, -524.689), (100.838, -484.793), (101.389, -480.389), (111.576, -465.892), (142.721, -460.052), (154.403, -489.257), (147.385, -509.898)))
(((137.617, 590.106), (160.902, 590.106), (196.123, 564.516), (218.744, 508.992), (93.9126, 433.663), (73.8819, 443.209), (66.7753, 485.848), (137.617, 590.106)))
(((149.466, -393.11), (143.367, -430.923), (106.398, -424.113), (104.125, -404.413), (141.938, -382.985), (149.466, -393.11)))
(((168.31, -575.479), (140.31, -593.918), (101.064, -573.662), (98.2243, -544.318), (122.382, -524.689), (125.099, -524.63), (168.387, -574.682), (168.31, -575.479)))
(((158.19, -188), (154.323, -228.604), (125.819, -241.946), (124.074, -241.79), (102.851, -206.418), (104.465, -200.624), (149.403, -179.977), (158.19, -188)))
(((161, 23.5), (141.202, 12.7012), (112.983, 18.919), (97.7212, 40.6067), (127.537, 71.3255), (161, 70.0385), (161, 23.5)))
(((162.856, -51.6281), (147.521, -96.3554), (141.242, -100.587), (109.277, -90.3342), (104.229, -76.727), (121.186, -44.227), (145.882, -37.6118), (157.645, -43.101), (162.856, -51.6281)))
(((161, 70.0385), (127.537, 71.3255), (98.6451, 126.067), (114.827, 136.5), (155.336, 136.5), (171.683, 80.3101), (161, 70.0385)))
(((155.336, 136.5), (114.827, 136.5), (110.219, 211.759), (149.983, 228.162), (181.552, 159.387), (155.336, 136.5)))
(((209.715, -723.539), (120.606, -683.504), (113.207, -636.644), (132.932, -625.644), (176.253, -640.084), (214.333, -720.184), (209.715, -723.539)))
(((170.36, -283.835), (168.565, -339.499), (164.974, -344.32), (158.964, -345.694), (124.729, -317.766), (124.318, -305.634), (155.128, -282.979), (170.349, -283.825), (170.36, -283.835)))
(((213.206, 340.979), (186.952, 265.603), (166.624, 258.243), (120.27, 295.906), (163.73, 378.252), (185.749, 376.558), (213.206, 340.979)))
(((170.349, -283.825), (155.128, -282.979), (125.819, -241.946), (154.323, -228.604), (179.733, -240.422), (170.349, -283.825)))
(((176.253, -640.084), (132.932, -625.644), (140.31, -593.918), (168.31, -575.479), (187.094, -600.892), (176.253, -640.084)))
(((191.858, -437.832), (151.432, -440.21), (143.367, -430.923), (149.466, -393.11), (179.63, -400.207), (191.858, -437.832)))
(((194.985, -439.64), (188.941, -472.545), (154.403, -489.257), (142.721, -460.052), (151.432, -440.21), (191.858, -437.832), (194.985, -439.64)))
(((207.495, 4.90217), (157.645, -43.101), (145.882, -37.6118), (141.202, 12.7012), (161, 23.5), (207.495, 4.90217)))
(((244.517, 482.596), (185.749, 376.558), (163.73, 378.252), (119.511, 398.556), (93.9126, 433.663), (218.744, 508.992), (244.517, 482.596)))
(((186.52, -136.815), (147.612, -144.266), (141.242, -100.587), (147.521, -96.3554), (180.207, -100.201), (186.52, -136.815)))
(((168.387, -574.682), (125.099, -524.63), (147.385, -509.898), (174.851, -517.092), (194.625, -550.461), (168.387, -574.682)))
(((179.63, -400.207), (149.466, -393.11), (141.938, -382.985), (142.163, -370.37), (158.964, -345.694), (164.974, -344.32), (197.437, -373.073), (179.63, -400.207)))
(((195.747, -86.8043), (180.207, -100.201), (147.521, -96.3554), (162.856, -51.6281), (194.825, -65.1259), (195.747, -86.8043)))
(((205.486, -231.838), (179.733, -240.422), (154.323, -228.604), (158.19, -188), (161.679, -188), (213.415, -216.972), (205.486, -231.838)))
(((198.342, -167.468), (161.679, -188), (158.19, -188), (149.403, -179.977), (144.609, -148.545), (147.612, -144.266), (186.52, -136.815), (202.342, -142.901), (198.342, -167.468)))
(((205.544, -498.204), (174.851, -517.092), (147.385, -509.898), (154.403, -489.257), (188.941, -472.545), (205.544, -498.204)))
(((212.081, -319.021), (168.565, -339.499), (170.36, -283.835), (208.248, -291.09), (212.081, -319.021)))
(((284.401, 53), (210, 53), (210, 5.02439), (207.495, 4.90217), (161, 23.5), (161, 70.0385), (171.683, 80.3101), (278.069, 72.4876), (284.401, 53)))
(((213.415, -216.972), (161.679, -188), (198.342, -167.468), (223.845, -208.555), (213.415, -216.972)))
(((210, 5.02439), (210, -53), (213.446, -53), (194.825, -65.1259), (162.856, -51.6281), (157.645, -43.101), (207.495, 4.90217), (210, 5.02439)))
(((278.819, 72.4324), (171.683, 80.3101), (155.336, 136.5), (181.552, 159.387), (279.016, 152.96), (292, 113), (278.819, 72.4324)))
(((218.933, -279.87), (208.248, -291.09), (170.36, -283.835), (170.349, -283.825), (179.733, -240.422), (205.486, -231.838), (220.086, -264.879), (218.933, -279.87)))
(((239.722, -519.564), (229.356, -543.641), (226.966, -545.169), (194.625, -550.461), (174.851, -517.092), (205.544, -498.204), (234.729, -509.148), (239.722, -519.564)))
(((215.352, -137.829), (202.342, -142.901), (186.52, -136.815), (180.207, -100.201), (195.747, -86.8043), (225.19, -107.699), (215.352, -137.829)))
(((281.366, 152.806), (181.552, 159.387), (149.983, 228.162), (166.624, 258.243), (186.952, 265.603), (297.921, 204.244), (298, 204), (281.366, 152.806)))
(((223.567, -369.987), (218.9, -372.689), (197.437, -373.073), (164.974, -344.32), (168.565, -339.499), (212.081, -319.021), (226.467, -331.301), (230.038, -352.731), (223.567, -369.987)))
(((206.013, -437.827), (194.985, -439.64), (191.858, -437.832), (179.63, -400.207), (197.437, -373.073), (218.9, -372.689), (217.142, -428.969), (206.013, -437.827)))
(((215.944, -600.278), (187.094, -600.892), (168.31, -575.479), (168.387, -574.682), (194.625, -550.461), (226.966, -545.169), (215.944, -600.278)))
(((259.473, -702.707), (236.902, -719.106), (213.821, -719.106), (176.253, -640.084), (187.094, -600.892), (215.944, -600.278), (241.379, -618.268), (259.473, -702.707)))
(((234.729, -509.148), (205.544, -498.204), (188.941, -472.545), (194.985, -439.64), (206.013, -437.827), (242.013, -478.328), (234.729, -509.148)))
(((213.446, -53), (254.958, -53), (247.254, -95.0244), (225.19, -107.699), (195.747, -86.8043), (194.825, -65.1259), (213.446, -53)))
(((223.845, -208.555), (198.342, -167.468), (202.342, -142.901), (215.352, -137.829), (240.132, -152.812), (234.199, -206.208), (223.845, -208.555)))
(((257.902, -423.025), (217.142, -428.969), (218.9, -372.689), (223.567, -369.987), (251.597, -387.895), (257.902, -423.025)))
(((241.379, -618.268), (215.944, -600.278), (226.966, -545.169), (229.356, -543.641), (264.316, -582.098), (241.379, -618.268)))
(((269.465, -305.771), (226.467, -331.301), (212.081, -319.021), (208.248, -291.09), (218.933, -279.87), (268.34, -293.594), (270.625, -303.651), (269.465, -305.771)))
(((262.425, -248.312), (220.086, -264.879), (205.486, -231.838), (213.415, -216.972), (223.845, -208.555), (234.199, -206.208), (259.6, -213.006), (262.425, -248.312)))
(((274.719, -441.946), (267.27, -459.214), (242.013, -478.328), (206.013, -437.827), (217.142, -428.969), (257.902, -423.025), (270.648, -430.441), (274.719, -441.946)))
(((293.506, 206.685), (186.952, 265.603), (213.206, 340.979), (329.22, 337.567), (345, 289), (325.902, 230.221), (293.506, 206.685)))
(((268.34, -293.594), (218.933, -279.87), (220.086, -264.879), (262.425, -248.312), (277.013, -270.465), (268.34, -293.594)))
(((260.754, -148.425), (240.132, -152.812), (215.352, -137.829), (225.19, -107.699), (247.254, -95.0244), (270.6, -116.425), (260.754, -148.425)))
(((330.625, 337.526), (213.206, 340.979), (185.749, 376.558), (244.517, 482.596), (305.434, 466.829), (328.902, 449.779), (348, 391), (330.625, 337.526)))
(((273.354, -349.843), (230.038, -352.731), (226.467, -331.301), (269.465, -305.771), (273.354, -349.843)))
(((259.6, -213.006), (234.199, -206.208), (240.132, -152.812), (260.754, -148.425), (279.287, -163.78), (272.042, -207.249), (259.6, -213.006)))
(((277.107, -353.482), (275.428, -374.747), (251.597, -387.895), (223.567, -369.987), (230.038, -352.731), (273.354, -349.843), (277.107, -353.482)))
(((303.467, -555.452), (277.299, -580.243), (264.316, -582.098), (229.356, -543.641), (239.722, -519.564), (272.054, -520.054), (303.094, -551.094), (303.467, -555.452)))
(((272.054, -520.054), (239.722, -519.564), (234.729, -509.148), (242.013, -478.328), (267.27, -459.214), (291.337, -496.116), (272.054, -520.054)))
(((270.648, -430.441), (257.902, -423.025), (251.597, -387.895), (275.428, -374.747), (302.468, -397.627), (270.648, -430.441)))
(((340.999, -679.332), (306.902, -704.106), (259.773, -704.106), (241.379, -618.268), (264.316, -582.098), (277.299, -580.243), (340.999, -679.332)))
(((306.6, -53), (309.74, -100.106), (293.515, -113.561), (270.6, -116.425), (247.254, -95.0244), (254.958, -53), (306.6, -53)))
(((304.146, -156.086), (279.287, -163.78), (260.754, -148.425), (270.6, -116.425), (293.515, -113.561), (304.146, -156.086)))
(((303.605, -262.155), (277.013, -270.465), (262.425, -248.312), (259.6, -213.006), (272.042, -207.249), (290.43, -210.62), (313.185, -236.409), (303.605, -262.155)))
(((311.5, -347.75), (277.107, -353.482), (273.354, -349.843), (269.465, -305.771), (270.625, -303.651), (311.5, -315.727), (311.5, -347.75)))
(((310.963, -490.318), (291.337, -496.116), (267.27, -459.214), (274.719, -441.946), (306.29, -451.768), (310.963, -490.318)))
(((218.285, 625), (365.715, 625), (372.902, 619.779), (392, 561), (372.902, 502.221), (322.902, 465.894), (309.045, 465.894), (244.517, 482.596), (218.744, 508.992), (194.465, 568.586), (211.098, 619.779), (218.285, 625)))
(((317.034, -353.745), (302.905, -397.544), (302.468, -397.627), (275.428, -374.747), (277.107, -353.482), (311.5, -347.75), (317.034, -353.745)))
(((317.611, -189.782), (290.43, -210.62), (272.042, -207.249), (279.287, -163.78), (304.146, -156.086), (319.067, -160.653), (317.611, -189.782)))
(((324.355, -306.378), (311.5, -315.727), (270.625, -303.651), (268.34, -293.594), (277.013, -270.465), (303.605, -262.155), (323.091, -279.205), (324.355, -306.378)))
(((342.026, -680.929), (277.299, -580.243), (303.467, -555.452), (339.522, -583.312), (367.455, -662.455), (342.026, -680.929)))
(((345.103, -506.375), (303.094, -551.094), (272.054, -520.054), (291.337, -496.116), (310.963, -490.318), (343.675, -503.948), (345.103, -506.375)))
(((334.845, -438.535), (306.29, -451.768), (274.719, -441.946), (270.648, -430.441), (302.468, -397.627), (302.905, -397.544), (330.386, -408.994), (334.845, -438.535)))
(((319.067, -160.653), (304.146, -156.086), (293.515, -113.561), (309.74, -100.106), (326.411, -109.737), (324.48, -158), (319.067, -160.653)))
(((337.446, -231.663), (313.185, -236.409), (290.43, -210.62), (317.611, -189.782), (345.718, -206.847), (337.446, -231.663)))
(((351.701, -455.797), (343.675, -503.948), (310.963, -490.318), (306.29, -451.768), (334.845, -438.535), (348.335, -447.896), (351.701, -455.797)))
(((330.386, -408.994), (302.905, -397.544), (317.034, -353.745), (339.645, -357.677), (342.405, -399.078), (330.386, -408.994)))
(((363.806, -258.847), (323.091, -279.205), (303.605, -262.155), (313.185, -236.409), (337.446, -231.663), (363.806, -258.847)))
(((368.788, -343.106), (339.645, -357.677), (317.034, -353.745), (311.5, -347.75), (311.5, -315.727), (324.355, -306.378), (353.605, -313.373), (368.788, -343.106)))
(((375.861, -521.537), (339.522, -583.312), (303.467, -555.452), (303.094, -551.094), (345.103, -506.375), (375.861, -521.537)))
(((400, -174.536), (345.718, -206.847), (317.611, -189.782), (319.067, -160.653), (324.48, -158), (400, -158), (400, -174.536)))
(((400, -158), (324.48, -158), (326.411, -109.737), (358.506, -110.435), (400, -153.905), (400, -158)))
(((363.849, -53), (358.506, -110.435), (326.411, -109.737), (309.74, -100.106), (306.6, -53), (363.849, -53)))
(((383.443, -264.548), (353.605, -313.373), (324.355, -306.378), (323.091, -279.205), (363.806, -258.847), (383.443, -264.548)))
(((400, -394.964), (342.405, -399.078), (339.645, -357.677), (368.788, -343.106), (400, -354.581), (400, -394.964)))
(((400, -394.964), (400, -408.154), (348.335, -447.896), (334.845, -438.535), (330.386, -408.994), (342.405, -399.078), (400, -394.964)))
(((400, -261), (383.443, -264.548), (363.806, -258.847), (337.446, -231.663), (345.718, -206.847), (400, -174.536), (400, -261)))
(((400, -521.802), (400, -662.106), (367.331, -662.106), (339.522, -583.312), (375.861, -521.537), (400, -521.802)))
(((400, -521.802), (375.861, -521.537), (345.103, -506.375), (343.675, -503.948), (351.701, -455.797), (400, -465.145), (400, -521.802)))
(((400, -465.145), (351.701, -455.797), (348.335, -447.896), (400, -408.154), (400, -465.145)))
(((400, -354.581), (368.788, -343.106), (353.605, -313.373), (383.443, -264.548), (400, -261), (400, -354.581)))
(((363.849, -53), (400, -53), (400, -153.905), (358.506, -110.435), (363.849, -53)))
