(((-225, -471), (-196.755, -471), (-158.161, -522.111), (-203.609, -596.096), (-225, -605.444), (-225, -471)))
(((-225, -393.727), (-167.162, -414.759), (-168.896, -444.233), (-196.755, -471), (-225, -471), (-225, -393.727)))
(((-225, -202.723), (-220.862, -203.371), (-166.236, -251.169), (-211.688, -294.165), (-225, -298.368), (-225, -202.723)))
(((-225, -113.011), (-161.819, -151.781), (-180.428, -191.479), (-220.862, -203.371), (-225, -202.723), (-225, -113.011)))
(((-225, -347.25), (-171.751, -355.513), (-154.721, -401.281), (-167.162, -414.759), (-225, -393.727), (-225, -347.25)))
(((-225, -298.368), (-211.688, -294.165), (-149.081, -311.823), (-141.343, -327.023), (-143.607, -332.729), (-171.751, -355.513), (-225, -347.25), (-225, -298.368)))
(((-139, -226.308), (-156.573, -250.189), (-166.236, -251.169), (-220.862, -203.371), (-180.428, -191.479), (-146.619, -207.444), (-139, -226.308)))
(((-140.018, -275.572), (-149.081, -311.823), (-211.688, -294.165), (-166.236, -251.169), (-156.573, -250.189), (-140.018, -275.572)))
(((-225, -113.011), (-225, -53), (-207.2, -53), (-132.227, -115.477), (-124.285, -129.376), (-135.683, -149.566), (-161.819, -151.781), (-225, -113.011)))
(((-128.81, -165.889), (-146.619, -207.444), (-180.428, -191.479), (-161.819, -151.781), (-135.683, -149.566), (-128.81, -165.889)))
(((-104.971, -480.707), (-127.146, -513.97), (-158.161, -522.111), (-196.755, -471), (-168.896, -444.233), (-112.344, -467.095), (-104.971, -480.707)))
(((-225, -705.398), (-225, -605.444), (-203.609, -596.096), (-104.025, -608.002), (-102.379, -738.044), (-112.098, -745.106), (-173.902, -745.106), (-223.902, -708.779), (-225, -705.398)))
(((-128.138, -397.543), (-154.721, -401.281), (-171.751, -355.513), (-143.607, -332.729), (-113.486, -384.112), (-128.138, -397.543)))
(((-112.344, -467.095), (-168.896, -444.233), (-167.162, -414.759), (-154.721, -401.281), (-128.138, -397.543), (-108.372, -440.779), (-112.344, -467.095)))
(((-225, 547.301), (-225, 602.699), (-217.754, 625), (-52.1579, 625), (-86.5407, 552.414), (-173.725, 519.26), (-215.641, 518.497), (-225, 547.301)))
(((-83.4284, -592.611), (-104.025, -608.002), (-203.609, -596.096), (-158.161, -522.111), (-127.146, -513.97), (-86.0329, -572.012), (-83.4284, -592.611)))
(((-225, 443.456), (-225, 486.544), (-214.612, 518.516), (-173.725, 519.26), (-85.2006, 462.513), (-139.228, 369.894), (-162.902, 369.894), (-212.902, 406.221), (-225, 443.456)))
(((-105.921, -53), (-132.227, -115.477), (-207.2, -53), (-105.921, -53)))
(((-100.176, -320.81), (-141.343, -327.023), (-149.081, -311.823), (-140.018, -275.572), (-112.279, -276.925), (-94.6537, -306.61), (-100.176, -320.81)))
(((-94.8979, -210.353), (-118.59, -225.968), (-139, -226.308), (-146.619, -207.444), (-128.81, -165.889), (-95.9139, -184.446), (-94.8979, -210.353)))
(((-112.279, -276.925), (-140.018, -275.572), (-156.573, -250.189), (-139, -226.308), (-118.59, -225.968), (-99.4599, -259.445), (-112.279, -276.925)))
(((-92.4299, -379.253), (-113.486, -384.112), (-143.607, -332.729), (-141.343, -327.023), (-100.176, -320.81), (-84.8674, -342.816), (-92.4299, -379.253)))
(((-105.921, -53), (-103.091, -53), (-85.713, -95.4793), (-98.4049, -124.036), (-124.285, -129.376), (-132.227, -115.477), (-105.921, -53)))
(((-85.2006, 462.513), (-173.725, 519.26), (-86.5407, 552.414), (-58.1649, 478.201), (-85.2006, 462.513)))
(((-91.4665, -379.931), (-78.3295, -418.247), (-108.372, -440.779), (-128.138, -397.543), (-113.486, -384.112), (-92.4299, -379.253), (-91.4665, -379.931)))
(((-66.1045, -161.082), (-95.9139, -184.446), (-128.81, -165.889), (-135.683, -149.566), (-124.285, -129.376), (-98.4049, -124.036), (-70.1, -145.1), (-66.1045, -161.082)))
(((-74.1218, -258.112), (-99.4599, -259.445), (-118.59, -225.968), (-94.8979, -210.353), (-66.0372, -224.156), (-74.1218, -258.112)))
(((-66.138, -290.926), (-94.6537, -306.61), (-112.279, -276.925), (-99.4599, -259.445), (-74.1218, -258.112), (-62.1376, -275.232), (-66.138, -290.926)))
(((-41.7224, -496.877), (-86.0329, -572.012), (-127.146, -513.97), (-104.971, -480.707), (-49.8939, -482.651), (-43.4279, -489.032), (-41.7224, -496.877)))
(((-49.8939, -482.651), (-104.971, -480.707), (-112.344, -467.095), (-108.372, -440.779), (-78.3295, -418.247), (-63.8772, -425.072), (-49.2008, -477.106), (-49.8939, -482.651)))
(((-51.1169, -182.518), (-60.0351, -222.013), (-66.0372, -224.156), (-94.8979, -210.353), (-95.9139, -184.446), (-66.1045, -161.082), (-58.8049, -165.434), (-51.1169, -182.518)))
(((-49.8551, -337.116), (-84.8674, -342.816), (-100.176, -320.81), (-94.6537, -306.61), (-66.138, -290.926), (-43.0489, -315.725), (-49.8551, -337.116)))
(((-49.6667, -53), (-55.2236, -94.6769), (-85.713, -95.4793), (-103.091, -53), (-49.6667, -53)))
(((-36.0397, -111.04), (-70.1, -145.1), (-98.4049, -124.036), (-85.713, -95.4793), (-55.2236, -94.6769), (-36.0397, -111.04)))
(((-102.371, -738.679), (-104.025, -608.002), (-83.4284, -592.611), (-47.8707, -599.235), (-21.2546, -622.205), (-47.0082, -744.106), (-94.9017, -744.106), (-102.371, -738.679)))
(((-40.0532, -404.107), (-63.8772, -425.072), (-78.3295, -418.247), (-91.4665, -379.931), (-50.983, -382.823), (-40.0532, -404.107)))
(((-33.8647, -357.517), (-50.983, -382.823), (-91.4665, -379.931), (-92.4299, -379.253), (-84.8674, -342.816), (-49.8551, -337.116), (-33.8647, -357.517)))
(((-30.3855, 376.613), (-140.612, 367.522), (-85.2006, 462.513), (-58.1649, 478.201), (-18.3294, 470.382), (-30.3855, 376.613)))
(((-118.797, 256.974), (-132.902, 267.221), (-152, 326), (-138.451, 367.7), (-30.3855, 376.613), (-23.2822, 371.608), (-27.4302, 299.71), (-118.797, 256.974)))
(((-24.9049, -265.243), (-62.1376, -275.232), (-74.1218, -258.112), (-66.0372, -224.156), (-60.0351, -222.013), (-32.25, -228.25), (-21.8684, -259.395), (-24.9049, -265.243)))
(((-9.56056, -541.109), (-47.8707, -599.235), (-83.4284, -592.611), (-86.0329, -572.012), (-41.7224, -496.877), (-10.4397, -535.435), (-9.56056, -541.109)))
(((-21.0342, -430.631), (-49.2008, -477.106), (-63.8772, -425.072), (-40.0532, -404.107), (-30.6337, -407.318), (-21.0342, -430.631)))
(((-11.5962, -304.218), (-43.0489, -315.725), (-66.138, -290.926), (-62.1376, -275.232), (-24.9049, -265.243), (-11.5962, -304.218)))
(((-21, -217), (-32.25, -228.25), (-60.0351, -222.013), (-51.1169, -182.518), (-21, -193.36), (-21, -217)))
(((-6.72807, -125.965), (-25.9626, -156.74), (-58.8049, -165.434), (-66.1045, -161.082), (-70.1, -145.1), (-36.0397, -111.04), (-18.4412, -111.324), (-6.72807, -125.965)))
(((-52.1579, 625), (-7.95288, 625), (20.6371, 604.228), (-10.7874, 473.568), (-18.3294, 470.382), (-58.1649, 478.201), (-86.5407, 552.414), (-52.1579, 625)))
(((-49.6667, -53), (-30, -53), (-30, -42.3973), (-14.5, -47.2808), (-14.5, -99.5), (-18.4412, -111.324), (-36.0397, -111.04), (-55.2236, -94.6769), (-49.6667, -53)))
(((-97.3416, 84.6429), (-111.902, 95.2215), (-131, 154), (-111.902, 212.779), (-108.904, 214.957), (-63.7256, 211.671), (8.33775, 182.277), (-10.5655, 112.571), (-97.3416, 84.6429)))
(((-21, -193.36), (-51.1169, -182.518), (-58.8049, -165.434), (-25.9626, -156.74), (-10.5451, -182.069), (-21, -193.36)))
(((-2.41447, -389.446), (-30.6337, -407.318), (-40.0532, -404.107), (-50.983, -382.823), (-33.8647, -357.517), (-17.0332, -358.488), (-2.41447, -389.446)))
(((-9.27044, -305.318), (-2.07399, -344.384), (-17.0332, -358.488), (-33.8647, -357.517), (-49.8551, -337.116), (-43.0489, -315.725), (-11.5962, -304.218), (-9.27044, -305.318)))
(((-107.02, 214.82), (-120.464, 256.194), (-27.4302, 299.71), (13.5746, 283.725), (18.433, 267.249), (-63.7256, 211.671), (-107.02, 214.82)))
(((-30, 33.4054), (2.65864, 28.1094), (20.6749, -30.4434), (18.4414, -36.4508), (-14.5, -47.2808), (-30, -42.3973), (-30, 33.4054)))
(((12.4664, -472.064), (-43.4279, -489.032), (-49.8939, -482.651), (-49.2008, -477.106), (-21.0342, -430.631), (9.34807, -431.525), (12.4664, -472.064)))
(((23.5523, -414.113), (9.34807, -431.525), (-21.0342, -430.631), (-30.6337, -407.318), (-2.41447, -389.446), (16.7855, -396.39), (23.5523, -414.113)))
(((15.9635, -166.796), (5.2033, -180.454), (-10.5451, -182.069), (-25.9626, -156.74), (-6.72807, -125.965), (1.65347, -128.977), (15.9635, -166.796)))
(((12.0328, -253.745), (-21.8684, -259.395), (-32.25, -228.25), (-21, -217), (6.43413, -218.614), (15.2247, -247.916), (12.0328, -253.745)))
(((6.43413, -218.614), (-21, -217), (-21, -193.36), (-10.5451, -182.069), (5.2033, -180.454), (17.0032, -206.776), (6.43413, -218.614)))
(((-30, 33.4054), (-30, 53), (-98.4511, 53), (-103, 67), (-97.2588, 84.6696), (-10.5655, 112.571), (10.1255, 103.537), (27.3747, 45.1549), (2.65864, 28.1094), (-30, 33.4054)))
(((11.25, -619.25), (-21.2546, -622.205), (-47.8707, -599.235), (-9.56056, -541.109), (28.6905, -566.929), (11.25, -619.25)))
(((33.1755, 189.836), (8.33775, 182.277), (-63.7256, 211.671), (18.433, 267.249), (46.6421, 240.03), (33.1755, 189.836)))
(((49.8178, 362.073), (49.3338, 338.357), (13.5746, 283.725), (-27.4302, 299.71), (-23.2822, 371.608), (48.1721, 363.756), (49.8178, 362.073)))
(((25.8291, -296.543), (-9.27044, -305.318), (-11.5962, -304.218), (-24.9049, -265.243), (-21.8684, -259.395), (12.0328, -253.745), (27.2727, -281.818), (25.8291, -296.543)))
(((42.0924, -756.061), (37.9017, -759.106), (-23.9017, -759.106), (-46.6808, -742.556), (-21.2546, -622.205), (11.25, -619.25), (29.9357, -629.631), (42.0924, -756.061)))
(((41.7432, -506.082), (-10.4397, -535.435), (-41.7224, -496.877), (-43.4279, -489.032), (12.4664, -472.064), (25.7625, -477.022), (41.272, -503.762), (41.7432, -506.082)))
(((16.7855, -396.39), (-2.41447, -389.446), (-17.0332, -358.488), (-2.07399, -344.384), (18.6278, -346.849), (29.8122, -377.351), (16.7855, -396.39)))
(((42.3279, -65.766), (32.2686, -81.3122), (-14.5, -99.5), (-14.5, -47.2808), (18.4414, -36.4508), (42.3279, -65.766)))
(((48.1721, 363.756), (-23.2822, 371.608), (-30.3855, 376.613), (-18.3294, 470.382), (-10.7874, 473.568), (51.5669, 454.283), (48.1721, 363.756)))
(((51.6643, -320.206), (18.6278, -346.849), (-2.07399, -344.384), (-9.27044, -305.318), (25.8291, -296.543), (51.5725, -319.891), (51.6643, -320.206)))
(((26.2264, -122.097), (1.65347, -128.977), (-6.72807, -125.965), (-18.4412, -111.324), (-14.5, -99.5), (32.2686, -81.3122), (26.2264, -122.097)))
(((51.3535, -211.232), (46.3514, -236.243), (15.2247, -247.916), (6.43413, -218.614), (17.0032, -206.776), (49.3816, -207.628), (51.3535, -211.232)))
(((76.9109, -548.846), (28.6905, -566.929), (-9.56056, -541.109), (-10.4397, -535.435), (41.7432, -506.082), (78.8172, -543.98), (76.9109, -548.846)))
(((49.3816, -207.628), (17.0032, -206.776), (5.2033, -180.454), (15.9635, -166.796), (33.4545, -168.545), (50.8708, -199.024), (49.3816, -207.628)))
(((57.6903, 170.925), (55.6841, 113.748), (10.1255, 103.537), (-10.5655, 112.571), (8.33775, 182.277), (33.1755, 189.836), (57.6903, 170.925)))
(((62.3701, -442.855), (25.7625, -477.022), (12.4664, -472.064), (9.34807, -431.525), (23.5523, -414.113), (50.0839, -422.787), (62.3701, -442.855)))
(((54.3333, -147.667), (33.4545, -168.545), (15.9635, -166.796), (1.65347, -128.977), (26.2264, -122.097), (52.0493, -129.394), (54.3333, -147.667)))
(((61.9862, -258.676), (27.2727, -281.818), (12.0328, -253.745), (15.2247, -247.916), (46.3514, -236.243), (61.9862, -258.676)))
(((57.3028, 39.8086), (56.0252, -10.0188), (20.6749, -30.4434), (2.65864, 28.1094), (27.3747, 45.1549), (53.002, 43.7112), (57.3028, 39.8086)))
(((54.4181, -322.695), (63.4438, -370.08), (29.8122, -377.351), (18.6278, -346.849), (51.6643, -320.206), (54.4181, -322.695)))
(((21.0887, 606.106), (51.273, 606.106), (123.34, 511.795), (103.193, 480.096), (51.5669, 454.283), (-10.7874, 473.568), (21.0887, 606.106)))
(((74.0184, 99.3427), (53.002, 43.7112), (27.3747, 45.1549), (10.1255, 103.537), (55.6841, 113.748), (74.0184, 99.3427)))
(((69.7723, -113.887), (52.0493, -129.394), (26.2264, -122.097), (32.2686, -81.3122), (42.3279, -65.766), (54.6528, -69.5009), (68.2111, -86.8253), (69.7723, -113.887)))
(((93.354, -618.272), (29.9357, -629.631), (11.25, -619.25), (28.6905, -566.929), (76.9109, -548.846), (93.354, -618.272)))
(((77.0307, -383.592), (50.0839, -422.787), (23.5523, -414.113), (16.7855, -396.39), (29.8122, -377.351), (63.4438, -370.08), (76.0503, -379.605), (77.0307, -383.592)))
(((71.622, -289.817), (51.5725, -319.891), (25.8291, -296.543), (27.2727, -281.818), (61.9862, -258.676), (68.325, -260.969), (71.622, -289.817)))
(((78.068, -172.915), (50.8708, -199.024), (33.4545, -168.545), (54.3333, -147.667), (76.1657, -165.133), (78.068, -172.915)))
(((99.8195, 258.204), (46.6421, 240.03), (18.433, 267.249), (13.5746, 283.725), (49.3338, 338.357), (98.7964, 275.802), (99.8195, 258.204)))
(((95.2824, -456.503), (41.272, -503.762), (25.7625, -477.022), (62.3701, -442.855), (92.4152, -453.37), (95.2824, -456.503)))
(((156.729, -665.99), (139.902, -717.779), (89.9017, -754.106), (41.9044, -754.106), (29.9357, -629.631), (93.354, -618.272), (156.729, -665.99)))
(((95.5, -34.1), (54.6528, -69.5009), (42.3279, -65.766), (18.4414, -36.4508), (20.6749, -30.4434), (56.0252, -10.0188), (95.5, -21.6818), (95.5, -34.1)))
(((89.2225, -252.221), (68.325, -260.969), (61.9862, -258.676), (46.3514, -236.243), (51.3535, -211.232), (88.7778, -219.111), (94.4797, -229.089), (89.2225, -252.221)))
(((108.325, -475.21), (80.4118, -543), (78.8172, -543.98), (41.7432, -506.082), (41.272, -503.762), (95.2824, -456.503), (101.618, -460.576), (108.325, -475.21)))
(((122.382, 10.0882), (95.5, -21.6818), (56.0252, -10.0188), (57.3028, 39.8086), (118.67, 28.6509), (122.382, 10.0882)))
(((88.7778, -219.111), (51.3535, -211.232), (49.3816, -207.628), (50.8708, -199.024), (78.068, -172.915), (102.042, -186.899), (88.7778, -219.111)))
(((99.0207, -139.872), (76.1657, -165.133), (54.3333, -147.667), (52.0493, -129.394), (69.7723, -113.887), (95.554, -124.08), (99.0207, -139.872)))
(((92.4152, -453.37), (62.3701, -442.855), (50.0839, -422.787), (77.0307, -383.592), (100.525, -402.006), (92.4152, -453.37)))
(((111.517, -347.685), (76.0503, -379.605), (63.4438, -370.08), (54.4181, -322.695), (100.596, -327.943), (111.517, -347.685)))
(((144.555, 223.327), (86.9754, 172.145), (57.6903, 170.925), (33.1755, 189.836), (46.6421, 240.03), (99.8195, 258.204), (140.263, 229.797), (144.555, 223.327)))
(((96.1287, 99.6456), (74.0184, 99.3427), (55.6841, 113.748), (57.6903, 170.925), (86.9754, 172.145), (117.127, 130.825), (96.1287, 99.6456)))
(((112.077, -301.154), (100.596, -327.943), (54.4181, -322.695), (51.6643, -320.206), (51.5725, -319.891), (71.622, -289.817), (107.8, -292.6), (112.077, -301.154)))
(((118.67, 28.6509), (57.3028, 39.8086), (53.002, 43.7112), (74.0184, 99.3427), (96.1287, 99.6456), (119.888, 71.1347), (120.456, 32.5123), (118.67, 28.6509)))
(((107.8, -292.6), (71.622, -289.817), (68.325, -260.969), (89.2225, -252.221), (110.081, -268.654), (107.8, -292.6)))
(((111.939, -78.8747), (68.2111, -86.8253), (54.6528, -69.5009), (95.5, -34.1), (121.006, -67.2579), (111.939, -78.8747)))
(((138.097, 369.92), (49.8178, 362.073), (48.1721, 363.756), (51.5669, 454.283), (103.193, 480.096), (140.195, 379.449), (138.097, 369.92)))
(((112.881, -111.848), (95.554, -124.08), (69.7723, -113.887), (68.2111, -86.8253), (111.939, -78.8747), (112.881, -111.848)))
(((149.993, 351.714), (98.7964, 275.802), (49.3338, 338.357), (49.8178, 362.073), (138.097, 369.92), (149.993, 351.714)))
(((102.042, -186.899), (78.068, -172.915), (76.1657, -165.133), (99.0207, -139.872), (112.809, -149.721), (106.547, -185.728), (102.042, -186.899)))
(((129.981, -395.841), (100.525, -402.006), (77.0307, -383.592), (76.0503, -379.605), (111.517, -347.685), (117.696, -349.891), (135.83, -386.16), (129.981, -395.841)))
(((135.678, -200.449), (123.906, -227.358), (94.4797, -229.089), (88.7778, -219.111), (102.042, -186.899), (106.547, -185.728), (134.803, -191.87), (135.678, -200.449)))
(((142.182, -254.773), (110.081, -268.654), (89.2225, -252.221), (94.4797, -229.089), (123.906, -227.358), (142.182, -254.773)))
(((142.508, -430.737), (101.618, -460.576), (95.2824, -456.503), (92.4152, -453.37), (100.525, -402.006), (129.981, -395.841), (142.508, -430.737)))
(((139.165, -147.25), (112.809, -149.721), (99.0207, -139.872), (95.554, -124.08), (112.881, -111.848), (139.822, -120.315), (139.165, -147.25)))
(((139.86, -187.06), (134.803, -191.87), (106.547, -185.728), (112.809, -149.721), (139.165, -147.25), (147.315, -157.241), (139.86, -187.06)))
(((197.751, 171.292), (165.52, 140.504), (117.127, 130.825), (86.9754, 172.145), (144.555, 223.327), (175.67, 206.381), (197.751, 171.292)))
(((157.446, -666.53), (93.354, -618.272), (76.9109, -548.846), (78.8172, -543.98), (80.4118, -543), (171.217, -543), (163.445, -662.172), (157.446, -666.53)))
(((171.217, -543), (80.4118, -543), (108.325, -475.21), (161.067, -495.721), (185.594, -523.549), (171.217, -543)))
(((152.33, -333.042), (117.696, -349.891), (111.517, -347.685), (100.596, -327.943), (112.077, -301.154), (145.859, -302.843), (152.33, -333.042)))
(((152.172, -8.39277), (145.933, -59.5515), (136.525, -66.7572), (121.006, -67.2579), (95.5, -34.1), (95.5, -21.6818), (122.382, 10.0882), (151.845, -7.96939), (152.172, -8.39277)))
(((154.899, -261.412), (153.589, -292.869), (145.859, -302.843), (112.077, -301.154), (107.8, -292.6), (110.081, -268.654), (142.182, -254.773), (149.314, -256.524), (154.899, -261.412)))
(((139.822, -120.315), (112.881, -111.848), (111.939, -78.8747), (121.006, -67.2579), (136.525, -66.7572), (154.688, -107.927), (139.822, -120.315)))
(((158.873, 91.1271), (119.888, 71.1347), (96.1287, 99.6456), (117.127, 130.825), (165.52, 140.504), (158.873, 91.1271)))
(((181.76, 332.32), (140.263, 229.797), (99.8195, 258.204), (98.7964, 275.802), (149.993, 351.714), (181.76, 332.32)))
(((161.067, -495.721), (108.325, -475.21), (101.618, -460.576), (142.508, -430.737), (164.219, -435.846), (161.067, -495.721)))
(((142.182, -254.773), (123.906, -227.358), (135.678, -200.449), (160.266, -222.449), (149.314, -256.524), (142.182, -254.773)))
(((174.255, -378.155), (135.83, -386.16), (117.696, -349.891), (152.33, -333.042), (159.138, -336.594), (176.149, -369.767), (174.255, -378.155)))
(((56.7223, 625), (235.278, 625), (246, 592), (226.902, 533.221), (206.182, 518.168), (123.34, 511.795), (50.789, 606.739), (56.7223, 625)))
(((194.2, 55.8), (120.456, 32.5123), (119.888, 71.1347), (158.873, 91.1271), (194.2, 55.8)))
(((182.451, -390.689), (176.632, -429.756), (164.219, -435.846), (142.508, -430.737), (129.981, -395.841), (135.83, -386.16), (174.255, -378.155), (182.451, -390.689)))
(((206.659, 518.205), (212.235, 514.153), (211.534, 439.141), (140.195, 379.449), (103.193, 480.096), (123.34, 511.795), (206.659, 518.205)))
(((171.505, -153.785), (147.315, -157.241), (139.165, -147.25), (139.822, -120.315), (154.688, -107.927), (166.656, -108.865), (182.096, -138.78), (171.505, -153.785)))
(((185.275, -212.624), (160.266, -222.449), (135.678, -200.449), (134.803, -191.87), (139.86, -187.06), (181.465, -193.994), (185.275, -212.624)))
(((195.735, -86.4331), (166.656, -108.865), (154.688, -107.927), (136.525, -66.7572), (145.933, -59.5515), (173.515, -62.8351), (195.44, -80.2467), (195.735, -86.4331)))
(((181.465, -193.994), (139.86, -187.06), (147.315, -157.241), (171.505, -153.785), (188.707, -180.544), (181.465, -193.994)))
(((208.411, 51.7396), (151.845, -7.96939), (122.382, 10.0882), (118.67, 28.6509), (120.456, 32.5123), (194.2, 55.8), (208.411, 51.7396)))
(((173.515, -62.8351), (145.933, -59.5515), (152.172, -8.39277), (188.945, -20.4005), (173.515, -62.8351)))
(((193.506, -316.766), (159.138, -336.594), (152.33, -333.042), (145.859, -302.843), (153.589, -292.869), (197.198, -304.899), (193.506, -316.766)))
(((186.964, -257.564), (154.899, -261.412), (149.314, -256.524), (160.266, -222.449), (185.275, -212.624), (191.789, -218.434), (193.441, -252.292), (186.964, -257.564)))
(((197.198, -304.899), (153.589, -292.869), (154.899, -261.412), (186.964, -257.564), (198.185, -304.05), (197.198, -304.899)))
(((185.594, -523.549), (161.067, -495.721), (164.219, -435.846), (176.632, -429.756), (216.066, -447.758), (198.953, -519.875), (185.594, -523.549)))
(((232.524, 286.559), (175.67, 206.381), (144.555, 223.327), (140.263, 229.797), (181.76, 332.32), (203.95, 329.15), (232.524, 286.559)))
(((206.495, -349.238), (176.149, -369.767), (159.138, -336.594), (193.506, -316.766), (206.495, -349.238)))
(((210, -18.1842), (188.945, -20.4005), (152.172, -8.39277), (151.845, -7.96939), (208.411, 51.7396), (210, 51.7216), (210, -18.1842)))
(((272.028, 53), (210, 53), (210, 51.7216), (208.411, 51.7396), (194.2, 55.8), (158.873, 91.1271), (165.52, 140.504), (197.751, 171.292), (270.29, 144.349), (286, 96), (272.028, 53)))
(((215.135, -136.302), (182.096, -138.78), (166.656, -108.865), (195.735, -86.4331), (219.104, -108.573), (216.684, -134.717), (215.135, -136.302)))
(((210, -18.1842), (210, -53), (218.903, -53), (195.44, -80.2467), (173.515, -62.8351), (188.945, -20.4005), (210, -18.1842)))
(((213.269, -173.616), (188.707, -180.544), (171.505, -153.785), (182.096, -138.78), (215.135, -136.302), (213.269, -173.616)))
(((253.245, 381.788), (203.95, 329.15), (181.76, 332.32), (149.993, 351.714), (138.097, 369.92), (140.195, 379.449), (211.534, 439.141), (253.245, 381.788)))
(((216.066, -447.758), (176.632, -429.756), (182.451, -390.689), (222.928, -395.625), (236.991, -434.505), (216.066, -447.758)))
(((229.417, -209.833), (191.789, -218.434), (185.275, -212.624), (181.465, -193.994), (188.707, -180.544), (213.269, -173.616), (234.342, -190.133), (229.417, -209.833)))
(((236.777, -284.041), (219.76, -300.598), (198.185, -304.05), (186.964, -257.564), (193.441, -252.292), (228.827, -257.01), (236.777, -284.041)))
(((222.928, -395.625), (182.451, -390.689), (174.255, -378.155), (176.149, -369.767), (206.495, -349.238), (221.623, -351.541), (234.155, -375.978), (222.928, -395.625)))
(((228.827, -257.01), (193.441, -252.292), (191.789, -218.434), (229.417, -209.833), (242.643, -236.286), (228.827, -257.01)))
(((163.574, -660.194), (171.217, -543), (185.594, -523.549), (198.953, -519.875), (250.992, -532.639), (242.357, -675.106), (184.098, -675.106), (163.574, -660.194)))
(((221.623, -351.541), (206.495, -349.238), (193.506, -316.766), (197.198, -304.899), (198.185, -304.05), (219.76, -300.598), (235.489, -334.476), (221.623, -351.541)))
(((218.903, -53), (253.214, -53), (254.689, -73.6407), (228.436, -104.666), (219.104, -108.573), (195.735, -86.4331), (195.44, -80.2467), (218.903, -53)))
(((266.633, -151.947), (260.298, -178.193), (234.342, -190.133), (213.269, -173.616), (215.135, -136.302), (216.684, -134.717), (264.789, -149.018), (266.633, -151.947)))
(((272.518, 143.522), (197.751, 171.292), (175.67, 206.381), (232.524, 286.559), (329.819, 261.178), (338, 236), (318.902, 177.221), (272.518, 143.522)))
(((272.727, -524.736), (250.992, -532.639), (198.953, -519.875), (216.066, -447.758), (236.991, -434.505), (239.982, -434.855), (273.056, -503.366), (272.727, -524.736)))
(((270.876, -299.4), (259.748, -331.987), (235.489, -334.476), (219.76, -300.598), (236.777, -284.041), (264.05, -291.909), (270.876, -299.4)))
(((264.789, -149.018), (216.684, -134.717), (219.104, -108.573), (228.436, -104.666), (266.862, -119.305), (264.789, -149.018)))
(((273.852, -352.861), (256.858, -374.43), (234.155, -375.978), (221.623, -351.541), (235.489, -334.476), (259.748, -331.987), (273.852, -352.861)))
(((265.209, -426.846), (239.982, -434.855), (236.991, -434.505), (222.928, -395.625), (234.155, -375.978), (256.858, -374.43), (275.465, -405.442), (265.209, -426.846)))
(((266.862, -119.305), (228.436, -104.666), (254.689, -73.6407), (278.966, -101.653), (266.862, -119.305)))
(((286.63, -209.37), (260.049, -235.951), (242.643, -236.286), (229.417, -209.833), (234.342, -190.133), (260.298, -178.193), (285.154, -202.358), (286.63, -209.37)))
(((264.05, -291.909), (236.777, -284.041), (228.827, -257.01), (242.643, -236.286), (260.049, -235.951), (277.001, -256.588), (264.05, -291.909)))
(((331.299, 260.792), (232.524, 286.559), (203.95, 329.15), (253.245, 381.788), (345.363, 379.205), (362, 328), (342.902, 269.221), (331.299, 260.792)))
(((346.857, 379.163), (253.245, 381.788), (211.534, 439.141), (212.236, 514.222), (234.098, 530.106), (295.902, 530.106), (345.902, 493.779), (365, 435), (346.857, 379.163)))
(((273.056, -503.366), (239.982, -434.855), (265.209, -426.846), (295.968, -448.377), (273.056, -503.366)))
(((309.5, -390.5), (275.465, -405.442), (256.858, -374.43), (273.852, -352.861), (302.143, -355.08), (309.5, -365.419), (309.5, -390.5)))
(((242.452, -673.55), (250.992, -532.639), (272.727, -524.736), (368.912, -546.796), (381, -584), (361.902, -642.779), (311.902, -679.106), (250.098, -679.106), (242.452, -673.55)))
(((329.035, -53), (315.078, -98.0422), (278.966, -101.653), (254.689, -73.6407), (253.214, -53), (329.035, -53)))
(((302.143, -355.08), (273.852, -352.861), (259.748, -331.987), (270.876, -299.4), (295.051, -301.158), (309.325, -330.457), (302.143, -355.08)))
(((302.638, -255.08), (277.001, -256.588), (260.049, -235.951), (286.63, -209.37), (304.551, -221.608), (302.638, -255.08)))
(((305.131, -257.65), (301.53, -294.86), (295.051, -301.158), (270.876, -299.4), (264.05, -291.909), (277.001, -256.588), (302.638, -255.08), (305.131, -257.65)))
(((322.75, -116.125), (300.765, -149.103), (266.633, -151.947), (264.789, -149.018), (266.862, -119.305), (278.966, -101.653), (315.078, -98.0422), (322.75, -116.125)))
(((316.296, -173.812), (285.154, -202.358), (260.298, -178.193), (266.633, -151.947), (300.765, -149.103), (316.296, -173.812)))
(((324.904, -405.904), (303.552, -447.274), (295.968, -448.377), (265.209, -426.846), (275.465, -405.442), (309.5, -390.5), (324.904, -405.904)))
(((397.086, -502.435), (386.902, -533.779), (368.967, -546.809), (272.727, -524.736), (273.056, -503.366), (295.968, -448.377), (303.552, -447.274), (397.086, -502.435)))
(((318.233, -174.359), (335.8, -216.521), (304.551, -221.608), (286.63, -209.37), (285.154, -202.358), (316.296, -173.812), (318.233, -174.359)))
(((350.21, -269.158), (342.322, -289.916), (301.53, -294.86), (305.131, -257.65), (345.782, -259.973), (350.21, -269.158)))
(((345.782, -259.973), (305.131, -257.65), (302.638, -255.08), (304.551, -221.608), (335.8, -216.521), (351.474, -221.548), (345.782, -259.973)))
(((348.408, -319.798), (309.325, -330.457), (295.051, -301.158), (301.53, -294.86), (342.322, -289.916), (350.399, -316.455), (348.408, -319.798)))
(((359.98, -161.603), (318.233, -174.359), (316.296, -173.812), (300.765, -149.103), (322.75, -116.125), (347.971, -128.735), (359.98, -161.603)))
(((400, -419.079), (400, -501.973), (398.343, -503.177), (303.552, -447.274), (324.904, -405.904), (400, -419.079)))
(((353.32, -357.129), (309.5, -365.419), (302.143, -355.08), (309.325, -330.457), (348.408, -319.798), (353.32, -357.129)))
(((400, -192.115), (351.474, -221.548), (335.8, -216.521), (318.233, -174.359), (359.98, -161.603), (400, -191.436), (400, -192.115)))
(((400, -419.079), (324.904, -405.904), (309.5, -390.5), (309.5, -365.419), (353.32, -357.129), (400, -391.583), (400, -419.079)))
(((329.035, -53), (400, -53), (400, -91.5714), (347.971, -128.735), (322.75, -116.125), (315.078, -98.0422), (329.035, -53)))
(((400, -315.274), (350.399, -316.455), (342.322, -289.916), (350.21, -269.158), (400, -275.652), (400, -315.274)))
(((400, -391.583), (353.32, -357.129), (348.408, -319.798), (350.399, -316.455), (400, -315.274), (400, -391.583)))
(((400, -275.652), (350.21, -269.158), (345.782, -259.973), (351.474, -221.548), (400, -192.115), (400, -275.652)))
(((400, -191.436), (359.98, -161.603), (347.971, -128.735), (400, -91.5714), (400, -191.436)))
