(((-225, 485.894), (-225, 625), (-109.296, 625), (-97.013, 587.195), (-124.178, 537.958), (-190.343, 485.894), (-225, 485.894)))
(((-120.835, -367.106), (-139.902, -367.106), (-189.902, -330.779), (-209, -272), (-189.902, -213.221), (-151.62, -185.408), (-132.179, -189.453), (-107.124, -203.268), (-71.1232, -270.769), (-82.2698, -333.361), (-120.835, -367.106)))
(((-132.077, 365.475), (-179.902, 400.221), (-199, 459), (-190.234, 485.98), (-124.178, 537.958), (-30.6742, 428.87), (-33.9254, 413.372), (-132.077, 365.475)))
(((-154.824, -184.741), (-158.902, -181.779), (-178, -123), (-159.572, -66.2854), (-48.1525, -113.199), (-50.4434, -134.962), (-132.179, -189.453), (-154.824, -184.741)))
(((-44.5566, -53), (-19.3671, -86.3761), (-48.1525, -113.199), (-156.359, -67.6384), (-151.603, -53), (-44.5566, -53)))
(((-37.3874, -202.338), (-107.124, -203.268), (-132.179, -189.453), (-50.4434, -134.962), (-25.7967, -154.817), (-37.3874, -202.338)))
(((-99.5868, 582.53), (-80.9017, 596.106), (-41.8099, 596.106), (4.73257, 475.095), (-30.6742, 428.87), (-124.178, 537.958), (-99.5868, 582.53)))
(((-2.72387, -230.166), (-18.4874, -255.563), (-71.1232, -270.769), (-107.124, -203.268), (-37.3874, -202.338), (-8.22889, -220.282), (-2.72387, -230.166)))
(((-107.899, 267.227), (-118.902, 275.221), (-138, 334), (-126.962, 367.97), (-33.9254, 413.372), (1.97392, 382.386), (-13.7923, 283.058), (-107.899, 267.227)))
(((-4.97653, -323.117), (-82.2698, -333.361), (-71.1232, -270.769), (-18.4874, -255.563), (-4.97653, -323.117)))
(((2.17851, -463.106), (-55.9017, -463.106), (-105.902, -426.779), (-124.304, -370.141), (-82.2698, -333.361), (-4.97653, -323.117), (-3.89049, -323.519), (2.17851, -463.106)))
(((12.1291, -144.923), (-25.7967, -154.817), (-50.4434, -134.962), (-48.1525, -113.199), (-19.3671, -86.3761), (-3.8118, -88.5983), (12.1291, -144.923)))
(((-101.301, 169.452), (-120, 227), (-106.873, 267.4), (-13.7923, 283.058), (30.0908, 262.7), (39.0461, 208.471), (23.8436, 192.068), (-101.301, 169.452)))
(((26.9759, -154.902), (-8.22889, -220.282), (-37.3874, -202.338), (-25.7967, -154.817), (12.1291, -144.923), (26.9759, -154.902)))
(((-44.5566, -53), (-30, -53), (-30, -19.5), (12.8947, -19.5), (6.25061, -82.6192), (-3.8118, -88.5983), (-19.3671, -86.3761), (-44.5566, -53)))
(((-30, -19.5), (-30, 53), (-93.7288, 53), (-89.9017, 64.7785), (-73.1923, 76.9186), (-65.0342, 76.6822), (15.3056, 23.692), (23.877, -11.9122), (12.8947, -19.5), (-30, -19.5)))
(((-74.527, 76.9573), (-85.9017, 85.2215), (-105, 144), (-96.4451, 170.329), (23.8436, 192.068), (32.2334, 111.766), (24.8394, 103.348), (-65.0342, 76.6822), (-74.527, 76.9573)))
(((50.6603, -316.245), (-3.89049, -323.519), (-4.97653, -323.117), (-18.4874, -255.563), (-2.72387, -230.166), (12.7457, -234.227), (50.7226, -289.926), (55.523, -310.54), (50.6603, -316.245)))
(((75.8211, -443.727), (51.9017, -461.106), (2.09155, -461.106), (-3.89049, -323.519), (50.6603, -316.245), (75.8211, -443.727)))
(((54.3087, 50.0765), (15.3056, 23.692), (-65.0342, 76.6822), (24.8394, 103.348), (54.3087, 50.0765)))
(((30.0908, 262.7), (-13.7923, 283.058), (1.97392, 382.386), (38.3194, 375.809), (80.5476, 303.577), (30.0908, 262.7)))
(((-4.4235, 625), (50.5882, 625), (42.1153, 480.959), (4.73257, 475.095), (-42.3304, 597.459), (-4.4235, 625)))
(((49.9075, -80.6043), (6.25061, -82.6192), (12.8947, -19.5), (23.877, -11.9122), (55.4579, -19.343), (57.4746, -74.8028), (49.9075, -80.6043)))
(((31.9607, -155.023), (55.0816, -214.752), (12.7457, -234.227), (-2.72387, -230.166), (-8.22889, -220.282), (26.9759, -154.902), (31.9607, -155.023)))
(((57.3384, -144.51), (31.9607, -155.023), (26.9759, -154.902), (12.1291, -144.923), (-3.8118, -88.5983), (6.25061, -82.6192), (49.9075, -80.6043), (57.3384, -144.51)))
(((122.43, 433.556), (38.3194, 375.809), (1.97392, 382.386), (-33.9254, 413.372), (-30.6742, 428.87), (4.73257, 475.095), (42.1153, 480.959), (90.3293, 472.281), (123.857, 442.988), (122.43, 433.556)))
(((55.4579, -19.343), (23.877, -11.9122), (15.3056, 23.692), (54.3087, 50.0765), (65.3065, 45.6774), (70.3061, -10.5691), (55.4579, -19.343)))
(((82.817, -218.331), (50.7226, -289.926), (12.7457, -234.227), (55.0816, -214.752), (82.817, -218.331)))
(((82.817, -218.331), (55.0816, -214.752), (31.9607, -155.023), (57.3384, -144.51), (84.7842, -149.633), (95.0887, -214.895), (82.817, -218.331)))
(((92.5266, 117.628), (32.2334, 111.766), (23.8436, 192.068), (39.0461, 208.471), (87.0221, 194.69), (92.5266, 117.628)))
(((101.526, 617.84), (90.3293, 472.281), (42.1153, 480.959), (50.5356, 624.106), (92.9017, 624.106), (101.526, 617.84)))
(((96.5961, 115.004), (90.2147, 55.018), (65.3065, 45.6774), (54.3087, 50.0765), (24.8394, 103.348), (32.2334, 111.766), (92.5266, 117.628), (96.5961, 115.004)))
(((112.456, -87.3859), (106.052, -135.777), (84.7842, -149.633), (57.3384, -144.51), (49.9075, -80.6043), (57.4746, -74.8028), (105.36, -81.7538), (112.456, -87.3859)))
(((111.021, -221.723), (104.807, -302.504), (55.523, -310.54), (50.7226, -289.926), (82.817, -218.331), (95.0887, -214.895), (111.021, -221.723)))
(((105.36, -81.7538), (57.4746, -74.8028), (55.4579, -19.343), (70.3061, -10.5691), (103.693, -13.4309), (105.36, -81.7538)))
(((127.792, 292.152), (118.675, 204.89), (87.0221, 194.69), (39.0461, 208.471), (30.0908, 262.7), (80.5476, 303.577), (103.231, 303.383), (126.518, 293.856), (127.792, 292.152)))
(((133.78, 1.83057), (103.693, -13.4309), (70.3061, -10.5691), (65.3065, 45.6774), (90.2147, 55.018), (122.426, 38.5965), (133.78, 1.83057)))
(((123.522, 430.924), (103.231, 303.383), (80.5476, 303.577), (38.3194, 375.809), (122.43, 433.556), (123.522, 430.924)))
(((136.814, -439.63), (127.902, -446.106), (76.2906, -446.106), (50.6603, -316.245), (55.523, -310.54), (104.807, -302.504), (120.8, -309.228), (136.814, -439.63)))
(((154.833, 83.9667), (122.426, 38.5965), (90.2147, 55.018), (96.5961, 115.004), (117.616, 114.485), (154.833, 83.9667)))
(((152.268, -166.458), (130.375, -218.205), (111.021, -221.723), (95.0887, -214.895), (84.7842, -149.633), (106.052, -135.777), (148.953, -154.593), (152.268, -166.458)))
(((164.512, 173.483), (117.616, 114.485), (96.5961, 115.004), (92.5266, 117.628), (87.0221, 194.69), (118.675, 204.89), (163.252, 184.481), (164.512, 173.483)))
(((137.928, -0.724079), (159.621, -60.0954), (138.378, -80.9056), (112.456, -87.3859), (105.36, -81.7538), (103.693, -13.4309), (133.78, 1.83057), (135.28, 1.28049), (137.928, -0.724079)))
(((101.624, 619.106), (157.902, 619.106), (167.183, 612.362), (210.724, 493.784), (123.857, 442.988), (90.3293, 472.281), (101.624, 619.106)))
(((227.543, -282.872), (120.8, -309.228), (104.807, -302.504), (111.021, -221.723), (130.375, -218.205), (230.763, -272.962), (227.543, -282.872)))
(((179.937, 362.342), (126.518, 293.856), (103.231, 303.383), (123.522, 430.924), (179.937, 362.342)))
(((148.953, -154.593), (106.052, -135.777), (112.456, -87.3859), (138.378, -80.9056), (173.54, -126.77), (148.953, -154.593)))
(((136.75, -439.106), (120.8, -309.228), (230.622, -282.112), (234.902, -285.221), (254, -344), (234.902, -402.779), (184.902, -439.106), (136.75, -439.106)))
(((199.756, 213.887), (163.252, 184.481), (118.675, 204.89), (127.792, 292.152), (183.734, 272.07), (199.756, 213.887)))
(((218.766, 84.7658), (154.833, 83.9667), (117.616, 114.485), (164.512, 173.483), (228.393, 86.7876), (218.766, 84.7658)))
(((218.766, 84.7658), (135.28, 1.28049), (133.78, 1.83057), (122.426, 38.5965), (154.833, 83.9667), (218.766, 84.7658)))
(((228.757, -271.868), (130.375, -218.205), (152.268, -166.458), (208.485, -188.397), (222.81, -204.278), (236.143, -266.501), (228.757, -271.868)))
(((252.451, -75.471), (198.909, -121.364), (173.54, -126.77), (138.378, -80.9056), (159.621, -60.0954), (254.64, -65.6847), (252.451, -75.471)))
(((210, -2.13725), (210, -53), (263.766, -53), (254.64, -65.6847), (159.621, -60.0954), (137.928, -0.724079), (210, -2.13725)))
(((268.577, 53), (210, 53), (210, -2.13725), (137.928, -0.724079), (135.28, 1.28049), (218.766, 84.7658), (228.393, 86.7876), (260.221, 78.7187), (268.577, 53)))
(((250.503, 318.468), (183.734, 272.07), (127.792, 292.152), (126.518, 293.856), (179.937, 362.342), (210.06, 358.325), (250.503, 318.468)))
(((208.485, -188.397), (152.268, -166.458), (148.953, -154.593), (173.54, -126.77), (198.909, -121.364), (208.485, -188.397)))
(((254.929, 477.977), (210.06, 358.325), (179.937, 362.342), (123.522, 430.924), (122.43, 433.556), (123.857, 442.988), (210.724, 493.784), (254.929, 477.977)))
(((256.848, 79.5738), (228.393, 86.7876), (164.512, 173.483), (163.252, 184.481), (199.756, 213.887), (302.475, 201.47), (314, 166), (294.902, 107.221), (256.848, 79.5738)))
(((264.968, -125.02), (222.81, -204.278), (208.485, -188.397), (198.909, -121.364), (252.451, -75.471), (264.968, -125.02)))
(((306.788, 200.949), (199.756, 213.887), (183.734, 272.07), (250.503, 318.468), (309.04, 306.121), (325, 257), (306.788, 200.949)))
(((306.091, 306.742), (250.503, 318.468), (210.06, 358.325), (254.929, 477.977), (271.414, 477.711), (323.046, 450.939), (332.902, 443.779), (352, 385), (332.902, 326.221), (306.091, 306.742)))
(((172.546, 625), (315.056, 625), (271.414, 477.711), (254.929, 477.977), (210.724, 493.784), (167.85, 610.547), (172.546, 625)))
(((355.689, -213.889), (348.902, -234.779), (298.902, -271.106), (237.13, -271.106), (222.81, -204.278), (264.968, -125.02), (355.689, -213.889)))
(((263.766, -53), (375.951, -53), (396.902, -68.2215), (400, -77.7571), (400, -176.243), (396.902, -185.779), (356.763, -214.941), (264.968, -125.02), (252.451, -75.471), (254.64, -65.6847), (263.766, -53)))
(((400, 618.058), (400, 475.942), (366.902, 451.894), (321.204, 451.894), (271.414, 477.711), (315.056, 625), (390.446, 625), (400, 618.058)))
