(((-225, -264.769), (-188.125, -270.761), (-183.001, -274.087), (-161.117, -335.761), (-212.404, -351.677), (-225, -352), (-225, -264.769)))
(((-225, -582.222), (-225, -441.117), (-190.488, -441.452), (-149.387, -498.464), (-201.167, -576.833), (-219.678, -586.089), (-225, -582.222)))
(((-225, -352), (-212.404, -351.677), (-145.017, -405.587), (-153.398, -419.816), (-190.488, -441.452), (-225, -441.117), (-225, -352)))
(((-225, -125.833), (-156.742, -171.339), (-155.496, -179.901), (-169.535, -202.779), (-225, -212.864), (-225, -125.833)))
(((-225, -212.864), (-169.535, -202.779), (-148.017, -228.909), (-188.125, -270.761), (-225, -264.769), (-225, -212.864)))
(((-225, 516.497), (-225, 625), (-90.4225, 625), (-94.2748, 610.605), (-211.34, 514.309), (-219.381, 512.414), (-225, 516.497)))
(((-225, -122.131), (-225, -53), (-142.306, -53), (-136.731, -79.6792), (-164.866, -113.259), (-225, -122.131)))
(((-145.017, -405.587), (-212.404, -351.677), (-161.117, -335.761), (-149.407, -337.967), (-137.282, -398.589), (-145.017, -405.587)))
(((-225, -125.833), (-225, -122.131), (-164.866, -113.259), (-134.331, -141.757), (-156.742, -171.339), (-225, -125.833)))
(((-120.42, -291.8), (-135.364, -329.161), (-149.407, -337.967), (-161.117, -335.761), (-183.001, -274.087), (-123.068, -281.904), (-120.42, -291.8)))
(((-123.068, -281.904), (-183.001, -274.087), (-188.125, -270.761), (-148.017, -228.909), (-130.026, -232.436), (-116.532, -266.17), (-123.068, -281.904)))
(((-122.713, -493.364), (-149.387, -498.464), (-190.488, -441.452), (-153.398, -419.816), (-102.287, -474.451), (-122.713, -493.364)))
(((-225, 407.757), (-225, 506.243), (-223.295, 511.491), (-211.34, 514.309), (-99.9623, 488.607), (-68.2713, 442.95), (-160.906, 361.894), (-171.902, 361.894), (-221.902, 398.221), (-225, 407.757)))
(((-111.202, -208.148), (-130.026, -232.436), (-148.017, -228.909), (-169.535, -202.779), (-155.496, -179.901), (-114.694, -192.725), (-111.202, -208.148)))
(((-105.14, -139.104), (-134.331, -141.757), (-164.866, -113.259), (-136.731, -79.6792), (-101.5, -103.167), (-97.0069, -119.641), (-105.14, -139.104)))
(((-93.5264, -570.502), (-201.167, -576.833), (-149.387, -498.464), (-122.713, -493.364), (-93.5264, -570.502)))
(((-96.3652, -159.254), (-114.694, -192.725), (-155.496, -179.901), (-156.742, -171.339), (-134.331, -141.757), (-105.14, -139.104), (-96.3652, -159.254)))
(((-225, -615), (-214.816, -583.658), (-201.167, -576.833), (-93.5264, -570.502), (-74.399, -576.684), (-120.2, -710.106), (-155.902, -710.106), (-205.902, -673.779), (-225, -615)))
(((-80.3445, 557.785), (-99.9623, 488.607), (-211.34, 514.309), (-94.2748, 610.605), (-80.3445, 557.785)))
(((-84.559, -357.811), (-89.9074, -373.093), (-118.032, -396.743), (-137.282, -398.589), (-149.407, -337.967), (-135.364, -329.161), (-86.009, -353.171), (-84.559, -357.811)))
(((-102.287, -474.451), (-153.398, -419.816), (-145.017, -405.587), (-137.282, -398.589), (-118.032, -396.743), (-83.7435, -432.214), (-96.585, -473.146), (-102.287, -474.451)))
(((-63.875, -53), (-101.5, -103.167), (-136.731, -79.6792), (-142.306, -53), (-63.875, -53)))
(((-71.5326, -314), (-86.009, -353.171), (-135.364, -329.161), (-120.42, -291.8), (-74.9118, -309.559), (-71.5326, -314)))
(((-76.2888, -233.839), (-86.1559, -256.475), (-116.532, -266.17), (-130.026, -232.436), (-111.202, -208.148), (-82.1911, -216.919), (-76.2888, -233.839)))
(((-74.399, -576.684), (-93.5264, -570.502), (-122.713, -493.364), (-102.287, -474.451), (-96.585, -473.146), (-59.2865, -490.96), (-67.3877, -574.673), (-74.399, -576.684)))
(((-65.3148, -198.837), (-82.1911, -216.919), (-111.202, -208.148), (-114.694, -192.725), (-96.3652, -159.254), (-72.4215, -168.831), (-65.3148, -198.837)))
(((-74.9118, -309.559), (-120.42, -291.8), (-123.068, -281.904), (-116.532, -266.17), (-86.1559, -256.475), (-67.3103, -271.552), (-74.9118, -309.559)))
(((-51.566, -417.197), (-83.7435, -432.214), (-118.032, -396.743), (-89.9074, -373.093), (-51.3, -411.7), (-51.566, -417.197)))
(((-63.875, -53), (-61.24, -53), (-51.0452, -66.4142), (-48.2254, -118.581), (-97.0069, -119.641), (-101.5, -103.167), (-63.875, -53)))
(((-42.4052, -155.653), (-72.4215, -168.831), (-96.3652, -159.254), (-105.14, -139.104), (-97.0069, -119.641), (-48.2254, -118.581), (-41.6207, -123.534), (-42.2553, -155.264), (-42.4052, -155.653)))
(((-120.073, 292.182), (-144.902, 310.221), (-161.518, 361.36), (-68.2713, 442.95), (-60.3934, 442.521), (-16.1299, 379.531), (-96.0333, 293.319), (-120.073, 292.182)))
(((-23.5717, -456.878), (-39.8193, -482.96), (-59.2865, -490.96), (-96.585, -473.146), (-83.7435, -432.214), (-51.566, -417.197), (-31.1386, -437.139), (-23.5717, -456.878)))
(((-34.8761, -243.206), (-42.1796, -267.363), (-67.3103, -271.552), (-86.1559, -256.475), (-76.2888, -233.839), (-38.5, -238.562), (-34.8761, -243.206)))
(((-30.551, -380.576), (-51.3, -411.7), (-89.9074, -373.093), (-84.559, -357.811), (-37.4554, -362.407), (-30.551, -380.576)))
(((-15.7923, -724.891), (-27.0983, -733.106), (-88.9017, -733.106), (-120.272, -710.314), (-74.399, -576.684), (-67.3877, -574.673), (-45.9503, -579.662), (-24.9729, -592.691), (-15.7923, -724.891)))
(((-38.5, -238.562), (-76.2888, -233.839), (-82.1911, -216.919), (-65.3148, -198.837), (-38.5, -204.635), (-38.5, -238.562)))
(((-97.0917, 132.571), (-137.902, 162.221), (-157, 221), (-137.902, 279.779), (-120.882, 292.144), (-96.0333, 293.319), (-13.376, 267.771), (-15.3108, 185.543), (-97.0917, 132.571)))
(((17.7416, 496.805), (-60.3934, 442.521), (-68.2713, 442.95), (-99.9623, 488.607), (-80.3445, 557.785), (9.11265, 507.856), (17.7416, 496.805)))
(((-37.4554, -362.407), (-84.559, -357.811), (-86.009, -353.171), (-71.5326, -314), (-39.7143, -314), (-22.7988, -331.761), (-37.4554, -362.407)))
(((-39.7143, -314), (-71.5326, -314), (-74.9118, -309.559), (-67.3103, -271.552), (-42.1796, -267.363), (-31.3617, -284.766), (-39.7143, -314)))
(((-38.5, -204.635), (-65.3148, -198.837), (-72.4215, -168.831), (-42.4052, -155.653), (-20.7464, -190.72), (-38.5, -204.635)))
(((-24.3571, 625), (9.11265, 507.856), (-80.3445, 557.785), (-94.2748, 610.605), (-90.4225, 625), (-24.3571, 625)))
(((-45.9503, -579.662), (-67.3877, -574.673), (-59.2865, -490.96), (-39.8193, -482.96), (-3.56324, -515.073), (-45.9503, -579.662)))
(((-1.14319, -111.969), (-41.6207, -123.534), (-48.2254, -118.581), (-51.0452, -66.4142), (-13.7498, -79.882), (-0.354103, -107.378), (-1.14319, -111.969)))
(((-13.376, 267.771), (-96.0333, 293.319), (-16.1299, 379.531), (9.51338, 370.128), (-8.9138, 269.803), (-13.376, 267.771)))
(((-2.42683, -408.427), (-31.1386, -437.139), (-51.566, -417.197), (-51.3, -411.7), (-30.551, -380.576), (-12.0831, -385.091), (-2.42683, -408.427)))
(((3.29515, -218.65), (-13.2202, -242.243), (-34.8761, -243.206), (-38.5, -238.562), (-38.5, -204.635), (-20.7464, -190.72), (-16.5172, -191.085), (3.29515, -218.65)))
(((1.42857, -280.082), (-31.3617, -284.766), (-42.1796, -267.363), (-34.8761, -243.206), (-13.2202, -242.243), (6.24309, -264.95), (1.42857, -280.082)))
(((-61.24, -53), (-30, -53), (-30, -12.9304), (-8.73195, -18.3147), (10.8732, -42.2234), (-13.7498, -79.882), (-51.0452, -66.4142), (-61.24, -53)))
(((4.84943, -119.855), (6.36047, -134.36), (-3.61642, -151.196), (-42.2553, -155.264), (-41.6207, -123.534), (-1.14319, -111.969), (4.84943, -119.855)))
(((-16.5172, -191.085), (-20.7464, -190.72), (-42.4052, -155.653), (-42.2553, -155.264), (-3.61642, -151.196), (-0.328452, -178.596), (-16.5172, -191.085)))
(((18.8128, -312.367), (-14.5602, -331.23), (-22.7988, -331.761), (-39.7143, -314), (-31.3617, -284.766), (1.42857, -280.082), (18.8128, -312.367)))
(((14.1893, -370.76), (-12.0831, -385.091), (-30.551, -380.576), (-37.4554, -362.407), (-22.7988, -331.761), (-14.5602, -331.23), (14.1893, -370.76)))
(((19.769, -456.168), (-23.5717, -456.878), (-31.1386, -437.139), (-2.42683, -408.427), (12.8644, -413.359), (19.769, -456.168)))
(((38.3007, -481.431), (1.27387, -514.986), (-3.56324, -515.073), (-39.8193, -482.96), (-23.5717, -456.878), (19.769, -456.168), (30.791, -461.178), (37.7332, -472.692), (38.3007, -481.431)))
(((-81.3268, 75.5299), (-99.3793, 131.09), (-15.3108, 185.543), (9.97711, 177.31), (37.1094, 106.464), (10.437, 77.1685), (-81.3268, 75.5299)))
(((21.3091, -586.005), (-24.9729, -592.691), (-45.9503, -579.662), (-3.56324, -515.073), (1.27387, -514.986), (30.2825, -548.83), (21.3091, -586.005)))
(((-30, -12.9304), (-30, 53), (-87.6026, 53), (-80.2761, 75.5486), (10.437, 77.1685), (26, 57.3333), (26, 9.10526), (-8.73195, -18.3147), (-30, -12.9304)))
(((23.9945, -47.6529), (26.1455, -85.2955), (-0.354103, -107.378), (-13.7498, -79.882), (10.8732, -42.2234), (23.9945, -47.6529)))
(((36.2397, -394.479), (12.8644, -413.359), (-2.42683, -408.427), (-12.0831, -385.091), (14.1893, -370.76), (24.8138, -371.628), (36.2397, -394.479)))
(((28.4993, -255.579), (6.24309, -264.95), (-13.2202, -242.243), (3.29515, -218.65), (24.2821, -219.604), (34.106, -237.465), (28.4993, -255.579)))
(((16.3176, -177.72), (-0.328452, -178.596), (-3.61642, -151.196), (6.36047, -134.36), (29.5233, -157.523), (16.3176, -177.72)))
(((24.9338, 496.473), (51.1574, 419.9), (24.0596, 372.479), (9.51338, 370.128), (-16.1299, 379.531), (-60.3934, 442.521), (17.7416, 496.805), (24.9338, 496.473)))
(((24.2821, -219.604), (3.29515, -218.65), (-16.5172, -191.085), (-0.328452, -178.596), (16.3176, -177.72), (35.7036, -199.876), (24.2821, -219.604)))
(((24.8138, -371.628), (14.1893, -370.76), (-14.5602, -331.23), (18.8128, -312.367), (19.0525, -312.413), (36.3796, -354.493), (24.8138, -371.628)))
(((52.353, -722.692), (44.9017, -728.106), (-15.5691, -728.106), (-24.9729, -592.691), (21.3091, -586.005), (65.0476, -611.903), (52.353, -722.692)))
(((34.25, 625), (75.9773, 523), (24.9338, 496.473), (17.7416, 496.805), (9.11265, 507.856), (-24.3571, 625), (34.25, 625)))
(((45.6053, -301.892), (19.0525, -312.413), (18.8128, -312.367), (1.42857, -280.082), (6.24309, -264.95), (28.4993, -255.579), (57.0394, -285.261), (45.6053, -301.892)))
(((69.4454, 275.831), (54.5062, 271.034), (-8.9138, 269.803), (9.51338, 370.128), (24.0596, 372.479), (84.637, 327.287), (69.4454, 275.831)))
(((38.9366, 185.401), (9.97711, 177.31), (-15.3108, 185.543), (-13.376, 267.771), (-8.9138, 269.803), (54.5062, 271.034), (38.9366, 185.401)))
(((67.5654, -519.396), (30.2825, -548.83), (1.27387, -514.986), (38.3007, -481.431), (67.5654, -519.396)))
(((57.3201, -420.854), (30.791, -461.178), (19.769, -456.168), (12.8644, -413.359), (36.2397, -394.479), (49.881, -401.016), (57.3201, -420.854)))
(((50, -154.829), (29.5233, -157.523), (6.36047, -134.36), (4.84943, -119.855), (50, -122.591), (50, -154.829)))
(((68.2483, -22.2091), (49.1423, -42.7131), (23.9945, -47.6529), (10.8732, -42.2234), (-8.73195, -18.3147), (26, 9.10526), (66.701, -10.1741), (68.2483, -22.2091)))
(((55.8654, -116.192), (50, -122.591), (4.84943, -119.855), (-1.14319, -111.969), (-0.354103, -107.378), (26.1455, -85.2955), (54.3599, -94.1125), (55.8654, -116.192)))
(((58.8333, -162.5), (39.2059, -198.735), (35.7036, -199.876), (16.3176, -177.72), (29.5233, -157.523), (50, -154.829), (58.8333, -162.5)))
(((54.3599, -94.1125), (26.1455, -85.2955), (23.9945, -47.6529), (49.1423, -42.7131), (66.1973, -80.2342), (54.3599, -94.1125)))
(((78.4215, -348.341), (36.3796, -354.493), (19.0525, -312.413), (45.6053, -301.892), (78.9451, -346.901), (78.4215, -348.341)))
(((69.924, 114.772), (37.1094, 106.464), (9.97711, 177.31), (38.9366, 185.401), (89.65, 173.95), (69.924, 114.772)))
(((65.1732, -235.69), (34.106, -237.465), (24.2821, -219.604), (35.7036, -199.876), (39.2059, -198.735), (72.8279, -209.943), (65.1732, -235.69)))
(((66.701, -10.1741), (26, 9.10526), (26, 57.3333), (92.0676, 35.3108), (66.701, -10.1741)))
(((67.5646, -281.269), (57.0394, -285.261), (28.4993, -255.579), (34.106, -237.465), (65.1732, -235.69), (75.9132, -251.353), (67.5646, -281.269)))
(((85.0438, -371.713), (49.881, -401.016), (36.2397, -394.479), (24.8138, -371.628), (36.3796, -354.493), (78.4215, -348.341), (85.0438, -371.713)))
(((104.019, -589.058), (65.0476, -611.903), (21.3091, -586.005), (30.2825, -548.83), (67.5654, -519.396), (82.5904, -523.002), (92.1489, -530.501), (104.019, -589.058)))
(((77.6352, -206.777), (72.8279, -209.943), (39.2059, -198.735), (58.8333, -162.5), (70.4546, -164.551), (84.1367, -184.021), (77.6352, -206.777)))
(((103.937, 182.384), (89.65, 173.95), (38.9366, 185.401), (54.5062, 271.034), (69.4454, 275.831), (122.685, 228.052), (103.937, 182.384)))
(((105.678, 43.8006), (100.022, 38.7908), (92.0676, 35.3108), (26, 57.3333), (10.437, 77.1685), (37.1094, 106.464), (69.924, 114.772), (107.117, 87.1976), (112.735, 72.7002), (105.678, 43.8006)))
(((95.9775, -458.131), (37.7332, -472.692), (30.791, -461.178), (57.3201, -420.854), (94.9401, -429.602), (95.9775, -458.131)))
(((96.9151, -134.915), (70.4546, -164.551), (58.8333, -162.5), (50, -154.829), (50, -122.591), (55.8654, -116.192), (84.5714, -122.571), (96.9151, -134.915)))
(((84.637, 327.287), (24.0596, 372.479), (51.1574, 419.9), (94.2673, 412.833), (111.226, 343.693), (84.637, 327.287)))
(((106.484, -305.771), (98.7759, -329.324), (78.9451, -346.901), (45.6053, -301.892), (57.0394, -285.261), (67.5646, -281.269), (102.768, -297.34), (106.484, -305.771)))
(((92.7364, -79.631), (66.1973, -80.2342), (49.1423, -42.7131), (68.2483, -22.2091), (105.179, -41.4133), (92.7364, -79.631)))
(((100.565, -463.684), (82.5904, -523.002), (67.5654, -519.396), (38.3007, -481.431), (37.7332, -472.692), (95.9775, -458.131), (100.565, -463.684)))
(((93.6333, -80.8867), (84.5714, -122.571), (55.8654, -116.192), (54.3599, -94.1125), (66.1973, -80.2342), (92.7364, -79.631), (93.6333, -80.8867)))
(((94.9401, -429.602), (57.3201, -420.854), (49.881, -401.016), (85.0438, -371.713), (92.8396, -377.519), (106.113, -417.339), (94.9401, -429.602)))
(((158.168, 470.078), (94.2673, 412.833), (51.1574, 419.9), (24.9338, 496.473), (75.9773, 523), (83.125, 523), (131.112, 497.407), (158.168, 470.078)))
(((137.312, 625), (83.125, 523), (75.9773, 523), (34.25, 625), (137.312, 625)))
(((104.828, -244.927), (75.9132, -251.353), (65.1732, -235.69), (72.8279, -209.943), (77.6352, -206.777), (111.389, -224.236), (104.828, -244.927)))
(((102.768, -297.34), (67.5646, -281.269), (75.9132, -251.353), (104.828, -244.927), (119.372, -265.794), (102.768, -297.34)))
(((119.533, -159.173), (112.3, -180.316), (84.1367, -184.021), (70.4546, -164.551), (96.9151, -134.915), (111.896, -135.718), (119.533, -159.173)))
(((111.896, -135.718), (96.9151, -134.915), (84.5714, -122.571), (93.6333, -80.8867), (114.524, -92.2274), (115.848, -131.954), (111.896, -135.718)))
(((134.338, -210.029), (111.389, -224.236), (77.6352, -206.777), (84.1367, -184.021), (112.3, -180.316), (134.205, -209.231), (134.338, -210.029)))
(((120.717, -37.2862), (105.179, -41.4133), (68.2483, -22.2091), (66.701, -10.1741), (92.0676, 35.3108), (100.022, 38.7908), (125.51, -30.0275), (120.717, -37.2862)))
(((52.6722, -719.906), (65.0476, -611.903), (104.019, -589.058), (199.116, -610.502), (210, -644), (190.902, -702.779), (140.902, -739.106), (79.0983, -739.106), (52.6722, -719.906)))
(((170.007, -494.687), (92.1489, -530.501), (82.5904, -523.002), (100.565, -463.684), (155.597, -478.589), (170.314, -492.08), (170.007, -494.687)))
(((145.142, 139.306), (107.117, 87.1976), (69.924, 114.772), (89.65, 173.95), (103.937, 182.384), (145.142, 139.306)))
(((130.152, -369.604), (92.8396, -377.519), (85.0438, -371.713), (78.4215, -348.341), (78.9451, -346.901), (98.7759, -329.324), (136.675, -352.646), (130.152, -369.604)))
(((148.572, -81.2121), (114.524, -92.2274), (93.6333, -80.8867), (92.7364, -79.631), (105.179, -41.4133), (120.717, -37.2862), (152.6, -76.8657), (148.572, -81.2121)))
(((137.606, -415.621), (106.113, -417.339), (92.8396, -377.519), (130.152, -369.604), (149.208, -403.48), (137.606, -415.621)))
(((155.597, -478.589), (100.565, -463.684), (95.9775, -458.131), (94.9401, -429.602), (106.113, -417.339), (137.606, -415.621), (155.597, -478.589)))
(((179.997, 461.613), (174.881, 376.344), (111.304, 343.696), (111.226, 343.693), (94.2673, 412.833), (158.168, 470.078), (179.997, 461.613)))
(((148.077, -262.456), (119.372, -265.794), (104.828, -244.927), (111.389, -224.236), (134.338, -210.029), (152.981, -222.218), (149.628, -260.783), (148.077, -262.456)))
(((160.155, -339.474), (136.675, -352.646), (98.7759, -329.324), (106.484, -305.771), (146.805, -309.437), (160.155, -339.474)))
(((157.309, -11.6546), (125.51, -30.0275), (100.022, 38.7908), (105.678, 43.8006), (152.962, 20.6412), (157.309, -11.6546)))
(((142.637, -125.724), (115.848, -131.954), (114.524, -92.2274), (148.572, -81.2121), (142.637, -125.724)))
(((193.293, 243.14), (122.685, 228.052), (69.4454, 275.831), (84.637, 327.287), (111.226, 343.693), (111.304, 343.696), (202.283, 252.717), (193.293, 243.14)))
(((200.187, -610.743), (104.019, -589.058), (92.1489, -530.501), (170.007, -494.687), (208.132, -596.352), (208.304, -604.845), (200.187, -610.743)))
(((146.805, -309.437), (106.484, -305.771), (102.768, -297.34), (119.372, -265.794), (148.077, -262.456), (153.107, -298.671), (146.805, -309.437)))
(((134.205, -209.231), (112.3, -180.316), (119.533, -159.173), (158.052, -166.306), (134.205, -209.231)))
(((161.36, -164.573), (158.052, -166.306), (119.533, -159.173), (111.896, -135.718), (115.848, -131.954), (142.637, -125.724), (164.936, -137.159), (161.36, -164.573)))
(((175.369, 124.388), (170.067, 79.3154), (112.735, 72.7002), (107.117, 87.1976), (145.142, 139.306), (161.756, 137.2), (175.369, 124.388)))
(((198.081, 625), (198.992, 613.771), (131.112, 497.407), (83.125, 523), (137.313, 625), (198.081, 625)))
(((178.443, -367.086), (155.003, -402.245), (149.208, -403.48), (130.152, -369.604), (136.675, -352.646), (160.155, -339.474), (167.248, -342.032), (178.443, -367.086)))
(((198.804, 51.2026), (152.962, 20.6412), (105.678, 43.8006), (112.735, 72.7002), (170.067, 79.3154), (198.804, 51.2026)))
(((166.473, -75.8303), (152.6, -76.8657), (120.717, -37.2862), (125.51, -30.0275), (157.309, -11.6546), (200.659, -33.3295), (166.473, -75.8303)))
(((197.389, 206.684), (161.756, 137.2), (145.142, 139.306), (103.937, 182.384), (122.685, 228.052), (193.293, 243.14), (197.389, 206.684)))
(((179.926, -128.498), (164.936, -137.159), (142.637, -125.724), (148.572, -81.2121), (152.6, -76.8657), (166.473, -75.8303), (187.891, -105.101), (179.926, -128.498)))
(((177.333, -217), (152.981, -222.218), (134.338, -210.029), (134.205, -209.231), (158.052, -166.306), (161.36, -164.573), (174.253, -173.169), (177.491, -216.882), (177.333, -217)))
(((202.283, 252.717), (111.304, 343.696), (174.881, 376.344), (206.78, 347.26), (205.69, 254.689), (202.283, 252.717)))
(((190.431, -474.681), (170.314, -492.08), (155.597, -478.589), (137.606, -415.621), (149.208, -403.48), (155.003, -402.245), (200.813, -425.738), (190.431, -474.681)))
(((200.771, -271.925), (190.374, -292.246), (153.107, -298.671), (148.077, -262.456), (149.628, -260.783), (194.108, -267.325), (200.771, -271.925)))
(((196.211, -323.931), (167.248, -342.032), (160.155, -339.474), (146.805, -309.437), (153.107, -298.671), (190.374, -292.246), (196.211, -323.931)))
(((194.108, -267.325), (149.628, -260.783), (152.981, -222.218), (177.333, -217), (194.108, -267.325)))
(((210, -31.2303), (200.659, -33.3295), (157.309, -11.6546), (152.962, 20.6412), (198.804, 51.2026), (210, 49.0398), (210, -31.2303)))
(((179.997, 461.613), (158.168, 470.078), (131.112, 497.407), (198.992, 613.771), (251.784, 481.789), (179.997, 461.613)))
(((228.279, -401.899), (200.813, -425.738), (155.003, -402.245), (178.443, -367.086), (216.283, -379.406), (228.279, -401.899)))
(((208.557, -170.142), (174.253, -173.169), (161.36, -164.573), (164.936, -137.159), (179.926, -128.498), (217.04, -155.374), (208.557, -170.142)))
(((214.921, -210.144), (177.491, -216.882), (174.253, -173.169), (208.557, -170.142), (214.921, -210.144)))
(((244.582, 128.031), (175.369, 124.388), (161.756, 137.2), (197.389, 206.684), (244.582, 128.031)))
(((215.726, -268.654), (200.771, -271.925), (194.108, -267.325), (177.333, -217), (177.491, -216.882), (214.921, -210.144), (217.756, -211.886), (220.249, -264.225), (215.726, -268.654)))
(((283.704, 53), (210, 53), (210, 49.0398), (198.804, 51.2026), (170.067, 79.3154), (175.369, 124.388), (244.582, 128.031), (297.144, 99.6349), (298, 97), (283.704, 53)))
(((216.283, -379.406), (178.443, -367.086), (167.248, -342.032), (196.211, -323.931), (207.295, -326.996), (222.136, -354.932), (216.283, -379.406)))
(((210, -31.2303), (210, -53), (216.8, -53), (206.875, -102.625), (187.891, -105.101), (166.473, -75.8303), (200.659, -33.3295), (210, -31.2303)))
(((217.04, -155.374), (179.926, -128.498), (187.891, -105.101), (206.875, -102.625), (227.869, -109.623), (225.784, -151.314), (217.04, -155.374)))
(((235.387, -309.205), (207.295, -326.996), (196.211, -323.931), (190.374, -292.246), (200.771, -271.925), (215.726, -268.654), (235.387, -309.205)))
(((235.397, -53), (239.773, -102.589), (227.869, -109.623), (206.875, -102.625), (216.8, -53), (235.397, -53)))
(((324.178, 386.393), (206.78, 347.26), (174.881, 376.344), (179.997, 461.613), (251.784, 481.789), (268.161, 478.925), (306.902, 450.779), (326, 392), (324.178, 386.393)))
(((274.929, -491.097), (208.132, -596.352), (170.007, -494.687), (170.314, -492.08), (190.431, -474.681), (263.792, -477.126), (266.583, -478.333), (274.929, -491.097)))
(((228.72, -401.972), (263.792, -477.126), (190.431, -474.681), (200.813, -425.738), (228.279, -401.899), (228.72, -401.972)))
(((251.905, -340.048), (222.136, -354.932), (207.295, -326.996), (235.387, -309.205), (249.242, -313.422), (251.905, -340.048)))
(((258.132, -188.185), (232.226, -210.044), (217.756, -211.886), (214.921, -210.144), (208.557, -170.142), (217.04, -155.374), (225.784, -151.314), (246.3, -156.633), (258.132, -188.185)))
(((250.088, -261.241), (220.249, -264.225), (217.756, -211.886), (232.226, -210.044), (263.448, -237.194), (250.088, -261.241)))
(((243.286, -398.689), (228.72, -401.972), (228.279, -401.899), (216.283, -379.406), (222.136, -354.932), (251.905, -340.048), (256.468, -343.755), (264.341, -373.278), (243.286, -398.689)))
(((278.382, -295.382), (249.242, -313.422), (235.387, -309.205), (215.726, -268.654), (220.249, -264.225), (250.088, -261.241), (278.454, -290.553), (278.382, -295.382)))
(((293.439, 101.636), (244.582, 128.031), (197.389, 206.684), (193.293, 243.14), (202.283, 252.717), (205.69, 254.689), (205.842, 254.684), (335.695, 212.637), (345, 184), (325.902, 125.221), (293.439, 101.636)))
(((282.128, -114.268), (272.569, -139.121), (246.3, -156.633), (225.784, -151.314), (227.869, -109.623), (239.773, -102.589), (279.176, -109.296), (282.128, -114.268)))
(((323.748, 386.249), (329.902, 381.779), (334.354, 368.077), (205.842, 254.684), (205.69, 254.689), (206.78, 347.26), (323.748, 386.249)))
(((288.223, -53), (279.176, -109.296), (239.773, -102.589), (235.397, -53), (288.223, -53)))
(((198.081, 625), (341.754, 625), (358, 575), (338.902, 516.221), (288.902, 479.894), (262.62, 479.894), (251.784, 481.789), (198.992, 613.771), (198.081, 625)))
(((280.134, -230.985), (263.448, -237.194), (232.226, -210.044), (258.132, -188.185), (270.866, -191.708), (285.582, -210.102), (280.134, -230.985)))
(((263.792, -477.126), (228.72, -401.972), (243.286, -398.689), (294.762, -421.976), (266.583, -478.333), (263.792, -477.126)))
(((291.759, -337.874), (256.468, -343.755), (251.905, -340.048), (249.242, -313.422), (278.382, -295.382), (294.792, -311.792), (291.759, -337.874)))
(((292.604, -166.537), (270.866, -191.708), (258.132, -188.185), (246.3, -156.633), (272.569, -139.121), (292.604, -166.537)))
(((298.397, -351.5), (290.937, -369.684), (264.341, -373.278), (256.468, -343.755), (291.759, -337.874), (298.397, -351.5)))
(((278.454, -290.553), (250.088, -261.241), (263.448, -237.194), (280.134, -230.985), (291.746, -242.222), (295.777, -270.437), (278.454, -290.553)))
(((335.697, 212.636), (205.842, 254.684), (333.274, 367.124), (359.902, 347.779), (379, 289), (359.902, 230.221), (335.697, 212.636)))
(((301.805, -419.05), (294.762, -421.976), (243.286, -398.689), (264.341, -373.278), (290.937, -369.684), (310.058, -400.641), (301.805, -419.05)))
(((208.282, -603.724), (208.132, -596.352), (274.929, -491.097), (375.555, -522.243), (381, -539), (361.902, -597.779), (311.902, -634.106), (250.098, -634.106), (208.282, -603.724)))
(((319.804, -200.691), (285.582, -210.102), (270.866, -191.708), (292.604, -166.537), (298.462, -167.154), (319.804, -200.691)))
(((329.25, -144.062), (298.462, -167.154), (292.604, -166.537), (272.569, -139.121), (282.128, -114.268), (316.26, -121.33), (329.25, -144.062)))
(((338.684, -233.195), (291.746, -242.222), (280.134, -230.985), (285.582, -210.102), (319.804, -200.691), (346.707, -206.172), (338.684, -233.195)))
(((376.043, -522.394), (274.929, -491.097), (266.583, -478.333), (294.762, -421.976), (301.805, -419.05), (394.691, -492.883), (387.902, -513.779), (376.043, -522.394)))
(((341.951, -260.732), (335.5, -269.333), (295.777, -270.437), (291.746, -242.222), (338.684, -233.195), (341.951, -260.732)))
(((371.662, -53), (316.26, -121.33), (282.128, -114.268), (279.176, -109.296), (288.223, -53), (371.662, -53)))
(((335.5, -295.844), (319.067, -310.736), (294.792, -311.792), (278.382, -295.382), (278.454, -290.553), (295.777, -270.437), (335.5, -269.333), (335.5, -295.844)))
(((371.991, -369.015), (310.058, -400.641), (290.937, -369.684), (298.397, -351.5), (340.204, -351.5), (371.991, -369.015)))
(((340.204, -351.5), (298.397, -351.5), (291.759, -337.874), (294.792, -311.792), (319.067, -310.736), (340.204, -351.5)))
(((346.707, -206.172), (319.804, -200.691), (298.462, -167.154), (329.25, -144.062), (385.811, -177.781), (346.707, -206.172)))
(((400, -369.891), (400, -488.511), (394.353, -492.614), (301.805, -419.05), (310.058, -400.641), (371.991, -369.015), (400, -369.891)))
(((400, -369.891), (371.991, -369.015), (340.204, -351.5), (319.067, -310.736), (335.5, -295.844), (400, -332.125), (400, -369.891)))
(((371.662, -53), (400, -53), (400, -175.284), (385.811, -177.781), (329.25, -144.062), (316.26, -121.33), (371.662, -53)))
(((400, -332.125), (335.5, -295.844), (335.5, -269.333), (341.951, -260.732), (400, -275.581), (400, -332.125)))
(((400, -275.581), (341.951, -260.732), (338.684, -233.195), (346.707, -206.172), (385.811, -177.781), (400, -175.284), (400, -275.581)))
