(((-225, -57.0769), (-156.39, -118.65), (-156.205, -120.573), (-172.556, -139.648), (-225, -153.633), (-225, -57.0769)))
(((-225, -339.6), (-178.708, -348.858), (-166.659, -415.125), (-222.986, -442.618), (-225, -442.876), (-225, -339.6)))
(((-225, -153.633), (-172.556, -139.648), (-158.791, -185.529), (-163.417, -192.06), (-225, -200.857), (-225, -153.633)))
(((-225, -267.536), (-184.132, -270.455), (-168.812, -281.327), (-152.702, -330.808), (-156.517, -338.895), (-178.708, -348.858), (-225, -339.6), (-225, -267.536)))
(((-225, -442.876), (-222.986, -442.618), (-139.703, -493.401), (-190.683, -563.718), (-225, -578.889), (-225, -442.876)))
(((-225, -200.857), (-163.417, -192.06), (-143.352, -228.542), (-184.132, -270.455), (-225, -267.536), (-225, -200.857)))
(((-225, 539.395), (-225, 625), (-64.1987, 625), (-60.1387, 612.505), (-107.592, 530.592), (-157.977, 513.894), (-189.902, 513.894), (-225, 539.395)))
(((-129.758, -389.425), (-160.136, -414.545), (-166.659, -415.125), (-178.708, -348.858), (-156.517, -338.895), (-125.797, -378.575), (-129.758, -389.425)))
(((-225, -57.0769), (-225, -53), (-126.362, -53), (-125.471, -81.9346), (-156.39, -118.65), (-225, -57.0769)))
(((-134.546, -136.188), (-137.234, -176.505), (-158.791, -185.529), (-172.556, -139.648), (-156.205, -120.573), (-134.546, -136.188)))
(((-124.711, -490.188), (-139.703, -493.401), (-222.986, -442.618), (-166.659, -415.125), (-160.136, -414.545), (-103.566, -466.649), (-124.711, -490.188)))
(((-107.622, -289.813), (-117.82, -321.864), (-152.702, -330.808), (-168.812, -281.327), (-113.152, -282.486), (-107.622, -289.813)))
(((-113.152, -282.486), (-168.812, -281.327), (-184.132, -270.455), (-143.352, -228.542), (-122.417, -229.625), (-108.281, -250.828), (-113.152, -282.486)))
(((-97.3945, -560.891), (-190.683, -563.718), (-139.703, -493.401), (-124.711, -490.188), (-97.3945, -560.891)))
(((-225, -619.621), (-225, -578.889), (-190.683, -563.718), (-97.3945, -560.891), (-85.4905, -566.914), (-108.025, -690.106), (-163.902, -690.106), (-213.902, -653.779), (-225, -619.621)))
(((-105.617, -204.426), (-122.417, -229.625), (-143.352, -228.542), (-163.417, -192.06), (-158.791, -185.529), (-137.234, -176.505), (-113.546, -183.438), (-105.617, -204.426)))
(((-98.4504, -359.956), (-125.797, -378.575), (-156.517, -338.895), (-152.702, -330.808), (-117.82, -321.864), (-95.5761, -352.117), (-98.4504, -359.956)))
(((-89.7673, -150.743), (-113.546, -183.438), (-137.234, -176.505), (-134.546, -136.188), (-96.8709, -137.025), (-89.7673, -150.743)))
(((-96.8709, -137.025), (-134.546, -136.188), (-156.205, -120.573), (-156.39, -118.65), (-125.471, -81.9346), (-89.2194, -110.723), (-96.8709, -137.025)))
(((-103.566, -466.649), (-160.136, -414.545), (-129.758, -389.425), (-89.6742, -417.07), (-92.4734, -463.724), (-103.566, -466.649)))
(((-150.82, 354.913), (-182.902, 378.221), (-202, 437), (-182.902, 495.779), (-157.96, 513.9), (-107.592, 530.592), (-63.3333, 486.333), (-77.0079, 376.937), (-150.82, 354.913)))
(((-89.6742, -417.07), (-129.758, -389.425), (-125.797, -378.575), (-98.4504, -359.956), (-66.6926, -395.524), (-89.6742, -417.07)))
(((-70.1337, -300.523), (-79.9509, -343.473), (-95.5761, -352.117), (-117.82, -321.864), (-107.622, -289.813), (-73.0435, -295.576), (-70.1337, -300.523)))
(((-55.8354, -53), (-55.2019, -54.4038), (-81.0833, -106.167), (-89.2194, -110.723), (-125.471, -81.9346), (-126.362, -53), (-55.8354, -53)))
(((-85.4905, -566.914), (-97.3945, -560.891), (-124.711, -490.188), (-103.566, -466.649), (-92.4734, -463.724), (-62.1889, -472.671), (-67.0985, -559.408), (-85.4905, -566.914)))
(((-73.7267, -244.463), (-108.281, -250.828), (-122.417, -229.625), (-105.617, -204.426), (-80.5425, -206.097), (-68.1505, -232.43), (-73.7267, -244.463)))
(((-62.1035, -186.386), (-80.5425, -206.097), (-105.617, -204.426), (-113.546, -183.438), (-89.7673, -150.743), (-68.891, -159.802), (-62.1035, -186.386)))
(((-73.0435, -295.576), (-107.622, -289.813), (-113.152, -282.486), (-108.281, -250.828), (-73.7267, -244.463), (-58.948, -270.909), (-73.0435, -295.576)))
(((-36.2781, -371.018), (-63.8335, -395.424), (-66.6926, -395.524), (-98.4504, -359.956), (-95.5761, -352.117), (-79.9509, -343.473), (-44.5854, -351.634), (-36.2781, -371.018)))
(((-45.9685, -467.859), (-62.1889, -472.671), (-92.4734, -463.724), (-89.6742, -417.07), (-66.6926, -395.524), (-63.8335, -395.424), (-26.0845, -445.184), (-45.9685, -467.859)))
(((-39.9545, -142.864), (-68.891, -159.802), (-89.7673, -150.743), (-96.8709, -137.025), (-89.2194, -110.723), (-81.0833, -106.167), (-43.3128, -121.275), (-39.9545, -142.864)))
(((-116.275, 232.696), (-145.902, 254.221), (-165, 313), (-151.442, 354.727), (-77.0079, 376.937), (-29.1073, 365.788), (-22.4222, 361.031), (-23.3491, 283.175), (-116.275, 232.696)))
(((-44.5854, -351.634), (-79.9509, -343.473), (-70.1337, -300.523), (-29.3186, -317.708), (-44.5854, -351.634)))
(((-35.375, -225.875), (-68.1505, -232.43), (-80.5425, -206.097), (-62.1035, -186.386), (-37.5637, -195.963), (-35.375, -225.875)))
(((-53.2597, -55.835), (-31.8347, -104.806), (-43.3128, -121.275), (-81.0833, -106.167), (-55.2019, -54.4038), (-53.2597, -55.835)))
(((-107.383, -686.593), (-85.4905, -566.914), (-67.0985, -559.408), (-43.2768, -562.667), (-5.00693, -591.37), (-40.8415, -705.106), (-81.9017, -705.106), (-107.383, -686.593)))
(((-27.4455, -232.97), (-32.3953, -265.969), (-58.948, -270.909), (-73.7267, -244.463), (-68.1505, -232.43), (-35.375, -225.875), (-27.4455, -232.97)))
(((-22.0541, -314.595), (-29.3186, -317.708), (-70.1337, -300.523), (-73.0435, -295.576), (-58.948, -270.909), (-32.3953, -265.969), (-18.7096, -277.805), (-22.0541, -314.595)))
(((-14.5076, -180.794), (-37.5637, -195.963), (-62.1035, -186.386), (-68.891, -159.802), (-39.9545, -142.864), (-28.3387, -147.946), (-14.5076, -180.794)))
(((-6.92105, -511.5), (-43.2768, -562.667), (-67.0985, -559.408), (-62.1889, -472.671), (-45.9685, -467.859), (-6.92105, -511.5)))
(((-29.1073, 365.788), (-77.0079, 376.937), (-63.3333, 486.333), (-2.23, 471.058), (-29.1073, 365.788)))
(((-22.2041, -443.416), (-26.0845, -445.184), (-63.8335, -395.424), (-36.2781, -371.018), (-14.7805, -377.928), (-5.62921, -409.652), (-22.2041, -443.416)))
(((9.88251, -103.679), (-31.8347, -104.806), (-53.2597, -55.835), (4.96635, -69.3759), (16.0375, -91.9283), (9.88251, -103.679)))
(((-89.9099, 164.509), (-101.902, 173.221), (-120.483, 230.41), (-23.3491, 283.175), (13.6071, 264.696), (15.8008, 186.822), (1.46962, 169.546), (-89.9099, 164.509)))
(((10.4286, -112.143), (0.0744681, -132.851), (-28.3387, -147.946), (-39.9545, -142.864), (-43.3128, -121.275), (-31.8347, -104.806), (9.88251, -103.679), (10.4286, -112.143)))
(((4.57016, -361.881), (-14.7805, -377.928), (-36.2781, -371.018), (-44.5854, -351.634), (-29.3186, -317.708), (-22.0541, -314.595), (-2.77451, -322.01), (4.57016, -361.881)))
(((8.2291, -205.47), (-7.78296, -230.289), (-27.4455, -232.97), (-35.375, -225.875), (-37.5637, -195.963), (-14.5076, -180.794), (-7.78227, -182.414), (8.2291, -205.47)))
(((-30, 41.3151), (-30, 53), (-97.1042, 53), (-114, 105), (-94.9017, 163.779), (-94.2237, 164.271), (1.46962, 169.546), (25.8735, 132.94), (3.69183, 63.9301), (-30, 41.3151)))
(((-63.6092, 606.514), (-44.9017, 620.106), (16.9017, 620.106), (32.0672, 609.087), (19.7858, 475.746), (-2.23, 471.058), (-63.3333, 486.333), (-107.592, 530.592), (-63.6092, 606.514)))
(((-55.8354, -53), (-30, -53), (-30, 20.26), (-12.9927, 9.82886), (9.71444, -56.0219), (4.96635, -69.3759), (-53.2597, -55.835), (-55.2019, -54.4038), (-55.8354, -53)))
(((20.6878, -266.274), (-18.7096, -277.805), (-32.3953, -265.969), (-27.4455, -232.97), (-7.78296, -230.289), (22.4849, -261.818), (20.6878, -266.274)))
(((-7.78227, -182.414), (-14.5076, -180.794), (-28.3387, -147.946), (0.0744681, -132.851), (16.0652, -163.5), (-7.78227, -182.414)))
(((27.8962, -583.415), (-5.00693, -591.37), (-43.2768, -562.667), (-6.92105, -511.5), (5.36111, -511.5), (35.4571, -553.171), (27.8962, -583.415)))
(((33.3588, -482.702), (5.36111, -511.5), (-6.92105, -511.5), (-45.9685, -467.859), (-26.0845, -445.184), (-22.2041, -443.416), (30.5901, -462.706), (33.3588, -482.702)))
(((31.1025, -298.82), (22.9767, -311.709), (-2.77451, -322.01), (-22.0541, -314.595), (-18.7096, -277.805), (20.6878, -266.274), (31.1025, -298.82)))
(((86.4603, 391.786), (48.4874, 367.785), (-22.4222, 361.031), (-29.1073, 365.788), (-2.23, 471.058), (19.7858, 475.746), (43.4898, 463.307), (87.6435, 406.167), (86.4603, 391.786)))
(((22.4849, -261.818), (-7.78296, -230.289), (8.2291, -205.47), (26.6196, -207.513), (35.6376, -221.628), (30.2134, -255.982), (22.4849, -261.818)))
(((47.6826, -382.154), (15.1667, -408.167), (-5.62921, -409.652), (-14.7805, -377.928), (4.57016, -361.881), (35.2429, -364.437), (47.6826, -382.154)))
(((34.7024, -40.6447), (9.71444, -56.0219), (-12.9927, 9.82886), (26.3906, -0.471397), (34.7024, -40.6447)))
(((30.5901, -462.706), (-22.2041, -443.416), (-5.62921, -409.652), (15.1667, -408.167), (42.1786, -435.179), (38.5348, -454.207), (30.5901, -462.706)))
(((46.9111, 277.933), (13.6071, 264.696), (-23.3491, 283.175), (-22.4222, 361.031), (48.4874, 367.785), (46.9111, 277.933)))
(((35.2429, -364.437), (4.57016, -361.881), (-2.77451, -322.01), (22.9767, -311.709), (42.0144, -345.025), (35.2429, -364.437)))
(((26.6196, -207.513), (8.2291, -205.47), (-7.78227, -182.414), (16.0652, -163.5), (28, -163.5), (42.8249, -184.678), (26.6196, -207.513)))
(((28, -163.5), (16.0652, -163.5), (0.0744681, -132.851), (10.4286, -112.143), (42.5862, -141.621), (28, -163.5)))
(((60.5617, -722.54), (52.9017, -728.106), (-8.9017, -728.106), (-40.7888, -704.938), (-5.00693, -591.37), (27.8962, -583.415), (70.1433, -612.352), (60.5617, -722.54)))
(((48.594, -87.5875), (16.0375, -91.9283), (4.96635, -69.3759), (9.71444, -56.0219), (34.7024, -40.6447), (49.909, -46.8224), (48.594, -87.5875)))
(((-30, 20.26), (-30, 41.3151), (3.69183, 63.9301), (65.9074, 56.0118), (75.2292, 36.5208), (52.6161, 4.86261), (26.3906, -0.471397), (-12.9927, 9.82886), (-30, 20.26)))
(((35.4571, -553.171), (5.36111, -511.5), (33.3588, -482.702), (82.2231, -514.908), (35.4571, -553.171)))
(((63.5367, -410.535), (42.1786, -435.179), (15.1667, -408.167), (47.6826, -382.154), (51.6894, -384.019), (63.5367, -410.535)))
(((65.5, -137.455), (42.5862, -141.621), (10.4286, -112.143), (9.88251, -103.679), (16.0375, -91.9283), (48.594, -87.5875), (65.5, -94.178), (65.5, -137.455)))
(((81.6471, 100.369), (65.9074, 56.0118), (3.69183, 63.9301), (25.8735, 132.94), (80.4707, 113.982), (81.6471, 100.369)))
(((76.6724, -32.2241), (49.909, -46.8224), (34.7024, -40.6447), (26.3906, -0.471397), (52.6161, 4.86261), (76.6724, -32.2241)))
(((77.7391, -327.739), (42.0144, -345.025), (22.9767, -311.709), (31.1025, -298.82), (50.5488, -300.549), (77.7391, -327.739)))
(((70.2976, -141.707), (55.4531, -184.385), (42.8249, -184.678), (28, -163.5), (42.5862, -141.621), (65.5, -137.455), (70.2976, -141.707)))
(((83.1195, 202.08), (15.8008, 186.822), (13.6071, 264.696), (46.9111, 277.933), (90.6503, 263.164), (83.1195, 202.08)))
(((67.2587, -219.448), (35.6376, -221.628), (26.6196, -207.513), (42.8249, -184.678), (55.4531, -184.385), (71.4289, -194.427), (67.2587, -219.448)))
(((76.371, -273.435), (50.5488, -300.549), (31.1025, -298.82), (20.6878, -266.274), (22.4849, -261.818), (30.2134, -255.982), (67.685, -256.853), (76.371, -273.435)))
(((67.685, -256.853), (30.2134, -255.982), (35.6376, -221.628), (67.2587, -219.448), (78.4046, -235.924), (67.685, -256.853)))
(((129.96, 586.182), (109.332, 533.14), (43.4898, 463.307), (19.7858, 475.746), (32.4374, 613.106), (92.9017, 613.106), (129.96, 586.182)))
(((81.0604, -328.332), (87.651, -364.581), (51.6894, -384.019), (47.6826, -382.154), (35.2429, -364.437), (42.0144, -345.025), (77.7391, -327.739), (81.0604, -328.332)))
(((97.8141, -461.705), (87.0717, -514.523), (82.2231, -514.908), (33.3588, -482.702), (30.5901, -462.706), (38.5348, -454.207), (94.9423, -455.866), (97.8141, -461.705)))
(((93.1026, -38.8231), (66.5945, -93.7327), (65.5, -94.178), (48.594, -87.5875), (49.909, -46.8224), (76.6724, -32.2241), (91.8077, -37.2692), (93.1026, -38.8231)))
(((94.9423, -455.866), (38.5348, -454.207), (42.1786, -435.179), (63.5367, -410.535), (97.1537, -422.694), (94.9423, -455.866)))
(((117.144, 145.578), (80.4707, 113.982), (25.8735, 132.94), (1.46962, 169.546), (15.8008, 186.822), (83.1195, 202.08), (108.992, 180.128), (117.144, 145.578)))
(((115.352, -588.91), (70.1433, -612.352), (27.8962, -583.415), (35.4571, -553.171), (82.2231, -514.908), (87.0717, -514.523), (98.754, -522.516), (115.352, -588.91)))
(((107.126, -290.373), (94.2065, -319.02), (81.0604, -328.332), (77.7391, -327.739), (50.5488, -300.549), (76.371, -273.435), (106.109, -288.304), (107.126, -290.373)))
(((88.0541, -188.75), (71.4289, -194.427), (55.4531, -184.385), (70.2976, -141.707), (79.8026, -144.632), (94.5553, -164.695), (88.0541, -188.75)))
(((136.842, 326.834), (109.071, 273.231), (90.6503, 263.164), (46.9111, 277.933), (48.4874, 367.785), (86.4603, 391.786), (126.698, 352.414), (136.842, 326.834)))
(((97.1537, -422.694), (63.5367, -410.535), (51.6894, -384.019), (87.651, -364.581), (91.8269, -366.808), (104.294, -416.674), (97.1537, -422.694)))
(((91.8077, -37.2692), (76.6724, -32.2241), (52.6161, 4.86261), (75.2292, 36.5208), (113.271, 25.3321), (91.8077, -37.2692)))
(((102.264, -232.128), (78.4046, -235.924), (67.2587, -219.448), (71.4289, -194.427), (88.0541, -188.75), (111.897, -206.44), (102.264, -232.128)))
(((107.453, -126.198), (79.8026, -144.632), (70.2976, -141.707), (65.5, -137.455), (65.5, -94.178), (66.5945, -93.7327), (110.358, -98.5954), (107.453, -126.198)))
(((106.109, -288.304), (76.371, -273.435), (67.685, -256.853), (78.4046, -235.924), (102.264, -232.128), (117.694, -249.686), (106.109, -288.304)))
(((110.358, -98.5954), (66.5945, -93.7327), (93.1026, -38.8231), (103.325, -43.1548), (115.12, -95.3886), (110.358, -98.5954)))
(((87.6435, 406.167), (43.4898, 463.307), (109.332, 533.14), (122.429, 436.228), (87.6435, 406.167)))
(((113.595, 25.3927), (113.271, 25.3321), (75.2292, 36.5208), (65.9074, 56.0118), (81.6471, 100.369), (146.646, 57.7834), (113.595, 25.3927)))
(((122.629, -363.565), (91.8269, -366.808), (87.651, -364.581), (81.0604, -328.332), (94.2065, -319.02), (130.317, -343.576), (122.629, -363.565)))
(((118.751, -162.621), (94.5553, -164.695), (79.8026, -144.632), (107.453, -126.198), (125.452, -141.849), (118.751, -162.621)))
(((134.237, -198.184), (111.897, -206.44), (88.0541, -188.75), (94.5553, -164.695), (118.751, -162.621), (131.865, -177.308), (134.237, -198.184)))
(((137.325, -408.131), (104.294, -416.674), (91.8269, -366.808), (122.629, -363.565), (145.27, -398.02), (137.325, -408.131)))
(((60.7914, -719.899), (70.1433, -612.352), (115.352, -588.91), (204.784, -612.637), (214, -641), (194.902, -699.779), (144.902, -736.106), (83.0983, -736.106), (60.7914, -719.899)))
(((151.471, -37.5995), (103.325, -43.1548), (93.1026, -38.8231), (91.8077, -37.2692), (113.271, 25.3321), (113.595, 25.3927), (155.87, -22.5188), (151.471, -37.5995)))
(((157.474, 61.8951), (146.646, 57.7834), (81.6471, 100.369), (80.4707, 113.982), (117.144, 145.578), (123.271, 143.228), (163.05, 84.2), (157.474, 61.8951)))
(((167.897, 223.324), (108.992, 180.128), (83.1195, 202.08), (90.6503, 263.164), (109.071, 273.231), (167.805, 224.058), (167.897, 223.324)))
(((170.445, -503.074), (98.754, -522.516), (87.0717, -514.523), (97.8141, -461.705), (156.574, -464.504), (173.385, -477.412), (170.445, -503.074)))
(((155.179, -329.902), (130.317, -343.576), (94.2065, -319.02), (107.126, -290.373), (136.992, -296.008), (155.179, -329.902)))
(((153.782, -42.5187), (125.341, -95.0235), (115.12, -95.3886), (103.325, -43.1548), (151.471, -37.5995), (153.782, -42.5187)))
(((156.574, -464.504), (97.8141, -461.705), (94.9423, -455.866), (97.1537, -422.694), (104.294, -416.674), (137.325, -408.131), (156.574, -464.504)))
(((143.27, -245.32), (117.694, -249.686), (102.264, -232.128), (111.897, -206.44), (134.237, -198.184), (150.379, -206.73), (143.27, -245.32)))
(((150.433, -133.522), (125.452, -141.849), (107.453, -126.198), (110.358, -98.5954), (115.12, -95.3886), (125.341, -95.0235), (156.427, -110.928), (150.433, -133.522)))
(((148.417, -250.013), (149.532, -283.468), (136.992, -296.008), (107.126, -290.373), (106.109, -288.304), (117.694, -249.686), (143.27, -245.32), (148.417, -250.013)))
(((129.541, 585.106), (164.902, 585.106), (172.88, 579.309), (184.306, 459.972), (122.429, 436.228), (109.332, 533.14), (129.541, 585.106)))
(((161.148, -153.881), (131.865, -177.308), (118.751, -162.621), (125.452, -141.849), (150.433, -133.522), (161.148, -153.881)))
(((205.643, -612.865), (115.352, -588.91), (98.754, -522.516), (170.445, -503.074), (210.152, -569.253), (214.645, -606.324), (205.643, -612.865)))
(((166.377, -391.404), (145.27, -398.02), (122.629, -363.565), (130.317, -343.576), (155.179, -329.902), (158.6, -330.95), (174.121, -371.692), (166.377, -391.404)))
(((180.859, -84.8425), (172.901, -102.985), (156.427, -110.928), (125.341, -95.0235), (153.782, -42.5187), (175.69, -63.4318), (180.859, -84.8425)))
(((209.729, 17.6114), (155.87, -22.5188), (113.595, 25.3927), (146.646, 57.7834), (157.474, 61.8951), (209.729, 17.6114)))
(((166.57, -203.659), (150.379, -206.73), (134.237, -198.184), (131.865, -177.308), (161.148, -153.881), (164.981, -155.989), (173.712, -198.189), (166.57, -203.659)))
(((194.574, 160.081), (123.271, 143.228), (117.144, 145.578), (108.992, 180.128), (167.897, 223.324), (186.666, 204.89), (194.574, 160.081)))
(((208.337, 289.923), (167.805, 224.058), (109.071, 273.231), (136.842, 326.834), (206.623, 300.96), (208.337, 289.923)))
(((198.614, -257.772), (186.341, -282.317), (149.532, -283.468), (148.417, -250.013), (187.486, -251.197), (198.614, -257.772)))
(((190.133, -315.184), (158.6, -330.95), (155.179, -329.902), (136.992, -296.008), (149.532, -283.468), (186.341, -282.317), (191.484, -312.531), (190.133, -315.184)))
(((187.486, -251.197), (148.417, -250.013), (143.27, -245.32), (150.379, -206.73), (166.57, -203.659), (187.486, -251.197)))
(((188.427, -465.513), (173.385, -477.412), (156.574, -464.504), (137.325, -408.131), (145.27, -398.02), (166.377, -391.404), (199.46, -417.136), (188.427, -465.513)))
(((231.301, 408.054), (126.698, 352.414), (86.4603, 391.786), (87.6435, 406.167), (122.429, 436.228), (184.306, 459.972), (214.606, 440.516), (231.301, 408.054)))
(((231.457, 129.804), (163.05, 84.2), (123.271, 143.228), (194.574, 160.081), (231.457, 129.804)))
(((209.951, -146.731), (164.981, -155.989), (161.148, -153.881), (150.433, -133.522), (156.427, -110.928), (172.901, -102.985), (209.746, -138.641), (211.406, -145.072), (209.951, -146.731)))
(((199.658, -194.762), (173.712, -198.189), (164.981, -155.989), (209.951, -146.731), (199.658, -194.762)))
(((207.037, -359.565), (174.121, -371.692), (158.6, -330.95), (190.133, -315.184), (210.841, -347.881), (207.037, -359.565)))
(((211.18, -253.707), (198.614, -257.772), (187.486, -251.197), (166.57, -203.659), (173.712, -198.189), (199.658, -194.762), (213.317, -205.627), (211.18, -253.707)))
(((210, -45.1333), (175.69, -63.4318), (153.782, -42.5187), (151.471, -37.5995), (155.87, -22.5188), (209.729, 17.6114), (210, 17.5818), (210, -45.1333)))
(((264.355, 356.32), (206.623, 300.96), (136.842, 326.834), (126.698, 352.414), (231.301, 408.054), (248.579, 394.368), (264.355, 356.32)))
(((222.955, -408.224), (199.46, -417.136), (166.377, -391.404), (174.121, -371.692), (207.037, -359.565), (227.695, -384.527), (222.955, -408.224)))
(((296.177, 53), (210, 53), (210, 17.5818), (209.729, 17.6114), (157.474, 61.8951), (163.05, 84.2), (231.457, 129.804), (288.146, 119.716), (303, 74), (296.177, 53)))
(((229.235, -97.066), (209.746, -138.641), (172.901, -102.985), (180.859, -84.8425), (219.319, -85.8287), (229.235, -97.066)))
(((210, -45.1333), (210, -53), (228.273, -53), (219.319, -85.8287), (180.859, -84.8425), (175.69, -63.4318), (210, -45.1333)))
(((266.241, 228.401), (186.666, 204.89), (167.897, 223.324), (167.805, 224.058), (208.337, 289.923), (266.241, 228.401)))
(((215.018, -255.044), (235.027, -305.067), (191.484, -312.531), (186.341, -282.317), (198.614, -257.772), (211.18, -253.707), (215.018, -255.044)))
(((244.217, -334.733), (210.841, -347.881), (190.133, -315.184), (191.484, -312.531), (235.027, -305.067), (241.566, -308.406), (245.01, -333.502), (244.217, -334.733)))
(((265.932, -478.61), (210.152, -569.253), (170.445, -503.074), (173.385, -477.412), (188.427, -465.513), (253.074, -470.302), (265.932, -478.61)))
(((253.074, -470.302), (188.427, -465.513), (199.46, -417.136), (222.955, -408.224), (237.573, -416.751), (253.074, -470.302)))
(((286.673, 119.978), (231.457, 129.804), (194.574, 160.081), (186.666, 204.89), (266.241, 228.401), (319.293, 206.488), (324, 192), (304.902, 133.221), (286.673, 119.978)))
(((248.269, -198.029), (213.317, -205.627), (199.658, -194.762), (209.951, -146.731), (211.406, -145.072), (236.459, -150.593), (253.036, -193.694), (248.269, -198.029)))
(((173.131, 576.692), (197.098, 594.106), (258.902, 594.106), (308.902, 557.779), (312.772, 545.866), (214.606, 440.516), (184.306, 459.972), (173.131, 576.692)))
(((248.811, -371.485), (227.695, -384.527), (207.037, -359.565), (210.841, -347.881), (244.217, -334.733), (248.811, -371.485)))
(((251.04, -239.604), (237.172, -252.172), (215.018, -255.044), (211.18, -253.707), (213.317, -205.627), (248.269, -198.029), (251.04, -239.604)))
(((268.426, -131.703), (236.459, -150.593), (211.406, -145.072), (209.746, -138.641), (229.235, -97.066), (261.957, -98.5203), (271.912, -114.811), (268.426, -131.703)))
(((272.462, -53), (261.957, -98.5203), (229.235, -97.066), (219.319, -85.8287), (228.273, -53), (272.462, -53)))
(((270.701, -288.739), (241.566, -308.406), (235.027, -305.067), (215.018, -255.044), (237.172, -252.172), (271.103, -286.103), (270.701, -288.739)))
(((292.336, -388.266), (286.75, -403.459), (237.573, -416.751), (222.955, -408.224), (227.695, -384.527), (248.811, -371.485), (289.486, -383.259), (292.336, -388.266)))
(((294.339, -440.137), (267.6, -478.438), (265.932, -478.61), (253.074, -470.302), (237.573, -416.751), (286.75, -403.459), (294.339, -440.137)))
(((317.906, 207.061), (266.241, 228.401), (208.337, 289.923), (206.623, 300.96), (264.355, 356.32), (350.46, 319.517), (362, 284), (342.902, 225.221), (317.906, 207.061)))
(((290.264, -341.227), (289.486, -383.259), (248.811, -371.485), (244.217, -334.733), (245.01, -333.502), (290.132, -341.022), (290.264, -341.227)))
(((289.262, -264.429), (271.103, -286.103), (237.172, -252.172), (251.04, -239.604), (283.961, -240.572), (289.262, -264.429)))
(((290.021, -157.477), (257.16, -193.624), (253.036, -193.694), (236.459, -150.593), (268.426, -131.703), (290.021, -157.477)))
(((293.236, -223.567), (283.961, -240.572), (251.04, -239.604), (248.269, -198.029), (253.036, -193.694), (257.16, -193.624), (290.83, -211.754), (293.236, -223.567)))
(((290.132, -341.022), (245.01, -333.502), (241.566, -308.406), (270.701, -288.739), (292.142, -310.872), (290.132, -341.022)))
(((365.08, -548.299), (352.902, -585.779), (302.902, -622.106), (241.098, -622.106), (214.188, -602.554), (210.152, -569.253), (265.932, -478.61), (267.6, -478.438), (365.08, -548.299)))
(((312.811, 545.906), (352.902, 516.779), (361.204, 491.226), (248.579, 394.368), (231.301, 408.054), (214.606, 440.516), (312.811, 545.906)))
(((290.83, -211.754), (257.16, -193.624), (290.021, -157.477), (295.057, -158.958), (300.267, -200.632), (290.83, -211.754)))
(((352.843, -53), (316.397, -106.107), (271.912, -114.811), (261.957, -98.5203), (272.462, -53), (352.843, -53)))
(((323.888, -298.734), (292.142, -310.872), (270.701, -288.739), (271.103, -286.103), (289.262, -264.429), (322.707, -270.955), (325.933, -296.227), (323.888, -298.734)))
(((328.592, -152.67), (295.057, -158.958), (290.021, -157.477), (268.426, -131.703), (271.912, -114.811), (316.397, -106.107), (328.592, -152.67)))
(((342.781, -248.587), (322.707, -270.955), (289.262, -264.429), (283.961, -240.572), (293.236, -223.567), (337.826, -236.307), (342.781, -248.587)))
(((350.67, -185.999), (300.267, -200.632), (295.057, -158.958), (328.592, -152.67), (361.94, -171.322), (350.67, -185.999)))
(((328.581, -337.846), (290.264, -341.227), (290.132, -341.022), (292.142, -310.872), (323.888, -298.734), (328.581, -337.846)))
(((400, -504.445), (400, -513.165), (395.902, -525.779), (364.992, -548.236), (267.6, -478.438), (294.339, -440.137), (358.175, -446.65), (400, -504.445)))
(((400, 454.165), (400, 361.835), (395.902, 349.221), (353.329, 318.291), (264.355, 356.32), (248.579, 394.368), (361.685, 491.639), (395.902, 466.779), (400, 454.165)))
(((352.993, -385.331), (292.336, -388.266), (289.486, -383.259), (290.264, -341.227), (328.581, -337.846), (370.201, -362.592), (352.993, -385.331)))
(((337.826, -236.307), (293.236, -223.567), (290.83, -211.754), (300.267, -200.632), (350.67, -185.999), (337.826, -236.307)))
(((358.175, -446.65), (294.339, -440.137), (286.75, -403.459), (292.336, -388.266), (352.993, -385.331), (358.175, -446.65)))
(((400, -345.93), (370.201, -362.592), (328.581, -337.846), (323.888, -298.734), (325.933, -296.227), (381.384, -309.715), (400, -327.615), (400, -345.93)))
(((352.843, -53), (400, -53), (400, -162.74), (361.94, -171.322), (328.592, -152.67), (316.397, -106.107), (352.843, -53)))
(((381.384, -309.715), (325.933, -296.227), (322.707, -270.955), (342.781, -248.587), (361.1, -254.272), (381.384, -309.715)))
(((400, -233.465), (361.1, -254.272), (342.781, -248.587), (337.826, -236.307), (350.67, -185.999), (361.94, -171.322), (400, -162.74), (400, -233.465)))
(((400, -327.615), (381.384, -309.715), (361.1, -254.272), (400, -233.465), (400, -327.615)))
(((400, -504.445), (358.175, -446.65), (352.993, -385.331), (370.201, -362.592), (400, -345.93), (400, -504.445)))
