(((-225, -308.842), (-193.221, -316.678), (-174.179, -364.786), (-225, -398.667), (-225, -308.842)))
(((-225, -203.675), (-177.669, -209.197), (-165.267, -223.486), (-162.6, -237.2), (-169.76, -251.521), (-225, -265.988), (-225, -203.675)))
(((-225, -143.672), (-173.472, -147.896), (-161.699, -156.726), (-177.669, -209.197), (-225, -203.675), (-225, -143.672)))
(((-225, -265.988), (-169.76, -251.521), (-158.524, -297.402), (-193.221, -316.678), (-225, -308.842), (-225, -265.988)))
(((-225, -143.672), (-225, -53), (-216.786, -53), (-167.168, -101.24), (-173.472, -147.896), (-225, -143.672)))
(((-225, -398.667), (-174.179, -364.786), (-165.014, -366.974), (-142.799, -408.507), (-159.638, -432.362), (-225, -450.625), (-225, -398.667)))
(((-225, 460.403), (-225, 615.597), (-212.058, 625), (-127.942, 625), (-105.931, 609.008), (-104.597, 597.787), (-129.012, 494.821), (-196.805, 442.894), (-200.902, 442.894), (-225, 460.403)))
(((-135.959, -349.145), (-165.014, -366.974), (-174.179, -364.786), (-193.221, -316.678), (-158.524, -297.402), (-150.694, -299.656), (-134.661, -344.054), (-135.959, -349.145)))
(((-225, -553.446), (-136.28, -554.811), (-104.393, -613.603), (-225, -638.729), (-225, -553.446)))
(((-225, -495), (-132.075, -495), (-118.904, -524.27), (-136.28, -554.811), (-225, -553.446), (-225, -495)))
(((-225, -450.625), (-159.638, -432.362), (-121.19, -470.81), (-132.075, -495), (-225, -495), (-225, -450.625)))
(((-126.5, -53), (-132.708, -99.5589), (-167.168, -101.24), (-216.786, -53), (-126.5, -53)))
(((-122.226, -112.437), (-149.137, -156.008), (-161.699, -156.726), (-173.472, -147.896), (-167.168, -101.24), (-132.708, -99.5589), (-122.226, -112.437)))
(((-127.1, -169.5), (-134.209, -205.046), (-165.267, -223.486), (-177.669, -209.197), (-161.699, -156.726), (-149.137, -156.008), (-127.1, -169.5)))
(((-225, -711.321), (-225, -638.729), (-104.393, -613.603), (-95.4696, -617.378), (-129.651, -754.106), (-172.902, -754.106), (-222.902, -717.779), (-225, -711.321)))
(((-114.579, -265.856), (-131.465, -293.489), (-150.694, -299.656), (-158.524, -297.402), (-169.76, -251.521), (-162.6, -237.2), (-124.647, -247.551), (-114.579, -265.856)))
(((-126.932, -406.355), (-142.799, -408.507), (-165.014, -366.974), (-135.959, -349.145), (-106.931, -371.618), (-126.932, -406.355)))
(((-108.722, -227.283), (-124.647, -247.551), (-162.6, -237.2), (-165.267, -223.486), (-134.209, -205.046), (-109.339, -215.568), (-108.722, -227.283)))
(((-94.9041, -458.336), (-121.19, -470.81), (-159.638, -432.362), (-142.799, -408.507), (-126.932, -406.355), (-106.022, -419.424), (-94.9041, -458.336)))
(((-90.5167, -318.587), (-134.661, -344.054), (-150.694, -299.656), (-131.465, -293.489), (-90.5167, -318.587)))
(((-91.42, -195.41), (-109.339, -215.568), (-134.209, -205.046), (-127.1, -169.5), (-106.45, -169.5), (-93.0919, -188.583), (-91.42, -195.41)))
(((-106.45, -169.5), (-127.1, -169.5), (-149.137, -156.008), (-122.226, -112.437), (-106.55, -114.956), (-89.7437, -144.75), (-106.45, -169.5)))
(((-88.8426, -318.704), (-85.3406, -367.731), (-106.931, -371.618), (-135.959, -349.145), (-134.661, -344.054), (-90.5167, -318.587), (-88.8426, -318.704)))
(((-126.5, -53), (-102.345, -53), (-88.1545, -98.7245), (-106.55, -114.956), (-122.226, -112.437), (-132.708, -99.5589), (-126.5, -53)))
(((-88.8426, -318.704), (-90.5167, -318.587), (-131.465, -293.489), (-114.579, -265.856), (-87.8913, -268.283), (-82.2278, -277.797), (-83.0849, -314.652), (-88.8426, -318.704)))
(((-87.8913, -268.283), (-114.579, -265.856), (-124.647, -247.551), (-108.722, -227.283), (-74.5172, -241.534), (-87.8913, -268.283)))
(((-69.7071, -397.376), (-106.022, -419.424), (-126.932, -406.355), (-106.931, -371.618), (-85.3406, -367.731), (-82.8603, -369.276), (-69.7071, -397.376)))
(((-95.4696, -617.378), (-104.393, -613.603), (-136.28, -554.811), (-118.904, -524.27), (-78.5, -525.617), (-78.5, -614.012), (-95.4696, -617.378)))
(((-133.387, 352.153), (-178.902, 385.221), (-197.474, 442.382), (-129.012, 494.821), (-62.0435, 471.241), (-59.3406, 404.568), (-133.387, 352.153)))
(((-56.2197, -511.877), (-78.5, -525.617), (-118.904, -524.27), (-132.075, -495), (-121.19, -470.81), (-94.9041, -458.336), (-94.6308, -458.39), (-59.1571, -495.834), (-56.2197, -511.877)))
(((-69.0474, -237.973), (-74.5172, -241.534), (-108.722, -227.283), (-109.339, -215.568), (-91.42, -195.41), (-63.6077, -212.406), (-69.0474, -237.973)))
(((-55.3984, -431.488), (-94.6308, -458.39), (-94.9041, -458.336), (-106.022, -419.424), (-69.7071, -397.376), (-61.4762, -402.314), (-55.3984, -431.488)))
(((-52, -53), (-50.1604, -57.2925), (-65.2284, -98.1914), (-88.1545, -98.7245), (-102.345, -53), (-52, -53)))
(((-66.4337, -144.274), (-89.7437, -144.75), (-106.55, -114.956), (-88.1545, -98.7245), (-65.2284, -98.1914), (-46.5676, -122), (-66.4337, -144.274)))
(((-56.0111, -167.725), (-93.0919, -188.583), (-106.45, -169.5), (-89.7437, -144.75), (-66.4337, -144.274), (-56.0111, -167.725)))
(((-107.796, -769.003), (-129.444, -753.275), (-95.4696, -617.378), (-78.5, -614.012), (-64.1885, -615.787), (-18.3973, -657.914), (-18.0161, -659.984), (-107.796, -769.003)))
(((-62.0435, 471.241), (-129.012, 494.821), (-104.597, 597.787), (-20.5542, 501.137), (-62.0435, 471.241)))
(((-39.9759, -199.563), (-63.6077, -212.406), (-91.42, -195.41), (-93.0919, -188.583), (-56.0111, -167.725), (-39.352, -181.781), (-39.9759, -199.563)))
(((-41.538, -350.614), (-82.8603, -369.276), (-85.3406, -367.731), (-88.8426, -318.704), (-83.0849, -314.652), (-66.2895, -316.237), (-41.538, -350.614)))
(((-37.6331, -276.082), (-82.2278, -277.797), (-87.8913, -268.283), (-74.5172, -241.534), (-69.0474, -237.973), (-38.9598, -255.296), (-37.6331, -276.082)))
(((-36.9137, -277.223), (-37.8832, -300.005), (-66.2895, -316.237), (-83.0849, -314.652), (-82.2278, -277.797), (-37.6331, -276.082), (-36.9137, -277.223)))
(((-19.4891, -563.313), (-64.1885, -615.787), (-78.5, -614.012), (-78.5, -525.617), (-56.2197, -511.877), (-34.0332, -522.211), (-19.4891, -563.313)))
(((-36, -462.609), (-59.1571, -495.834), (-94.6308, -458.39), (-55.3984, -431.488), (-36, -441.833), (-36, -462.609)))
(((-38.4763, -351.301), (-31.8283, -388.973), (-61.4762, -402.314), (-69.7071, -397.376), (-82.8603, -369.276), (-41.538, -350.614), (-38.4763, -351.301)))
(((-101.604, 59.1152), (-127.902, 78.2215), (-147, 137), (-127.902, 195.779), (-109.855, 208.89), (-55.699, 206.123), (2.88861, 136.775), (1.33333, 119.667), (-101.604, 59.1152)))
(((-18.0182, -235.75), (-38.9598, -255.296), (-69.0474, -237.973), (-63.6077, -212.406), (-39.9759, -199.563), (-28.0967, -208.202), (-18.0182, -235.75)))
(((-14.328, -338.385), (-38.4763, -351.301), (-41.538, -350.614), (-66.2895, -316.237), (-37.8832, -300.005), (-13.0164, -320.35), (-14.328, -338.385)))
(((-16.1416, -161.301), (-39.352, -181.781), (-56.0111, -167.725), (-66.4337, -144.274), (-46.5676, -122), (-40.7419, -122), (-17.7172, -142.393), (-16.1416, -161.301)))
(((-18.3708, -96.3146), (-40.7419, -122), (-46.5676, -122), (-65.2284, -98.1914), (-50.1604, -57.2925), (-18.8132, -76.4066), (-18.3708, -96.3146)))
(((-112.364, 209.019), (-120.902, 215.221), (-140, 274), (-125.084, 319.906), (-11.8231, 312.915), (1.67939, 301.785), (-20.1042, 226.752), (-55.699, 206.123), (-112.364, 209.019)))
(((-123.567, 319.813), (-133.946, 351.757), (-59.3406, 404.568), (-1.23494, 397.62), (-11.8231, 312.915), (-123.567, 319.813)))
(((-15.6553, -432.791), (-36, -441.833), (-55.3984, -431.488), (-61.4762, -402.314), (-31.8283, -388.973), (-19.2408, -393.351), (-15.6553, -432.791)))
(((-92.4567, 625), (38, 625), (4.21531, 509.569), (-17.1626, 501.232), (-20.5542, 501.137), (-104.597, 597.787), (-106.61, 614.717), (-92.4567, 625)))
(((-4.87663, -504.134), (-34.0332, -522.211), (-56.2197, -511.877), (-59.1571, -495.834), (-36, -462.609), (-0.20339, -479.729), (-4.87663, -504.134)))
(((-1.23494, 397.62), (-59.3406, 404.568), (-62.0435, 471.241), (-20.5542, 501.137), (-17.1626, 501.232), (5.21101, 400.55), (-1.23494, 397.62)))
(((25.9401, -800), (-71.9401, -800), (-103.902, -776.779), (-106.815, -767.811), (-18.0161, -659.984), (36.5333, -714.533), (35.8758, -792.781), (25.9401, -800)))
(((8.24559, -382.484), (-19.2408, -393.351), (-31.8283, -388.973), (-38.4763, -351.301), (-14.328, -338.385), (-5.54361, -345.592), (8.98219, -381.423), (8.24559, -382.484)))
(((-52, -53), (-30, -53), (-30, -18.7105), (13.7273, -60.1364), (-18.8132, -76.4066), (-50.1604, -57.2925), (-52, -53)))
(((1.37478, -275.988), (-36.9137, -277.223), (-37.6331, -276.082), (-38.9598, -255.296), (-18.0182, -235.75), (17.198, -245.924), (1.37478, -275.988)))
(((15.175, -462.428), (-0.20339, -479.729), (-36, -462.609), (-36, -441.833), (-15.6553, -432.791), (1.48777, -437.434), (15.175, -462.428)))
(((9.49821, -303.312), (-13.0164, -320.35), (-37.8832, -300.005), (-36.9137, -277.223), (1.37478, -275.988), (9.49821, -303.312)))
(((13.2957, -195.357), (-28.0967, -208.202), (-39.9759, -199.563), (-39.352, -181.781), (-16.1416, -161.301), (2.48113, -170.123), (13.2957, -195.357)))
(((19.1931, -122.152), (-17.7172, -142.393), (-40.7419, -122), (-18.3708, -96.3146), (16.6818, -113.841), (20.0938, -120.238), (19.1931, -122.152)))
(((-30, 31.2258), (-30, 53), (-101.801, 53), (-103.438, 58.0366), (1.33333, 119.667), (47.9444, 73.0556), (20.7766, 42.6915), (-30, 31.2258)))
(((-18.3973, -657.914), (-64.1885, -615.787), (-19.4891, -563.313), (12.4166, -568.4), (19.3303, -626.475), (-18.3973, -657.914)))
(((22.7541, -243.787), (17.198, -245.924), (-18.0182, -235.75), (-28.0967, -208.202), (13.2957, -195.357), (17.8879, -198.07), (28.1667, -237.472), (22.7541, -243.787)))
(((18.2361, -418.006), (1.48777, -437.434), (-15.6553, -432.791), (-19.2408, -393.351), (8.24559, -382.484), (18.2361, -418.006)))
(((-30, -18.7105), (-30, -7.46053), (23.9287, -14.5564), (18.1041, -59.988), (13.7273, -60.1364), (-30, -18.7105)))
(((23.1817, -63.4671), (16.6818, -113.841), (-18.3708, -96.3146), (-18.8132, -76.4066), (13.7273, -60.1364), (18.1041, -59.988), (23.1817, -63.4671)))
(((41.2767, -554.421), (12.4166, -568.4), (-19.4891, -563.313), (-34.0332, -522.211), (-4.87663, -504.134), (29.6403, -517.604), (44.097, -537.933), (41.2767, -554.421)))
(((25.5577, -153.066), (2.48113, -170.123), (-16.1416, -161.301), (-17.7172, -142.393), (19.1931, -122.152), (25.5577, -153.066)))
(((-30, -7.46053), (-30, 31.2258), (20.7766, 42.6915), (33.4879, -6.99798), (23.9287, -14.5564), (-30, -7.46053)))
(((47.0116, 167.965), (2.88861, 136.775), (-55.699, 206.123), (-20.1042, 226.752), (30.0427, 218.872), (47.0116, 167.965)))
(((67.3691, 436.679), (26.6029, 402.35), (5.21101, 400.55), (-17.1626, 501.232), (4.21531, 509.569), (60.0042, 478.004), (67.3691, 436.679)))
(((34.3868, -337.274), (-5.54361, -345.592), (-14.328, -338.385), (-13.0164, -320.35), (9.49821, -303.312), (18.2241, -304.948), (34.3868, -337.274)))
(((41.2865, -373.511), (8.98219, -381.423), (-5.54361, -345.592), (34.3868, -337.274), (43.2775, -342.32), (41.2865, -373.511)))
(((63.8349, 336.293), (22.0948, 302.006), (1.67939, 301.785), (-11.8231, 312.915), (-1.23494, 397.62), (5.21101, 400.55), (26.6029, 402.35), (63.8349, 336.293)))
(((43.6214, -472.553), (29.6403, -517.604), (-4.87663, -504.134), (-0.20339, -479.729), (15.175, -462.428), (40.6844, -465.211), (43.6214, -472.553)))
(((30.0427, 218.872), (-20.1042, 226.752), (1.67939, 301.785), (22.0948, 302.006), (65.287, 248.016), (30.0427, 218.872)))
(((48.2868, -290.346), (18.2241, -304.948), (9.49821, -303.312), (1.37478, -275.988), (17.198, -245.924), (22.7541, -243.787), (48.2868, -290.346)))
(((50, -178), (17.8879, -198.07), (13.2957, -195.357), (2.48113, -170.123), (25.5577, -153.066), (50, -166.917), (50, -178)))
(((40.6844, -465.211), (15.175, -462.428), (1.48777, -437.434), (18.2361, -418.006), (41.8853, -420.093), (54.5451, -447.786), (40.6844, -465.211)))
(((60.0547, -387.792), (41.8853, -420.093), (18.2361, -418.006), (8.24559, -382.484), (8.98219, -381.423), (41.2865, -373.511), (60.0547, -387.792)))
(((64.125, -83), (42.6102, -117.424), (20.0938, -120.238), (16.6818, -113.841), (23.1817, -63.4671), (60.1991, -67.2965), (64.125, -83)))
(((86.8347, -607.011), (77.5144, -623.516), (19.3303, -626.475), (12.4166, -568.4), (41.2767, -554.421), (81.9894, -590.344), (86.8347, -607.011)))
(((84.1364, -672.881), (36.5333, -714.533), (-18.0161, -659.984), (-18.3973, -657.914), (19.3303, -626.475), (77.5144, -623.516), (84.1364, -672.881)))
(((70.3996, -324.69), (43.2775, -342.32), (34.3868, -337.274), (18.2241, -304.948), (48.2868, -290.346), (50.9281, -291.058), (70.3996, -324.69)))
(((68.8846, -144.885), (50, -166.917), (25.5577, -153.066), (19.1931, -122.152), (20.0938, -120.238), (42.6102, -117.424), (69.3611, -142.264), (68.8846, -144.885)))
(((60.1991, -67.2965), (23.1817, -63.4671), (18.1041, -59.988), (23.9287, -14.5564), (33.4879, -6.99798), (56.4355, -10.8226), (63.5059, -63.1437), (60.1991, -67.2965)))
(((49, -234), (28.1667, -237.472), (17.8879, -198.07), (50, -178), (72.75, -200.75), (49, -234)))
(((62.3558, 65.4344), (77.0144, 0.936782), (56.4355, -10.8226), (33.4879, -6.99798), (20.7766, 42.6915), (47.9444, 73.0556), (48.1361, 73.0521), (62.3558, 65.4344)))
(((80.3785, -512.939), (44.097, -537.933), (29.6403, -517.604), (43.6214, -472.553), (79.0642, -498.219), (80.3785, -512.939)))
(((92.1309, 145.813), (48.1361, 73.0521), (47.9444, 73.0556), (1.33333, 119.667), (2.88861, 136.775), (47.0116, 167.965), (89.2889, 160.733), (92.1309, 145.813)))
(((78.686, -255.453), (70.3125, -275.55), (50.9281, -291.058), (48.2868, -290.346), (22.7541, -243.787), (28.1667, -237.472), (49, -234), (78.5909, -255.136), (78.686, -255.453)))
(((57.5506, 625), (115.897, 533.897), (60.0042, 478.004), (4.21531, 509.569), (38, 625), (57.5506, 625)))
(((82.4346, -442.864), (54.5451, -447.786), (41.8853, -420.093), (60.0547, -387.792), (68.5231, -388.189), (97.804, -415.968), (82.4346, -442.864)))
(((117.703, 194.357), (89.2889, 160.733), (47.0116, 167.965), (30.0427, 218.872), (65.287, 248.016), (116.703, 246.848), (117.703, 194.357)))
(((95.2533, -351.836), (68.5231, -388.189), (60.0547, -387.792), (41.2865, -373.511), (43.2775, -342.32), (70.3996, -324.69), (86.5353, -327.813), (92.2329, -335.91), (95.2533, -351.836)))
(((89.86, -126.62), (69.3611, -142.264), (42.6102, -117.424), (64.125, -83), (87.5452, -101.736), (89.86, -126.62)))
(((116.703, 246.848), (65.287, 248.016), (22.0948, 302.006), (63.8349, 336.293), (79.9466, 334.626), (127.34, 259.587), (116.703, 246.848)))
(((98.2093, -470.299), (79.0642, -498.219), (43.6214, -472.553), (40.6844, -465.211), (54.5451, -447.786), (82.4346, -442.864), (98.2093, -470.299)))
(((102.691, -199.174), (72.75, -200.75), (50, -178), (50, -166.917), (68.8846, -144.885), (104.864, -180.864), (102.691, -199.174)))
(((134.4, 385.876), (79.9466, 334.626), (63.8349, 336.293), (26.6029, 402.35), (67.3691, 436.679), (133.979, 410.46), (134.4, 385.876)))
(((86.5353, -327.813), (70.3996, -324.69), (50.9281, -291.058), (70.3125, -275.55), (101.941, -300.853), (86.5353, -327.813)))
(((110.712, -23.4722), (92.8616, -52.7469), (63.5059, -63.1437), (56.4355, -10.8226), (77.0144, 0.936782), (98.1388, -4.79187), (110.712, -23.4722)))
(((113.593, -211.384), (78.5909, -255.136), (49, -234), (72.75, -200.75), (102.691, -199.174), (113.593, -211.384)))
(((114.645, -538.848), (81.9894, -590.344), (41.2767, -554.421), (44.097, -537.933), (80.3785, -512.939), (110.026, -527.763), (114.645, -538.848)))
(((112.481, -292.745), (101.941, -300.853), (70.3125, -275.55), (78.686, -255.453), (109.698, -269.926), (112.481, -292.745)))
(((98.1388, -4.79187), (77.0144, 0.936782), (62.3558, 65.4344), (79.4349, 65.2036), (117.071, 23.6061), (98.1388, -4.79187)))
(((123.252, -84.4587), (87.5452, -101.736), (64.125, -83), (60.1991, -67.2965), (63.5059, -63.1437), (92.8616, -52.7469), (123.252, -84.4587)))
(((128.302, 82.9736), (79.4349, 65.2036), (62.3558, 65.4344), (48.1361, 73.0521), (92.1309, 145.813), (130.165, 108.684), (128.302, 82.9736)))
(((146.316, -800), (45.6835, -800), (35.875, -792.874), (36.5333, -714.533), (84.1364, -672.881), (193.312, -710.728), (196, -719), (176.902, -777.779), (146.316, -800)))
(((104.864, -180.864), (68.8846, -144.885), (69.3611, -142.264), (89.86, -126.62), (115.931, -135.31), (114.247, -167.31), (104.864, -180.864)))
(((123.48, -370.954), (121.709, -411.686), (97.804, -415.968), (68.5231, -388.189), (95.2533, -351.836), (123.302, -370.535), (123.48, -370.954)))
(((131.119, -246.792), (109.698, -269.926), (78.686, -255.453), (78.5909, -255.136), (113.593, -211.384), (113.664, -211.416), (131.293, -242.102), (131.119, -246.792)))
(((142.085, -482.881), (110.026, -527.763), (80.3785, -512.939), (79.0642, -498.219), (98.2093, -470.299), (139.335, -474.674), (140.447, -475.513), (142.085, -482.881)))
(((139.012, -96.9756), (121.312, -132.375), (115.931, -135.31), (89.86, -126.62), (87.5452, -101.736), (123.252, -84.4587), (131.1, -85.7667), (139.012, -96.9756)))
(((122.927, -412.323), (139.335, -474.674), (98.2093, -470.299), (82.4346, -442.864), (97.804, -415.968), (121.709, -411.686), (122.927, -412.323)))
(((203.367, 470.798), (133.979, 410.46), (67.3691, 436.679), (60.0042, 478.004), (115.897, 533.897), (185.519, 515.13), (203.367, 470.798)))
(((156.411, 37.3294), (117.071, 23.6061), (79.4349, 65.2036), (128.302, 82.9736), (153.132, 58.6404), (156.411, 37.3294)))
(((131.1, -85.7667), (123.252, -84.4587), (92.8616, -52.7469), (110.712, -23.4722), (154.368, -31.4757), (131.1, -85.7667)))
(((133.977, -329.726), (92.2329, -335.91), (86.5353, -327.813), (101.941, -300.853), (112.481, -292.745), (137.061, -298.89), (133.977, -329.726)))
(((192.397, -710.411), (84.1364, -672.881), (77.5144, -623.516), (86.8347, -607.011), (188.571, -608.405), (215.378, -623.62), (222, -644), (202.902, -702.779), (192.397, -710.411)))
(((188.571, -608.405), (86.8347, -607.011), (81.9894, -590.344), (114.645, -538.848), (155.199, -553.957), (188.571, -608.405)))
(((144.079, -340.668), (123.302, -370.535), (95.2533, -351.836), (92.2329, -335.91), (133.977, -329.726), (144.079, -340.668)))
(((169.856, 275.618), (127.34, 259.587), (79.9466, 334.626), (134.4, 385.876), (179.802, 326.767), (169.856, 275.618)))
(((161.328, -28.7095), (154.368, -31.4757), (110.712, -23.4722), (98.1388, -4.79187), (117.071, 23.6061), (156.411, 37.3294), (189.073, -0.0835101), (161.328, -28.7095)))
(((151.97, -292.863), (137.061, -298.89), (112.481, -292.745), (109.698, -269.926), (131.119, -246.792), (155.034, -274.865), (151.97, -292.863)))
(((153.219, -165.751), (114.247, -167.31), (115.931, -135.31), (121.312, -132.375), (155.776, -148.281), (153.219, -165.751)))
(((153.177, -196.713), (113.664, -211.416), (113.593, -211.384), (102.691, -199.174), (104.864, -180.864), (114.247, -167.31), (153.219, -165.751), (160.989, -182.108), (153.177, -196.713)))
(((183.179, 140.266), (130.165, 108.684), (92.1309, 145.813), (89.2889, 160.733), (117.703, 194.357), (176.401, 162.167), (183.179, 140.266)))
(((155.199, -553.957), (114.645, -538.848), (110.026, -527.763), (142.085, -482.881), (169.27, -507.414), (155.199, -553.957)))
(((231.978, 625), (232.358, 623.831), (185.519, 515.13), (115.897, 533.897), (57.5506, 625), (231.978, 625)))
(((174.951, -408.54), (122.927, -412.323), (121.709, -411.686), (123.48, -370.954), (165.962, -372.885), (181.168, -386.619), (174.951, -408.54)))
(((163.818, -140.993), (155.776, -148.281), (121.312, -132.375), (139.012, -96.9756), (160.355, -102.904), (163.818, -140.993)))
(((165.962, -372.885), (123.48, -370.954), (123.302, -370.535), (144.079, -340.668), (155.509, -341.526), (165.962, -372.885)))
(((191.047, -439.723), (140.447, -475.513), (139.335, -474.674), (122.927, -412.323), (174.951, -408.54), (191.213, -436.999), (191.047, -439.723)))
(((186.419, -317.595), (155.509, -341.526), (144.079, -340.668), (133.977, -329.726), (137.061, -298.89), (151.97, -292.863), (186.419, -317.595)))
(((167.379, -233.391), (131.293, -242.102), (113.664, -211.416), (153.177, -196.713), (172.047, -222.188), (167.379, -233.391)))
(((179.714, -258.943), (155.034, -274.865), (131.119, -246.792), (131.293, -242.102), (167.379, -233.391), (179.714, -258.943)))
(((175.453, -97.5753), (160.355, -102.904), (139.012, -96.9756), (131.1, -85.7667), (154.368, -31.4757), (161.328, -28.7095), (184.945, -82.2424), (175.453, -97.5753)))
(((221.535, 110.843), (153.132, 58.6404), (128.302, 82.9736), (130.165, 108.684), (183.179, 140.266), (221.535, 110.843)))
(((231.042, 238.058), (176.401, 162.167), (117.703, 194.357), (116.703, 246.848), (127.34, 259.587), (169.856, 275.618), (231.042, 238.058)))
(((186.573, -317.604), (193.749, -376.806), (181.168, -386.619), (165.962, -372.885), (155.509, -341.526), (186.419, -317.595), (186.573, -317.604)))
(((192.181, -179.88), (160.989, -182.108), (153.219, -165.751), (155.776, -148.281), (163.818, -140.993), (188.858, -143.855), (199.342, -159.353), (192.181, -179.88)))
(((186.573, -317.604), (186.419, -317.595), (151.97, -292.863), (155.034, -274.865), (179.714, -258.943), (186.555, -260.311), (200.5, -275.75), (192.873, -314.836), (186.573, -317.604)))
(((199.005, -189.989), (184.508, -218.984), (172.047, -222.188), (153.177, -196.713), (160.989, -182.108), (192.181, -179.88), (199.005, -189.989)))
(((207.123, -463.389), (201.573, -503.825), (169.27, -507.414), (142.085, -482.881), (140.447, -475.513), (191.047, -439.723), (207.123, -463.389)))
(((188.858, -143.855), (163.818, -140.993), (160.355, -102.904), (175.453, -97.5753), (198.514, -119.714), (188.858, -143.855)))
(((225.2, -621.35), (219.138, -625.754), (188.571, -608.405), (155.199, -553.957), (169.27, -507.414), (201.573, -503.825), (215.255, -516.925), (225.2, -621.35)))
(((186.555, -260.311), (179.714, -258.943), (167.379, -233.391), (172.047, -222.188), (184.508, -218.984), (207.103, -233.719), (186.555, -260.311)))
(((291.05, 53), (210, 53), (210, 0.271186), (189.073, -0.0835101), (156.411, 37.3294), (153.132, 58.6404), (221.535, 110.843), (280.843, 96.4167), (293, 59), (291.05, 53)))
(((248.546, 445.428), (232.713, 354.653), (179.802, 326.767), (134.4, 385.876), (133.979, 410.46), (203.367, 470.798), (243.27, 451.624), (248.546, 445.428)))
(((210, 0.271186), (210, -53), (227.714, -53), (216.916, -76.0041), (184.945, -82.2424), (161.328, -28.7095), (189.073, -0.0835101), (210, 0.271186)))
(((217.712, -231.863), (207.103, -233.719), (184.508, -218.984), (199.005, -189.989), (227.741, -201.778), (217.712, -231.863)))
(((227.974, -114.937), (198.514, -119.714), (175.453, -97.5753), (184.945, -82.2424), (216.916, -76.0041), (230.494, -106.931), (227.974, -114.937)))
(((218.602, -374.044), (193.749, -376.806), (186.573, -317.604), (192.873, -314.836), (205.236, -317.394), (235.397, -358.111), (218.602, -374.044)))
(((222.397, -269.668), (200.5, -275.75), (186.555, -260.311), (207.103, -233.719), (217.712, -231.863), (231.74, -248.489), (222.397, -269.668)))
(((235.577, -150.771), (199.342, -159.353), (188.858, -143.855), (198.514, -119.714), (227.974, -114.937), (240.712, -145.508), (235.577, -150.771)))
(((238.468, -415.1), (191.213, -436.999), (174.951, -408.54), (181.168, -386.619), (193.749, -376.806), (218.602, -374.044), (238.468, -415.1)))
(((227.741, -201.778), (199.005, -189.989), (192.181, -179.88), (199.342, -159.353), (235.577, -150.771), (232.521, -199.664), (227.741, -201.778)))
(((241.799, -302.961), (205.236, -317.394), (192.873, -314.836), (200.5, -275.75), (222.397, -269.668), (241.546, -291.552), (241.799, -302.961)))
(((280.604, 96.4746), (221.535, 110.843), (183.179, 140.266), (176.401, 162.167), (231.042, 238.058), (295.955, 232.373), (300.902, 228.779), (320, 170), (300.902, 111.221), (280.604, 96.4746)))
(((267.128, -494.151), (215.255, -516.925), (201.573, -503.825), (207.123, -463.389), (261.091, -465.9), (269.338, -490.283), (267.128, -494.151)))
(((261.091, -465.9), (207.123, -463.389), (191.047, -439.723), (191.213, -436.999), (238.468, -415.1), (246.037, -416.722), (262.722, -460.519), (261.091, -465.9)))
(((323.885, 282.024), (312.902, 248.221), (291.611, 232.753), (231.042, 238.058), (169.856, 275.618), (179.802, 326.767), (232.713, 354.653), (323.885, 282.024)))
(((258.867, -354.133), (235.397, -358.111), (205.236, -317.394), (241.799, -302.961), (262.666, -319.013), (262.107, -350.893), (258.867, -354.133)))
(((259.355, -247.174), (231.74, -248.489), (217.712, -231.863), (227.741, -201.778), (232.521, -199.664), (254.162, -203.559), (269.955, -228.828), (259.355, -247.174)))
(((266.226, -265.638), (241.546, -291.552), (222.397, -269.668), (231.74, -248.489), (259.355, -247.174), (266.226, -265.638)))
(((267.883, -400.338), (246.037, -416.722), (238.468, -415.1), (218.602, -374.044), (235.397, -358.111), (258.867, -354.133), (267.883, -400.338)))
(((262.318, -53), (259.707, -96.0802), (230.494, -106.931), (216.916, -76.0041), (227.714, -53), (262.318, -53)))
(((281.163, -620.463), (278.902, -622.106), (225.272, -622.106), (215.255, -516.925), (267.128, -494.151), (281.163, -620.463)))
(((272.332, -181.028), (254.162, -203.559), (232.521, -199.664), (235.577, -150.771), (240.712, -145.508), (255.973, -147.289), (272.332, -181.028)))
(((283.285, -131.15), (255.973, -147.289), (240.712, -145.508), (227.974, -114.937), (230.494, -106.931), (259.707, -96.0802), (288.613, -113.599), (283.285, -131.15)))
(((303.604, -291.38), (262.666, -319.013), (241.799, -302.961), (241.546, -291.552), (266.226, -265.638), (304.688, -289.143), (303.604, -291.38)))
(((304.929, 625), (347.902, 593.779), (351.781, 581.838), (243.27, 451.624), (203.367, 470.798), (185.519, 515.13), (232.862, 625), (304.929, 625)))
(((301.9, -434.4), (262.722, -460.519), (246.037, -416.722), (267.883, -400.338), (290.163, -405.444), (304.536, -423.858), (301.9, -434.4)))
(((292.542, -53), (297.083, -107.5), (288.613, -113.599), (259.707, -96.0802), (262.318, -53), (292.542, -53)))
(((324.522, 281.517), (232.713, 354.653), (248.546, 445.428), (366.133, 405.6), (379, 366), (359.902, 307.221), (324.522, 281.517)))
(((316.511, -216.125), (308.921, -225.008), (269.955, -228.828), (254.162, -203.559), (272.332, -181.028), (306.954, -182.717), (314.52, -193.555), (316.511, -216.125)))
(((306.954, -182.717), (272.332, -181.028), (255.973, -147.289), (283.285, -131.15), (308.777, -159.474), (306.954, -182.717)))
(((308.61, -370.856), (290.163, -405.444), (267.883, -400.338), (258.867, -354.133), (262.107, -350.893), (291.663, -354.44), (308.61, -370.856)))
(((306.688, -287.849), (304.688, -289.143), (266.226, -265.638), (259.355, -247.174), (269.955, -228.828), (308.921, -225.008), (312.779, -273.232), (306.688, -287.849)))
(((311.023, -327.551), (291.663, -354.44), (262.107, -350.893), (262.666, -319.013), (303.604, -291.38), (311.023, -327.551)))
(((280.79, -617.106), (267.128, -494.151), (269.338, -490.283), (298.137, -492.723), (316.601, -506.791), (300.842, -617.106), (280.79, -617.106)))
(((319.104, -459.424), (298.137, -492.723), (269.338, -490.283), (261.091, -465.9), (262.722, -460.519), (301.9, -434.4), (319.104, -459.424)))
(((335.356, -141.469), (308.777, -159.474), (283.285, -131.15), (288.613, -113.599), (297.083, -107.5), (325.257, -107.5), (335.356, -141.469)))
(((340.702, -53), (338.216, -96.0832), (325.257, -107.5), (297.083, -107.5), (292.542, -53), (340.702, -53)))
(((335.976, -375.976), (335.051, -413.907), (304.536, -423.858), (290.163, -405.444), (308.61, -370.856), (331.33, -371.33), (335.976, -375.976)))
(((331.33, -371.33), (308.61, -370.856), (291.663, -354.44), (311.023, -327.551), (337.397, -341.752), (331.33, -371.33)))
(((400, 550.16), (400, 429.84), (366.477, 405.484), (248.546, 445.428), (243.27, 451.624), (353.523, 583.928), (400, 550.16)))
(((400, -489.417), (316.601, -506.791), (298.137, -492.723), (319.104, -459.424), (400, -469.795), (400, -489.417)))
(((400, -469.795), (319.104, -459.424), (301.9, -434.4), (304.536, -423.858), (335.051, -413.907), (400, -451.433), (400, -469.795)))
(((337.397, -341.752), (311.023, -327.551), (303.604, -291.38), (304.688, -289.143), (306.688, -287.849), (375.754, -313.548), (337.397, -341.752)))
(((383.925, -159.972), (314.52, -193.555), (306.954, -182.717), (308.777, -159.474), (335.356, -141.469), (383.925, -159.972)))
(((400, -489.417), (400, -598.332), (365.902, -623.106), (304.098, -623.106), (300.372, -620.398), (316.601, -506.791), (400, -489.417)))
(((360.199, -256.88), (312.779, -273.232), (308.921, -225.008), (316.511, -216.125), (343.669, -222.787), (360.199, -256.88)))
(((400, -310.714), (375.754, -313.548), (306.688, -287.849), (312.779, -273.232), (360.199, -256.88), (400, -277.222), (400, -310.714)))
(((400, -192.338), (343.669, -222.787), (316.511, -216.125), (314.52, -193.555), (383.925, -159.972), (400, -160.192), (400, -192.338)))
(((400, -160.192), (383.925, -159.972), (335.356, -141.469), (325.257, -107.5), (338.216, -96.0832), (400, -119.846), (400, -160.192)))
(((400, -374.415), (335.976, -375.976), (331.33, -371.33), (337.397, -341.752), (375.754, -313.548), (400, -310.714), (400, -374.415)))
(((400, -451.433), (335.051, -413.907), (335.976, -375.976), (400, -374.415), (400, -451.433)))
(((340.702, -53), (400, -53), (400, -119.846), (338.216, -96.0832), (340.702, -53)))
(((400, -277.222), (360.199, -256.88), (343.669, -222.787), (400, -192.338), (400, -277.222)))
