(((-225, -147.5), (-145.686, -170.714), (-145.371, -184.729), (-225, -231.467), (-225, -147.5)))
(((-225, -147.5), (-225, -55.5904), (-221.435, -53), (-216.217, -53), (-131.124, -141.962), (-145.686, -170.714), (-225, -147.5)))
(((-225, -298.511), (-225, -231.467), (-145.371, -184.729), (-129.928, -204.676), (-164.221, -289.398), (-222.437, -300.373), (-225, -298.511)))
(((-225, -394.165), (-225, -301.835), (-224.661, -300.793), (-164.221, -289.398), (-138.176, -294.111), (-102.167, -316.167), (-97.9049, -337.476), (-112.726, -368.14), (-205.504, -417.965), (-220.902, -406.779), (-225, -394.165)))
(((-94.1818, -53), (-91.0952, -69.9762), (-107.914, -133.293), (-131.124, -141.962), (-216.217, -53), (-94.1818, -53)))
(((-89.882, -236.158), (-138.176, -294.111), (-164.221, -289.398), (-129.928, -204.676), (-103.015, -212.957), (-89.882, -236.158)))
(((-205.767, -418.106), (-112.726, -368.14), (-69.009, -422.349), (-164.428, -480.739), (-191.902, -460.779), (-205.767, -418.106)))
(((-126.426, 386.894), (-140.902, 386.894), (-190.902, 423.221), (-210, 482), (-192.664, 535.354), (-67.9214, 527.558), (-38.1935, 464.462), (-126.426, 386.894)))
(((-188.729, 625), (-21.1888, 625), (-67.9214, 527.558), (-190.091, 535.193), (-204, 578), (-188.729, 625)))
(((-75.3761, -186.898), (-103.015, -212.957), (-129.928, -204.676), (-145.371, -184.729), (-145.686, -170.714), (-131.124, -141.962), (-107.914, -133.293), (-77.6856, -148.407), (-75.3761, -186.898)))
(((-68.8483, -297.128), (-102.167, -316.167), (-138.176, -294.111), (-89.882, -236.158), (-57.6258, -249.647), (-68.8483, -297.128)))
(((-69.009, -422.349), (-112.726, -368.14), (-97.9049, -337.476), (-57.9441, -359.193), (-46.7877, -419.933), (-69.009, -422.349)))
(((-74.3905, -564.106), (-100.902, -564.106), (-150.902, -527.779), (-165.894, -481.637), (-69.009, -422.349), (-46.7877, -419.933), (-22.3866, -429.356), (-16.0552, -439.908), (-74.3905, -564.106)))
(((-57.6258, -249.647), (-89.882, -236.158), (-103.015, -212.957), (-75.3761, -186.898), (-44.7222, -200.611), (-54.2078, -248.039), (-57.6258, -249.647)))
(((-59.5298, -143.508), (-77.6856, -148.407), (-107.914, -133.293), (-91.0952, -69.9762), (-40.6392, -106.671), (-59.5298, -143.508)))
(((-134.818, 237.707), (-136.902, 239.221), (-156, 298), (-136.902, 356.779), (-123.013, 366.869), (-20.2024, 338.126), (-13.1842, 286.447), (-33.4002, 262.732), (-134.818, 237.707)))
(((-13.3689, -330.28), (-57.9441, -359.193), (-97.9049, -337.476), (-102.167, -316.167), (-68.8483, -297.128), (-12.7977, -318.427), (-13.3689, -330.28)))
(((-31.487, -193.994), (-44.7222, -200.611), (-75.3761, -186.898), (-77.6856, -148.407), (-59.5298, -143.508), (-32.451, -157.362), (-31.487, -193.994)))
(((-94.1818, -53), (-30, -53), (-30, -51.25), (-19.5867, -100.713), (-40.6392, -106.671), (-91.0952, -69.9762), (-94.1818, -53)))
(((-91.6225, 143.129), (-117.902, 162.221), (-137, 221), (-131.289, 238.578), (-33.4002, 262.732), (9.59263, 190.504), (-44.3039, 153.728), (-91.6225, 143.129)))
(((-12.7977, -318.427), (-68.8483, -297.128), (-57.6258, -249.647), (-54.2078, -248.039), (-30.9535, -251.14), (-9.73451, -314.796), (-12.7977, -318.427)))
(((-22.3866, -429.356), (-46.7877, -419.933), (-57.9441, -359.193), (-13.3689, -330.28), (10.2964, -372.59), (-22.3866, -429.356)))
(((-122.074, 366.607), (-128.168, 385.363), (-38.1935, 464.462), (-37.7075, 464.378), (15.5567, 362.111), (-20.2024, 338.126), (-122.074, 366.607)))
(((-8.31161, -104.964), (-9.40204, -148.582), (-32.451, -157.362), (-59.5298, -143.508), (-40.6392, -106.671), (-19.5867, -100.713), (-8.31161, -104.964)))
(((-2.93602, -210.652), (-16.1718, -245.633), (-30.9535, -251.14), (-54.2078, -248.039), (-44.7222, -200.611), (-31.487, -193.994), (-6.59631, -201.937), (-2.93602, -210.652)))
(((-6.59631, -201.937), (-31.487, -193.994), (-32.451, -157.362), (-9.40204, -148.582), (20.177, -165.896), (-6.59631, -201.937)))
(((25.8009, -293.926), (-9.73451, -314.796), (-30.9535, -251.14), (-16.1718, -245.633), (23.1069, -264.741), (25.8009, -293.926)))
(((-30, 46.5515), (-30, 53), (-95.0285, 53), (-109, 96), (-93.8491, 142.63), (-44.3039, 153.728), (29.1304, 98.6522), (2.88322, 47.9076), (-30, 46.5515)))
(((-30, -51.25), (-30, -35.65), (12.7955, -36.2614), (24.3624, -49.7561), (24.0425, -68.9515), (-7.20292, -104.66), (-8.31161, -104.964), (-19.5867, -100.713), (-30, -51.25)))
(((-21.1888, 625), (26.4235, 625), (58.2317, 601.89), (49.1524, 547.414), (-3.60481, 471.496), (-37.7075, 464.378), (-38.1935, 464.462), (-67.9214, 527.558), (-21.1888, 625)))
(((-30, 46.5515), (2.88322, 47.9076), (35.8386, 21.3465), (12.7955, -36.2614), (-30, -35.65), (-30, 46.5515)))
(((-75.1994, -565.828), (-16.0552, -439.908), (39.5303, -462.97), (22.144, -595.106), (-34.9017, -595.106), (-75.1994, -565.828)))
(((57.9106, 221.903), (31.8327, 193.739), (9.59263, 190.504), (-33.4002, 262.732), (-13.1842, 286.447), (45.7974, 267.723), (57.9106, 221.903)))
(((34.9985, -246.712), (23.1069, -264.741), (-16.1718, -245.633), (-2.93602, -210.652), (34.1242, -224.418), (34.9985, -246.712)))
(((29.4804, -164.369), (20.177, -165.896), (-9.40204, -148.582), (-8.31161, -104.964), (-7.20292, -104.66), (27.2869, -119.877), (29.8834, -164.018), (29.4804, -164.369)))
(((63.3819, 405.182), (16.2173, 362.154), (15.5567, 362.111), (-37.7075, 464.378), (-3.60481, 471.496), (66.6199, 438.281), (63.3819, 405.182)))
(((73.481, 116.392), (29.1304, 98.6522), (-44.3039, 153.728), (9.59263, 190.504), (31.8327, 193.739), (73.481, 116.392)))
(((34.1242, -224.418), (-2.93602, -210.652), (-6.59631, -201.937), (20.177, -165.896), (29.4804, -164.369), (46.1599, -210.558), (34.1242, -224.418)))
(((45.7974, 267.723), (-13.1842, 286.447), (-20.2024, 338.126), (15.5567, 362.111), (16.2173, 362.154), (72.1311, 311.832), (45.7974, 267.723)))
(((55.0269, -103.406), (27.2869, -119.877), (-7.20292, -104.66), (24.0425, -68.9515), (55.5388, -101.614), (55.0269, -103.406)))
(((64.5989, -332.401), (25.9531, -371.047), (10.2964, -372.59), (-13.3689, -330.28), (-12.7977, -318.427), (-9.73451, -314.796), (25.8009, -293.926), (50.6327, -304.003), (64.5989, -332.401)))
(((39.5303, -462.97), (-16.0552, -439.908), (-22.3866, -429.356), (10.2964, -372.59), (25.9531, -371.047), (66.7319, -400.804), (46.8818, -460.355), (39.5303, -462.97)))
(((62.6558, -156.41), (29.8834, -164.018), (27.2869, -119.877), (55.0269, -103.406), (68.6997, -135.024), (62.6558, -156.41)))
(((100.92, 68.0617), (41.9988, 21.4157), (35.8386, 21.3465), (2.88322, 47.9076), (29.1304, 98.6522), (73.481, 116.392), (75.5414, 115.666), (102.856, 81.0964), (100.92, 68.0617)))
(((84.3228, -28.8583), (69.3975, -46.0798), (24.3624, -49.7561), (12.7955, -36.2614), (35.8386, 21.3465), (41.9988, 21.4157), (85.7324, -18.0512), (84.3228, -28.8583)))
(((89.1635, 453.763), (66.6199, 438.281), (-3.60481, 471.496), (49.1524, 547.414), (92.5645, 469.634), (89.1635, 453.763)))
(((79.1867, -86.2156), (55.5388, -101.614), (24.0425, -68.9515), (24.3624, -49.7561), (69.3975, -46.0798), (79.1867, -86.2156)))
(((50.6327, -304.003), (25.8009, -293.926), (23.1069, -264.741), (34.9985, -246.712), (62.7336, -250.074), (80.5943, -278.651), (50.6327, -304.003)))
(((91.2299, -179.393), (75.6383, -209.277), (46.1599, -210.558), (29.4804, -164.369), (29.8834, -164.018), (62.6558, -156.41), (90.8917, -178.08), (91.2299, -179.393)))
(((84.1429, -226.286), (62.7336, -250.074), (34.9985, -246.712), (34.1242, -224.418), (46.1599, -210.558), (75.6383, -209.277), (84.1429, -226.286)))
(((93.43, -387.698), (66.7319, -400.804), (25.9531, -371.047), (64.5989, -332.401), (104.211, -349.113), (93.43, -387.698)))
(((121.257, 323.841), (72.1311, 311.832), (16.2173, 362.154), (63.3819, 405.182), (117.851, 359.79), (121.257, 323.841)))
(((107.703, -601.617), (102.902, -605.106), (41.0983, -605.106), (22.5969, -591.664), (39.5303, -462.97), (46.8818, -460.355), (122.799, -475.361), (107.703, -601.617)))
(((94.4474, -276.342), (80.5943, -278.651), (62.7336, -250.074), (84.1429, -226.286), (94.1358, -232.281), (102.698, -269.742), (94.4474, -276.342)))
(((97.6323, -126.045), (68.6997, -135.024), (55.0269, -103.406), (55.5388, -101.614), (79.1867, -86.2156), (100.772, -91.5101), (97.6323, -126.045)))
(((124.725, 168.449), (75.5414, 115.666), (73.481, 116.392), (31.8327, 193.739), (57.9106, 221.903), (111.295, 218.635), (124.725, 168.449)))
(((130.889, 10.8488), (85.7324, -18.0512), (41.9988, 21.4157), (100.92, 68.0617), (130.889, 10.8488)))
(((122.799, -475.361), (46.8818, -460.355), (66.7319, -400.804), (93.43, -387.698), (151.153, -453.438), (122.799, -475.361)))
(((104.211, -349.113), (64.5989, -332.401), (50.6327, -304.003), (80.5943, -278.651), (94.4474, -276.342), (116.655, -342.966), (104.211, -349.113)))
(((90.8917, -178.08), (62.6558, -156.41), (68.6997, -135.024), (97.6323, -126.045), (117.465, -144.352), (90.8917, -178.08)))
(((165.386, 263.14), (111.295, 218.635), (57.9106, 221.903), (45.7974, 267.723), (72.1311, 311.832), (121.257, 323.841), (153.857, 299.802), (165.837, 276.413), (165.386, 263.14)))
(((116.591, -85.8602), (100.772, -91.5101), (79.1867, -86.2156), (69.3975, -46.0798), (84.3228, -28.8583), (120.59, -57.8718), (116.591, -85.8602)))
(((58.6539, 604.424), (65.0983, 609.106), (97.6381, 609.106), (135.497, 511.545), (92.5645, 469.634), (49.1524, 547.414), (58.6539, 604.424)))
(((136.814, -217.611), (94.1358, -232.281), (84.1429, -226.286), (75.6383, -209.277), (91.2299, -179.393), (131.059, -198.822), (139.021, -211.662), (136.814, -217.611)))
(((117.851, 359.79), (63.3819, 405.182), (66.6199, 438.281), (89.1635, 453.763), (162.798, 423.176), (117.851, 359.79)))
(((142.332, -268.994), (102.698, -269.742), (94.1358, -232.281), (136.814, -217.611), (145.171, -264.967), (142.332, -268.994)))
(((138.68, -140.68), (117.465, -144.352), (97.6323, -126.045), (100.772, -91.5101), (116.591, -85.8602), (144.465, -102.357), (138.68, -140.68)))
(((149.333, -311), (129.306, -341.04), (116.655, -342.966), (94.4474, -276.342), (102.698, -269.742), (142.332, -268.994), (149.333, -311)))
(((158.46, -32.2837), (120.59, -57.8718), (84.3228, -28.8583), (85.7324, -18.0512), (130.889, 10.8488), (134.349, 9.55647), (158.46, -32.2837)))
(((147.5, -149.5), (131.059, -198.822), (91.2299, -179.393), (90.8917, -178.08), (117.465, -144.352), (138.68, -140.68), (147.5, -149.5)))
(((186.422, -444.422), (151.153, -453.438), (93.43, -387.698), (104.211, -349.113), (116.655, -342.966), (129.306, -341.04), (176.352, -382.657), (186.422, -444.422)))
(((156.865, 94.7697), (102.856, 81.0964), (75.5414, 115.666), (124.725, 168.449), (155.198, 154.736), (179.853, 121.863), (156.865, 94.7697)))
(((197.776, 482.735), (183.263, 428.686), (162.798, 423.176), (89.1635, 453.763), (92.5645, 469.634), (135.497, 511.545), (190.948, 490.343), (197.776, 482.735)))
(((178.019, -41.6498), (162.531, -94.75), (144.465, -102.357), (116.591, -85.8602), (120.59, -57.8718), (158.46, -32.2837), (178.019, -41.6498)))
(((185, 38.5), (134.349, 9.55647), (130.889, 10.8488), (100.92, 68.0617), (102.856, 81.0964), (156.865, 94.7697), (185, 38.5)))
(((172.412, -204.242), (139.021, -211.662), (131.059, -198.822), (147.5, -149.5), (177.988, -157.404), (172.412, -204.242)))
(((199.216, 225.653), (155.198, 154.736), (124.725, 168.449), (111.295, 218.635), (165.386, 263.14), (199.216, 225.653)))
(((118.189, 625), (185.769, 625), (190.948, 490.343), (135.497, 511.545), (97.3465, 609.857), (118.189, 625)))
(((108.139, -597.972), (122.799, -475.361), (151.153, -453.438), (186.422, -444.422), (246.807, -468.087), (264, -521), (244.902, -579.779), (194.902, -616.106), (133.098, -616.106), (108.139, -597.972)))
(((219.118, 390.441), (153.857, 299.802), (121.257, 323.841), (117.851, 359.79), (162.798, 423.176), (183.263, 428.686), (219.118, 390.441)))
(((199.867, -228.14), (184.984, -257.311), (145.171, -264.967), (136.814, -217.611), (139.021, -211.662), (172.412, -204.242), (198.028, -219.925), (199.867, -228.14)))
(((194.869, -149.393), (177.988, -157.404), (147.5, -149.5), (138.68, -140.68), (144.465, -102.357), (162.531, -94.75), (189.839, -109.992), (194.869, -149.393)))
(((220.816, -327.378), (176.352, -382.657), (129.306, -341.04), (149.333, -311), (206.381, -311), (220.816, -327.378)))
(((206.381, -311), (149.333, -311), (142.332, -268.994), (145.171, -264.967), (184.984, -257.311), (205.569, -287.045), (206.381, -311)))
(((210, -30.7857), (196.24, -38.6488), (178.019, -41.6498), (158.46, -32.2837), (134.349, 9.55647), (185, 38.5), (210, 32.25), (210, -30.7857)))
(((272.791, 131.346), (179.853, 121.863), (155.198, 154.736), (199.216, 225.653), (284.538, 176.5), (286, 172), (272.791, 131.346)))
(((211.649, -96.4343), (189.839, -109.992), (162.531, -94.75), (178.019, -41.6498), (196.24, -38.6488), (211.649, -96.4343)))
(((198.028, -219.925), (172.412, -204.242), (177.988, -157.404), (194.869, -149.393), (197.593, -150.189), (224.251, -191.388), (198.028, -219.925)))
(((289.177, 53), (210, 53), (210, 32.25), (185, 38.5), (156.865, 94.7697), (179.853, 121.863), (277.22, 131.798), (296, 74), (289.177, 53)))
(((245.071, -255.443), (205.569, -287.045), (184.984, -257.311), (199.867, -228.14), (216.883, -235.798), (245.071, -255.443)))
(((236.515, -136.611), (197.593, -150.189), (194.869, -149.393), (189.839, -109.992), (211.649, -96.4343), (231.637, -99.5436), (236.515, -136.611)))
(((246.699, 304.952), (165.837, 276.413), (153.857, 299.802), (219.118, 390.441), (249.08, 382.343), (246.699, 304.952)))
(((234.663, 625), (278.853, 527.371), (248.402, 498.076), (197.776, 482.735), (190.948, 490.343), (185.769, 625), (234.663, 625)))
(((246.856, -468.106), (186.422, -444.422), (176.352, -382.657), (220.816, -327.378), (290.148, -337.505), (314.836, -350.951), (322, -373), (302.902, -431.779), (252.902, -468.106), (246.856, -468.106)))
(((210, -30.7857), (210, -53), (291.694, -53), (231.637, -99.5436), (211.649, -96.4343), (196.24, -38.6488), (210, -30.7857)))
(((258.635, -187.289), (256.518, -189.66), (224.251, -191.388), (197.593, -150.189), (236.515, -136.611), (272.765, -153.981), (258.635, -187.289)))
(((258.385, -206.153), (216.883, -235.798), (199.867, -228.14), (198.028, -219.925), (224.251, -191.388), (256.518, -189.66), (258.385, -206.153)))
(((290.148, -337.505), (220.816, -327.378), (206.381, -311), (205.569, -287.045), (245.071, -255.443), (250.973, -255.749), (290.148, -337.505)))
(((266.434, -235.871), (250.973, -255.749), (245.071, -255.443), (216.883, -235.798), (258.385, -206.153), (266.434, -235.871)))
(((282.213, 177.839), (199.216, 225.653), (165.386, 263.14), (165.837, 276.413), (246.699, 304.952), (334.57, 250.366), (319.902, 205.221), (282.213, 177.839)))
(((249.08, 382.343), (219.118, 390.441), (183.263, 428.686), (197.776, 482.735), (248.402, 498.076), (292.829, 395.894), (249.08, 382.343)))
(((291.694, -53), (329.468, -53), (333.902, -56.2215), (351.239, -109.582), (272.765, -153.981), (236.515, -136.611), (231.637, -99.5436), (291.694, -53)))
(((333.29, 251.161), (246.699, 304.952), (249.08, 382.343), (292.829, 395.894), (358.595, 390.455), (360.902, 388.779), (380, 330), (360.902, 271.221), (333.29, 251.161)))
(((318.357, -352.869), (290.148, -337.505), (250.973, -255.749), (266.434, -235.871), (377.082, -242.786), (383, -261), (363.902, -319.779), (318.357, -352.869)))
(((376.889, -241.04), (376.337, -242.74), (266.434, -235.871), (258.385, -206.153), (256.518, -189.66), (258.635, -187.289), (376.889, -241.04)))
(((353.53, 390.873), (292.829, 395.894), (248.402, 498.076), (278.853, 527.371), (374.947, 512.406), (391, 463), (371.902, 404.221), (353.53, 390.873)))
(((379.374, -242.17), (258.635, -187.289), (272.765, -153.981), (348.148, -111.331), (376.902, -132.221), (396, -191), (379.374, -242.17)))
(((400, 615.777), (400, 554.223), (390.902, 526.221), (372.426, 512.798), (278.853, 527.371), (234.663, 625), (397.003, 625), (400, 615.777)))
