(((-168.705, -800), (-225, -800), (-225, -711.759), (-198.147, -713.468), (-194.34, -715.555), (-168.705, -800)))
(((-225, -600.873), (-185.902, -621.248), (-174.062, -651.13), (-198.147, -713.468), (-225, -711.759), (-225, -600.873)))
(((-225, -192.034), (-187.558, -193.326), (-169.883, -246.352), (-210.335, -287.582), (-225, -289.444), (-225, -192.034)))
(((-225, -137.018), (-225, -53), (-190.625, -53), (-166.485, -117.374), (-182.352, -136.243), (-225, -137.018)))
(((-225, -137.018), (-182.352, -136.243), (-165.333, -176.898), (-187.558, -193.326), (-225, -192.034), (-225, -137.018)))
(((-225, -495.355), (-175.509, -501.741), (-159.082, -538.165), (-166.333, -552.667), (-225, -582), (-225, -495.355)))
(((-225, -369.222), (-180.788, -375.772), (-154.459, -411.853), (-161.593, -433.567), (-225, -438.299), (-225, -369.222)))
(((-225, -438.299), (-161.593, -433.567), (-158.951, -437.469), (-154.679, -478.774), (-175.509, -501.741), (-225, -495.355), (-225, -438.299)))
(((-225, -289.444), (-210.335, -287.582), (-188.16, -298.67), (-149.675, -342.355), (-180.788, -375.772), (-225, -369.222), (-225, -289.444)))
(((-225, -600.873), (-225, -582), (-166.333, -552.667), (-134.511, -591.832), (-133.029, -604.329), (-185.902, -621.248), (-225, -600.873)))
(((-142.715, -239.135), (-169.883, -246.352), (-187.558, -193.326), (-165.333, -176.898), (-148.153, -179.314), (-142.715, -239.135)))
(((-123.486, -688.379), (-146.045, -712.378), (-194.34, -715.555), (-198.147, -713.468), (-174.062, -651.13), (-127.162, -662.238), (-123.486, -688.379)))
(((-168.705, -800), (-194.34, -715.555), (-146.045, -712.378), (-93.0361, -794.634), (-93.168, -800), (-168.705, -800)))
(((-126.695, -347.023), (-145.004, -405.613), (-154.459, -411.853), (-180.788, -375.772), (-149.675, -342.355), (-126.695, -347.023)))
(((-118.546, -135.873), (-132.329, -173.088), (-148.153, -179.314), (-165.333, -176.898), (-182.352, -136.243), (-166.485, -117.374), (-131.697, -119.904), (-118.546, -135.873)))
(((-108.748, -627.316), (-127.162, -662.238), (-174.062, -651.13), (-185.902, -621.248), (-133.029, -604.329), (-109.913, -621.767), (-108.748, -627.316)))
(((-119, -53), (-117.267, -67.7333), (-131.697, -119.904), (-166.485, -117.374), (-190.625, -53), (-119, -53)))
(((-121.406, -289.649), (-188.16, -298.67), (-210.335, -287.582), (-169.883, -246.352), (-142.715, -239.135), (-135.46, -240.868), (-111.504, -273.807), (-121.406, -289.649)))
(((-102.432, -528.545), (-159.082, -538.165), (-175.509, -501.741), (-154.679, -478.774), (-135.754, -485.082), (-102.432, -528.545)))
(((-126.695, -347.023), (-149.675, -342.355), (-188.16, -298.67), (-121.406, -289.649), (-112.653, -343.418), (-126.695, -347.023)))
(((-96.7259, -538.137), (-134.511, -591.832), (-166.333, -552.667), (-159.082, -538.165), (-102.432, -528.545), (-101.518, -528.798), (-96.7259, -538.137)))
(((-96.3225, -209.558), (-135.46, -240.868), (-142.715, -239.135), (-148.153, -179.314), (-132.329, -173.088), (-95.1795, -200.271), (-96.3225, -209.558)))
(((-89.6635, -453.657), (-135.754, -485.082), (-154.679, -478.774), (-158.951, -437.469), (-91.1195, -449.965), (-89.6635, -453.657)))
(((-93.9905, -359.51), (-100.991, -404.512), (-145.004, -405.613), (-126.695, -347.023), (-112.653, -343.418), (-107.843, -344.843), (-93.9905, -359.51)))
(((-91.1195, -449.965), (-158.951, -437.469), (-161.593, -433.567), (-154.459, -411.853), (-145.004, -405.613), (-100.991, -404.512), (-86.944, -423.241), (-91.1195, -449.965)))
(((-86.2431, -457.488), (-80.6798, -497.821), (-101.518, -528.798), (-102.432, -528.545), (-135.754, -485.082), (-89.6635, -453.657), (-86.2431, -457.488)))
(((-93.0361, -794.634), (-146.045, -712.378), (-123.486, -688.379), (-95.5493, -695.363), (-75.2644, -751.871), (-93.0361, -794.634)))
(((-57.1105, -571.605), (-109.913, -621.767), (-133.029, -604.329), (-134.511, -591.832), (-96.7259, -538.137), (-57.1105, -571.605)))
(((-98.7143, -134.914), (-118.546, -135.873), (-131.697, -119.904), (-117.267, -67.7333), (-80.598, -104.402), (-98.7143, -134.914)))
(((-68.0644, -271.004), (-111.504, -273.807), (-135.46, -240.868), (-96.3225, -209.558), (-63.9152, -253.968), (-66.894, -270.139), (-68.0644, -271.004)))
(((-66.7018, -179.93), (-95.1795, -200.271), (-132.329, -173.088), (-118.546, -135.873), (-98.7143, -134.914), (-59.8608, -161.117), (-66.7018, -179.93)))
(((-74.025, -311.025), (-107.843, -344.843), (-112.653, -343.418), (-121.406, -289.649), (-111.504, -273.807), (-68.0644, -271.004), (-74.025, -311.025)))
(((-66.2035, -677.895), (-95.5493, -695.363), (-123.486, -688.379), (-127.162, -662.238), (-108.748, -627.316), (-65.7344, -651.628), (-66.2035, -677.895)))
(((-52.7609, -53), (-39.7316, -90.4592), (-43.0773, -94.0838), (-80.598, -104.402), (-117.267, -67.7333), (-119, -53), (-52.7609, -53)))
(((-46.3528, -404.362), (-86.944, -423.241), (-100.991, -404.512), (-93.9905, -359.51), (-57.7965, -365.126), (-46.3528, -404.362)))
(((-59.8608, -161.117), (-98.7143, -134.914), (-80.598, -104.402), (-43.0773, -94.0838), (-55.7097, -158.825), (-59.8608, -161.117)))
(((-30.2887, -714.717), (-75.2644, -751.871), (-95.5493, -695.363), (-66.2035, -677.895), (-29.4763, -705.664), (-30.2887, -714.717)))
(((-35.1716, -575.585), (-43.326, -637.325), (-65.7344, -651.628), (-108.748, -627.316), (-109.913, -621.767), (-57.1105, -571.605), (-38.4229, -573.703), (-35.1716, -575.585)))
(((-57.7965, -365.126), (-93.9905, -359.51), (-107.843, -344.843), (-74.025, -311.025), (-31.8927, -342.166), (-57.7965, -365.126)))
(((-63.9152, -253.968), (-96.3225, -209.558), (-95.1795, -200.271), (-66.7018, -179.93), (-31.7035, -223.328), (-63.9152, -253.968)))
(((-57.1105, -571.605), (-96.7259, -538.137), (-101.518, -528.798), (-80.6798, -497.821), (-33.4638, -500.969), (-38.4229, -573.703), (-57.1105, -571.605)))
(((-16.4666, -423.224), (-25.361, -454.589), (-86.2431, -457.488), (-89.6635, -453.657), (-91.1195, -449.965), (-86.944, -423.241), (-46.3528, -404.362), (-21.6504, -416.496), (-16.4666, -423.224)))
(((-14.6391, -484.89), (-33.4638, -500.969), (-80.6798, -497.821), (-86.2431, -457.488), (-25.361, -454.589), (-14.6391, -484.89)))
(((-11.4267, -304.718), (-25.7078, -340.135), (-31.8927, -342.166), (-74.025, -311.025), (-68.0644, -271.004), (-66.894, -270.139), (-17.034, -292.803), (-11.4267, -304.718)))
(((6.22441, -670.707), (-29.4763, -705.664), (-66.2035, -677.895), (-65.7344, -651.628), (-43.326, -637.325), (7.57844, -666.595), (6.22441, -670.707)))
(((4.88192, -202.859), (-10.1554, -220.716), (-31.7035, -223.328), (-66.7018, -179.93), (-59.8608, -161.117), (-55.7097, -158.825), (-31.4628, -160.469), (5.03979, -202.379), (4.88192, -202.859)))
(((-93.168, -800), (-93.0361, -794.634), (-75.2644, -751.871), (-30.2887, -714.717), (-10.0054, -735.52), (-27.2, -800), (-93.168, -800)))
(((-6.59595, -139.487), (-31.4628, -160.469), (-55.7097, -158.825), (-43.0773, -94.0838), (-39.7316, -90.4592), (-24.4926, -94.0573), (-6.59595, -139.487)))
(((-4.6019, -360.236), (-21.6504, -416.496), (-46.3528, -404.362), (-57.7965, -365.126), (-31.8927, -342.166), (-25.7078, -340.135), (-4.6019, -360.236)))
(((2.74303, -255.828), (-17.034, -292.803), (-66.894, -270.139), (-63.9152, -253.968), (-31.7035, -223.328), (-10.1554, -220.716), (2.74303, -255.828)))
(((7.57844, -666.595), (-43.326, -637.325), (-35.1716, -575.585), (-7.6629, -576.124), (32.9762, -602.696), (8.49154, -665.791), (7.57844, -666.595)))
(((-7.6629, -576.124), (-35.1716, -575.585), (-38.4229, -573.703), (-33.4638, -500.969), (-14.6391, -484.89), (-4.03967, -488.473), (18.4091, -522.894), (-7.6629, -576.124)))
(((-52.7609, -53), (-30, -53), (-30, -21.25), (34.1364, -53.3182), (37.4041, -61.2953), (18.957, -82.2744), (-24.4926, -94.0573), (-39.7316, -90.4592), (-52.7609, -53)))
(((5.03979, -202.379), (-31.4628, -160.469), (-6.59595, -139.487), (7.45349, -141.36), (22.699, -187.097), (5.03979, -202.379)))
(((-27.2, -800), (-10.0054, -735.52), (29.6997, -743.968), (58.1383, -794.345), (57.324, -800), (-27.2, -800)))
(((27.5824, -127.558), (7.45349, -141.36), (-6.59595, -139.487), (-24.4926, -94.0573), (18.957, -82.2744), (27.5824, -127.558)))
(((25.4066, -419.418), (-16.4666, -423.224), (-21.6504, -416.496), (-4.6019, -360.236), (26.851, -364.47), (30.8638, -370.001), (35.0688, -408.548), (25.4066, -419.418)))
(((29.6997, -743.968), (-10.0054, -735.52), (-30.2887, -714.717), (-29.4763, -705.664), (6.22441, -670.707), (35.3889, -719.315), (29.6997, -743.968)))
(((42.0317, -463.751), (-4.03967, -488.473), (-14.6391, -484.89), (-25.361, -454.589), (-16.4666, -423.224), (25.4066, -419.418), (42.0317, -463.751)))
(((-30, -21.25), (-30, 53), (-59.9622, 53), (-27.865, 76.32), (41.5526, -16.2368), (34.1364, -53.3182), (-30, -21.25)))
(((41.0988, -322.677), (26.851, -364.47), (-4.6019, -360.236), (-25.7078, -340.135), (-11.4267, -304.718), (34.4171, -309.544), (41.0988, -322.677)))
(((55.3697, -271.38), (34.4171, -309.544), (-11.4267, -304.718), (-17.034, -292.803), (2.74303, -255.828), (52.8549, -263.162), (55.594, -265.847), (55.3697, -271.38)))
(((52.8549, -263.162), (2.74303, -255.828), (-10.1554, -220.716), (4.88192, -202.859), (47.0706, -237.71), (52.8549, -263.162)))
(((48.4254, -180.873), (22.699, -187.097), (7.45349, -141.36), (27.5824, -127.558), (56.6545, -139.727), (48.4254, -180.873)))
(((60.9941, -490.008), (38.866, -521.757), (18.4091, -522.894), (-4.03967, -488.473), (42.0317, -463.751), (46.8211, -465.862), (60.9941, -490.008)))
(((32.9762, -602.696), (-7.6629, -576.124), (18.4091, -522.894), (38.866, -521.757), (59.9472, -542.159), (40.1351, -601.595), (32.9762, -602.696)))
(((69.258, -195.042), (47.0706, -237.71), (4.88192, -202.859), (5.03979, -202.379), (22.699, -187.097), (48.4254, -180.873), (69.226, -194.873), (69.258, -195.042)))
(((77.1938, -697.779), (35.3889, -719.315), (6.22441, -670.707), (7.57844, -666.595), (8.49154, -665.791), (81.0347, -679.946), (77.1938, -697.779)))
(((56.6545, -139.727), (27.5824, -127.558), (18.957, -82.2744), (37.4041, -61.2953), (66, -69.7059), (66, -134.085), (56.6545, -139.727)))
(((-28.2749, 76.8666), (16.0983, 109.106), (77.9017, 109.106), (108.129, 87.144), (82.4468, 8.92878), (41.5526, -16.2368), (-28.2749, 76.8666)))
(((91.2166, -669.394), (81.0347, -679.946), (8.49154, -665.791), (32.9762, -602.696), (40.1351, -601.595), (45.1223, -602.855), (91.0316, -654.968), (91.2166, -669.394)))
(((77.2576, -364.015), (30.8638, -370.001), (26.851, -364.47), (41.0988, -322.677), (83.5195, -335.21), (77.2576, -364.015)))
(((86.7014, -440.937), (46.8211, -465.862), (42.0317, -463.751), (25.4066, -419.418), (35.0688, -408.548), (73.7443, -409.264), (86.7014, -440.937)))
(((73.7443, -409.264), (35.0688, -408.548), (30.8638, -370.001), (77.2576, -364.015), (90.1087, -389.717), (73.7443, -409.264)))
(((94.4624, -751.167), (58.1383, -794.345), (29.6997, -743.968), (35.3889, -719.315), (77.1938, -697.779), (95.2329, -743.352), (94.4624, -751.167)))
(((106.918, -510.246), (98.939, -534.183), (59.9472, -542.159), (38.866, -521.757), (60.9941, -490.008), (100.771, -500.35), (106.918, -510.246)))
(((99.2709, -246.435), (55.594, -265.847), (52.8549, -263.162), (47.0706, -237.71), (69.258, -195.042), (102.044, -240.123), (99.2709, -246.435)))
(((88.875, -331.938), (83.5195, -335.21), (41.0988, -322.677), (34.4171, -309.544), (55.3697, -271.38), (96.7966, -309.493), (88.875, -331.938)))
(((88.5865, -65.72), (66, -69.7059), (37.4041, -61.2953), (34.1364, -53.3182), (41.5526, -16.2368), (82.4468, 8.92878), (105.418, -49.1741), (88.5865, -65.72)))
(((111.374, -579.544), (45.1223, -602.855), (40.1351, -601.595), (59.9472, -542.159), (98.939, -534.183), (113.705, -576.37), (111.374, -579.544)))
(((113.995, -169.759), (69.226, -194.873), (48.4254, -180.873), (56.6545, -139.727), (66, -134.085), (104.188, -139.849), (113.995, -169.759)))
(((107.99, -457.838), (100.771, -500.35), (60.9941, -490.008), (46.8211, -465.862), (86.7014, -440.937), (103.377, -448.941), (107.99, -457.838)))
(((104.188, -139.849), (66, -134.085), (66, -69.7059), (88.5865, -65.72), (119.013, -116.04), (104.188, -139.849)))
(((125.63, -290.718), (96.7966, -309.493), (55.3697, -271.38), (55.594, -265.847), (99.2709, -246.435), (125.63, -290.718)))
(((118.788, -627.212), (91.0316, -654.968), (45.1223, -602.855), (111.374, -579.544), (118.788, -627.212)))
(((135.125, -194.946), (127.105, -224.52), (102.044, -240.123), (69.258, -195.042), (69.226, -194.873), (113.995, -169.759), (131.057, -180.388), (135.125, -194.946)))
(((137.492, -357.416), (110.593, -389.358), (90.1087, -389.717), (77.2576, -364.015), (83.5195, -335.21), (88.875, -331.938), (137.37, -356.185), (137.492, -357.416)))
(((128.086, -415.247), (103.377, -448.941), (86.7014, -440.937), (73.7443, -409.264), (90.1087, -389.717), (110.593, -389.358), (128.086, -415.247)))
(((152.752, -692.469), (95.2329, -743.352), (77.1938, -697.779), (81.0347, -679.946), (91.2166, -669.394), (152.752, -692.469)))
(((108.117, 87.1057), (115.709, 87.1057), (149.438, -24), (132.001, -43.9274), (105.418, -49.1741), (82.4468, 8.92878), (108.117, 87.1057)))
(((160.132, -314.585), (137.37, -356.185), (88.875, -331.938), (96.7966, -309.493), (125.63, -290.718), (146.094, -294.931), (160.132, -314.585)))
(((57.324, -800), (58.1383, -794.345), (94.4624, -751.167), (139.085, -758.928), (160.122, -800), (57.324, -800)))
(((159.508, -109.177), (119.013, -116.04), (88.5865, -65.72), (105.418, -49.1741), (132.001, -43.9274), (169.03, -100.156), (159.508, -109.177)))
(((175.155, -650.998), (159.265, -692.311), (152.752, -692.469), (91.2166, -669.394), (91.0316, -654.968), (118.788, -627.212), (172.562, -638.466), (175.155, -650.998)))
(((173.638, -713.317), (139.085, -758.928), (94.4624, -751.167), (95.2329, -743.352), (152.752, -692.469), (159.265, -692.311), (173.638, -713.317)))
(((151.402, -508.161), (106.918, -510.246), (100.771, -500.35), (107.99, -457.838), (155.898, -459.132), (169.376, -478.557), (151.402, -508.161)))
(((155.898, -459.132), (107.99, -457.838), (103.377, -448.941), (128.086, -415.247), (158.359, -419.756), (155.898, -459.132)))
(((165.776, -253), (146.094, -294.931), (125.63, -290.718), (99.2709, -246.435), (102.044, -240.123), (127.105, -224.52), (164.287, -250.648), (165.776, -253)))
(((187.553, -572.026), (113.705, -576.37), (98.939, -534.183), (106.918, -510.246), (151.402, -508.161), (187.553, -572.026)))
(((192.986, -574.743), (172.562, -638.466), (118.788, -627.212), (111.374, -579.544), (113.705, -576.37), (187.553, -572.026), (192.986, -574.743)))
(((161.748, -158.465), (131.057, -180.388), (113.995, -169.759), (104.188, -139.849), (119.013, -116.04), (159.508, -109.177), (161.748, -158.465)))
(((176.641, -404.764), (158.359, -419.756), (128.086, -415.247), (110.593, -389.358), (137.492, -357.416), (179.896, -393.296), (176.641, -404.764)))
(((164.287, -250.648), (127.105, -224.52), (135.125, -194.946), (176.072, -205.476), (164.287, -250.648)))
(((160.122, -800), (139.085, -758.928), (173.638, -713.317), (203.232, -729.844), (218.088, -800), (160.122, -800)))
(((195.437, -198.863), (176.072, -205.476), (135.125, -194.946), (131.057, -180.388), (161.748, -158.465), (204.091, -171.938), (195.437, -198.863)))
(((210, -24), (210, -53), (215, -53), (176.512, -98.9982), (169.03, -100.156), (132.001, -43.9274), (149.438, -24), (210, -24)))
(((255.704, 53), (210, 53), (210, -24), (149.438, -24), (115.707, 87.1111), (139.098, 104.106), (200.902, 104.106), (250.902, 67.7785), (255.704, 53)))
(((179.896, -393.296), (137.492, -357.416), (137.37, -356.185), (160.132, -314.585), (188.105, -318.366), (197.536, -381.242), (179.896, -393.296)))
(((217.829, -457.738), (201.951, -475.204), (169.376, -478.557), (155.898, -459.132), (158.359, -419.756), (176.641, -404.764), (219.112, -453.093), (217.829, -457.738)))
(((199.977, -313.128), (188.105, -318.366), (160.132, -314.585), (146.094, -294.931), (165.776, -253), (200.448, -253), (214.326, -292.186), (199.977, -313.128)))
(((200.448, -253), (165.776, -253), (164.287, -250.648), (176.072, -205.476), (195.437, -198.863), (214.851, -234.315), (200.448, -253)))
(((209.892, -168.009), (204.091, -171.938), (161.748, -158.465), (159.508, -109.177), (169.03, -100.156), (176.512, -98.9982), (215.811, -131.9), (209.892, -168.009)))
(((192.986, -574.743), (187.553, -572.026), (151.402, -508.161), (169.376, -478.557), (201.951, -475.204), (235.518, -564.715), (192.986, -574.743)))
(((242.154, -702.136), (203.232, -729.844), (173.638, -713.317), (159.265, -692.311), (175.155, -650.998), (225.473, -660.432), (242.154, -702.136)))
(((251.736, -354.179), (236.186, -380.656), (197.536, -381.242), (188.105, -318.366), (199.977, -313.128), (251.571, -353.071), (251.736, -354.179)))
(((255.451, -421.843), (219.112, -453.093), (176.641, -404.764), (179.896, -393.296), (197.536, -381.242), (236.186, -380.656), (255.451, -421.843)))
(((238.393, -565.103), (250.956, -629.852), (225.473, -660.432), (175.155, -650.998), (172.562, -638.466), (192.986, -574.743), (235.518, -564.715), (238.393, -565.103)))
(((245.964, -53), (258.551, -111.74), (215.811, -131.9), (176.512, -98.9982), (215, -53), (245.964, -53)))
(((254.92, -230.308), (214.851, -234.315), (195.437, -198.863), (204.091, -171.938), (209.892, -168.009), (262.021, -187.056), (254.92, -230.308)))
(((259.696, -287.145), (214.326, -292.186), (200.448, -253), (214.851, -234.315), (254.92, -230.308), (273.824, -253.843), (259.696, -287.145)))
(((266.406, -554.598), (238.393, -565.103), (235.518, -564.715), (201.951, -475.204), (217.829, -457.738), (298.959, -516.487), (266.406, -554.598)))
(((269.184, -309.04), (251.571, -353.071), (199.977, -313.128), (214.326, -292.186), (259.696, -287.145), (269.184, -309.04)))
(((262.021, -187.056), (209.892, -168.009), (215.811, -131.9), (258.551, -111.74), (261.109, -113.432), (277.981, -174.895), (262.021, -187.056)))
(((218.088, -800), (203.232, -729.844), (242.154, -702.136), (281.481, -703.668), (270.778, -800), (218.088, -800)))
(((306.264, -688.44), (281.481, -703.668), (242.154, -702.136), (225.473, -660.432), (250.956, -629.852), (308.533, -671.361), (311.173, -678.034), (306.264, -688.44)))
(((298.959, -516.487), (217.829, -457.738), (219.112, -453.093), (255.451, -421.843), (275.728, -426.719), (300.394, -515.518), (298.959, -516.487)))
(((312.482, -406.619), (275.728, -426.719), (255.451, -421.843), (236.186, -380.656), (251.736, -354.179), (299.413, -365.105), (312.482, -406.619)))
(((308.533, -671.361), (250.956, -629.852), (238.393, -565.103), (266.406, -554.598), (316.105, -606.457), (308.533, -671.361)))
(((325.599, -328.783), (299.413, -365.105), (251.736, -354.179), (251.571, -353.071), (269.184, -309.04), (321.432, -320.398), (325.413, -326.37), (325.599, -328.783)))
(((341.631, -53), (314.847, -107.461), (261.109, -113.432), (258.551, -111.74), (245.964, -53), (341.631, -53)))
(((320.2, -224.071), (292.365, -252.639), (273.824, -253.843), (254.92, -230.308), (262.021, -187.056), (277.981, -174.895), (300.169, -175.76), (320.2, -224.071)))
(((332.684, -155.167), (300.169, -175.76), (277.981, -174.895), (261.109, -113.432), (314.847, -107.461), (333.192, -149.503), (332.684, -155.167)))
(((321.432, -320.398), (269.184, -309.04), (259.696, -287.145), (273.824, -253.843), (292.365, -252.639), (324.436, -280.598), (321.432, -320.398)))
(((270.778, -800), (281.481, -703.668), (306.264, -688.44), (335.314, -736.857), (329, -800), (270.778, -800)))
(((327.35, -511.025), (300.394, -515.518), (275.728, -426.719), (312.482, -406.619), (354.373, -416.445), (327.35, -511.025)))
(((354.373, -416.445), (312.482, -406.619), (299.413, -365.105), (325.599, -328.783), (397.846, -397.124), (354.373, -416.445)))
(((372.127, -259.525), (324.436, -280.598), (292.365, -252.639), (320.2, -224.071), (346.632, -225.032), (372.127, -259.525)))
(((330.928, -512.416), (389.909, -589.747), (316.105, -606.457), (266.406, -554.598), (298.959, -516.487), (300.394, -515.518), (327.35, -511.025), (330.928, -512.416)))
(((346.632, -225.032), (320.2, -224.071), (300.169, -175.76), (332.684, -155.167), (367.453, -181.408), (346.632, -225.032)))
(((400, -662.541), (311.173, -678.034), (308.533, -671.361), (316.105, -606.457), (389.909, -589.747), (400, -594.587), (400, -662.541)))
(((400, -295.292), (325.413, -326.37), (321.432, -320.398), (324.436, -280.598), (372.127, -259.525), (400, -269.299), (400, -295.292)))
(((341.631, -53), (400, -53), (400, -99.9355), (333.192, -149.503), (314.847, -107.461), (341.631, -53)))
(((400, -728.564), (335.314, -736.857), (306.264, -688.44), (311.173, -678.034), (400, -662.541), (400, -728.564)))
(((400, -728.564), (400, -800), (329, -800), (335.314, -736.857), (400, -728.564)))
(((400, -396.982), (397.846, -397.124), (325.599, -328.783), (325.413, -326.37), (400, -295.292), (400, -396.982)))
(((400, -179.649), (367.453, -181.408), (332.684, -155.167), (333.192, -149.503), (400, -99.9355), (400, -179.649)))
(((400, -493.778), (330.928, -512.416), (327.35, -511.025), (354.373, -416.445), (397.846, -397.124), (400, -396.982), (400, -493.778)))
(((400, -269.299), (372.127, -259.525), (346.632, -225.032), (367.453, -181.408), (400, -179.649), (400, -269.299)))
(((400, -594.587), (389.909, -589.747), (330.928, -512.416), (400, -493.778), (400, -594.587)))
