(((-225, -415.36), (-208.402, -419.436), (-178.392, -445.033), (-194.16, -482.38), (-225, -486.522), (-225, -415.36)))
(((-225, -126.75), (-176.548, -140.776), (-166.031, -176.272), (-225, -202.992), (-225, -126.75)))
(((-225, -227.437), (-181.254, -248.529), (-177.795, -295.808), (-225, -326.353), (-225, -227.437)))
(((-225, -98.8333), (-225, -53), (-155.172, -53), (-192.459, -93.0482), (-225, -98.8333)))
(((-225, -486.522), (-194.16, -482.38), (-190.702, -484.973), (-168.147, -531.336), (-170.47, -534.727), (-225, -558.72), (-225, -486.522)))
(((-225, -341.794), (-173.045, -361.659), (-163.257, -389.994), (-208.402, -419.436), (-225, -415.36), (-225, -341.794)))
(((-159.479, -800), (-225, -800), (-225, -689.828), (-165.825, -696.827), (-152.966, -707.515), (-159.479, -800)))
(((-225, -126.75), (-225, -98.8333), (-192.459, -93.0482), (-167.204, -122.512), (-176.548, -140.776), (-225, -126.75)))
(((-225, -605.179), (-140.147, -609.369), (-139.498, -609.618), (-165.825, -696.827), (-225, -689.828), (-225, -605.179)))
(((-158.949, -439.164), (-178.392, -445.033), (-208.402, -419.436), (-163.257, -389.994), (-150.832, -401.827), (-158.949, -439.164)))
(((-225, -558.72), (-170.47, -534.727), (-140.147, -609.369), (-225, -605.179), (-225, -558.72)))
(((-225, -227.438), (-225, -202.992), (-166.031, -176.272), (-156.997, -179.095), (-142.329, -190.152), (-141.261, -193.228), (-160.976, -243.173), (-181.254, -248.529), (-225, -227.438)))
(((-225, 456.676), (-225, 613.324), (-208.929, 625), (-133.071, 625), (-124.42, 618.715), (-103.629, 500.895), (-189.981, 439.894), (-201.902, 439.894), (-225, 456.676)))
(((-155.172, -53), (-148.435, -53), (-156.656, -116.711), (-167.204, -122.512), (-192.459, -93.0482), (-155.172, -53)))
(((-225, -341.794), (-225, -326.353), (-177.795, -295.808), (-161.525, -298.218), (-142.381, -333.129), (-155.565, -351.314), (-173.045, -361.659), (-225, -341.794)))
(((-134.707, -483.107), (-190.702, -484.973), (-194.16, -482.38), (-178.392, -445.033), (-158.949, -439.164), (-142.673, -450.519), (-134.707, -483.107)))
(((-128.678, -519.137), (-168.147, -531.336), (-190.702, -484.973), (-134.707, -483.107), (-116.77, -502.357), (-128.678, -519.137)))
(((-138.515, -283.915), (-161.525, -298.218), (-177.795, -295.808), (-181.254, -248.529), (-160.976, -243.173), (-136.182, -258.832), (-138.515, -283.915)))
(((-166.031, -176.272), (-176.548, -140.776), (-167.204, -122.512), (-156.656, -116.711), (-123.23, -125.068), (-156.997, -179.095), (-166.031, -176.272)))
(((-134.709, -608.878), (-139.498, -609.618), (-140.147, -609.369), (-170.47, -534.727), (-168.147, -531.336), (-128.678, -519.137), (-114.868, -575.63), (-134.709, -608.878)))
(((-142.453, -53), (-110.435, -121.305), (-123.23, -125.068), (-156.656, -116.711), (-148.435, -53), (-142.453, -53)))
(((-121.825, -398.48), (-150.832, -401.827), (-163.257, -389.994), (-173.045, -361.659), (-155.565, -351.314), (-112.022, -375.263), (-121.825, -398.48)))
(((-116.892, -328.142), (-142.381, -333.129), (-161.525, -298.218), (-138.515, -283.915), (-112.888, -299.447), (-116.892, -328.142)))
(((-98.2222, -237.371), (-101.566, -243.172), (-136.182, -258.832), (-160.976, -243.173), (-141.261, -193.228), (-99.7391, -228.522), (-98.2222, -237.371)))
(((-103.74, -432.269), (-142.673, -450.519), (-158.949, -439.164), (-150.832, -401.827), (-121.825, -398.48), (-104.203, -419.305), (-103.74, -432.269)))
(((-94.4583, -702.521), (-152.966, -707.515), (-165.825, -696.827), (-139.498, -609.618), (-134.709, -608.878), (-106.157, -626.478), (-94.4583, -702.521)))
(((-112.022, -375.263), (-155.565, -351.314), (-142.381, -333.129), (-116.892, -328.142), (-87.0588, -353.5), (-112.022, -375.263)))
(((-97.4333, -137.167), (-103.573, -167.867), (-142.329, -190.152), (-156.997, -179.095), (-123.23, -125.068), (-110.435, -121.305), (-104.765, -122.765), (-97.4333, -137.167)))
(((-159.479, -800), (-152.966, -707.515), (-94.4583, -702.521), (-80.7, -709.4), (-88.25, -800), (-159.479, -800)))
(((-116.77, -502.357), (-134.707, -483.107), (-142.673, -450.519), (-103.74, -432.269), (-95.2962, -442.452), (-106.522, -500.187), (-116.77, -502.357)))
(((-92.6927, -287.537), (-112.888, -299.447), (-138.515, -283.915), (-136.182, -258.832), (-101.566, -243.172), (-92.6927, -287.537)))
(((-87.4615, -53), (-77.625, -95.625), (-104.765, -122.765), (-110.435, -121.305), (-142.453, -53), (-87.4615, -53)))
(((-72.9286, -194.051), (-99.7391, -228.522), (-141.261, -193.228), (-142.329, -190.152), (-103.573, -167.867), (-71.9418, -190.315), (-72.9286, -194.051)))
(((-77.042, -527.98), (-89.5167, -566.652), (-114.868, -575.63), (-128.678, -519.137), (-116.77, -502.357), (-106.522, -500.187), (-89.192, -504.186), (-77.042, -527.98)))
(((-163.575, 358.992), (-174.902, 367.221), (-194, 426), (-189.338, 440.348), (-103.629, 500.895), (-90.3727, 496.613), (-54.5407, 401.658), (-163.575, 358.992)))
(((-55.6886, -392.7), (-104.203, -419.305), (-121.825, -398.48), (-112.022, -375.263), (-87.0588, -353.5), (-86.1, -353.5), (-57.3716, -378.361), (-54.3731, -390.688), (-55.6886, -392.7)))
(((-87.0588, -353.5), (-116.892, -328.142), (-112.888, -299.447), (-92.6927, -287.537), (-79.5325, -292.297), (-65.2703, -318.784), (-86.1, -353.5), (-87.0588, -353.5)))
(((-55.1812, -620.989), (-106.157, -626.478), (-134.709, -608.878), (-114.868, -575.63), (-89.5167, -566.652), (-52.1836, -580.406), (-43.2396, -595.986), (-55.1812, -620.989)))
(((-42.1129, -478.903), (-89.192, -504.186), (-106.522, -500.187), (-95.2962, -442.452), (-60.3186, -446.717), (-42.4606, -465.515), (-42.1129, -478.903)))
(((-71.9418, -190.315), (-103.573, -167.867), (-97.4333, -137.167), (-56.4367, -148.247), (-65.9161, -186.164), (-71.9418, -190.315)))
(((-60.3186, -446.717), (-95.2962, -442.452), (-103.74, -432.269), (-104.203, -419.305), (-55.6886, -392.7), (-60.3186, -446.717)))
(((-53.1304, -269.957), (-79.5325, -292.297), (-92.6927, -287.537), (-101.566, -243.172), (-98.2222, -237.371), (-63.973, -245.561), (-53.1304, -269.957)))
(((-38.6823, -650.987), (-70.9757, -706.665), (-80.7, -709.4), (-94.4583, -702.521), (-106.157, -626.478), (-55.1812, -620.989), (-38.6823, -650.987)))
(((-42.2488, -140.228), (-56.4367, -148.247), (-97.4333, -137.167), (-104.765, -122.765), (-77.625, -95.625), (-40.3847, -106.052), (-42.2488, -140.228)))
(((-52.1836, -580.406), (-89.5167, -566.652), (-77.042, -527.98), (-45.5985, -542.777), (-52.1836, -580.406)))
(((-148.247, 299.283), (-167, 357), (-166.757, 357.747), (-54.5407, 401.658), (-34.4109, 395.777), (-18.3789, 384.242), (-56.7408, 307.518), (-148.247, 299.283)))
(((-63.973, -245.561), (-98.2222, -237.371), (-99.7391, -228.522), (-72.9286, -194.051), (-44.1279, -229.023), (-63.973, -245.561)))
(((-109.747, 177.039), (-138.902, 198.221), (-158, 257), (-144.141, 299.652), (-56.7408, 307.518), (-19.0125, 282.89), (-23.2383, 203.657), (-109.747, 177.039)))
(((-35, -53), (-22.4855, -71.7717), (-36.2248, -102.834), (-40.3847, -106.052), (-77.625, -95.625), (-87.4615, -53), (-35, -53)))
(((-22.1923, -284.404), (-51.1875, -317.023), (-65.2703, -318.784), (-79.5325, -292.297), (-53.1304, -269.957), (-25.1767, -279.274), (-22.1923, -284.404)))
(((-30.1443, -489.162), (-39.8727, -539.425), (-45.5985, -542.777), (-77.042, -527.98), (-89.192, -504.186), (-42.1129, -478.903), (-30.1443, -489.162)))
(((-118.833, 625), (-25.1374, 625), (-3.38242, 563.134), (-58.8288, 499.767), (-90.3727, 496.613), (-103.629, 500.895), (-124.768, 620.688), (-118.833, 625)))
(((-88.25, -800), (-80.7, -709.4), (-70.9757, -706.665), (-5.12228, -729.271), (17.4176, -800), (-88.25, -800)))
(((-57.3716, -378.361), (-86.1, -353.5), (-65.2703, -318.784), (-51.1875, -317.023), (-18.7426, -345.413), (-57.3716, -378.361)))
(((-19.5748, -224.559), (-44.1279, -229.023), (-72.9286, -194.051), (-71.9418, -190.315), (-65.9161, -186.164), (-28.6339, -191.343), (-19.5748, -224.559)))
(((-28.6339, -191.343), (-65.9161, -186.164), (-56.4367, -148.247), (-42.2488, -140.228), (-32.8594, -146.56), (-20.6791, -178.416), (-28.6339, -191.343)))
(((-42.4606, -465.515), (-60.3186, -446.717), (-55.6886, -392.7), (-54.3731, -390.688), (-27.269, -402.155), (-22.1228, -444.612), (-42.4606, -465.515)))
(((-17.1616, 477.095), (-34.4109, 395.777), (-54.5407, 401.658), (-90.3727, 496.613), (-58.8288, 499.767), (-17.1616, 477.095)))
(((-12.881, -228.862), (-25.1767, -279.274), (-53.1304, -269.957), (-63.973, -245.561), (-44.1279, -229.023), (-19.5748, -224.559), (-12.881, -228.862)))
(((1.74227, -574.51), (-9.07746, -588.937), (-43.2396, -595.986), (-52.1836, -580.406), (-45.5985, -542.777), (-39.8727, -539.425), (-2.34351, -546.931), (1.74227, -574.51)))
(((-1.64607, -311.615), (-14.9562, -344.891), (-18.7426, -345.413), (-51.1875, -317.023), (-22.1923, -284.404), (-8.2561, -291.372), (-1.64607, -311.615)))
(((-5.12228, -729.271), (-70.9757, -706.665), (-38.6823, -650.987), (-11.4349, -655.381), (8.68508, -704.564), (-5.12228, -729.271)))
(((-81.3006, 65.5273), (-102.902, 81.2215), (-122, 140), (-109.989, 176.965), (-23.2383, 203.657), (-17.0658, 201.527), (30.1224, 110.297), (29.521, 107.706), (-24.8701, 75.5392), (-81.3006, 65.5273)))
(((9.42427, -526.447), (-2.34351, -546.931), (-39.8727, -539.425), (-30.1443, -489.162), (-1.08556, -497.13), (9.42427, -526.447)))
(((-6.3539, -351.445), (-4.66756, -396.976), (-27.269, -402.155), (-54.3731, -390.688), (-57.3716, -378.361), (-18.7426, -345.413), (-14.9562, -344.891), (-6.3539, -351.445)))
(((17.8744, -632.733), (-11.4349, -655.381), (-38.6823, -650.987), (-55.1812, -620.989), (-43.2396, -595.986), (-9.07746, -588.937), (17.8744, -632.733)))
(((3.1872, -140.552), (-32.8594, -146.56), (-42.2488, -140.228), (-40.3847, -106.052), (-36.2248, -102.834), (12.1292, -120.564), (3.1872, -140.552)))
(((39.743, 353.333), (9.23248, 293.296), (-19.0125, 282.89), (-56.7408, 307.518), (-18.3789, 384.242), (11.9455, 383.415), (39.743, 353.333)))
(((8.14218, -174.521), (-20.6791, -178.416), (-32.8594, -146.56), (3.1872, -140.552), (13.6333, -167.069), (8.14218, -174.521)))
(((15.7058, -435.511), (8.53901, -441.546), (-22.1228, -444.612), (-27.269, -402.155), (-4.66756, -396.976), (11.9432, -402.4), (15.7058, -435.511)))
(((11.9455, 383.415), (-18.3789, 384.242), (-34.4109, 395.777), (-17.1616, 477.095), (55.6621, 473.211), (11.9455, 383.415)))
(((-35, -53), (-30, -53), (-30, -10.3559), (-4.68558, -13.3593), (20.9374, -42.6427), (11.1352, -69.3265), (-22.4855, -71.7717), (-35, -53)))
(((-1.08556, -497.13), (-30.1443, -489.162), (-42.1129, -478.903), (-42.4606, -465.515), (-22.1228, -444.612), (8.53901, -441.546), (11.7422, -486.39), (-1.08556, -497.13)))
(((14.4138, -197.517), (-7.34884, -228.443), (-12.881, -228.862), (-19.5748, -224.559), (-28.6339, -191.343), (-20.6791, -178.416), (8.14218, -174.521), (14.4138, -197.517)))
(((55.6621, 473.211), (-17.1616, 477.095), (-58.8288, 499.767), (-3.38242, 563.134), (60.9862, 525.731), (64.5587, 478.931), (55.6621, 473.211)))
(((21.4318, -81.8495), (14.0985, -119.433), (12.1292, -120.564), (-36.2248, -102.834), (-22.4855, -71.7717), (11.1352, -69.3265), (21.4318, -81.8495)))
(((-30, -10.3559), (-30, 53), (-87.978, 53), (-84.0671, 65.0365), (-24.8701, 75.5392), (31.3448, 15.6974), (-4.68558, -13.3593), (-30, -10.3559)))
(((22.648, -275.147), (-8.2561, -291.372), (-22.1923, -284.404), (-25.1767, -279.274), (-12.881, -228.862), (-7.34884, -228.443), (14.2876, -238.571), (22.648, -275.147)))
(((25.9875, -393.463), (11.9432, -402.4), (-4.66756, -396.976), (-6.3539, -351.445), (27.0131, -355.514), (25.9875, -393.463)))
(((45.0449, -341.775), (27.0131, -355.514), (-6.3539, -351.445), (-14.9562, -344.891), (-1.64607, -311.615), (38.4231, -322.885), (45.8077, -337.962), (45.0449, -341.775)))
(((65.5946, 249.505), (39.6062, 214.5), (-17.0658, 201.527), (-23.2383, 203.657), (-19.0125, 282.89), (9.23248, 293.296), (64.3296, 252.892), (65.5946, 249.505)))
(((53.925, -685.175), (8.68508, -704.564), (-11.4349, -655.381), (17.8744, -632.733), (18.2397, -632.76), (51.6671, -660.338), (53.925, -685.175)))
(((44.9068, -290.466), (38.4231, -322.885), (-1.64607, -311.615), (-8.2561, -291.372), (22.648, -275.147), (37.9231, -279.603), (44.9068, -290.466)))
(((35.7045, -231.432), (14.2876, -238.571), (-7.34884, -228.443), (14.4138, -197.517), (46.8108, -204.459), (35.7045, -231.432)))
(((52.6471, -598.353), (18.2397, -632.76), (17.8744, -632.733), (-9.07746, -588.937), (1.74227, -574.51), (38.8652, -576.09), (52.6471, -598.353)))
(((43.4947, -480.745), (11.7422, -486.39), (8.53901, -441.546), (15.7058, -435.511), (47.7158, -444.444), (43.4947, -480.745)))
(((47.277, -162.966), (13.6333, -167.069), (3.1872, -140.552), (12.1292, -120.564), (14.0985, -119.433), (38.3184, -128.127), (47.277, -162.966)))
(((55.2872, -29.9482), (20.9374, -42.6427), (-4.68558, -13.3593), (31.3448, 15.6974), (47.8425, 13.5687), (62.2657, -3.67633), (55.2872, -29.9482)))
(((59.496, -536.793), (38.8652, -576.09), (1.74227, -574.51), (-2.34351, -546.931), (9.42427, -526.447), (55.5863, -532.468), (59.496, -536.793)))
(((54.2895, -199.474), (46.8108, -204.459), (14.4138, -197.517), (8.14218, -174.521), (13.6333, -167.069), (47.277, -162.966), (51.4561, -165.474), (54.2895, -199.474)))
(((55.5863, -532.468), (9.42427, -526.447), (-1.08556, -497.13), (11.7422, -486.39), (43.4947, -480.745), (54.6745, -490.528), (55.5863, -532.468)))
(((68.5778, 74.4786), (47.8425, 13.5687), (31.3448, 15.6974), (-24.8701, 75.5392), (29.521, 107.706), (68.5778, 74.4786)))
(((59.9598, -436.536), (47.7158, -444.444), (15.7058, -435.511), (11.9432, -402.4), (25.9875, -393.463), (56.4793, -399.844), (61.1065, -434.549), (59.9598, -436.536)))
(((37.9231, -279.603), (22.648, -275.147), (14.2876, -238.571), (35.7045, -231.432), (59.2301, -251.193), (37.9231, -279.603)))
(((30.1224, 110.297), (-17.0658, 201.527), (39.6062, 214.5), (80.1146, 158.503), (30.1224, 110.297)))
(((69.9531, -105.983), (38.3184, -128.127), (14.0985, -119.433), (21.4318, -81.8495), (55.2107, -84.8521), (69.9531, -105.983)))
(((126.978, 625), (128.894, 619.104), (60.9862, 525.731), (-3.38242, 563.134), (-25.1374, 625), (126.978, 625)))
(((68.2484, -50.9542), (55.2107, -84.8521), (21.4318, -81.8495), (11.1352, -69.3265), (20.9374, -42.6427), (55.2872, -29.9482), (68.2484, -50.9542)))
(((17.4176, -800), (-5.12228, -729.271), (8.68508, -704.564), (53.925, -685.175), (77.4023, -701.079), (80.2286, -800), (17.4176, -800)))
(((56.4793, -399.844), (25.9875, -393.463), (27.0131, -355.514), (45.0449, -341.775), (77.8245, -379.076), (56.4793, -399.844)))
(((86.6406, 332.574), (64.3296, 252.892), (9.23248, 293.296), (39.743, 353.333), (69.6899, 348.15), (86.6406, 332.574)))
(((89.3055, -623.806), (51.6671, -660.338), (18.2397, -632.76), (52.6471, -598.353), (82.4238, -606.073), (89.3055, -623.806)))
(((77.0476, -236.952), (63.4487, -250.551), (59.2301, -251.193), (35.7045, -231.432), (46.8108, -204.459), (54.2895, -199.474), (69.8177, -206.225), (77.0476, -236.952)))
(((84.313, -111.248), (72.8494, -157.102), (51.4561, -165.474), (47.277, -162.966), (38.3184, -128.127), (69.9531, -105.983), (84.313, -111.248)))
(((80.3691, -323.016), (45.8077, -337.962), (38.4231, -322.885), (44.9068, -290.466), (77.6622, -292.338), (80.3691, -323.016)))
(((77.6622, -292.338), (44.9068, -290.466), (37.9231, -279.603), (59.2301, -251.193), (63.4487, -250.551), (87.859, -282.141), (77.6622, -292.338)))
(((99.7871, -573.206), (82.4238, -606.073), (52.6471, -598.353), (38.8652, -576.09), (59.496, -536.793), (97.1209, -543.433), (99.7871, -573.206)))
(((96.1991, -478.816), (54.6745, -490.528), (43.4947, -480.745), (47.7158, -444.444), (59.9598, -436.536), (96.1991, -478.816)))
(((120.692, 433.154), (69.6899, 348.15), (39.743, 353.333), (11.9455, 383.415), (55.6621, 473.211), (64.5587, 478.931), (100.977, 461.318), (120.692, 433.154)))
(((103.958, -193.647), (69.8177, -206.225), (54.2895, -199.474), (51.4561, -165.474), (72.8494, -157.102), (93.4283, -167.114), (105.167, -189.417), (103.958, -193.647)))
(((97.1209, -543.433), (59.496, -536.793), (55.5863, -532.468), (54.6745, -490.528), (96.1991, -478.816), (96.2258, -478.82), (121.274, -522.007), (97.1209, -543.433)))
(((102, -348.6), (78.9508, -379.025), (77.8245, -379.076), (45.0449, -341.775), (45.8077, -337.962), (80.3691, -323.016), (102, -332.75), (102, -348.6)))
(((114.986, 36.9797), (88.9225, 0.131783), (62.2657, -3.67633), (47.8425, 13.5687), (68.5778, 74.4786), (95.4953, 71.2355), (114.986, 36.9797)))
(((105.714, -418.571), (98.9606, -427.188), (61.1065, -434.549), (56.4793, -399.844), (77.8245, -379.076), (78.9508, -379.025), (103.943, -397.312), (105.714, -418.571)))
(((118.754, -76.7585), (89.9565, -110.103), (84.313, -111.248), (69.9531, -105.983), (55.2107, -84.8521), (68.2484, -50.9542), (110.104, -58.5644), (118.754, -76.7585)))
(((106.26, 160.537), (80.1146, 158.503), (39.6062, 214.5), (65.5946, 249.505), (104.962, 241.139), (108.334, 161.903), (106.26, 160.537)))
(((117.692, -682.277), (77.4023, -701.079), (53.925, -685.175), (51.6671, -660.338), (89.3055, -623.806), (109.272, -635.121), (117.692, -682.277)))
(((105.534, -278.534), (87.859, -282.141), (63.4487, -250.551), (77.0476, -236.952), (114.846, -242.06), (105.534, -278.534)))
(((96.1991, -478.816), (59.9598, -436.536), (61.1065, -434.549), (98.9606, -427.188), (107.312, -462.982), (96.2258, -478.82), (96.1991, -478.816)))
(((110.104, -58.5644), (68.2484, -50.9542), (55.2872, -29.9482), (62.2657, -3.67633), (88.9225, 0.131783), (118.767, -27.9571), (110.104, -58.5644)))
(((95.4953, 71.2355), (68.5778, 74.4786), (29.521, 107.706), (30.1224, 110.297), (80.1146, 158.503), (106.26, 160.537), (117.813, 92.6606), (95.4953, 71.2355)))
(((114.846, -242.06), (77.0476, -236.952), (69.8177, -206.225), (103.958, -193.647), (124.833, -233.5), (114.846, -242.06)))
(((118.45, -137.677), (93.4283, -167.114), (72.8494, -157.102), (84.313, -111.248), (89.9565, -110.103), (118.45, -137.677)))
(((126.317, -314.512), (102, -332.75), (80.3691, -323.016), (77.6622, -292.338), (87.859, -282.141), (105.534, -278.534), (125.793, -298.793), (126.317, -314.512)))
(((150.615, 258.698), (104.962, 241.139), (65.5946, 249.505), (64.3296, 252.892), (86.6406, 332.574), (112.325, 327.32), (164.981, 288.602), (150.615, 258.698)))
(((141.091, -379.24), (103.943, -397.312), (78.9508, -379.025), (102, -348.6), (141.544, -372.326), (141.091, -379.24)))
(((80.2286, -800), (77.4023, -701.079), (117.692, -682.277), (212.776, -720.31), (213, -721), (193.902, -779.779), (166.069, -800), (80.2286, -800)))
(((142.092, -170.954), (105.167, -189.417), (93.4283, -167.114), (118.45, -137.677), (140.468, -142.264), (142.092, -170.954)))
(((146.825, -436.769), (139.227, -453.864), (107.312, -462.982), (98.9606, -427.188), (105.714, -418.571), (143.632, -431.211), (146.825, -436.769)))
(((164.714, 411.143), (112.325, 327.32), (86.6406, 332.574), (69.6899, 348.15), (120.692, 433.154), (164.714, 411.143)))
(((139.95, -621.622), (109.272, -635.121), (89.3055, -623.806), (82.4238, -606.073), (99.7871, -573.206), (144.423, -591.586), (139.95, -621.622)))
(((146.226, -16.1887), (118.767, -27.9571), (88.9225, 0.131783), (114.986, 36.9797), (137.263, 30.8716), (146.226, -16.1887)))
(((140.468, -142.264), (118.45, -137.677), (89.9565, -110.103), (118.754, -76.7585), (136.844, -81.3485), (138.286, -82.8571), (149.063, -134.051), (140.468, -142.264)))
(((141.544, -372.326), (102, -348.6), (102, -332.75), (126.317, -314.512), (161.948, -339.963), (141.544, -372.326)))
(((217.512, 553.202), (100.977, 461.318), (64.5587, 478.931), (60.9862, 525.731), (128.895, 619.106), (157.902, 619.106), (207.902, 582.779), (217.512, 553.202)))
(((148.589, -503.579), (122.917, -521.917), (121.274, -522.007), (96.2258, -478.82), (107.312, -462.982), (139.227, -453.864), (153.526, -487.227), (148.589, -503.579)))
(((150.295, -391.232), (143.632, -431.211), (105.714, -418.571), (103.943, -397.312), (141.091, -379.24), (150.295, -391.232)))
(((156.3, 165.9), (108.334, 161.903), (104.962, 241.139), (150.615, 258.698), (178.989, 188.251), (156.3, 165.9)))
(((168.3, -572.368), (144.423, -591.586), (99.7871, -573.206), (97.1209, -543.433), (121.274, -522.007), (122.917, -521.917), (168.695, -567.695), (168.3, -572.368)))
(((127, -233.5), (158.843, -277.075), (125.793, -298.793), (105.534, -278.534), (114.846, -242.06), (124.833, -233.5), (127, -233.5)))
(((148, -223), (127, -233.5), (124.833, -233.5), (103.958, -193.647), (105.167, -189.417), (142.092, -170.954), (157.545, -184.822), (148, -223)))
(((162.933, 93.4385), (117.813, 92.6606), (106.26, 160.537), (108.334, 161.903), (156.3, 165.9), (174.213, 103.73), (162.933, 93.4385)))
(((163.917, 43.2118), (137.263, 30.8716), (114.986, 36.9797), (95.4953, 71.2355), (117.813, 92.6606), (162.933, 93.4385), (163.917, 43.2118)))
(((209.313, -718.925), (117.692, -682.277), (109.272, -635.121), (139.95, -621.622), (174.721, -641.838), (212.66, -716.493), (209.313, -718.925)))
(((167.351, -45.7577), (136.844, -81.3485), (118.754, -76.7585), (110.104, -58.5644), (118.767, -27.9571), (146.226, -16.1887), (158.659, -20.769), (167.351, -45.7577)))
(((210.38, 375.971), (184.735, 297.382), (164.981, 288.602), (112.325, 327.32), (164.714, 411.143), (187.919, 407.662), (210.38, 375.971)))
(((164.606, -339.363), (161.948, -339.963), (126.317, -314.512), (125.793, -298.793), (158.843, -277.075), (169.759, -277.681), (172.301, -279.67), (170.625, -331.625), (164.606, -339.363)))
(((169.759, -277.681), (158.843, -277.075), (127, -233.5), (148, -223), (180.397, -233.799), (169.759, -277.681)))
(((185.995, -468.374), (153.526, -487.227), (139.227, -453.864), (146.825, -436.769), (192.308, -438.705), (185.995, -468.374)))
(((171.673, -131.918), (149.063, -134.051), (138.286, -82.8571), (178.244, -90.8488), (171.673, -131.918)))
(((210, 10.5366), (158.659, -20.769), (146.226, -16.1887), (137.263, 30.8716), (163.917, 43.2118), (210, 21.4273), (210, 10.5366)))
(((198.209, -434.046), (192.308, -438.705), (146.825, -436.769), (143.632, -431.211), (150.295, -391.232), (181.62, -396.855), (200.064, -430.389), (198.209, -434.046)))
(((190.017, -595.948), (174.721, -641.838), (139.95, -621.622), (144.423, -591.586), (168.3, -572.368), (190.017, -595.948)))
(((168.695, -567.695), (122.917, -521.917), (148.589, -503.579), (173.273, -511.601), (191.863, -547.352), (168.695, -567.695)))
(((195.279, -155.475), (162.06, -184.361), (157.545, -184.822), (142.092, -170.954), (140.468, -142.264), (149.063, -134.051), (171.673, -131.918), (196.035, -141.861), (195.279, -155.475)))
(((217.765, 553.401), (248.902, 530.779), (251.527, 522.698), (187.919, 407.662), (164.714, 411.143), (120.692, 433.154), (100.977, 461.318), (217.765, 553.401)))
(((187.703, -86.4831), (178.244, -90.8488), (138.286, -82.8571), (136.844, -81.3485), (167.351, -45.7577), (193.495, -57.5229), (187.703, -86.4831)))
(((181.62, -396.855), (150.295, -391.232), (141.091, -379.24), (141.544, -372.326), (161.948, -339.963), (164.606, -339.363), (197.561, -365.91), (181.62, -396.855)))
(((199.21, -226.65), (180.397, -233.799), (148, -223), (157.545, -184.822), (162.06, -184.361), (208.506, -211.157), (199.21, -226.65)))
(((206.578, -496.799), (173.273, -511.601), (148.589, -503.579), (153.526, -487.227), (185.995, -468.374), (206.578, -496.799)))
(((209.049, -315.803), (170.625, -331.625), (172.301, -279.67), (207.543, -283.419), (209.049, -315.803)))
(((218.137, -204.627), (208.506, -211.157), (162.06, -184.361), (195.279, -155.475), (218.301, -194.612), (218.137, -204.627)))
(((212.464, -131.12), (196.035, -141.861), (171.673, -131.918), (178.244, -90.8488), (187.703, -86.4831), (216.092, -106.63), (212.464, -131.12)))
(((210, -49.9583), (193.495, -57.5229), (167.351, -45.7577), (158.659, -20.769), (210, 10.5366), (210, -49.9583)))
(((285.101, 53), (210, 53), (210, 21.4273), (163.917, 43.2118), (162.933, 93.4385), (174.213, 103.73), (279.657, 93.7554), (289, 65), (285.101, 53)))
(((213.597, -278.307), (207.543, -283.419), (172.301, -279.67), (169.759, -277.681), (180.397, -233.799), (199.21, -226.65), (216.399, -263.051), (213.597, -278.307)))
(((237.965, -518.663), (229.715, -536.62), (223.91, -540.824), (191.863, -547.352), (173.273, -511.601), (206.578, -496.799), (231.096, -505.482), (237.965, -518.663)))
(((281.25, 93.6047), (174.213, 103.73), (156.3, 165.9), (178.989, 188.251), (282.091, 181.807), (296, 139), (281.25, 93.6047)))
(((222.826, -364.004), (197.561, -365.91), (164.606, -339.363), (170.625, -331.625), (209.049, -315.803), (224.672, -328.389), (227.268, -353.824), (222.826, -364.004)))
(((254.765, -699.221), (232.902, -715.106), (211.955, -715.106), (174.721, -641.838), (190.017, -595.948), (216.651, -597.081), (238.106, -613.547), (254.765, -699.221)))
(((284.664, 181.646), (178.989, 188.251), (150.615, 258.698), (164.981, 288.602), (184.735, 297.382), (300.545, 239.477), (302, 235), (284.664, 181.646)))
(((216.651, -597.081), (190.017, -595.948), (168.3, -572.368), (168.695, -567.695), (191.863, -547.352), (223.91, -540.824), (216.651, -597.081)))
(((227.371, -371.997), (202.528, -429.135), (200.064, -430.389), (181.62, -396.855), (197.561, -365.91), (222.826, -364.004), (227.371, -371.997)))
(((231.096, -505.482), (206.578, -496.799), (185.995, -468.374), (192.308, -438.705), (198.209, -434.046), (237.023, -476.388), (231.096, -505.482)))
(((210, -49.9583), (210, -53), (252.303, -53), (241.575, -85.7202), (216.092, -106.63), (187.703, -86.4831), (193.495, -57.5229), (210, -49.9583)))
(((252.958, -150.054), (218.301, -194.612), (195.279, -155.475), (196.035, -141.861), (212.464, -131.12), (252.646, -149.385), (252.958, -150.054)))
(((256.784, -422.208), (202.528, -429.135), (227.371, -371.997), (248.159, -386.922), (256.784, -422.208)))
(((257.25, -242.625), (216.399, -263.051), (199.21, -226.65), (208.506, -211.157), (218.137, -204.627), (255.564, -218.178), (257.25, -242.625)))
(((264.618, -302.618), (224.672, -328.389), (209.049, -315.803), (207.543, -283.419), (213.597, -278.307), (262.488, -293.246), (264.618, -302.618)))
(((269.505, -439.036), (265.474, -450.523), (237.023, -476.388), (198.209, -434.046), (200.064, -430.389), (202.528, -429.135), (256.784, -422.208), (266.015, -428.415), (269.505, -439.036)))
(((238.106, -613.547), (216.651, -597.081), (223.91, -540.824), (229.715, -536.62), (262.652, -580.536), (238.106, -613.547)))
(((262.488, -293.246), (213.597, -278.307), (216.399, -263.051), (257.25, -242.625), (272.87, -266.055), (262.488, -293.246)))
(((252.646, -149.385), (212.464, -131.12), (216.092, -106.63), (241.575, -85.7202), (264.261, -120.346), (252.646, -149.385)))
(((297.022, 241.239), (184.735, 297.382), (210.38, 375.971), (330.132, 366.759), (345, 321), (325.902, 262.221), (297.022, 241.239)))
(((271, -207.602), (255.564, -218.178), (218.137, -204.627), (218.301, -194.612), (252.958, -150.054), (271, -162.204), (271, -207.602)))
(((268.122, -306.122), (270.113, -344.959), (227.268, -353.824), (224.672, -328.389), (264.618, -302.618), (268.122, -306.122)))
(((333.98, 366.463), (210.38, 375.971), (187.919, 407.662), (250.094, 520.106), (283.902, 520.106), (333.902, 483.779), (353, 425), (333.98, 366.463)))
(((276.375, -351.625), (273.701, -371.414), (248.159, -386.922), (227.371, -371.997), (222.826, -364.004), (227.268, -353.824), (270.113, -344.959), (276.375, -351.625)))
(((268.501, -517.373), (237.965, -518.663), (231.096, -505.482), (237.023, -476.388), (265.474, -450.523), (286.705, -494.618), (268.501, -517.373)))
(((303.612, -552.409), (279.012, -578.376), (262.652, -580.536), (229.715, -536.62), (237.965, -518.663), (268.501, -517.373), (303.336, -550.422), (303.612, -552.409)))
(((296.22, -53), (304.209, -93.5627), (290.082, -112.232), (264.261, -120.346), (241.575, -85.7202), (252.303, -53), (296.22, -53)))
(((266.015, -428.415), (256.784, -422.208), (248.159, -386.922), (273.701, -371.414), (302.297, -396.28), (266.015, -428.415)))
(((334.517, -679.589), (304.902, -701.106), (255.132, -701.106), (238.106, -613.547), (262.652, -580.536), (279.012, -578.376), (334.517, -679.589)))
(((301.681, -155.316), (271, -162.204), (252.958, -150.054), (252.646, -149.385), (264.261, -120.346), (290.082, -112.232), (301.681, -155.316)))
(((297.817, -261.163), (272.87, -266.055), (257.25, -242.625), (255.564, -218.178), (271, -207.602), (289.79, -210.038), (310.397, -234.607), (297.817, -261.163)))
(((307.723, -348.142), (276.375, -351.625), (270.113, -344.959), (268.122, -306.122), (309.54, -312.711), (307.723, -348.142)))
(((313.002, -487.022), (286.705, -494.618), (265.474, -450.523), (269.505, -439.036), (309.41, -451.101), (313.002, -487.022)))
(((312.633, -353.196), (302.932, -396.16), (302.297, -396.28), (273.701, -371.414), (276.375, -351.625), (307.723, -348.142), (312.633, -353.196)))
(((315.177, -188.277), (289.79, -210.038), (271, -207.602), (271, -162.204), (301.681, -155.316), (312.377, -158.181), (315.177, -188.277)))
(((309.54, -312.711), (268.122, -306.122), (264.618, -302.618), (262.488, -293.246), (272.87, -266.055), (297.817, -261.163), (316.239, -276.794), (316.989, -307.53), (309.54, -312.711)))
(((342.432, -503.238), (303.336, -550.422), (268.501, -517.373), (286.705, -494.618), (313.002, -487.022), (342.432, -503.238)))
(((332.902, -434.837), (309.41, -451.101), (269.505, -439.036), (266.015, -428.415), (302.297, -396.28), (302.932, -396.16), (328.667, -406.252), (332.902, -434.837)))
(((336.682, -683.538), (279.012, -578.376), (303.612, -552.409), (339.695, -579.079), (370.653, -658.857), (336.682, -683.538)))
(((312.377, -158.181), (301.681, -155.316), (290.082, -112.232), (304.209, -93.5627), (326.741, -109.5), (317.207, -155.581), (312.377, -158.181)))
(((332.599, -231.075), (310.397, -234.607), (289.79, -210.038), (315.177, -188.277), (344.394, -205.624), (332.599, -231.075)))
(((328.667, -406.252), (302.932, -396.16), (312.633, -353.196), (340.794, -355.943), (338.026, -398.852), (328.667, -406.252)))
(((354.721, -261.16), (316.239, -276.794), (297.817, -261.163), (310.397, -234.607), (332.599, -231.075), (354.721, -261.16)))
(((363.28, -341.824), (340.794, -355.943), (312.633, -353.196), (307.723, -348.142), (309.54, -312.711), (316.989, -307.53), (347.911, -313.451), (363.28, -341.824)))
(((342.432, -503.238), (313.002, -487.022), (309.41, -451.101), (332.902, -434.837), (346.206, -442.48), (354.206, -461.147), (349.611, -502.501), (342.432, -503.238)))
(((400, -181.637), (344.394, -205.624), (315.177, -188.277), (312.377, -158.181), (317.207, -155.581), (400, -157.38), (400, -181.637)))
(((368.354, -275.486), (347.911, -313.451), (316.989, -307.53), (316.239, -276.794), (354.721, -261.16), (355.12, -261.307), (368.354, -275.486)))
(((400, -157.38), (317.207, -155.581), (326.741, -109.5), (358.5, -109.5), (400, -147.468), (400, -157.38)))
(((358.5, -53), (358.5, -109.5), (326.741, -109.5), (304.209, -93.5627), (296.22, -53), (358.5, -53)))
(((377.529, -516.652), (339.695, -579.079), (303.612, -552.409), (303.336, -550.422), (342.432, -503.238), (349.611, -502.501), (377.529, -516.652)))
(((400, -394.317), (338.026, -398.852), (340.794, -355.943), (363.28, -341.824), (400, -353), (400, -394.317)))
(((400, -394.317), (400, -414.655), (346.206, -442.48), (332.902, -434.837), (328.667, -406.252), (338.026, -398.852), (400, -394.317)))
(((400, -181.637), (400, -189.5), (355.12, -261.307), (354.721, -261.16), (332.599, -231.075), (344.394, -205.624), (400, -181.637)))
(((400, -517.618), (400, -658.106), (370.362, -658.106), (339.695, -579.079), (377.529, -516.652), (400, -517.618)))
(((400, -455.174), (354.206, -461.147), (346.206, -442.48), (400, -414.655), (400, -455.174)))
(((400, -517.618), (377.529, -516.652), (349.611, -502.501), (354.206, -461.147), (400, -455.174), (400, -517.618)))
(((400, -353), (363.28, -341.824), (347.911, -313.451), (368.354, -275.486), (400, -278.5), (400, -353)))
(((358.5, -53), (400, -53), (400, -147.468), (358.5, -109.5), (358.5, -53)))
(((400, -278.5), (368.354, -275.486), (355.12, -261.307), (400, -189.5), (400, -278.5)))
