(((-225, -283.303), (-213.719, -283.873), (-163.367, -305.902), (-184.944, -403), (-225, -411.319), (-225, -283.303)))
(((-225, -174.5), (-152, -174.5), (-150.5, -176.453), (-150.5, -215.275), (-225, -217.137), (-225, -174.5)))
(((-225, -101.112), (-158.745, -122.867), (-152, -131.111), (-152, -174.5), (-225, -174.5), (-225, -101.112)))
(((-225, -217.138), (-150.5, -215.275), (-137.661, -233.892), (-213.719, -283.873), (-225, -283.303), (-225, -217.138)))
(((-225, -101.112), (-225, -53), (-125.093, -53), (-122.426, -68.3889), (-158.745, -122.867), (-225, -101.112)))
(((-225, -533.152), (-225, -411.319), (-184.944, -403), (-184.486, -403), (-112.844, -467.653), (-113.993, -473.466), (-221.404, -535.765), (-225, -533.152)))
(((-133.49, -380.267), (-184.486, -403), (-184.944, -403), (-163.367, -305.902), (-154.337, -306.031), (-126.366, -370.578), (-133.49, -380.267)))
(((-127.9, -292.581), (-154.337, -306.031), (-163.367, -305.902), (-213.719, -283.873), (-137.661, -233.892), (-137.279, -234.07), (-125.499, -288.687), (-127.9, -292.581)))
(((-225, 451.207), (-225, 578.793), (-181.902, 610.106), (-120.098, 610.106), (-101.093, 596.298), (-83.098, 485.627), (-98.4707, 456.012), (-164.362, 419.894), (-181.902, 419.894), (-225, 451.207)))
(((-208.006, -574.429), (-208.902, -573.779), (-221.277, -535.691), (-113.993, -473.466), (-83.9665, -525.331), (-208.006, -574.429)))
(((-96.9309, -352.823), (-126.366, -370.578), (-154.337, -306.031), (-127.9, -292.581), (-93.9493, -345.204), (-96.9309, -352.823)))
(((-104.202, -90.2576), (-114.876, -130.286), (-152, -131.111), (-158.745, -122.867), (-122.426, -68.3889), (-104.202, -90.2576)))
(((-106.866, -173.409), (-150.5, -176.453), (-152, -174.5), (-152, -131.111), (-114.876, -130.286), (-97.3087, -144.055), (-106.866, -173.409)))
(((-96.2585, -188.04), (-126.209, -231.302), (-137.279, -234.07), (-137.661, -233.892), (-150.5, -215.275), (-150.5, -176.453), (-106.866, -173.409), (-96.2585, -188.04)))
(((-112.844, -467.653), (-184.486, -403), (-133.49, -380.267), (-74.7372, -435.459), (-112.844, -467.653)))
(((-71.7973, -653.528), (-78.0983, -658.106), (-139.902, -658.106), (-189.902, -621.779), (-205.596, -573.476), (-83.9665, -525.331), (-67.3382, -533.131), (-71.7973, -653.528)))
(((-89.8603, -282.005), (-125.499, -288.687), (-137.279, -234.07), (-126.209, -231.302), (-79.4652, -241.464), (-89.8603, -282.005)))
(((-61.2865, -318.795), (-93.9493, -345.204), (-127.9, -292.581), (-125.499, -288.687), (-89.8603, -282.005), (-59.0097, -306.361), (-61.2865, -318.795)))
(((-69.3401, -236.221), (-79.4652, -241.464), (-126.209, -231.302), (-96.2585, -188.04), (-64.5, -197.5), (-69.3401, -236.221)))
(((-69.3989, -136.394), (-97.3087, -144.055), (-114.876, -130.286), (-104.202, -90.2576), (-78.1433, -97.5298), (-69.3989, -136.394)))
(((-56.8425, -431.919), (-74.7372, -435.459), (-133.49, -380.267), (-126.366, -370.578), (-96.9309, -352.823), (-57.5599, -386.726), (-56.8425, -431.919)))
(((-53.625, -53), (-49.672, -74.0828), (-78.1433, -97.5298), (-104.202, -90.2576), (-122.426, -68.3889), (-125.093, -53), (-53.625, -53)))
(((-64.5, -197.5), (-96.2585, -188.04), (-106.866, -173.409), (-97.3087, -144.055), (-69.3989, -136.394), (-57.792, -141.423), (-60.1885, -194.147), (-64.5, -197.5)))
(((-105.878, 284.894), (-107.902, 284.894), (-157.902, 321.221), (-177, 380), (-163.967, 420.111), (-98.4707, 456.012), (-38.4408, 404.942), (-79.3619, 306.731), (-105.878, 284.894)))
(((-41.7618, -448.095), (-63.6419, -531.239), (-67.3382, -533.131), (-83.9665, -525.331), (-113.993, -473.466), (-112.844, -467.653), (-74.7372, -435.459), (-56.8425, -431.919), (-46.7803, -436.841), (-41.7618, -448.095)))
(((-59.0097, -306.361), (-89.8603, -282.005), (-79.4652, -241.464), (-69.3401, -236.221), (-38.785, -253.057), (-52.9634, -301.5), (-59.0097, -306.361)))
(((-32.5192, -363.832), (-57.5599, -386.726), (-96.9309, -352.823), (-93.9493, -345.204), (-61.2865, -318.795), (-45.8966, -333.733), (-32.5192, -363.832)))
(((-24.9686, -93.4159), (-49.7648, -139.093), (-57.792, -141.423), (-69.3989, -136.394), (-78.1433, -97.5298), (-49.672, -74.0828), (-24.9686, -93.4159)))
(((-18.3077, -207), (-21.5462, -249.101), (-38.785, -253.057), (-69.3401, -236.221), (-64.5, -197.5), (-60.1885, -194.147), (-27.5259, -195.403), (-18.3077, -207)))
(((-10.6852, -165.731), (-27.5259, -195.403), (-60.1885, -194.147), (-57.792, -141.423), (-49.7648, -139.093), (-15.1837, -152.765), (-10.6852, -165.731)))
(((-19.1104, -528.23), (-63.6419, -531.239), (-41.7618, -448.095), (-2.9047, -480.626), (-19.1104, -528.23)))
(((-2.86491, 332.623), (-79.3619, 306.731), (-38.4408, 404.942), (-5.62188, 401.547), (-2.86491, 332.623)))
(((-71.7327, -651.783), (-67.3382, -533.131), (-63.6419, -531.239), (-19.1104, -528.23), (17.5065, -554.746), (-0.0115191, -661.106), (-58.9017, -661.106), (-71.7327, -651.783)))
(((-65.929, 625), (9.92903, 625), (52.9017, 593.779), (60.0974, 571.633), (60.6272, 524.739), (51.11, 497.828), (-83.098, 485.627), (-101.552, 599.119), (-65.929, 625)))
(((4.69538, -380.596), (-0.601547, -414.143), (-46.7803, -436.841), (-56.8425, -431.919), (-57.5599, -386.726), (-32.5192, -363.832), (0.0361267, -366.385), (4.69538, -380.596)))
(((-2.93114, -326.572), (-45.8966, -333.733), (-61.2865, -318.795), (-59.0097, -306.361), (-52.9634, -301.5), (-19.98, -301.5), (-2.93114, -326.572)))
(((7.20997, -270.602), (-19.98, -301.5), (-52.9634, -301.5), (-38.785, -253.057), (-21.5462, -249.101), (3.79183, -260.022), (7.20997, -270.602)))
(((0.0361267, -366.385), (-32.5192, -363.832), (-45.8966, -333.733), (-2.93114, -326.572), (3.13959, -330.388), (9.70109, -348.614), (0.0361267, -366.385)))
(((-104.605, 159.462), (-122, 213), (-103.395, 270.261), (12.3977, 249.08), (20.8158, 221.132), (-3.39172, 172.717), (-104.605, 159.462)))
(((11.2599, -120.219), (-15.1837, -152.765), (-49.7648, -139.093), (-24.9686, -93.4159), (-1.88974, -93.7709), (10.4473, -107.42), (11.2599, -120.219)))
(((61.609, 443.233), (47.8422, 427.336), (-5.62188, 401.547), (-38.4408, 404.942), (-98.4707, 456.012), (-83.098, 485.627), (51.11, 497.828), (61.609, 443.233)))
(((-53.625, -53), (-30, -53), (-30, -22.5395), (11.9512, -54.5549), (-1.88974, -93.7709), (-24.9686, -93.4159), (-49.672, -74.0828), (-53.625, -53)))
(((-92.4237, 71.8281), (-111, 129), (-100.946, 159.942), (-3.39172, 172.717), (40.5422, 130.441), (-10.5298, 81.4114), (-92.4237, 71.8281)))
(((-98.6818, 269.399), (-104.173, 286.299), (-79.3619, 306.731), (-2.86491, 332.623), (49.9275, 310.56), (56.8081, 302.061), (12.3977, 249.08), (-98.6818, 269.399)))
(((8.30333, -271.619), (18.912, -304.41), (3.13959, -330.388), (-2.93114, -326.572), (-19.98, -301.5), (7.20997, -270.602), (8.30333, -271.619)))
(((3.79183, -260.022), (-21.5462, -249.101), (-18.3077, -207), (18.803, -207), (13.6706, -249.343), (3.79183, -260.022)))
(((18.803, -207), (-18.3077, -207), (-27.5259, -195.403), (-10.6852, -165.731), (15.7085, -174.066), (25.6511, -201.053), (18.803, -207)))
(((-30, -0.0344828), (-30, 53), (-94.1514, 53), (-87.8603, 72.3621), (-10.5298, 81.4114), (26.7584, 50.0555), (15.9723, 7.89178), (-30, -0.0344828)))
(((38.5532, -437.807), (11.0337, -478.028), (-2.9047, -480.626), (-41.7618, -448.095), (-46.7803, -436.841), (-0.601547, -414.143), (38.0153, -435.769), (38.5532, -437.807)))
(((-30, -22.5395), (-30, -0.0344828), (15.9723, 7.89178), (47.4232, -14.1908), (44.3527, -41.8257), (11.9512, -54.5549), (-30, -22.5395)))
(((38.9764, -148.859), (15.7085, -174.066), (-10.6852, -165.731), (-15.1837, -152.765), (11.2599, -120.219), (38.9764, -148.859)))
(((36.8989, -543.165), (17.5065, -554.746), (-19.1104, -528.23), (-2.9047, -480.626), (11.0337, -478.028), (40.1399, -501.842), (36.8989, -543.165)))
(((49.9275, 310.56), (-2.86491, 332.623), (-5.62188, 401.547), (47.8422, 427.336), (49.9275, 310.56)))
(((41.1875, -344.116), (9.70109, -348.614), (3.13959, -330.388), (18.912, -304.41), (40.0027, -308.929), (51.0856, -333.652), (41.1875, -344.116)))
(((53.1721, -414.256), (38.0153, -435.769), (-0.601547, -414.143), (4.69538, -380.596), (53.7697, -387.365), (53.1721, -414.256)))
(((58.1126, -56.1589), (50.2899, -97.2282), (10.4473, -107.42), (-1.88974, -93.7709), (11.9512, -54.5549), (44.3527, -41.8257), (58.1126, -56.1589)))
(((59.6555, -239.588), (13.6706, -249.343), (18.803, -207), (25.6511, -201.053), (31.3947, -201.605), (56.8768, -220.138), (59.6555, -239.588)))
(((40.0027, -308.929), (18.912, -304.41), (8.30333, -271.619), (58.23, -280.981), (40.0027, -308.929)))
(((53.7697, -387.365), (4.69538, -380.596), (0.0361267, -366.385), (9.70109, -348.614), (41.1875, -344.116), (58.4104, -381.022), (53.7697, -387.365)))
(((42.5256, 130.383), (58.6071, 56.8677), (54.1084, 53.0391), (26.7584, 50.0555), (-10.5298, 81.4114), (40.5422, 130.441), (42.5256, 130.383)))
(((67.8462, -165.154), (31.3947, -201.605), (25.6511, -201.053), (15.7085, -174.066), (38.9764, -148.859), (50.0294, -149.882), (67.8462, -165.154)))
(((66.2665, -278.074), (58.23, -280.981), (8.30333, -271.619), (7.20997, -270.602), (3.79183, -260.022), (13.6706, -249.343), (59.6555, -239.588), (71.3282, -251.845), (66.2665, -278.074)))
(((42.5256, 130.383), (40.5422, 130.441), (-3.39172, 172.717), (20.8158, 221.132), (70.3375, 202.561), (58.6902, 135.266), (42.5256, 130.383)))
(((84.8884, -472.816), (40.1399, -501.842), (11.0337, -478.028), (38.5532, -437.807), (84.8884, -472.816)))
(((65.2742, -110.5), (50.0294, -149.882), (38.9764, -148.859), (11.2599, -120.219), (10.4473, -107.42), (50.2899, -97.2282), (65.2742, -110.5)))
(((47.4232, -14.1908), (15.9723, 7.89178), (26.7584, 50.0555), (54.1084, 53.0391), (66.7094, -0.515124), (47.4232, -14.1908)))
(((111.146, -658.218), (87.9017, -675.106), (26.0983, -675.106), (0.719566, -656.667), (17.5065, -554.746), (36.8989, -543.165), (67.6594, -546.783), (111.146, -658.218)))
(((94.9737, -320.132), (89.4123, -327.265), (51.0856, -333.652), (40.0027, -308.929), (58.23, -280.981), (66.2665, -278.074), (95.4727, -310.525), (94.9737, -320.132)))
(((94.8188, -183.655), (56.8768, -220.138), (31.3947, -201.605), (67.8462, -165.154), (87.0486, -170.505), (94.8188, -183.655)))
(((103.814, 218.527), (70.3375, 202.561), (20.8158, 221.132), (12.3977, 249.08), (56.8081, 302.061), (76.3894, 299.554), (103.814, 218.527)))
(((104.789, -523.22), (67.6594, -546.783), (36.8989, -543.165), (40.1399, -501.842), (84.8884, -472.816), (92.7819, -473.778), (104.789, -523.22)))
(((90.9013, -365.234), (85.3974, -374.276), (58.4104, -381.022), (41.1875, -344.116), (51.0856, -333.652), (89.4123, -327.265), (90.9013, -365.234)))
(((90.7214, 61.6254), (58.6071, 56.8677), (42.5256, 130.383), (58.6902, 135.266), (97.3282, 125.051), (90.7214, 61.6254)))
(((87.0486, -170.505), (67.8462, -165.154), (50.0294, -149.882), (65.2742, -110.5), (90.3293, -110.5), (106.268, -127.698), (87.0486, -170.505)))
(((90.3293, -110.5), (65.2742, -110.5), (50.2899, -97.2282), (58.1126, -56.1589), (100.916, -62.2736), (90.3293, -110.5)))
(((92.7819, -473.778), (84.8884, -472.816), (38.5532, -437.807), (38.0153, -435.769), (53.1721, -414.256), (104.456, -415.965), (106.707, -417.727), (100.011, -467.105), (92.7819, -473.778)))
(((104.456, -415.965), (53.1721, -414.256), (53.7697, -387.365), (58.4104, -381.022), (85.3974, -374.276), (104.456, -415.965)))
(((106.579, 23.6849), (73.6377, 0.0347355), (66.7094, -0.515124), (54.1084, 53.0391), (58.6071, 56.8677), (90.7214, 61.6254), (108.159, 47.3903), (106.579, 23.6849)))
(((66.0375, 440.941), (137.508, 328.63), (76.3894, 299.554), (56.8081, 302.061), (49.9275, 310.56), (47.8422, 427.336), (61.609, 443.233), (66.0375, 440.941)))
(((100.5, -189.559), (100.5, -243.265), (71.3282, -251.845), (59.6555, -239.588), (56.8768, -220.138), (94.8188, -183.655), (99.5444, -186.636), (100.5, -189.559)))
(((106.122, -59.6304), (100.916, -62.2736), (58.1126, -56.1589), (44.3527, -41.8257), (47.4232, -14.1908), (66.7094, -0.515124), (73.6377, 0.0347355), (110.096, -34.9043), (106.122, -59.6304)))
(((117.074, 130.417), (97.3282, 125.051), (58.6902, 135.266), (70.3375, 202.561), (103.814, 218.527), (120.85, 211.869), (121.966, 145.984), (117.074, 130.417)))
(((127.67, -280.743), (95.4727, -310.525), (66.2665, -278.074), (71.3282, -251.845), (100.5, -243.265), (120.75, -252), (127.67, -280.743)))
(((195.453, -571.837), (178.902, -622.779), (128.902, -659.106), (111.492, -659.106), (67.6594, -546.783), (104.789, -523.22), (195.453, -571.837)))
(((110.096, -34.9043), (73.6377, 0.0347355), (106.579, 23.6849), (139.022, -5.97761), (110.096, -34.9043)))
(((143.984, -401.849), (106.707, -417.727), (104.456, -415.965), (85.3974, -374.276), (90.9013, -365.234), (131.793, -372.049), (143.984, -401.849)))
(((127.856, -124.819), (106.268, -127.698), (90.3293, -110.5), (100.916, -62.2736), (106.122, -59.6304), (133.093, -70.7078), (127.856, -124.819)))
(((131.793, -372.049), (90.9013, -365.234), (89.4123, -327.265), (94.9737, -320.132), (141.617, -340.121), (131.793, -372.049)))
(((132.5, 120.5), (144.388, 61.0614), (108.159, 47.3903), (90.7214, 61.6254), (97.3282, 125.051), (117.074, 130.417), (132.5, 120.5)))
(((120.75, -252), (100.5, -243.265), (100.5, -189.559), (146.598, -230.233), (120.75, -252)))
(((135.577, -127.934), (144.133, -176.418), (99.5444, -186.636), (94.8188, -183.655), (87.0486, -170.505), (106.268, -127.698), (127.856, -124.819), (135.577, -127.934)))
(((181.108, 281.819), (158.839, 222.912), (120.85, 211.869), (103.814, 218.527), (76.3894, 299.554), (137.508, 328.63), (141.038, 328.477), (181.108, 281.819)))
(((202.287, 402.919), (141.038, 328.477), (137.508, 328.63), (66.0375, 440.941), (162.859, 436.039), (202.287, 402.919)))
(((172.312, -465.837), (100.011, -467.105), (106.707, -417.727), (143.984, -401.849), (165.76, -408.201), (173.372, -424.51), (172.312, -465.837)))
(((152.773, -335.783), (141.617, -340.121), (94.9737, -320.132), (95.4727, -310.525), (127.67, -280.743), (159.886, -291.076), (152.773, -335.783)))
(((156.03, -227.318), (146.598, -230.233), (100.5, -189.559), (99.5444, -186.636), (144.133, -176.418), (157.986, -182.318), (156.03, -227.318)))
(((192.918, -570.478), (104.789, -523.22), (92.7819, -473.778), (100.011, -467.105), (172.312, -465.837), (201.761, -507.065), (210.233, -557.897), (192.918, -570.478)))
(((162.859, 436.039), (66.0375, 440.941), (61.609, 443.233), (51.11, 497.828), (60.6272, 524.739), (167.305, 501.626), (162.859, 436.039)))
(((161.274, -5.65038), (139.022, -5.97761), (106.579, 23.6849), (108.159, 47.3903), (144.388, 61.0614), (161.038, 54.3475), (168.216, -1.02273), (161.274, -5.65038)))
(((160.116, -57.7842), (151.096, -68.2666), (133.093, -70.7078), (106.122, -59.6304), (110.096, -34.9043), (139.022, -5.97761), (161.274, -5.65038), (160.116, -57.7842)))
(((167.343, -94.1145), (142.336, -126.476), (135.577, -127.934), (127.856, -124.819), (133.093, -70.7078), (151.096, -68.2666), (167.343, -94.1145)))
(((108.318, 625), (189.682, 625), (209.139, 610.864), (206.314, 529.663), (167.305, 501.626), (60.6272, 524.739), (60.1026, 571.17), (68.0983, 595.779), (108.318, 625)))
(((177.851, -264.783), (161.079, -290.539), (159.886, -291.076), (127.67, -280.743), (120.75, -252), (146.598, -230.233), (156.03, -227.318), (172.754, -236.469), (177.851, -264.783)))
(((191.611, 179.292), (121.966, 145.984), (120.85, 211.869), (158.839, 222.912), (194.62, 185.83), (191.611, 179.292)))
(((192.62, -369), (165.76, -408.201), (143.984, -401.849), (131.793, -372.049), (141.617, -340.121), (152.773, -335.783), (181.669, -349.923), (192.62, -369)))
(((181.982, -147.929), (168.439, -178.025), (157.986, -182.318), (144.133, -176.418), (135.577, -127.934), (142.336, -126.476), (179.636, -138.544), (181.982, -147.929)))
(((221.228, 86.0841), (161.038, 54.3475), (144.388, 61.0614), (132.5, 120.5), (184.827, 120.5), (221.228, 86.0841)))
(((184.827, 120.5), (132.5, 120.5), (117.074, 130.417), (121.966, 145.984), (191.611, 179.292), (184.827, 120.5)))
(((179.636, -138.544), (142.336, -126.476), (167.343, -94.1145), (199.65, -104.883), (179.636, -138.544)))
(((181.669, -349.923), (152.773, -335.783), (159.886, -291.076), (161.079, -290.539), (201.808, -310.904), (181.669, -349.923)))
(((207.556, -202.231), (178.469, -233.742), (172.754, -236.469), (156.03, -227.318), (157.986, -182.318), (168.439, -178.025), (205.383, -194.553), (207.556, -202.231)))
(((199.65, -104.883), (167.343, -94.1145), (151.096, -68.2666), (160.116, -57.7842), (209.243, -60.5135), (203.353, -103.427), (199.65, -104.883)))
(((210, -5.42105), (210, -53), (215.837, -53), (209.243, -60.5135), (160.116, -57.7842), (161.274, -5.65038), (168.216, -1.02273), (210, -5.42105)))
(((285.151, 53), (210, 53), (210, -5.42105), (168.216, -1.02273), (161.038, 54.3475), (221.228, 86.0841), (278.278, 74.1556), (285.151, 53)))
(((217.49, -306.003), (201.808, -310.904), (161.079, -290.539), (177.851, -264.783), (209.746, -270.817), (220.156, -290.597), (217.49, -306.003)))
(((202.287, 402.919), (162.859, 436.039), (167.305, 501.626), (206.314, 529.663), (247.278, 482.556), (207.773, 403.545), (202.287, 402.919)))
(((224.767, -164.213), (205.383, -194.553), (168.439, -178.025), (181.982, -147.929), (220.385, -158.169), (224.767, -164.213)))
(((209.746, -270.817), (177.851, -264.783), (172.754, -236.469), (178.469, -233.742), (223.855, -245.089), (209.746, -270.817)))
(((221.808, -112.654), (220.385, -158.169), (181.982, -147.929), (179.636, -138.544), (199.65, -104.883), (203.353, -103.427), (221.808, -112.654)))
(((233.97, -237.98), (223.855, -245.089), (178.469, -233.742), (207.556, -202.231), (232.243, -219.322), (233.97, -237.98)))
(((296.334, 193.095), (194.62, 185.83), (158.839, 222.912), (181.108, 281.819), (235.662, 280.245), (306.128, 223.239), (296.334, 193.095)))
(((244.447, -418.748), (173.372, -424.51), (165.76, -408.201), (192.62, -369), (220.256, -369), (244.493, -418.576), (244.447, -418.748)))
(((250.507, -339.406), (220.256, -369), (192.62, -369), (181.669, -349.923), (201.808, -310.904), (217.49, -306.003), (249.213, -336.099), (250.507, -339.406)))
(((235.662, 280.245), (181.108, 281.819), (141.038, 328.477), (202.287, 402.919), (207.773, 403.545), (256.265, 375.02), (235.662, 280.245)))
(((249.217, -438.672), (201.761, -507.065), (172.312, -465.837), (173.372, -424.51), (244.447, -418.748), (249.217, -438.672)))
(((278.291, 74.1529), (221.228, 86.0841), (184.827, 120.5), (191.611, 179.292), (194.62, 185.83), (298.327, 193.238), (314, 145), (294.902, 86.2215), (278.291, 74.1529)))
(((254.665, -273.937), (220.156, -290.597), (209.746, -270.817), (223.855, -245.089), (233.97, -237.98), (254.165, -251.444), (254.665, -273.937)))
(((215.837, -53), (245.429, -53), (250.887, -91.2075), (226.177, -112.257), (221.808, -112.654), (203.353, -103.427), (209.243, -60.5135), (215.837, -53)))
(((262.583, -195.228), (232.243, -219.322), (207.556, -202.231), (205.383, -194.553), (224.767, -164.213), (255.689, -166.591), (262.583, -195.228)))
(((271.058, -146.887), (255.689, -166.591), (224.767, -164.213), (220.385, -158.169), (221.808, -112.654), (226.177, -112.257), (271.754, -141.556), (271.058, -146.887)))
(((267.536, -287.237), (249.213, -336.099), (217.49, -306.003), (220.156, -290.597), (254.665, -273.937), (267.536, -287.237)))
(((253.113, -340.263), (272.761, -386.109), (276.177, -396.699), (244.493, -418.576), (220.256, -369), (250.507, -339.406), (253.113, -340.263)))
(((271.754, -141.556), (226.177, -112.257), (250.887, -91.2075), (296.006, -108.127), (271.754, -141.556)))
(((292.175, -235.684), (254.165, -251.444), (233.97, -237.98), (232.243, -219.322), (262.583, -195.228), (291.805, -212.016), (292.175, -235.684)))
(((357.326, -485.307), (341.902, -532.779), (291.902, -569.106), (230.098, -569.106), (209.621, -554.228), (201.761, -507.065), (249.217, -438.672), (357.326, -485.307)))
(((228.824, 625), (299.176, 625), (304.449, 621.169), (307.609, 486.865), (247.278, 482.556), (206.314, 529.663), (209.133, 610.694), (228.824, 625)))
(((245.429, -53), (358.552, -53), (363.98, -69.7067), (296.006, -108.127), (250.887, -91.2075), (245.429, -53)))
(((353.953, 382.535), (256.265, 375.02), (207.773, 403.545), (247.278, 482.556), (307.609, 486.865), (369.947, 438.242), (371, 435), (353.953, 382.535)))
(((302.895, -247.68), (291.61, -286.664), (267.536, -287.237), (254.665, -273.937), (254.165, -251.444), (292.175, -235.684), (302.895, -247.68)))
(((308.5, -336.5), (305.62, -336.82), (253.113, -340.263), (250.507, -339.406), (249.213, -336.099), (267.536, -287.237), (291.61, -286.664), (317.292, -317.317), (308.5, -336.5)))
(((306.554, 222.894), (235.662, 280.245), (256.265, 375.02), (353.072, 382.467), (360.902, 376.779), (380, 318), (360.902, 259.221), (310.902, 222.894), (306.554, 222.894)))
(((305.62, -336.82), (272.761, -386.109), (253.113, -340.263), (305.62, -336.82)))
(((358.404, -485.773), (249.217, -438.672), (244.447, -418.748), (244.493, -418.576), (276.177, -396.699), (337.37, -399.053), (379.576, -433.538), (363.902, -481.779), (358.404, -485.773)))
(((337.37, -399.053), (276.177, -396.699), (272.761, -386.109), (305.62, -336.82), (308.5, -336.5), (337.37, -399.053)))
(((318, -190.946), (291.805, -212.016), (262.583, -195.228), (255.689, -166.591), (271.058, -146.887), (318, -176.617), (318, -190.946)))
(((361.765, -70.9588), (381.64, -85.3989), (318, -176.617), (271.058, -146.887), (271.754, -141.556), (296.006, -108.127), (361.765, -70.9588)))
(((352.281, -256.656), (327.727, -311.61), (317.292, -317.317), (291.61, -286.664), (302.895, -247.68), (350.304, -255.731), (352.281, -256.656)))
(((322.171, -193.212), (350.304, -255.731), (302.895, -247.68), (292.175, -235.684), (291.805, -212.016), (318, -190.946), (322.171, -193.212)))
(((400, -246.307), (352.281, -256.656), (350.304, -255.731), (322.171, -193.212), (400, -203.73), (400, -246.307)))
(((400, -203.73), (322.171, -193.212), (318, -190.946), (318, -176.617), (382.215, -84.5751), (400, -97.4966), (400, -203.73)))
(((400, 615.503), (400, 454.497), (379.902, 439.894), (367.828, 439.894), (307.609, 486.865), (304.472, 620.205), (311.071, 625), (386.929, 625), (400, 615.503)))
(((400, -331.779), (400, -422.23), (381.864, -435.407), (337.37, -399.053), (308.5, -336.5), (317.292, -317.317), (327.727, -311.61), (400, -331.779)))
(((400, -331.779), (327.727, -311.61), (352.281, -256.656), (400, -246.307), (400, -331.779)))
