(((-225, -259.736), (-217.484, -261.895), (-173.437, -308.323), (-176.394, -319.598), (-225, -340.429), (-225, -259.736)))
(((-225, -106.667), (-196.083, -109.076), (-170.564, -139.033), (-196.706, -158.453), (-225, -160.118), (-225, -106.667)))
(((-225, -160.118), (-196.706, -158.453), (-169.343, -197.788), (-225, -216.793), (-225, -160.118)))
(((-225, -106.667), (-225, -53), (-162.562, -53), (-166.127, -81.5169), (-196.083, -109.076), (-225, -106.667)))
(((-225, -340.429), (-176.394, -319.598), (-159.421, -360.69), (-225, -406.194), (-225, -340.429)))
(((-225, -485.995), (-202.109, -493.703), (-151.987, -539.097), (-176.761, -602.649), (-225, -628.093), (-225, -485.995)))
(((-225, 503.052), (-225, 625), (-145.308, 625), (-151.688, 542.057), (-197.409, 497.894), (-217.902, 497.894), (-225, 503.052)))
(((-225, -216.793), (-169.343, -197.788), (-157.914, -199.593), (-150.082, -216.095), (-148.267, -232.95), (-157.272, -245.036), (-217.484, -261.895), (-225, -259.736), (-225, -216.793)))
(((-157.914, -199.593), (-169.343, -197.788), (-196.706, -158.453), (-170.564, -139.033), (-161.561, -139.189), (-136.214, -162.178), (-157.914, -199.593)))
(((-161.561, -139.189), (-170.564, -139.033), (-196.083, -109.076), (-166.127, -81.5169), (-150.271, -110.587), (-161.561, -139.189)))
(((-150.398, -298.76), (-173.437, -308.323), (-217.484, -261.895), (-157.272, -245.036), (-143.203, -288.416), (-150.398, -298.76)))
(((-225, -425), (-141.649, -425), (-127.449, -466.711), (-128.34, -469.113), (-202.109, -493.703), (-225, -485.995), (-225, -425)))
(((-225, -406.194), (-159.421, -360.69), (-158.753, -360.808), (-127.531, -409.202), (-141.649, -425), (-225, -425), (-225, -406.194)))
(((-117.886, -344.632), (-158.753, -360.808), (-159.421, -360.69), (-176.394, -319.598), (-173.437, -308.323), (-150.398, -298.76), (-117.092, -336.823), (-117.886, -344.632)))
(((-225, -698.398), (-225, -628.093), (-176.761, -602.649), (-106.869, -613.955), (-116.874, -693.992), (-224.109, -701.141), (-225, -698.398)))
(((-127.635, -535.572), (-151.987, -539.097), (-202.109, -493.703), (-128.34, -469.113), (-106.552, -515.661), (-127.635, -535.572)))
(((-128.177, -53), (-105.553, -100.215), (-109.454, -104.402), (-150.271, -110.587), (-166.127, -81.5169), (-162.562, -53), (-128.177, -53)))
(((-219.104, -800), (-225, -781.855), (-225, -714.145), (-220.701, -700.913), (-116.874, -693.992), (-75.4045, -718.36), (-58.1836, -800), (-219.104, -800)))
(((-120.824, -159.827), (-136.214, -162.178), (-161.561, -139.189), (-150.271, -110.587), (-109.454, -104.402), (-120.824, -159.827)))
(((-106.869, -613.955), (-176.761, -602.649), (-151.987, -539.097), (-127.635, -535.572), (-90.7192, -602.692), (-106.869, -613.955)))
(((-99.0071, -256.799), (-117.536, -283.166), (-143.203, -288.416), (-157.272, -245.036), (-148.267, -232.95), (-106.549, -245.929), (-99.0071, -256.799)))
(((-101.75, -360), (-113.121, -405.483), (-127.531, -409.202), (-158.753, -360.808), (-117.886, -344.632), (-101.75, -360)))
(((-119.803, -160.274), (-107.574, -203.95), (-150.082, -216.095), (-157.914, -199.593), (-136.214, -162.178), (-120.824, -159.827), (-119.803, -160.274)))
(((-117.092, -336.823), (-150.398, -298.76), (-143.203, -288.416), (-117.536, -283.166), (-98.5195, -312.747), (-117.092, -336.823)))
(((-106.549, -245.929), (-148.267, -232.95), (-150.082, -216.095), (-107.574, -203.95), (-95.8549, -211.902), (-106.549, -245.929)))
(((-86.0366, -450.783), (-127.449, -466.711), (-141.649, -425), (-127.531, -409.202), (-113.121, -405.483), (-100.25, -411.423), (-86.0366, -450.783)))
(((-36.6532, 625), (-53.3208, 570.585), (-79.6015, 548.211), (-151.688, 542.057), (-145.308, 625), (-36.6532, 625)))
(((-95.4793, 329.894), (-138.902, 329.894), (-188.902, 366.221), (-208, 425), (-192.862, 471.59), (-67.3105, 462.173), (-49.1982, 449.412), (-62.0474, 362.68), (-84.2226, 332.693), (-95.4793, 329.894)))
(((-191.101, 471.458), (-199.146, 496.217), (-151.688, 542.057), (-79.6015, 548.211), (-67.3105, 462.173), (-191.101, 471.458)))
(((-70.4375, -183.781), (-89.9249, -209.469), (-95.8549, -211.902), (-107.574, -203.95), (-119.803, -160.274), (-85.9068, -162.058), (-77.0101, -168.545), (-70.4375, -183.781)))
(((-48.7043, -500.287), (-70, -513.737), (-106.552, -515.661), (-128.34, -469.113), (-127.449, -466.711), (-86.0366, -450.783), (-79.9801, -453.229), (-48.5737, -499.292), (-48.7043, -500.287)))
(((-72.5275, -114.487), (-85.9068, -162.058), (-119.803, -160.274), (-120.824, -159.827), (-109.454, -104.402), (-105.553, -100.215), (-79.6114, -101.837), (-72.5275, -114.487)))
(((-68.0325, -303.625), (-76.0106, -309.246), (-98.5195, -312.747), (-117.536, -283.166), (-99.0071, -256.799), (-83.137, -259.973), (-69.9693, -271.345), (-68.0325, -303.625)))
(((-90.7192, -602.692), (-127.635, -535.572), (-106.552, -515.661), (-70, -513.737), (-70, -599.944), (-90.7192, -602.692)))
(((-67.1122, -53), (-65.8373, -84.2365), (-79.6114, -101.837), (-105.553, -100.215), (-128.177, -53), (-67.1122, -53)))
(((-59.4068, -398.856), (-100.25, -411.423), (-113.121, -405.483), (-101.75, -360), (-73.8958, -360), (-70.4215, -361.573), (-55.8611, -392.018), (-59.4068, -398.856)))
(((-73.8958, -360), (-101.75, -360), (-117.886, -344.632), (-117.092, -336.823), (-98.5195, -312.747), (-76.0106, -309.246), (-73.8958, -360)))
(((-83.137, -259.973), (-99.0071, -256.799), (-106.549, -245.929), (-95.8549, -211.902), (-89.9249, -209.469), (-64.1754, -229.16), (-83.137, -259.973)))
(((-21.9156, -664.107), (-75.4045, -718.36), (-116.874, -693.992), (-106.869, -613.955), (-90.7192, -602.692), (-70, -599.944), (-58.201, -603.676), (-24.6856, -638.715), (-21.9156, -664.107)))
(((-52.6495, -424.656), (-79.9801, -453.229), (-86.0366, -450.783), (-100.25, -411.423), (-59.4068, -398.856), (-52.6495, -424.656)))
(((-48.2225, -222.876), (-64.1754, -229.16), (-89.9249, -209.469), (-70.4375, -183.781), (-48.9136, -194.543), (-48.2225, -222.876)))
(((-37.3083, -338.074), (-70.4215, -361.573), (-73.8958, -360), (-76.0106, -309.246), (-68.0325, -303.625), (-52.0875, -310.071), (-37.3083, -338.074)))
(((-36.8665, -143.841), (-77.0101, -168.545), (-85.9068, -162.058), (-72.5275, -114.487), (-41.0488, -129.801), (-36.8665, -143.841)))
(((-115.369, 161.218), (-142.902, 181.221), (-162, 240), (-142.902, 298.779), (-102.465, 328.157), (-84.2226, 332.693), (-29.8252, 291.755), (-20.803, 274.275), (-49.0518, 191.098), (-115.369, 161.218)))
(((-35.2895, -261.194), (-69.9693, -271.345), (-83.137, -259.973), (-64.1754, -229.16), (-48.2225, -222.876), (-34.5, -234.176), (-34.5, -260.361), (-35.2895, -261.194)))
(((-48.5737, -499.292), (-79.9801, -453.229), (-52.6495, -424.656), (-33.5, -435.682), (-33.5, -480.012), (-48.5737, -499.292)))
(((-37.9552, -508.989), (-16.9386, -554.677), (-58.201, -603.676), (-70, -599.944), (-70, -513.737), (-48.7043, -500.287), (-37.9552, -508.989)))
(((-19.4588, -181.528), (-48.9136, -194.543), (-70.4375, -183.781), (-77.0101, -168.545), (-36.8665, -143.841), (-21.9727, -155.384), (-19.4588, -181.528)))
(((-35.7892, 455.343), (-49.1982, 449.412), (-67.3105, 462.173), (-79.6015, 548.211), (-53.3208, 570.585), (-3.9287, 511.314), (-35.7892, 455.343)))
(((-10.6645, -91.49), (-41.0488, -129.801), (-72.5275, -114.487), (-79.6114, -101.837), (-65.8373, -84.2365), (-14.8582, -88.2612), (-10.5825, -91.1117), (-10.6645, -91.49)))
(((-28.6292, -295.828), (-52.0875, -310.071), (-68.0325, -303.625), (-69.9693, -271.345), (-35.2895, -261.194), (-28.6292, -295.828)))
(((-67.1122, -53), (-30, -53), (-30, -52.1538), (-14.8582, -88.2612), (-65.8373, -84.2365), (-67.1122, -53)))
(((-24.954, -387.073), (-55.8611, -392.018), (-70.4215, -361.573), (-37.3083, -338.074), (-33.5487, -339.126), (-19.9641, -381.39), (-24.954, -387.073)))
(((-9.8132, -422.762), (-33.5, -435.682), (-52.6495, -424.656), (-59.4068, -398.856), (-55.8611, -392.018), (-24.954, -387.073), (-9.8132, -422.762)))
(((-0.572165, -219.208), (-34.5, -234.176), (-48.2225, -222.876), (-48.9136, -194.543), (-19.4588, -181.528), (-14.8945, -184.666), (-0.572165, -219.208)))
(((-3.31296, -328.802), (-33.5487, -339.126), (-37.3083, -338.074), (-52.0875, -310.071), (-28.6292, -295.828), (-4.46, -302.42), (-3.31296, -328.802)))
(((-103.885, 96.3254), (-121, 149), (-117.315, 160.342), (-49.0518, 191.098), (2.67162, 182.595), (15.5483, 114.7), (-103.885, 96.3254)))
(((14.5681, -279.709), (-4.46, -302.42), (-28.6292, -295.828), (-35.2895, -261.194), (-34.5, -260.361), (5.99049, -265.985), (14.5681, -279.709)))
(((4.77027, -139.338), (-21.9727, -155.384), (-36.8665, -143.841), (-41.0488, -129.801), (-10.6645, -91.49), (4.77027, -139.338)))
(((7.16231, -462.99), (-33.5, -480.012), (-33.5, -435.682), (-9.8132, -422.762), (3.18547, -426.91), (15.7667, -450.5), (7.16231, -462.99)))
(((16.6709, -370.806), (-19.9641, -381.39), (-33.5487, -339.126), (-3.31296, -328.802), (10.7867, -339.295), (22.2469, -358.659), (16.6709, -370.806)))
(((5.99049, -265.985), (-34.5, -260.361), (-34.5, -234.176), (-0.572165, -219.208), (11.6481, -225.438), (5.99049, -265.985)))
(((-30, -52.1538), (-30, -21.0391), (-5.96018, -22.1659), (16.1692, -44.9101), (-0.217391, -86.9008), (-10.5825, -91.1117), (-14.8582, -88.2612), (-30, -52.1538)))
(((-24.6856, -638.715), (-58.201, -603.676), (-16.9386, -554.677), (-4.13221, -557.471), (9.65953, -612.638), (-24.6856, -638.715)))
(((-30, 40.1475), (-30, 53), (-103.151, 53), (-109, 71), (-100.607, 96.8296), (15.5483, 114.7), (17.8299, 113.52), (29.3094, 44.6435), (25.1701, 41.052), (-30, 40.1475)))
(((23.11, 197.759), (2.67162, 182.595), (-49.0518, 191.098), (-20.803, 274.275), (34.4628, 240.78), (23.11, 197.759)))
(((45.0692, -800), (-58.1836, -800), (-75.4045, -718.36), (-21.9156, -664.107), (42.2799, -694.639), (50.1033, -796.343), (45.0692, -800)))
(((-30, 40.1475), (25.1701, 41.052), (21.5758, 11.2706), (-5.96018, -22.1659), (-30, -21.0391), (-30, 40.1475)))
(((26.0012, -397.151), (3.18547, -426.91), (-9.8132, -422.762), (-24.954, -387.073), (-19.9641, -381.39), (16.6709, -370.806), (26.0012, -397.151)))
(((23.5, 375.75), (-62.0474, 362.68), (-49.1982, 449.412), (-35.7892, 455.343), (42.0543, 433.268), (23.5, 375.75)))
(((38.778, -546.963), (-4.13221, -557.471), (-16.9386, -554.677), (-37.9552, -508.989), (28.3427, -510.646), (33.7959, -513.582), (38.778, -546.963)))
(((59.2453, 625), (53.5283, 524), (-3.9287, 511.314), (-53.3208, 570.585), (-36.6532, 625), (59.2453, 625)))
(((28.3427, -510.646), (-37.9552, -508.989), (-48.7043, -500.287), (-48.5737, -499.292), (-33.5, -480.012), (7.16231, -462.99), (28.3427, -510.646)))
(((29.2515, -173.274), (-14.8945, -184.666), (-19.4588, -181.528), (-21.9727, -155.384), (4.77027, -139.338), (11.6579, -140.868), (28.1329, -155.749), (29.2515, -173.274)))
(((64.7796, 332.591), (62.8967, 329.601), (-29.8252, 291.755), (-84.2226, 332.693), (-62.0474, 362.68), (23.5, 375.75), (65.1687, 334.883), (64.7796, 332.591)))
(((47.625, -195.375), (26.8438, -220.906), (11.6481, -225.438), (-0.572165, -219.208), (-14.8945, -184.666), (29.2515, -173.274), (47.5781, -194.295), (47.625, -195.375)))
(((65.219, -596.896), (9.65953, -612.638), (-4.13221, -557.471), (38.778, -546.963), (72.0733, -578.001), (65.219, -596.896)))
(((36.1087, -109.432), (11.6579, -140.868), (4.77027, -139.338), (-10.6645, -91.49), (-10.5825, -91.1117), (-0.217391, -86.9008), (23.201, -94.2191), (36.1087, -109.432)))
(((36.1042, -308.552), (10.7867, -339.295), (-3.31296, -328.802), (-4.46, -302.42), (14.5681, -279.709), (23.8328, -281.38), (36.1042, -308.552)))
(((102.196, 462.994), (42.0543, 433.268), (-35.7892, 455.343), (-3.9287, 511.314), (53.5283, 524), (102.196, 462.994)))
(((25.7295, -44.1747), (16.1692, -44.9101), (-5.96018, -22.1659), (21.5758, 11.2706), (52.4066, -23.9647), (25.7295, -44.1747)))
(((33.7959, -513.582), (28.3427, -510.646), (7.16231, -462.99), (15.7667, -450.5), (35.9118, -450.5), (45.6083, -463.18), (35.4225, -512.072), (33.7959, -513.582)))
(((56.0329, -426.91), (35.9118, -450.5), (15.7667, -450.5), (3.18547, -426.91), (26.0012, -397.151), (45.8966, -406.103), (56.0329, -426.91)))
(((56.7063, -267.391), (23.8328, -281.38), (14.5681, -279.709), (5.99049, -265.985), (11.6481, -225.438), (26.8438, -220.906), (58.2881, -258.068), (58.4235, -261.858), (56.7063, -267.391)))
(((49.5512, -70.5039), (23.201, -94.2191), (-0.217391, -86.9008), (16.1692, -44.9101), (25.7295, -44.1747), (49.5512, -70.5039)))
(((82.183, -659.589), (42.2799, -694.639), (-21.9156, -664.107), (-24.6856, -638.715), (9.65953, -612.638), (65.219, -596.896), (82.183, -659.589)))
(((60.3036, 250.508), (34.4628, 240.78), (-20.803, 274.275), (-29.8252, 291.755), (62.8967, 329.601), (60.3036, 250.508)))
(((57.9339, -135.527), (28.1329, -155.749), (11.6579, -140.868), (36.1087, -109.432), (47.5, -113.5), (57.9339, -135.527)))
(((52.5068, -352.288), (22.2469, -358.659), (10.7867, -339.295), (36.1042, -308.552), (57.4651, -319.233), (52.5068, -352.288)))
(((56.1476, 123.346), (17.8299, 113.52), (15.5483, 114.7), (2.67162, 182.595), (23.11, 197.759), (71.9053, 168.255), (56.1476, 123.346)))
(((76.9051, -375.095), (45.8966, -406.103), (26.0012, -397.151), (16.6709, -370.806), (22.2469, -358.659), (52.5068, -352.288), (70.0696, -361.93), (76.9051, -375.095)))
(((68.4282, -93.4438), (47.5, -113.5), (36.1087, -109.432), (23.201, -94.2191), (49.5512, -70.5039), (68.9513, -71.9963), (68.4282, -93.4438)))
(((81.221, -301.066), (57.4651, -319.233), (36.1042, -308.552), (23.8328, -281.38), (56.7063, -267.391), (81.1407, -299.409), (81.221, -301.066)))
(((64.0748, -23.7486), (52.4066, -23.9647), (21.5758, 11.2706), (25.1701, 41.052), (29.3094, 44.6435), (46.6117, 43.1104), (80.9441, 0.194864), (64.0748, -23.7486)))
(((68.9513, -71.9963), (49.5512, -70.5039), (25.7295, -44.1747), (52.4066, -23.9647), (64.0748, -23.7486), (82.8296, -58.8119), (68.9513, -71.9963)))
(((88.2283, -154.957), (47.5781, -194.295), (29.2515, -173.274), (28.1329, -155.749), (57.9339, -135.527), (83.8699, -146.24), (88.2283, -154.957)))
(((89.7462, -490.049), (35.4225, -512.072), (45.6083, -463.18), (84.6674, -475.78), (89.7462, -490.049)))
(((78.4, -227.9), (58.2881, -258.068), (26.8438, -220.906), (47.625, -195.375), (74.3271, -213.645), (78.4, -227.9)))
(((92.6046, 68.3614), (46.6117, 43.1104), (29.3094, 44.6435), (17.8299, 113.52), (56.1476, 123.346), (101.623, 94.3351), (92.6046, 68.3614)))
(((112.223, 460.074), (111.325, 371.148), (65.1687, 334.883), (23.5, 375.75), (42.0543, 433.268), (102.196, 462.994), (112.223, 460.074)))
(((95.5973, 179.913), (71.9053, 168.255), (23.11, 197.759), (34.4628, 240.78), (60.3036, 250.508), (90.6808, 239.895), (95.5973, 179.913)))
(((84.6674, -475.78), (45.6083, -463.18), (35.9118, -450.5), (56.0329, -426.91), (79.2644, -429.33), (89.1584, -453.774), (84.6674, -475.78)))
(((106.189, -527.772), (87.323, -570.535), (72.0733, -578.001), (38.778, -546.963), (33.7959, -513.582), (35.4225, -512.072), (89.7462, -490.049), (100.638, -498.312), (106.189, -527.772)))
(((104.704, -398.966), (79.2644, -429.33), (56.0329, -426.91), (45.8966, -406.103), (76.9051, -375.095), (105.571, -393.608), (104.704, -398.966)))
(((83.8699, -146.24), (57.9339, -135.527), (47.5, -113.5), (68.4282, -93.4438), (95.0258, -114.259), (83.8699, -146.24)))
(((98.25, -333.75), (70.0696, -361.93), (52.5068, -352.288), (57.4651, -319.233), (81.221, -301.066), (87.4614, -307.138), (98.25, -333.75)))
(((106.077, -164.169), (102.13, -196.535), (74.3271, -213.645), (47.625, -195.375), (47.5781, -194.295), (88.2283, -154.957), (106.077, -164.169)))
(((108.588, 4.41176), (80.9441, 0.194864), (46.6117, 43.1104), (92.6046, 68.3614), (114.391, 31.4919), (108.588, 4.41176)))
(((106, -257.1), (58.4235, -261.858), (58.2881, -258.068), (78.4, -227.9), (106, -238.25), (106, -257.1)))
(((112.858, -270.131), (81.1407, -299.409), (56.7063, -267.391), (58.4235, -261.858), (106, -257.1), (112.858, -270.131)))
(((119.522, -78.8743), (106.675, -106.595), (95.0258, -114.259), (68.4282, -93.4438), (68.9513, -71.9963), (82.8296, -58.8119), (105.298, -60.5951), (116.521, -67.7549), (119.522, -78.8743)))
(((124.384, 253.722), (90.6808, 239.895), (60.3036, 250.508), (62.8967, 329.601), (64.7796, 332.591), (138.375, 276.837), (124.384, 253.722)))
(((114.527, -1.52703), (105.298, -60.5951), (82.8296, -58.8119), (64.0748, -23.7486), (80.9441, 0.194864), (108.588, 4.41176), (114.527, -1.52703)))
(((136.582, 109.077), (101.623, 94.3351), (56.1476, 123.346), (71.9053, 168.255), (95.5973, 179.913), (130.915, 164.332), (136.582, 109.077)))
(((138.058, -800), (53.9418, -800), (50.174, -797.263), (42.2799, -694.639), (82.183, -659.589), (185.572, -680.907), (196, -713), (176.902, -771.779), (138.058, -800)))
(((115.455, -229.977), (106, -238.25), (78.4, -227.9), (74.3271, -213.645), (102.13, -196.535), (118.908, -216.509), (115.455, -229.977)))
(((110.998, -390.205), (105.571, -393.608), (76.9051, -375.095), (70.0696, -361.93), (98.25, -333.75), (116.019, -339.673), (122.6, -364.68), (110.998, -390.205)))
(((132.769, -442.467), (89.1584, -453.774), (79.2644, -429.33), (104.704, -398.966), (132.769, -442.467)))
(((112.205, 625), (180.489, 503.422), (173.642, 480.547), (112.223, 460.074), (102.196, 462.994), (53.5283, 524), (59.2453, 625), (112.205, 625)))
(((129.793, -305.214), (87.4614, -307.138), (81.221, -301.066), (81.1407, -299.409), (112.858, -270.131), (132.162, -276.006), (129.793, -305.214)))
(((143.484, -474.509), (100.638, -498.312), (89.7462, -490.049), (84.6674, -475.78), (89.1584, -453.774), (132.769, -442.467), (141.618, -446.986), (143.484, -474.509)))
(((137.986, -320.736), (116.019, -339.673), (98.25, -333.75), (87.4614, -307.138), (129.793, -305.214), (137.986, -320.736)))
(((132.071, -160.677), (106.077, -164.169), (88.2283, -154.957), (83.8699, -146.24), (95.0258, -114.259), (106.675, -106.595), (139.826, -134.512), (139.079, -153.944), (132.071, -160.677)))
(((187.827, -681.372), (82.183, -659.589), (65.219, -596.896), (72.0733, -578.001), (87.323, -570.535), (214.361, -610.956), (216, -616), (196.902, -674.779), (187.827, -681.372)))
(((185.152, 307.035), (138.375, 276.837), (64.7796, 332.591), (65.1687, 334.883), (111.325, 371.148), (181.104, 326.651), (185.152, 307.035)))
(((148.973, -202.932), (118.908, -216.509), (102.13, -196.535), (106.077, -164.169), (132.071, -160.677), (148.973, -202.932)))
(((130.915, 164.332), (95.5973, 179.913), (90.6808, 239.895), (124.384, 253.722), (167.885, 193.908), (130.915, 164.332)))
(((143.101, -270.871), (132.162, -276.006), (112.858, -270.131), (106, -257.1), (106, -238.25), (115.455, -229.977), (150.985, -247.743), (143.101, -270.871)))
(((156.283, -42.5399), (116.521, -67.7549), (105.298, -60.5951), (114.527, -1.52703), (161.172, -14.9824), (156.283, -42.5399)))
(((160.412, 46.0247), (114.391, 31.4919), (92.6046, 68.3614), (101.623, 94.3351), (136.582, 109.077), (180.214, 88.4592), (160.412, 46.0247)))
(((139.826, -134.512), (106.675, -106.595), (119.522, -78.8743), (158.416, -102.643), (139.826, -134.512)))
(((214.739, -611.076), (87.323, -570.535), (106.189, -527.772), (155.929, -528.929), (214.29, -598.638), (217.766, -608.877), (214.739, -611.076)))
(((175.239, -419.619), (141.618, -446.986), (132.769, -442.467), (104.704, -398.966), (105.571, -393.608), (110.998, -390.205), (169.299, -400.669), (175.239, -419.619)))
(((161.827, -238.073), (150.985, -247.743), (115.455, -229.977), (118.908, -216.509), (148.973, -202.932), (154.141, -205.791), (161.827, -238.073)))
(((155.929, -528.929), (106.189, -527.772), (100.638, -498.312), (143.484, -474.509), (162.768, -487.89), (155.929, -528.929)))
(((157.1, -357.78), (122.6, -364.68), (116.019, -339.673), (137.986, -320.736), (152.129, -323.977), (157.1, -357.78)))
(((161.172, -14.9824), (114.527, -1.52703), (108.588, 4.41176), (114.391, 31.4919), (160.412, 46.0247), (171.514, -7.26732), (161.172, -14.9824)))
(((169.299, -400.669), (110.998, -390.205), (122.6, -364.68), (157.1, -357.78), (177.315, -373.952), (169.299, -400.669)))
(((183.75, -297.875), (174.229, -312.157), (152.129, -323.977), (137.986, -320.736), (129.793, -305.214), (132.162, -276.006), (143.101, -270.871), (182.742, -295.355), (183.75, -297.875)))
(((162.902, -101.542), (158.416, -102.643), (119.522, -78.8743), (116.521, -67.7549), (156.283, -42.5399), (179.819, -70.7831), (162.902, -101.542)))
(((232.934, 425.49), (181.104, 326.651), (111.325, 371.148), (112.223, 460.074), (173.642, 480.547), (232.934, 425.49)))
(((184.639, -164.786), (178.734, -195.156), (154.141, -205.791), (148.973, -202.932), (132.071, -160.677), (139.079, -153.944), (176.54, -156.237), (184.639, -164.786)))
(((176.54, -156.237), (139.079, -153.944), (139.826, -134.512), (158.416, -102.643), (162.902, -101.542), (189.513, -121.31), (176.54, -156.237)))
(((209.608, 289.565), (178.567, 194.372), (167.885, 193.908), (124.384, 253.722), (138.375, 276.837), (185.152, 307.035), (209.608, 289.565)))
(((182.742, -295.355), (143.101, -270.871), (150.985, -247.743), (161.827, -238.073), (176.709, -240.923), (192.508, -257.267), (182.742, -295.355)))
(((203.112, -438.346), (189.182, -484.117), (162.768, -487.89), (143.484, -474.509), (141.618, -446.986), (175.239, -419.619), (199.719, -431.859), (203.112, -438.346)))
(((177.315, -373.952), (157.1, -357.78), (152.129, -323.977), (174.229, -312.157), (196.359, -362.453), (177.315, -373.952)))
(((270.733, 144.1), (256.18, 99.3114), (180.214, 88.4592), (136.582, 109.077), (130.915, 164.332), (167.885, 193.908), (178.567, 194.372), (270.733, 144.1)))
(((202.409, -210.939), (176.709, -240.923), (161.827, -238.073), (154.141, -205.791), (178.734, -195.156), (202.409, -210.939)))
(((214.29, -598.638), (155.929, -528.929), (162.768, -487.89), (189.182, -484.117), (212.88, -505.558), (214.29, -598.638)))
(((268.978, 625), (274.374, 608.393), (268.836, 587.753), (180.489, 503.422), (112.205, 625), (268.978, 625)))
(((210, -7.79452), (210, -53), (214.56, -53), (189.323, -70.0521), (179.819, -70.7831), (156.283, -42.5399), (161.172, -14.9824), (171.514, -7.26732), (210, -7.79452)))
(((281.202, 53), (210, 53), (210, -7.79452), (171.514, -7.26732), (160.412, 46.0247), (180.214, 88.4592), (254.382, 99.0545), (269.902, 87.7785), (281.202, 53)))
(((189.513, -121.31), (162.902, -101.542), (179.819, -70.7831), (189.323, -70.0521), (202.5, -88.5), (202.5, -118.875), (189.513, -121.31)))
(((203.37, -361.686), (196.359, -362.453), (174.229, -312.157), (183.75, -297.875), (207.182, -302.896), (223.238, -344.183), (203.37, -361.686)))
(((204.483, -210.896), (202.409, -210.939), (178.734, -195.156), (184.639, -164.786), (202.795, -165.63), (224.217, -186.228), (204.483, -210.896)))
(((211.764, -252.824), (192.508, -257.267), (176.709, -240.923), (202.409, -210.939), (204.483, -210.896), (219.81, -229.416), (211.764, -252.824)))
(((229.885, -128.979), (202.795, -165.63), (184.639, -164.786), (176.54, -156.237), (189.513, -121.31), (202.5, -118.875), (230.057, -125.764), (229.885, -128.979)))
(((199.719, -431.859), (175.239, -419.619), (169.299, -400.669), (177.315, -373.952), (196.359, -362.453), (203.37, -361.686), (230.223, -398.304), (199.719, -431.859)))
(((227.67, -291.189), (207.182, -302.896), (183.75, -297.875), (182.742, -295.355), (192.508, -257.267), (211.764, -252.824), (228.915, -266.912), (227.67, -291.189)))
(((230.057, -125.764), (202.5, -118.875), (202.5, -88.5), (230.639, -88.5), (240.761, -116.53), (230.057, -125.764)))
(((214.56, -53), (232.611, -53), (230.639, -88.5), (202.5, -88.5), (189.323, -70.0521), (214.56, -53)))
(((267.147, 146.056), (178.567, 194.372), (209.608, 289.565), (300.129, 267.69), (314, 225), (294.902, 166.221), (267.147, 146.056)))
(((259.575, -473.668), (212.88, -505.558), (189.182, -484.117), (203.112, -438.346), (250.672, -457.172), (259.575, -473.668)))
(((239.495, -184.701), (224.217, -186.228), (202.795, -165.63), (229.885, -128.979), (248.954, -173.927), (239.495, -184.701)))
(((252.085, -226.65), (219.81, -229.416), (204.483, -210.896), (224.217, -186.228), (239.495, -184.701), (254.399, -223.025), (252.085, -226.65)))
(((255.075, -252.96), (228.915, -266.912), (211.764, -252.824), (219.81, -229.416), (252.085, -226.65), (255.075, -252.96)))
(((262.69, -333.248), (249.61, -343.712), (223.238, -344.183), (207.182, -302.896), (227.67, -291.189), (258.748, -302.843), (262.69, -333.248)))
(((255.344, -380.988), (240.655, -397.703), (230.223, -398.304), (203.37, -361.686), (223.238, -344.183), (249.61, -343.712), (255.344, -380.988)))
(((250.672, -457.172), (203.112, -438.346), (199.719, -431.859), (230.223, -398.304), (240.655, -397.703), (261.107, -424.378), (250.672, -457.172)))
(((298.828, 268.004), (209.608, 289.565), (185.152, 307.035), (181.104, 326.651), (232.934, 425.49), (308.849, 414.715), (323.902, 403.779), (343, 345), (323.902, 286.221), (298.828, 268.004)))
(((217.504, -608.106), (214.29, -598.638), (212.88, -505.558), (259.575, -473.668), (265.502, -476.434), (261.943, -608.106), (217.504, -608.106)))
(((258.748, -302.843), (227.67, -291.189), (228.915, -266.912), (255.075, -252.96), (282.436, -274.849), (258.748, -302.843)))
(((279.098, -53), (271.549, -108), (267.137, -113.233), (240.761, -116.53), (230.639, -88.5), (232.611, -53), (279.098, -53)))
(((280.289, -168.914), (248.954, -173.927), (229.885, -128.979), (230.057, -125.764), (240.761, -116.53), (267.137, -113.233), (284.925, -149.657), (280.289, -168.914)))
(((297.594, -212.227), (254.399, -223.025), (239.495, -184.701), (248.954, -173.927), (280.289, -168.914), (296.091, -188.559), (297.594, -212.227)))
(((309.326, 414.647), (232.934, 425.49), (173.642, 480.547), (180.489, 503.422), (268.836, 587.753), (347.211, 445.252), (345.902, 441.221), (309.326, 414.647)))
(((288.519, -414.006), (261.107, -424.378), (240.655, -397.703), (255.344, -380.988), (281.812, -385.525), (294.204, -402.378), (288.519, -414.006)))
(((293.843, -351.84), (281.812, -385.525), (255.344, -380.988), (249.61, -343.712), (262.69, -333.248), (272.703, -335.708), (293.843, -351.84)))
(((297.918, -212.577), (289.177, -273.758), (282.436, -274.849), (255.075, -252.96), (252.085, -226.65), (254.399, -223.025), (297.594, -212.227), (297.918, -212.577)))
(((285.309, -475.913), (265.502, -476.434), (259.575, -473.668), (250.672, -457.172), (261.107, -424.378), (288.519, -414.006), (302.588, -443.082), (285.309, -475.913)))
(((264.595, -609.106), (261.916, -609.106), (265.502, -476.434), (285.309, -475.913), (310.648, -492.202), (264.595, -609.106)))
(((318.403, -299.629), (272.703, -335.708), (262.69, -333.248), (258.748, -302.843), (282.436, -274.849), (289.177, -273.758), (305.101, -279.824), (318.145, -296.882), (318.403, -299.629)))
(((320.347, -138.196), (284.925, -149.657), (267.137, -113.233), (271.549, -108), (311.581, -108), (320.347, -138.196)))
(((319.72, -53), (325.891, -91.5695), (311.581, -108), (271.549, -108), (279.098, -53), (319.72, -53)))
(((326.139, -394.904), (294.204, -402.378), (281.812, -385.525), (293.843, -351.84), (319.306, -352.371), (326.758, -363.317), (326.139, -394.904)))
(((329.848, -322.062), (319.306, -352.371), (293.843, -351.84), (272.703, -335.708), (318.403, -299.629), (329.848, -322.062)))
(((337.314, -243.585), (305.101, -279.824), (289.177, -273.758), (297.918, -212.577), (319.171, -219.394), (337.314, -243.585)))
(((340.338, -165.765), (296.091, -188.559), (280.289, -168.914), (284.925, -149.657), (320.347, -138.196), (340.948, -147.778), (340.338, -165.765)))
(((348.096, -433.981), (302.588, -443.082), (288.519, -414.006), (294.204, -402.378), (326.139, -394.904), (339.157, -406.223), (348.096, -433.981)))
(((376.963, -600.265), (346.902, -622.106), (285.098, -622.106), (265.176, -607.631), (310.648, -492.202), (336.398, -493.322), (376.963, -600.265)))
(((369.496, -454.589), (336.398, -493.322), (310.648, -492.202), (285.309, -475.913), (302.588, -443.082), (348.096, -433.981), (369.496, -454.589)))
(((358.636, -190.555), (319.171, -219.394), (297.918, -212.577), (297.594, -212.227), (296.091, -188.559), (340.338, -165.765), (358.636, -190.555)))
(((340.948, -147.778), (320.347, -138.196), (311.581, -108), (325.891, -91.5695), (375.027, -118.243), (340.948, -147.778)))
(((378.232, -273.212), (318.145, -296.882), (305.101, -279.824), (337.314, -243.585), (395.881, -253.92), (378.232, -273.212)))
(((400, 621.597), (400, 466.403), (375.902, 448.894), (345.208, 448.894), (268.836, 587.753), (274.991, 610.692), (294.684, 625), (395.316, 625), (400, 621.597)))
(((400, -252.255), (395.881, -253.92), (337.314, -243.585), (319.171, -219.394), (358.636, -190.555), (400, -207.246), (400, -252.255)))
(((389.318, -355.734), (326.758, -363.317), (319.306, -352.371), (329.848, -322.062), (363.147, -324.499), (389.318, -355.734)))
(((319.72, -53), (400, -53), (400, -112), (375.027, -118.243), (325.891, -91.5695), (319.72, -53)))
(((363.147, -324.499), (329.848, -322.062), (318.403, -299.629), (318.145, -296.882), (378.232, -273.212), (363.147, -324.499)))
(((400, -363.407), (339.157, -406.223), (326.139, -394.904), (326.758, -363.317), (389.318, -355.734), (400, -361.242), (400, -363.407)))
(((400, -207.246), (358.636, -190.555), (340.338, -165.765), (340.948, -147.778), (375.027, -118.243), (400, -112), (400, -207.246)))
(((400, -453.683), (369.496, -454.589), (348.096, -433.981), (339.157, -406.223), (400, -363.407), (400, -453.683)))
(((400, -453.683), (400, -600.106), (376.902, -600.106), (336.398, -493.322), (369.496, -454.589), (400, -453.683)))
(((400, -361.242), (389.318, -355.734), (363.147, -324.499), (378.232, -273.212), (395.881, -253.92), (400, -252.255), (400, -361.242)))
