(((-225, -378.226), (-182.425, -393.333), (-165.456, -427.95), (-225, -478.78), (-225, -378.226)))
(((-225, -102), (-211.841, -104.845), (-169.735, -136.979), (-177.917, -174.62), (-225, -199.784), (-225, -102)))
(((-225, -102), (-225, -53), (-149.133, -53), (-156.978, -85.0336), (-211.841, -104.845), (-225, -102)))
(((-225, -318.487), (-179.174, -320.837), (-150.434, -368.259), (-182.425, -393.333), (-225, -378.226), (-225, -318.487)))
(((-225, -488.109), (-177.866, -496.306), (-136.554, -546.47), (-147.708, -561.495), (-225, -590.887), (-225, -488.109)))
(((-225, -244.455), (-155.293, -263.466), (-147.207, -281.66), (-168.615, -315.558), (-179.174, -320.837), (-225, -318.487), (-225, -244.455)))
(((-140.087, -126.479), (-169.735, -136.979), (-211.841, -104.845), (-156.978, -85.0336), (-135, -118), (-140.087, -126.479)))
(((-225, -488.109), (-225, -478.78), (-165.456, -427.95), (-146.44, -432.56), (-145.562, -433.437), (-154.925, -483.996), (-177.866, -496.306), (-225, -488.109)))
(((-225, -199.784), (-177.917, -174.62), (-155.9, -181.5), (-158.537, -221.049), (-225, -227.091), (-225, -199.784)))
(((-225, -776.511), (-225, -644.683), (-123.589, -657.736), (-129.159, -796.97), (-132.098, -799.106), (-193.902, -799.106), (-225, -776.511)))
(((-225, -227.091), (-158.537, -221.049), (-139.235, -228.287), (-140.221, -242.741), (-155.293, -263.466), (-225, -244.455), (-225, -227.091)))
(((-225, 427.215), (-225, 570.785), (-192.902, 594.106), (-131.098, 594.106), (-112.597, 580.664), (-132.438, 429.875), (-171.408, 403.894), (-192.902, 403.894), (-225, 427.215)))
(((-225, -590.887), (-147.708, -561.495), (-101.011, -644.276), (-123.589, -657.736), (-225, -644.683), (-225, -590.887)))
(((-139.235, -228.287), (-158.537, -221.049), (-155.9, -181.5), (-142.409, -181.5), (-118.667, -209.481), (-139.235, -228.287)))
(((-127.572, -158.184), (-142.409, -181.5), (-155.9, -181.5), (-177.917, -174.62), (-169.735, -136.979), (-140.087, -126.479), (-127.572, -158.184)))
(((-146.44, -432.56), (-165.456, -427.95), (-182.425, -393.333), (-150.434, -368.259), (-144.409, -368.682), (-129.201, -399.097), (-146.44, -432.56)))
(((-109.194, -346.882), (-144.409, -368.682), (-150.434, -368.259), (-179.174, -320.837), (-168.615, -315.558), (-112.117, -330.513), (-107.123, -341.016), (-109.194, -346.882)))
(((-97.576, -530.272), (-136.554, -546.47), (-177.866, -496.306), (-154.925, -483.996), (-110.966, -490.102), (-97.576, -530.272)))
(((-110.966, -490.102), (-154.925, -483.996), (-145.562, -433.437), (-132.101, -438.922), (-109.354, -483.078), (-110.966, -490.102)))
(((-112.117, -330.513), (-168.615, -315.558), (-147.207, -281.66), (-125.522, -285.11), (-109.404, -302.302), (-112.117, -330.513)))
(((-109.153, -53), (-102.306, -72.2346), (-123.948, -114.316), (-135, -118), (-156.978, -85.0336), (-149.133, -53), (-109.153, -53)))
(((-125.522, -285.11), (-147.207, -281.66), (-155.293, -263.466), (-140.221, -242.741), (-110.51, -258.304), (-125.522, -285.11)))
(((-91.4886, -395.561), (-129.201, -399.097), (-144.409, -368.682), (-109.194, -346.882), (-89.9923, -391.685), (-91.4886, -395.561)))
(((-98.1447, -253.358), (-110.51, -258.304), (-140.221, -242.741), (-139.235, -228.287), (-118.667, -209.481), (-118.517, -209.484), (-93.9441, -233.289), (-98.1447, -253.358)))
(((-88.4821, -164.5), (-89.071, -180.988), (-118.517, -209.484), (-118.667, -209.481), (-142.409, -181.5), (-127.572, -158.184), (-88.9768, -163.545), (-88.4821, -164.5)))
(((-85.9972, -425.215), (-132.101, -438.922), (-145.562, -433.437), (-146.44, -432.56), (-129.201, -399.097), (-91.4886, -395.561), (-85.9972, -425.215)))
(((-88.9768, -163.545), (-127.572, -158.184), (-140.087, -126.479), (-135, -118), (-123.948, -114.316), (-89.6017, -128.407), (-84.931, -134.069), (-88.9768, -163.545)))
(((-101.011, -644.276), (-147.708, -561.495), (-136.554, -546.47), (-97.576, -530.272), (-84.3305, -534.821), (-82.4022, -640.879), (-101.011, -644.276)))
(((-79, -455.661), (-109.354, -483.078), (-132.101, -438.922), (-85.9972, -425.215), (-79, -431.617), (-79, -455.661)))
(((-81.5794, -286.403), (-109.404, -302.302), (-125.522, -285.11), (-110.51, -258.304), (-98.1447, -253.358), (-78.5, -275.269), (-81.5794, -286.403)))
(((-79.125, -86.5), (-89.6017, -128.407), (-123.948, -114.316), (-102.306, -72.2346), (-79.125, -86.5)))
(((-62.3642, -800), (-121.8, -800), (-129.069, -794.719), (-123.589, -657.736), (-101.011, -644.276), (-82.4022, -640.879), (-75.4823, -642.623), (-39.9671, -670.417), (-62.3642, -800)))
(((-74.2891, -227.536), (-93.9441, -233.289), (-118.517, -209.484), (-89.071, -180.988), (-68.2, -199.7), (-74.2891, -227.536)))
(((-77.7896, 584.106), (-39.226, 471.5), (-70.746, 433.151), (-132.438, 429.875), (-112.144, 584.106), (-77.7896, 584.106)))
(((-68.1744, -335.872), (-107.123, -341.016), (-112.117, -330.513), (-109.404, -302.302), (-81.5794, -286.403), (-62.8723, -309.361), (-68.1744, -335.872)))
(((-111.556, 281.37), (-160.902, 317.221), (-180, 376), (-170.806, 404.296), (-132.438, 429.875), (-70.746, 433.151), (-20.5155, 369.652), (-111.556, 281.37)))
(((-64.3071, -530.53), (-84.3305, -534.821), (-97.576, -530.272), (-110.966, -490.102), (-109.354, -483.078), (-79, -455.661), (-54.5727, -474.573), (-49.7449, -499.248), (-64.3071, -530.53)))
(((-49.5, -376.5), (-89.9923, -391.685), (-109.194, -346.882), (-107.123, -341.016), (-68.1744, -335.872), (-63.431, -339.351), (-49.5, -376.5)))
(((-55, -264.423), (-78.5, -275.269), (-98.1447, -253.358), (-93.9441, -233.289), (-74.2891, -227.536), (-55, -238.882), (-55, -264.423)))
(((-43.5417, -86.8056), (-55.2738, -125.913), (-84.931, -134.069), (-89.6017, -128.407), (-79.125, -86.5), (-44, -86.5), (-43.5417, -86.8056)))
(((-54.5789, -53), (-44, -86.5), (-79.125, -86.5), (-102.306, -72.2346), (-109.153, -53), (-54.5789, -53)))
(((-42.0502, -424.542), (-79, -431.617), (-85.9972, -425.215), (-91.4886, -395.561), (-89.9923, -391.685), (-49.5, -376.5), (-37.225, -382.08), (-42.0502, -424.542)))
(((-40.0588, -195.01), (-68.2, -199.7), (-89.071, -180.988), (-88.4821, -164.5), (-46.9, -164.5), (-36.1935, -186.543), (-40.0588, -195.01)))
(((-46.9, -164.5), (-88.4821, -164.5), (-88.9768, -163.545), (-84.931, -134.069), (-55.2738, -125.913), (-38.4394, -143.348), (-46.9, -164.5)))
(((-25.1352, -293.009), (-62.8723, -309.361), (-81.5794, -286.403), (-78.5, -275.269), (-55, -264.423), (-21.1412, -283.523), (-25.1352, -293.009)))
(((-22.1972, -581.725), (-75.4823, -642.623), (-82.4022, -640.879), (-84.3305, -534.821), (-64.3071, -530.53), (-47.9904, -539.033), (-22.1972, -581.725)))
(((-29.2801, -223.753), (-55, -238.882), (-74.2891, -227.536), (-68.2, -199.7), (-40.0588, -195.01), (-29.2801, -223.753)))
(((-31.0294, -451.029), (-54.5727, -474.573), (-79, -455.661), (-79, -431.617), (-42.0502, -424.542), (-35.5435, -429.964), (-31.0294, -451.029)))
(((-22.1062, -329.708), (-63.431, -339.351), (-68.1744, -335.872), (-62.8723, -309.361), (-25.1352, -293.009), (-20.4302, -327.512), (-22.1062, -329.708)))
(((-37.225, -382.08), (-49.5, -376.5), (-63.431, -339.351), (-22.1062, -329.708), (-20.5867, -376.811), (-37.225, -382.08)))
(((-13.481, -279.267), (-21.1412, -283.523), (-55, -264.423), (-55, -238.882), (-29.2801, -223.753), (-20.4982, -227.337), (-7.89203, -256.051), (-13.481, -279.267)))
(((-10.0629, -139.295), (-38.4394, -143.348), (-55.2738, -125.913), (-43.5417, -86.8056), (-42.1625, -86.7656), (-10.6298, -114.92), (-10.0629, -139.295)))
(((-96.0803, 53), (-112.902, 65.2215), (-132, 124), (-116.241, 172.5), (-15.8607, 172.5), (-6.28689, 164.5), (2.99503, 93.7254), (-50.3182, 53), (-96.0803, 53)))
(((-116.241, 172.5), (-132, 221), (-112.902, 279.779), (-111.022, 281.144), (16.6883, 258.185), (16.861, 255.668), (-15.8607, 172.5), (-116.241, 172.5)))
(((-7.24126, -485.08), (-49.7449, -499.248), (-54.5727, -474.573), (-31.0294, -451.029), (-6.85676, -466.625), (-7.24126, -485.08)))
(((0.527186, -148.407), (-8.26858, -178.459), (-36.1935, -186.543), (-46.9, -164.5), (-38.4394, -143.348), (-10.0629, -139.295), (0.527186, -148.407)))
(((-1.21698, -526.783), (-47.9904, -539.033), (-64.3071, -530.53), (-49.7449, -499.248), (-7.24126, -485.08), (6.10879, -498.812), (-1.21698, -526.783)))
(((10.1514, -420.271), (-35.5435, -429.964), (-42.0502, -424.542), (-37.225, -382.08), (-20.5867, -376.811), (-11.0538, -378.686), (15.7675, -410.536), (10.1514, -420.271)))
(((-7.29255, -667.643), (-39.9671, -670.417), (-75.4823, -642.623), (-22.1972, -581.725), (-1.90354, -584.262), (11.5891, -644.229), (-7.29255, -667.643)))
(((-106.351, 280.305), (-107.862, 284.952), (-20.5155, 369.652), (5.29017, 369.001), (35.9154, 278.35), (16.6883, 258.185), (-106.351, 280.305)))
(((10.4769, -206.354), (-20.4982, -227.337), (-29.2801, -223.753), (-40.0588, -195.01), (-36.1935, -186.543), (-8.26858, -178.459), (12.2651, -202.152), (10.4769, -206.354)))
(((5.29017, 369.001), (-20.5155, 369.652), (-70.746, 433.151), (-39.226, 471.5), (6.53125, 471.5), (39.9283, 395.164), (5.29017, 369.001)))
(((-77.8935, 584.409), (-65.0459, 593.743), (40.0888, 509.179), (6.53125, 471.5), (-39.226, 471.5), (-77.8935, 584.409)))
(((12.1339, -450.008), (-6.85676, -466.625), (-31.0294, -451.029), (-35.5435, -429.964), (10.1514, -420.271), (12.1339, -450.008)))
(((-30, 38.0308), (8.4869, 18.4913), (24.5998, -9.20271), (23.2003, -25.0627), (0.459008, -46.3209), (-30, -27.5769), (-30, 38.0308)))
(((24.5, -568.9), (-1.90354, -584.262), (-22.1972, -581.725), (-47.9904, -539.033), (-1.21698, -526.783), (24.5, -552.5), (24.5, -568.9)))
(((7.42958, -800), (-60.0692, -800), (-62.1082, -798.519), (-39.9671, -670.417), (-7.29255, -667.643), (35.8034, -708.43), (7.42958, -800)))
(((20.5189, -94.1541), (-10.6298, -114.92), (-42.1625, -86.7656), (-0.929633, -59.6122), (20.996, -85.407), (20.5189, -94.1541)))
(((12.3024, -357.746), (-11.0538, -378.686), (-20.5867, -376.811), (-22.1062, -329.708), (-20.4302, -327.512), (18.927, -334.259), (12.3024, -357.746)))
(((18.927, -334.259), (-20.4302, -327.512), (-25.1352, -293.009), (-21.1412, -283.523), (-13.481, -279.267), (17.5709, -291.067), (22.6372, -331.597), (18.927, -334.259)))
(((25.5664, -242.021), (-7.89203, -256.051), (-20.4982, -227.337), (10.4769, -206.354), (25.5664, -242.021)))
(((36.4697, -118.745), (12.6514, -147.525), (0.527186, -148.407), (-10.0629, -139.295), (-10.6298, -114.92), (20.5189, -94.1541), (36.4697, -118.745)))
(((36.1399, -193.329), (12.2651, -202.152), (-8.26858, -178.459), (0.527186, -148.407), (12.6514, -147.525), (33.0501, -163.976), (36.1399, -193.329)))
(((45.2435, -482.462), (36.6403, -494.83), (6.10879, -498.812), (-7.24126, -485.08), (-6.85676, -466.625), (12.1339, -450.008), (42.1497, -464.587), (45.2435, -482.462)))
(((50.6382, -270.616), (46.112, -277.748), (17.5709, -291.067), (-13.481, -279.267), (-7.89203, -256.051), (25.5664, -242.021), (46.9114, -248.627), (50.6382, -270.616)))
(((30.3923, -407.234), (15.7675, -410.536), (-11.0538, -378.686), (12.3024, -357.746), (44.0104, -380.646), (30.3923, -407.234)))
(((47.8584, -526.881), (24.5, -552.5), (-1.21698, -526.783), (6.10879, -498.812), (36.6403, -494.83), (47.8584, -526.881)))
(((-30, 38.0308), (-30, 53), (-50.3182, 53), (2.99503, 93.7254), (47.6869, 90.3735), (57.8755, 51.417), (8.4869, 18.4913), (-30, 38.0308)))
(((66.1075, -623.901), (11.5891, -644.229), (-1.90354, -584.262), (24.5, -568.9), (46.2868, -581.972), (66.1075, -623.901)))
(((-48.3386, 625), (96.3386, 625), (104.902, 618.779), (117.921, 578.71), (95.0454, 523.585), (40.0888, 509.179), (-65.0381, 593.737), (-56.9017, 618.779), (-48.3386, 625)))
(((47.6869, 90.3735), (2.99503, 93.7254), (-6.28689, 164.5), (47.2317, 164.5), (52.337, 94.7283), (47.6869, 90.3735)))
(((67.3284, 177.79), (47.2317, 164.5), (-6.28689, 164.5), (-15.8607, 172.5), (16.861, 255.668), (66.8583, 189.542), (67.3284, 177.79)))
(((46.9114, -248.627), (25.5664, -242.021), (10.4769, -206.354), (12.2651, -202.152), (36.1399, -193.329), (43.2047, -196.296), (55.124, -236.822), (46.9114, -248.627)))
(((57, -371.321), (44.0104, -380.646), (12.3024, -357.746), (18.927, -334.259), (22.6372, -331.597), (57, -336.314), (57, -371.321)))
(((59.8901, -69.6392), (20.996, -85.407), (-0.929633, -59.6122), (0.459008, -46.3209), (23.2003, -25.0627), (55.9545, -45.5341), (59.8901, -69.6392)))
(((65.6974, -432.888), (42.1497, -464.587), (12.1339, -450.008), (10.1514, -420.271), (15.7675, -410.536), (30.3923, -407.234), (65.0714, -430.071), (65.6974, -432.888)))
(((57, -336.314), (22.6372, -331.597), (17.5709, -291.067), (46.112, -277.748), (63.5982, -322.92), (57.2759, -336.092), (57, -336.314)))
(((63.1844, -149.467), (33.0501, -163.976), (12.6514, -147.525), (36.4697, -118.745), (56.9677, -122.161), (64.0247, -141.568), (63.1844, -149.467)))
(((71.7573, 6.93012), (24.5998, -9.20271), (8.4869, 18.4913), (57.8755, 51.417), (81.9039, 30.7526), (71.7573, 6.93012)))
(((83.6934, -697.378), (35.8034, -708.43), (-7.29255, -667.643), (11.5891, -644.229), (66.1075, -623.901), (76.5467, -627.953), (83.6934, -697.378)))
(((77.6648, -98.8771), (56.9677, -122.161), (36.4697, -118.745), (20.5189, -94.1541), (20.996, -85.407), (59.8901, -69.6392), (74.8307, -80.9276), (77.6648, -98.8771)))
(((122.088, 446.321), (75.8454, 397.225), (39.9283, 395.164), (6.53125, 471.5), (40.0888, 509.179), (95.0454, 523.585), (122.088, 446.321)))
(((75.8441, -185.688), (43.2047, -196.296), (36.1399, -193.329), (33.0501, -163.976), (63.1844, -149.467), (80.259, -175.855), (75.8441, -185.688)))
(((84.1437, -553.253), (46.2868, -581.972), (24.5, -568.9), (24.5, -552.5), (47.8584, -526.881), (77.7475, -530.866), (84.1437, -553.253)))
(((83.4163, -24.9378), (55.9545, -45.5341), (23.2003, -25.0627), (24.5998, -9.20271), (71.7573, 6.93012), (83.4163, -24.9378)))
(((107.443, 336.341), (48.3907, 279.749), (35.9154, 278.35), (5.29017, 369.001), (39.9283, 395.164), (75.8454, 397.225), (107.443, 336.341)))
(((83.6899, -405.247), (65.0714, -430.071), (30.3923, -407.234), (44.0104, -380.646), (57, -371.321), (76.8098, -381.479), (83.6899, -405.247)))
(((93.4212, -509.125), (77.7475, -530.866), (47.8584, -526.881), (36.6403, -494.83), (45.2435, -482.462), (89.1609, -488.889), (93.4212, -509.125)))
(((145.48, -800), (7.42958, -800), (35.8034, -708.43), (83.6934, -697.378), (163.559, -744.358), (145.48, -800)))
(((82.6134, -228.968), (55.124, -236.822), (43.2047, -196.296), (75.8441, -185.688), (89.9568, -213.914), (82.6134, -228.968)))
(((89.1609, -488.889), (45.2435, -482.462), (42.1497, -464.587), (65.6974, -432.888), (105.258, -460.581), (89.1609, -488.889)))
(((101.588, 108.16), (52.337, 94.7283), (47.2317, 164.5), (67.3284, 177.79), (102.39, 159.45), (101.588, 108.16)))
(((111.294, 243.5), (66.8583, 189.542), (16.861, 255.668), (16.6883, 258.185), (35.9154, 278.35), (48.3907, 279.749), (111.294, 243.5)))
(((90.1127, -308.927), (63.5982, -322.92), (46.112, -277.748), (50.6382, -270.616), (97.4211, -278.231), (90.1127, -308.927)))
(((110.384, -269.671), (97.4211, -278.231), (50.6382, -270.616), (46.9114, -248.627), (55.124, -236.822), (82.6134, -228.968), (111.488, -267.029), (110.384, -269.671)))
(((97.8719, -618.384), (76.5467, -627.953), (66.1075, -623.901), (46.2868, -581.972), (84.1437, -553.253), (113.449, -571.654), (97.8719, -618.384)))
(((99.0916, -367.155), (76.8098, -381.479), (57, -371.321), (57, -336.314), (57.2759, -336.092), (95.6667, -348.889), (99.0916, -367.155)))
(((108.819, -59.2128), (74.8307, -80.9276), (59.8901, -69.6392), (55.9545, -45.5341), (83.4163, -24.9378), (105.737, -33.0111), (108.819, -59.2128)))
(((105.812, -135.598), (64.0247, -141.568), (56.9677, -122.161), (77.6648, -98.8771), (102.443, -111.568), (107.164, -133.598), (105.812, -135.598)))
(((101.946, -168.462), (80.259, -175.855), (63.1844, -149.467), (64.0247, -141.568), (105.812, -135.598), (101.946, -168.462)))
(((112.818, 100.213), (115.419, 54.2706), (89.5153, 31.8996), (81.9039, 30.7526), (57.8755, 51.417), (47.6869, 90.3735), (52.337, 94.7283), (101.588, 108.16), (112.818, 100.213)))
(((95.6667, -348.889), (57.2759, -336.092), (63.5982, -322.92), (90.1127, -308.927), (113.37, -329.5), (95.6667, -348.889)))
(((126.5, -453.5), (105.258, -460.581), (65.6974, -432.888), (65.0714, -430.071), (83.6899, -405.247), (121.704, -407.248), (132.597, -447.189), (126.5, -453.5)))
(((129.189, -390), (121.704, -407.248), (83.6899, -405.247), (76.8098, -381.479), (99.0916, -367.155), (125.326, -377.958), (129.189, -390)))
(((105.737, -33.0111), (83.4163, -24.9378), (71.7573, 6.93012), (81.9039, 30.7526), (89.5153, 31.8996), (134.032, -9.54682), (105.737, -33.0111)))
(((121.594, -209.751), (89.9568, -213.914), (75.8441, -185.688), (80.259, -175.855), (101.946, -168.462), (122.383, -178.17), (121.594, -209.751)))
(((137.226, 175.285), (102.39, 159.45), (67.3284, 177.79), (66.8583, 189.542), (111.294, 243.5), (130.516, 243.5), (137.226, 175.285)))
(((130.516, 243.5), (111.294, 243.5), (48.3907, 279.749), (107.443, 336.341), (137.639, 325.145), (146.771, 255.741), (130.516, 243.5)))
(((133.098, -91.4513), (102.443, -111.568), (77.6648, -98.8771), (74.8307, -80.9276), (108.819, -59.2128), (135.66, -77.1064), (133.098, -91.4513)))
(((123.415, -566.831), (113.449, -571.654), (84.1437, -553.253), (77.7475, -530.866), (93.4212, -509.125), (134.716, -522.57), (123.415, -566.831)))
(((131.905, -251.512), (111.488, -267.029), (82.6134, -228.968), (89.9568, -213.914), (121.594, -209.751), (129.731, -217.448), (131.905, -251.512)))
(((125.326, -377.958), (99.0916, -367.155), (95.6667, -348.889), (113.37, -329.5), (120.844, -329.5), (138.133, -348.578), (125.326, -377.958)))
(((136.031, -302.5), (120.844, -329.5), (113.37, -329.5), (90.1127, -308.927), (97.4211, -278.231), (110.384, -269.671), (136.031, -302.5)))
(((159.902, -742.207), (83.6934, -697.378), (76.5467, -627.953), (97.8719, -618.384), (212.932, -661.288), (194.902, -716.779), (159.902, -742.207)))
(((134.716, -522.57), (93.4212, -509.125), (89.1609, -488.889), (105.258, -460.581), (126.5, -453.5), (147.056, -515.167), (134.716, -522.57)))
(((140.481, -168.9), (122.383, -178.17), (101.946, -168.462), (105.812, -135.598), (107.164, -133.598), (145.315, -139.208), (140.481, -168.9)))
(((145.315, -139.208), (107.164, -133.598), (102.443, -111.568), (133.098, -91.4513), (156.563, -128.783), (145.315, -139.208)))
(((158.746, 34.4908), (139.729, -8.97712), (134.032, -9.54682), (89.5153, 31.8996), (115.419, 54.2706), (155.736, 41.4035), (158.746, 34.4908)))
(((156.552, -65.8565), (135.66, -77.1064), (108.819, -59.2128), (105.737, -33.0111), (134.032, -9.54682), (139.729, -8.97712), (168.486, -33.0391), (156.552, -65.8565)))
(((175.167, 107.253), (112.818, 100.213), (101.588, 108.16), (102.39, 159.45), (137.226, 175.285), (162.359, 164.464), (175.167, 107.253)))
(((212.363, -661.076), (97.8719, -618.384), (113.449, -571.654), (123.415, -566.831), (167.47, -581.81), (213.16, -660.497), (212.363, -661.076)))
(((185.677, 351.292), (137.639, 325.145), (107.443, 336.341), (75.8454, 397.225), (122.088, 446.321), (164.877, 434.493), (185.677, 351.292)))
(((181.618, 102.226), (155.736, 41.4035), (115.419, 54.2706), (112.818, 100.213), (175.167, 107.253), (181.618, 102.226)))
(((164.141, -187.704), (155.36, -208.403), (129.731, -217.448), (121.594, -209.751), (122.383, -178.17), (140.481, -168.9), (163.338, -183.689), (164.141, -187.704)))
(((168.896, -343.896), (138.133, -348.578), (120.844, -329.5), (136.031, -302.5), (150.056, -302.5), (170.032, -324.973), (168.896, -343.896)))
(((173.092, -269.764), (150.056, -302.5), (136.031, -302.5), (110.384, -269.671), (111.488, -267.029), (131.905, -251.512), (165.461, -257.21), (173.092, -269.764)))
(((176.291, -406.889), (134.062, -447.108), (132.597, -447.189), (121.704, -407.248), (129.189, -390), (162.985, -390), (176.291, -406.889)))
(((178.479, -353.479), (162.985, -390), (129.189, -390), (125.326, -377.958), (138.133, -348.578), (168.896, -343.896), (178.479, -353.479)))
(((167.47, -581.81), (123.415, -566.831), (134.716, -522.57), (147.056, -515.167), (147.862, -515.203), (179.322, -543.714), (167.47, -581.81)))
(((165.461, -257.21), (131.905, -251.512), (129.731, -217.448), (155.36, -208.403), (178.371, -232.565), (165.461, -257.21)))
(((192.918, -481.733), (147.862, -515.203), (147.056, -515.167), (126.5, -453.5), (132.597, -447.189), (134.062, -447.108), (196.814, -466.795), (192.918, -481.733)))
(((165.449, -128.36), (156.563, -128.783), (133.098, -91.4513), (135.66, -77.1064), (156.552, -65.8565), (188.699, -92.9802), (165.449, -128.36)))
(((195.5, -154.1), (163.338, -183.689), (140.481, -168.9), (145.315, -139.208), (156.563, -128.783), (165.449, -128.36), (195.5, -152.4), (195.5, -154.1)))
(((217.407, 199.231), (162.359, 164.464), (137.226, 175.285), (130.516, 243.5), (146.771, 255.741), (190.451, 248.541), (217.407, 199.231)))
(((117.494, 577.683), (140.098, 594.106), (197.798, 594.106), (215.586, 457.14), (164.877, 434.493), (122.088, 446.321), (95.0454, 523.585), (117.494, 577.683)))
(((196.814, -466.795), (134.062, -447.108), (176.291, -406.889), (202.206, -414.057), (197.635, -466.165), (196.814, -466.795)))
(((194.416, -304.201), (170.032, -324.973), (150.056, -302.5), (173.092, -269.764), (179.122, -272.659), (194.416, -304.201)))
(((210, -24.6159), (168.486, -33.0391), (139.729, -8.97712), (158.746, 34.4908), (210, 19.5417), (210, -24.6159)))
(((197.206, -223.147), (178.371, -232.565), (155.36, -208.403), (164.141, -187.704), (194.773, -203.686), (197.206, -223.147)))
(((254.608, 325.53), (190.451, 248.541), (146.771, 255.741), (137.639, 325.145), (185.677, 351.292), (254.608, 325.53)))
(((212.816, -532.064), (179.322, -543.714), (147.862, -515.203), (192.918, -481.733), (212.816, -532.064)))
(((202.206, -414.057), (176.291, -406.889), (162.985, -390), (178.479, -353.479), (198.004, -356.904), (210.25, -407.25), (202.206, -414.057)))
(((210.856, -178.669), (194.773, -203.686), (164.141, -187.704), (163.338, -183.689), (195.5, -154.1), (210.856, -178.669)))
(((210, -24.6159), (210, -53), (219.775, -53), (208.118, -90.1556), (188.699, -92.9802), (156.552, -65.8565), (168.486, -33.0391), (210, -24.6159)))
(((287.675, 53), (210, 53), (210, 19.5417), (158.746, 34.4908), (155.736, 41.4035), (181.618, 102.226), (275.781, 89.6067), (287.675, 53)))
(((218.115, -345.592), (198.004, -356.904), (178.479, -353.479), (168.896, -343.896), (170.032, -324.973), (194.416, -304.201), (210.523, -307.947), (218.708, -317.716), (218.115, -345.592)))
(((214.875, -263.195), (179.122, -272.659), (173.092, -269.764), (165.461, -257.21), (178.371, -232.565), (197.206, -223.147), (216.528, -230.958), (214.875, -263.195)))
(((209.484, -91.6618), (213.845, -138.182), (195.5, -152.4), (165.449, -128.36), (188.699, -92.9802), (208.118, -90.1556), (209.484, -91.6618)))
(((253.847, -639.982), (228.902, -658.106), (211.771, -658.106), (167.47, -581.81), (179.322, -543.714), (212.816, -532.064), (216.282, -533.55), (253.847, -639.982)))
(((280.234, 89.0099), (181.618, 102.226), (175.167, 107.253), (162.359, 164.464), (217.407, 199.231), (294.669, 168.484), (301, 149), (281.902, 90.2215), (280.234, 89.0099)))
(((225.843, -273.478), (210.523, -307.947), (194.416, -304.201), (179.122, -272.659), (214.875, -263.195), (225.843, -273.478)))
(((231.641, -224.789), (216.528, -230.958), (197.206, -223.147), (194.773, -203.686), (210.856, -178.669), (231.427, -184.41), (241.48, -203.144), (231.641, -224.789)))
(((289.148, 330.862), (254.608, 325.53), (185.677, 351.292), (164.877, 434.493), (215.586, 457.14), (305.115, 432.579), (317, 396), (297.902, 337.221), (289.148, 330.862)))
(((232.384, -404.71), (210.25, -407.25), (198.004, -356.904), (218.115, -345.592), (235.955, -353.183), (245.849, -389.789), (232.384, -404.71)))
(((260.016, -510.225), (216.282, -533.55), (212.816, -532.064), (192.918, -481.733), (196.814, -466.795), (197.635, -466.165), (215.648, -467.291), (260.671, -508.85), (260.016, -510.225)))
(((251.786, -156.295), (231.427, -184.41), (210.856, -178.669), (195.5, -154.1), (195.5, -152.4), (213.845, -138.182), (240.274, -138.797), (251.786, -156.295)))
(((240.274, -138.797), (213.845, -138.182), (209.484, -91.6618), (256.253, -105.952), (240.274, -138.797)))
(((258.479, -444.748), (215.648, -467.291), (197.635, -466.165), (202.206, -414.057), (210.25, -407.25), (232.384, -404.71), (258.708, -442.003), (258.479, -444.748)))
(((250.931, -307.646), (218.708, -317.716), (210.523, -307.947), (225.843, -273.478), (243.654, -274.692), (255.041, -288.926), (250.931, -307.646)))
(((243.654, -274.692), (225.843, -273.478), (214.875, -263.195), (216.528, -230.958), (231.641, -224.789), (257.787, -246.427), (243.654, -274.692)))
(((268.41, -53), (261.34, -103.503), (256.253, -105.952), (209.484, -91.6618), (208.118, -90.1556), (219.775, -53), (268.41, -53)))
(((294.066, 168.724), (217.407, 199.231), (190.451, 248.541), (254.608, 325.53), (286.863, 330.509), (320.902, 305.779), (340, 247), (320.902, 188.221), (294.066, 168.724)))
(((272.32, -336.475), (235.955, -353.183), (218.115, -345.592), (218.708, -317.716), (250.931, -307.646), (272.32, -336.475)))
(((304.755, 432.678), (215.586, 457.14), (198.275, 590.43), (217.098, 604.106), (278.902, 604.106), (328.902, 567.779), (348, 509), (328.902, 450.221), (304.755, 432.678)))
(((253.89, -640.106), (216.282, -533.55), (260.016, -510.225), (282.05, -574.752), (268.979, -640.106), (253.89, -640.106)))
(((272.973, -500.002), (260.671, -508.85), (215.648, -467.291), (258.479, -444.748), (278.952, -469.563), (272.973, -500.002)))
(((264.082, -201.53), (241.48, -203.144), (231.427, -184.41), (251.786, -156.295), (287.08, -163.2), (264.082, -201.53)))
(((279.039, -386.965), (245.849, -389.789), (235.955, -353.183), (272.32, -336.475), (278.16, -337.837), (286.303, -380.361), (279.039, -386.965)))
(((284.253, -241.722), (257.787, -246.427), (231.641, -224.789), (241.48, -203.144), (264.082, -201.53), (285.981, -226.167), (284.253, -241.722)))
(((281.893, -421.217), (258.708, -442.003), (232.384, -404.71), (245.849, -389.789), (279.039, -386.965), (281.893, -421.217)))
(((287.08, -163.2), (251.786, -156.295), (240.274, -138.797), (256.253, -105.952), (261.34, -103.503), (280.319, -113.195), (287.256, -163.143), (287.08, -163.2)))
(((290.4, -248.971), (288.04, -283.575), (255.041, -288.926), (243.654, -274.692), (257.787, -246.427), (284.253, -241.722), (290.4, -248.971)))
(((293.233, -289.378), (280.758, -336.156), (278.16, -337.837), (272.32, -336.475), (250.931, -307.646), (255.041, -288.926), (288.04, -283.575), (293.233, -289.378)))
(((288.98, -163.517), (310.476, -204.122), (285.981, -226.167), (264.082, -201.53), (287.08, -163.2), (287.256, -163.143), (288.98, -163.517)))
(((317.216, -455.649), (278.952, -469.563), (258.479, -444.748), (258.708, -442.003), (281.893, -421.217), (311.308, -430.409), (317.216, -455.649)))
(((319.538, -53), (320.541, -66.2477), (292.773, -109.636), (280.319, -113.195), (261.34, -103.503), (268.41, -53), (319.538, -53)))
(((329.491, -519.131), (282.05, -574.752), (260.016, -510.225), (260.671, -508.85), (272.973, -500.002), (329.191, -518.334), (329.491, -519.131)))
(((325.32, -405.723), (311.308, -430.409), (281.893, -421.217), (279.039, -386.965), (286.303, -380.361), (310.95, -383.616), (325.32, -405.723)))
(((324.426, -150.312), (288.98, -163.517), (287.256, -163.143), (280.319, -113.195), (292.773, -109.636), (329.098, -127.799), (324.426, -150.312)))
(((329.889, -332.729), (280.758, -336.156), (293.233, -289.378), (328.626, -296.119), (333.202, -327.575), (329.889, -332.729)))
(((329.191, -518.334), (272.973, -500.002), (278.952, -469.563), (317.216, -455.649), (320.91, -457.731), (334.571, -498.712), (329.191, -518.334)))
(((333.043, -356.614), (310.95, -383.616), (286.303, -380.361), (278.16, -337.837), (280.758, -336.156), (329.889, -332.729), (333.043, -356.614)))
(((346.008, -272.091), (328.626, -296.119), (293.233, -289.378), (288.04, -283.575), (290.4, -248.971), (340.587, -251.361), (346.008, -272.091)))
(((350.09, -227.414), (340.587, -251.361), (290.4, -248.971), (284.253, -241.722), (285.981, -226.167), (310.476, -204.122), (343.334, -208.913), (348.596, -217.498), (350.09, -227.414)))
(((329.098, -127.799), (292.773, -109.636), (320.541, -66.2477), (343.882, -111.817), (329.098, -127.799)))
(((343.334, -208.913), (310.476, -204.122), (288.98, -163.517), (324.426, -150.312), (350.031, -172.077), (343.334, -208.913)))
(((400, -622.34), (354.902, -655.106), (293.098, -655.106), (269.42, -637.902), (282.05, -574.752), (329.491, -519.131), (400, -571.405), (400, -622.34)))
(((361.199, -443.63), (320.91, -457.731), (317.216, -455.649), (311.308, -430.409), (325.32, -405.723), (349.72, -407.28), (361.199, -443.63)))
(((349.72, -407.28), (325.32, -405.723), (310.95, -383.616), (333.043, -356.614), (357.35, -370.912), (356.529, -400.471), (349.72, -407.28)))
(((400, -463.953), (334.571, -498.712), (320.91, -457.731), (361.199, -443.63), (400, -461.538), (400, -463.953)))
(((400, -151.09), (350.031, -172.077), (324.426, -150.312), (329.098, -127.799), (343.882, -111.817), (400, -112.784), (400, -151.09)))
(((319.538, -53), (400, -53), (400, -112.784), (343.882, -111.817), (320.541, -66.2477), (319.538, -53)))
(((400, -326.057), (333.202, -327.575), (328.626, -296.119), (346.008, -272.091), (400, -291.147), (400, -326.057)))
(((400, -351.414), (357.35, -370.912), (333.043, -356.614), (329.889, -332.729), (333.202, -327.575), (400, -326.057), (400, -351.414)))
(((400, -571.405), (329.491, -519.131), (329.191, -518.334), (334.571, -498.712), (400, -463.953), (400, -571.405)))
(((400, -461.538), (361.199, -443.63), (349.72, -407.28), (356.529, -400.471), (400, -401.75), (400, -461.538)))
(((400, -401.75), (356.529, -400.471), (357.35, -370.912), (400, -351.414), (400, -401.75)))
(((400, -196.556), (348.596, -217.498), (343.334, -208.913), (350.031, -172.077), (400, -151.09), (400, -196.556)))
(((400, -291.147), (346.008, -272.091), (340.587, -251.361), (350.09, -227.414), (400, -241.278), (400, -291.147)))
(((400, -241.278), (350.09, -227.414), (348.596, -217.498), (400, -196.556), (400, -241.278)))
