(((-225, 440.207), (-225, 567.793), (-187.13, 595.307), (-83.1661, 482.68), (-165.05, 408.894), (-181.902, 408.894), (-225, 440.207)))
(((-185.091, -53), (-143.016, -53), (-71.15, -122.62), (-81.4896, -144.915), (-170.124, -189.874), (-190.902, -174.779), (-210, -116), (-190.902, -57.2215), (-185.091, -53)))
(((-160.328, 625), (-37.6725, 625), (-18.0983, 610.779), (-6.67308, 575.615), (-16.2683, 498.854), (-16.8746, 496.987), (-83.1661, 482.68), (-185.502, 593.544), (-179.902, 610.779), (-160.328, 625)))
(((-142.184, -386.37), (-171.902, -364.779), (-191, -306), (-171.902, -247.221), (-165.844, -242.82), (-69.5, -289.872), (-69.5, -344.289), (-142.184, -386.37)))
(((-65.0114, -53), (-46.306, -107.869), (-71.15, -122.62), (-143.016, -53), (-65.0114, -53)))
(((-160.495, -229.641), (-172.95, -191.308), (-81.4896, -144.915), (-42.3619, -180.87), (-57.7005, -223.051), (-160.495, -229.641)))
(((-163.772, -243.832), (-159.133, -229.553), (-57.7005, -223.051), (-21.309, -254.423), (-18.2782, -259.76), (-21.2331, -265.177), (-69.5, -289.872), (-163.772, -243.832)))
(((-108.588, 324.206), (-149.902, 354.221), (-167.074, 407.071), (-83.1661, 482.68), (-21.4394, 496.002), (-7.54653, 485.908), (3.47082, 472.16), (-9.57801, 401.578), (-76.5845, 335.515), (-108.588, 324.206)))
(((-19.8066, -343.636), (-69.5, -344.289), (-69.5, -289.872), (-21.2331, -265.177), (-19.8066, -343.636)))
(((-22.9852, -477.106), (-77.9017, -477.106), (-127.902, -440.779), (-145.042, -388.025), (-69.5, -344.289), (-19.8066, -343.636), (-7.18822, -352.485), (-22.9852, -477.106)))
(((-20.5476, -172.833), (-42.3619, -180.87), (-81.4896, -144.915), (-71.15, -122.62), (-46.306, -107.869), (-38.9217, -108.43), (-12.1672, -131.769), (-20.5476, -172.833)))
(((-65.0114, -53), (-30, -53), (-30, -44.2857), (-4.88144, -71.1985), (-38.9217, -108.43), (-46.306, -107.869), (-65.0114, -53)))
(((-102.624, 221.019), (-102.902, 221.221), (-122, 280), (-107.513, 324.586), (-76.5845, 335.515), (13.4558, 302.113), (22.6329, 243.992), (20.2681, 239.926), (-102.624, 221.019)))
(((4.49833, -187.754), (-21.309, -254.423), (-57.7005, -223.051), (-42.3619, -180.87), (-20.5476, -172.833), (4.49833, -187.754)))
(((-99.7793, 53), (-117, 106), (-100.418, 157.033), (1.93124, 145.935), (41.5192, 111.296), (43.0091, 95.4486), (-49.2069, 53), (-99.7793, 53)))
(((-97.511, 156.718), (-108, 189), (-97.3317, 221.834), (20.2681, 239.926), (30.1039, 215.626), (1.93124, 145.935), (-97.511, 156.718)))
(((-30, 7.77976), (20.6065, -2.46203), (22.4467, -8.71893), (7.5, -70.1667), (-4.88144, -71.1985), (-30, -44.2857), (-30, 7.77976)))
(((33.1475, -125.409), (-12.1672, -131.769), (-38.9217, -108.43), (-4.88144, -71.1985), (7.5, -70.1667), (12.9155, -73.5646), (33.1475, -125.409)))
(((13.4558, 302.113), (-76.5845, 335.515), (-9.57801, 401.578), (50.5583, 341.442), (13.4558, 302.113)))
(((48.9121, -341.395), (-7.18822, -352.485), (-19.8066, -343.636), (-21.2331, -265.177), (-18.2782, -259.76), (5.52299, -260.842), (48.2836, -315.629), (48.9121, -341.395)))
(((37.7574, -127.493), (23.9735, -186.764), (4.49833, -187.754), (-20.5476, -172.833), (-12.1672, -131.769), (33.1475, -125.409), (37.7574, -127.493)))
(((29.0539, -245.295), (5.52299, -260.842), (-18.2782, -259.76), (-21.309, -254.423), (4.49833, -187.754), (23.9735, -186.764), (44.1852, -203.263), (29.0539, -245.295)))
(((-30, 7.77976), (-30, 53), (-49.2069, 53), (43.0091, 95.4486), (44.2772, 93.9406), (31.7771, 6.43955), (20.6065, -2.46203), (-30, 7.77976)))
(((66.6612, -477.562), (54.9017, -486.106), (-6.9017, -486.106), (-22.6735, -474.647), (-7.18822, -352.485), (48.9121, -341.395), (59.9225, -349.528), (66.6612, -477.562)))
(((61.0213, -61.1945), (12.9155, -73.5646), (7.5, -70.1667), (22.4467, -8.71893), (63.1205, -52.1978), (61.0213, -61.1945)))
(((93.3543, 170.955), (41.5192, 111.296), (1.93124, 145.935), (30.1039, 215.626), (92.9981, 171.718), (93.3543, 170.955)))
(((74.5294, -94), (50.0496, -126.012), (37.7574, -127.493), (33.1475, -125.409), (12.9155, -73.5646), (61.0213, -61.1945), (74.5294, -94)))
(((48.2836, -315.629), (5.52299, -260.842), (29.0539, -245.295), (85.5945, -264.638), (48.2836, -315.629)))
(((74.3101, 448.588), (62.1182, 341.909), (50.5583, 341.442), (-9.57801, 401.578), (3.47082, 472.16), (56.1554, 461.927), (74.3101, 448.588)))
(((100.733, -175.844), (85.0375, -197.166), (44.1852, -203.263), (23.9735, -186.764), (37.7574, -127.493), (50.0496, -126.012), (100.857, -173.356), (100.733, -175.844)))
(((125.886, 284.236), (114.048, 273.138), (22.6329, 243.992), (13.4558, 302.113), (50.5583, 341.442), (62.1182, 341.909), (91.851, 332.207), (127.338, 291.298), (125.886, 284.236)))
(((85.5945, -264.638), (29.0539, -245.295), (44.1852, -203.263), (85.0375, -197.166), (99.0243, -259.108), (85.5945, -264.638)))
(((93.3052, 70.3345), (75.0486, 7.95785), (31.7771, 6.43955), (44.2772, 93.9406), (93.3052, 70.3345)))
(((92.3628, -7.04773), (79.3264, -41.2683), (63.1205, -52.1978), (22.4467, -8.71893), (20.6065, -2.46203), (31.7771, 6.43955), (75.0486, 7.95785), (92.3628, -7.04773)))
(((92.9981, 171.718), (30.1039, 215.626), (20.2681, 239.926), (22.6329, 243.992), (114.048, 273.138), (92.9981, 171.718)))
(((45.9529, 625), (74.6077, 625), (116.381, 528.027), (56.1554, 461.927), (3.47082, 472.16), (-9.44255, 488.274), (-15.3269, 506.385), (-5.73171, 583.146), (-3.9017, 588.779), (45.9529, 625)))
(((91.851, 332.207), (62.1182, 341.909), (74.3101, 448.588), (133.785, 427.014), (91.851, 332.207)))
(((130.258, -340.317), (59.9225, -349.528), (48.9121, -341.395), (48.2836, -315.629), (85.5945, -264.638), (99.0243, -259.108), (117.052, -266.583), (130.258, -340.317)))
(((100.857, -173.356), (50.0496, -126.012), (74.5294, -94), (98.0167, -94), (119.072, -151.424), (100.857, -173.356)))
(((121.917, -79.3673), (98.0167, -94), (74.5294, -94), (61.0213, -61.1945), (63.1205, -52.1978), (79.3264, -41.2683), (118.188, -59.9796), (121.917, -79.3673)))
(((146.407, -470.841), (130.902, -482.106), (69.0983, -482.106), (66.8129, -480.445), (59.9225, -349.528), (130.258, -340.317), (143.649, -348.129), (146.407, -470.841)))
(((134.429, 141.203), (106.524, 70.6188), (93.3052, 70.3345), (44.2772, 93.9406), (43.0091, 95.4486), (41.5192, 111.296), (93.3543, 170.955), (112.963, 164.969), (134.429, 141.203)))
(((142.175, 43.4327), (107.641, -6.29632), (92.3628, -7.04773), (75.0486, 7.95785), (93.3052, 70.3345), (106.524, 70.6188), (141.055, 51.9901), (142.175, 43.4327)))
(((118.188, -59.9796), (79.3264, -41.2683), (92.3628, -7.04773), (107.641, -6.29632), (131.897, -28.5305), (118.188, -59.9796)))
(((162.343, -106.725), (149.738, -136.601), (119.072, -151.424), (98.0167, -94), (121.917, -79.3673), (154.356, -91.4632), (161.972, -103.723), (162.343, -106.725)))
(((172.805, 431.697), (133.785, 427.014), (74.3101, 448.588), (56.1554, 461.927), (116.381, 528.027), (177.474, 510.319), (195.954, 476.925), (172.805, 431.697)))
(((139.5, -256), (117.052, -266.583), (99.0243, -259.108), (85.0375, -197.166), (100.733, -175.844), (153.592, -206.679), (139.5, -256)))
(((176.502, 218.733), (112.963, 164.969), (93.3543, 170.955), (92.9981, 171.718), (114.048, 273.138), (125.886, 284.236), (176.502, 218.733)))
(((217.405, 343.02), (127.338, 291.298), (91.851, 332.207), (133.785, 427.014), (172.805, 431.697), (217.185, 348.855), (217.405, 343.02)))
(((182.442, -22.8085), (131.897, -28.5305), (107.641, -6.29632), (142.175, 43.4327), (188.603, -18.47), (182.442, -22.8085)))
(((194.054, 625), (177.474, 510.319), (116.381, 528.027), (74.6077, 625), (194.054, 625)))
(((177.66, 76.2061), (141.055, 51.9901), (106.524, 70.6188), (134.429, 141.203), (164.124, 133.475), (177.66, 76.2061)))
(((154.356, -91.4632), (121.917, -79.3673), (118.188, -59.9796), (131.897, -28.5305), (182.442, -22.8085), (154.356, -91.4632)))
(((164.377, -203.026), (153.592, -206.679), (100.733, -175.844), (100.857, -173.356), (119.072, -151.424), (149.738, -136.601), (182.363, -171.203), (164.377, -203.026)))
(((249.514, -310.963), (143.649, -348.129), (130.258, -340.317), (117.052, -266.583), (139.5, -256), (246.248, -286.499), (253.585, -298.433), (249.514, -310.963)))
(((220.775, 167.465), (164.124, 133.475), (134.429, 141.203), (112.963, 164.969), (176.502, 218.733), (186.359, 215.118), (220.775, 167.465)))
(((246.248, -286.499), (139.5, -256), (153.592, -206.679), (164.377, -203.026), (239.079, -254.902), (246.248, -286.499)))
(((207.311, -166.552), (182.363, -171.203), (149.738, -136.601), (162.343, -106.725), (228.849, -137.282), (207.311, -166.552)))
(((280.151, 53), (210, 53), (210, -18.0701), (188.603, -18.47), (142.175, 43.4327), (141.055, 51.9901), (177.66, 76.2061), (277.607, 60.8296), (280.151, 53)))
(((210, -18.0701), (210, -53), (266.8, -53), (161.972, -103.723), (154.356, -91.4632), (182.442, -22.8085), (188.603, -18.47), (210, -18.0701)))
(((146.424, -471.624), (143.649, -348.129), (249.1, -311.108), (269.902, -326.221), (289, -385), (269.902, -443.779), (219.902, -480.106), (158.098, -480.106), (146.424, -471.624)))
(((266.149, 297.009), (186.359, 215.118), (176.502, 218.733), (125.886, 284.236), (127.338, 291.298), (217.405, 343.02), (266.149, 297.009)))
(((239.079, -254.902), (164.377, -203.026), (182.363, -171.203), (207.311, -166.552), (240.803, -236.887), (239.079, -254.902)))
(((280.885, 60.3254), (177.66, 76.2061), (164.124, 133.475), (220.775, 167.465), (287.245, 146.1), (298, 113), (280.885, 60.3254)))
(((286.754, -53), (292.269, -69.9728), (273.438, -116.161), (228.849, -137.282), (162.343, -106.725), (161.972, -103.723), (266.8, -53), (286.754, -53)))
(((278.069, 625), (289.108, 616.98), (272.916, 492.065), (195.954, 476.925), (177.474, 510.319), (194.054, 625), (278.069, 625)))
(((287.218, 146.108), (220.775, 167.465), (186.359, 215.118), (266.149, 297.009), (317.775, 274.934), (334, 225), (314.902, 166.221), (287.218, 146.108)))
(((284.018, -159.399), (240.803, -236.887), (207.311, -166.552), (228.849, -137.282), (273.438, -116.161), (284.018, -159.399)))
(((330.376, 447.374), (217.185, 348.855), (172.805, 431.697), (195.954, 476.925), (272.916, 492.065), (330.376, 447.374)))
(((381.269, -237.948), (371.902, -266.779), (321.902, -303.106), (260.098, -303.106), (253.518, -298.325), (246.248, -286.499), (239.079, -254.902), (240.803, -236.887), (284.018, -159.399), (381.269, -237.948)))
(((317.868, 274.894), (266.149, 297.009), (217.405, 343.02), (217.185, 348.855), (330.376, 447.374), (360.904, 440.402), (376.902, 428.779), (396, 370), (376.902, 311.221), (326.902, 274.894), (317.868, 274.894)))
(((400, -87.1213), (400, -224.879), (381.621, -238.232), (284.018, -159.399), (273.438, -116.161), (293.391, -67.2207), (302.098, -60.8943), (363.902, -60.8943), (400, -87.1213)))
(((400, 600.879), (400, 463.121), (366.857, 439.042), (330.376, 447.374), (272.916, 492.065), (289.207, 617.74), (299.2, 625), (366.8, 625), (400, 600.879)))
