(((-225, 454.894), (-225, 625), (-172.667, 625), (-143.519, 537.558), (-186.079, 454.894), (-225, 454.894)))
(((-225, -169.727), (-190.879, -175.931), (-150.1, -237.1), (-225, -312), (-225, -169.727)))
(((-225, -169.727), (-225, -53), (-145.333, -53), (-122.712, -120.864), (-138.505, -157.544), (-190.879, -175.931), (-225, -169.727)))
(((-225, -312), (-150.1, -237.1), (-125.202, -248.04), (-120.657, -260.976), (-159.436, -331.076), (-225, -332.772), (-225, -312)))
(((-225, -455.699), (-225, -332.772), (-159.436, -331.076), (-130.042, -345.446), (-114.623, -384.26), (-119.532, -400.104), (-215.877, -462.327), (-225, -455.699)))
(((-100, -219.688), (-125.202, -248.04), (-150.1, -237.1), (-190.879, -175.931), (-138.505, -157.544), (-100, -181.381), (-100, -219.688)))
(((-215.789, -462.27), (-119.532, -400.104), (-83.1086, -456.141), (-171.759, -519.858), (-204.902, -495.779), (-215.789, -462.27)))
(((-83.331, -323.239), (-130.042, -345.446), (-159.436, -331.076), (-120.657, -260.976), (-74.7874, -284.793), (-83.331, -323.239)))
(((-18.9715, 625), (-18.5356, 623.658), (-26.7333, 593.456), (-58.6363, 542.611), (-143.519, 537.558), (-172.667, 625), (-18.9715, 625)))
(((-175.173, 435.059), (-180.902, 439.221), (-186.027, 454.996), (-143.519, 537.558), (-58.6363, 542.611), (-43.4178, 468.802), (-175.173, 435.059)))
(((-78.5566, -53), (-70.5315, -79.5832), (-84.5149, -116.539), (-122.712, -120.864), (-145.333, -53), (-78.5566, -53)))
(((-83.4552, -176.391), (-100, -181.381), (-138.505, -157.544), (-122.712, -120.864), (-84.5149, -116.539), (-65.1489, -131.933), (-83.4552, -176.391)))
(((-56.7658, -454.384), (-83.1086, -456.141), (-119.532, -400.104), (-114.623, -384.26), (-55.5549, -386.576), (-56.7658, -454.384)))
(((-60.3163, -276.9), (-74.7874, -284.793), (-120.657, -260.976), (-125.202, -248.04), (-100, -219.688), (-55.0459, -234.298), (-48.7707, -244.887), (-60.3163, -276.9)))
(((-31.5121, -361.609), (-55.5549, -386.576), (-114.623, -384.26), (-130.042, -345.446), (-83.331, -323.239), (-31.4948, -360.738), (-31.5121, -361.609)))
(((-128.016, 334.055), (-159.902, 357.221), (-179, 416), (-172.593, 435.72), (-43.4178, 468.802), (-39.2634, 465.706), (-31.533, 407.084), (-106.619, 338.584), (-128.016, 334.055)))
(((-101.606, -596.106), (-108.902, -596.106), (-158.902, -559.779), (-171.851, -519.924), (-83.1086, -456.141), (-56.7658, -454.384), (-22.8964, -473.412), (-101.606, -596.106)))
(((-55.0459, -234.298), (-100, -219.688), (-100, -181.381), (-83.4552, -176.391), (-45.9852, -187.862), (-55.0459, -234.298)))
(((-30.5335, -129.974), (-65.1489, -131.933), (-84.5149, -116.539), (-70.5315, -79.5832), (-19.9024, -106.585), (-30.5335, -129.974)))
(((-24.834, -145.585), (-37.3528, -183.924), (-45.9852, -187.862), (-83.4552, -176.391), (-65.1489, -131.933), (-30.5335, -129.974), (-24.834, -145.585)))
(((-83.6776, 185.911), (-130.902, 220.221), (-150, 279), (-132.414, 333.124), (-106.619, 338.584), (-15.4116, 312.362), (-12.9357, 224.466), (-19.1667, 218.167), (-83.6776, 185.911)))
(((-31.4948, -360.738), (-83.331, -323.239), (-74.7874, -284.793), (-60.3163, -276.9), (-26.1121, -296.334), (-15.6466, -339.068), (-31.4948, -360.738)))
(((-78.5566, -53), (-30, -53), (-30, -50.5), (-16.6552, -103.879), (-19.9024, -106.585), (-70.5315, -79.5832), (-78.5566, -53)))
(((-15.1774, -240.532), (-48.7707, -244.887), (-55.0459, -234.298), (-45.9852, -187.862), (-37.3528, -183.924), (-2.77397, -203.322), (-15.1774, -240.532)))
(((-22.8964, -473.412), (-56.7658, -454.384), (-55.5549, -386.576), (-31.5121, -361.609), (10.0219, -400.651), (-14.9605, -473.219), (-22.8964, -473.412)))
(((49.0575, 352.035), (-15.4116, 312.362), (-106.619, 338.584), (-31.533, 407.084), (52.0724, 359.829), (49.0575, 352.035)))
(((24.3604, -616.695), (5.9017, -630.106), (-55.9017, -630.106), (-101.953, -596.647), (-22.8964, -473.412), (-14.9605, -473.219), (11.8501, -488.464), (24.3604, -616.695)))
(((-1.72832, -278.046), (-26.1121, -296.334), (-60.3163, -276.9), (-48.7707, -244.887), (-15.1774, -240.532), (-3.74104, -250.539), (-1.72832, -278.046)))
(((2.90441, -201.36), (-2.77397, -203.322), (-37.3528, -183.924), (-24.834, -145.585), (-9.12385, -151.225), (14.9731, -183.928), (2.90441, -201.36)))
(((-30, -50.5), (-30, -32.9083), (18.1862, -38.5301), (15.7372, -97.3069), (-16.6552, -103.879), (-30, -50.5)))
(((-30, 28.9658), (-30, 53), (-99.4511, 53), (-104, 67), (-84.9017, 125.779), (-83.8324, 126.555), (14.3696, 110.188), (22.7965, 44.1776), (-5.98841, 30.2815), (-30, 28.9658)))
(((20.6538, 475.692), (-39.2634, 465.706), (-43.4178, 468.802), (-58.6363, 542.611), (-26.7333, 593.456), (39.9911, 495.936), (20.6538, 475.692)))
(((-30, 28.9658), (-5.98841, 30.2815), (26.615, -21.8839), (20.8769, -36.7508), (18.1862, -38.5301), (-30, -32.9083), (-30, 28.9658)))
(((24.9682, -327.083), (-15.6466, -339.068), (-26.1121, -296.334), (-1.72832, -278.046), (30.436, -293.669), (24.9682, -327.083)))
(((29.605, -104.344), (24.0143, -144.597), (-9.12385, -151.225), (-24.834, -145.585), (-30.5335, -129.974), (-19.9024, -106.585), (-16.6552, -103.879), (15.7372, -97.3069), (29.605, -104.344)))
(((-78.8375, 125.723), (-89, 157), (-78.8164, 188.342), (-19.1667, 218.167), (50.3932, 148.607), (39.017, 119.578), (14.3696, 110.188), (-78.8375, 125.723)))
(((28.4083, -245.326), (-3.74104, -250.539), (-15.1774, -240.532), (-2.77397, -203.322), (2.90441, -201.36), (31.0588, -221.471), (28.4083, -245.326)))
(((35.0029, -174.157), (14.9731, -183.928), (-9.12385, -151.225), (24.0143, -144.597), (37.5683, -165.606), (35.0029, -174.157)))
(((52.0724, 359.829), (-31.533, 407.084), (-39.2634, 465.706), (20.6538, 475.692), (70.9883, 375.023), (52.0724, 359.829)))
(((30.436, -293.669), (-1.72832, -278.046), (-3.74104, -250.539), (28.4083, -245.326), (39.2149, -255.15), (32.2188, -292.129), (30.436, -293.669)))
(((53.7785, -362.966), (24.8034, -397.736), (10.0219, -400.651), (-31.5121, -361.609), (-31.4948, -360.738), (-15.6466, -339.068), (24.9682, -327.083), (45.6701, -341.813), (53.7785, -362.966)))
(((62.7788, 303.187), (31.0277, 234.393), (-12.9357, 224.466), (-15.4116, 312.362), (49.0575, 352.035), (62.7788, 303.187)))
(((64.9702, 27.4832), (62.0965, 9.76174), (26.615, -21.8839), (-5.98841, 30.2815), (22.7965, 44.1776), (61.2263, 32.7688), (64.9702, 27.4832)))
(((58.7037, -207.648), (31.0588, -221.471), (2.90441, -201.36), (14.9731, -183.928), (35.0029, -174.157), (57.4981, -200.113), (58.7037, -207.648)))
(((41.4354, -480.91), (11.8501, -488.464), (-14.9605, -473.219), (10.0219, -400.651), (24.8034, -397.736), (61.5976, -426.354), (41.4354, -480.91)))
(((-15.3165, 625), (85.3165, 625), (115.902, 602.779), (123.996, 577.868), (85.57, 510.623), (39.9911, 495.936), (-26.7333, 593.456), (-18.8727, 622.416), (-15.3165, 625)))
(((46.5622, -103.873), (29.605, -104.344), (15.7372, -97.3069), (18.1862, -38.5301), (20.8769, -36.7508), (77.0556, -59.2222), (46.5622, -103.873)))
(((82.5666, 171.664), (50.3932, 148.607), (-19.1667, 218.167), (-12.9357, 224.466), (31.0277, 234.393), (74.9063, 214.68), (82.5666, 171.664)))
(((69.5846, -148.226), (37.5683, -165.606), (24.0143, -144.597), (29.605, -104.344), (46.5622, -103.873), (74.3356, -128.491), (69.5846, -148.226)))
(((61.2263, 32.7688), (22.7965, 44.1776), (14.3696, 110.188), (39.017, 119.578), (75.6563, 91.5988), (61.2263, 32.7688)))
(((77.8205, -223.897), (58.6758, -251.744), (39.2149, -255.15), (28.4083, -245.326), (31.0588, -221.471), (58.7037, -207.648), (77.8205, -223.897)))
(((61.5881, -291.335), (32.2188, -292.129), (39.2149, -255.15), (58.6758, -251.744), (74.8079, -274.15), (61.5881, -291.335)))
(((78.31, -315.927), (45.6701, -341.813), (24.9682, -327.083), (30.436, -293.669), (32.2188, -292.129), (61.5881, -291.335), (78.31, -315.927)))
(((24.796, -621.16), (11.8501, -488.464), (41.4354, -480.91), (99.4581, -497.488), (69.6987, -622.106), (26.0983, -622.106), (24.796, -621.16)))
(((87.1754, -55.5017), (77.0556, -59.2222), (20.8769, -36.7508), (26.615, -21.8839), (62.0965, 9.76174), (92.955, -40.8462), (87.1754, -55.5017)))
(((114.822, -390.473), (103.09, -412.262), (61.5976, -426.354), (24.8034, -397.736), (53.7785, -362.966), (106.642, -379.372), (114.822, -390.473)))
(((83.8178, -170.869), (57.4981, -200.113), (35.0029, -174.157), (37.5683, -165.606), (69.5846, -148.226), (83.8178, -170.869)))
(((103.267, 385.056), (70.9883, 375.023), (20.6538, 475.692), (39.9911, 495.936), (85.57, 510.623), (117.028, 430.928), (103.267, 385.056)))
(((114.997, 244.748), (74.9063, 214.68), (31.0277, 234.393), (62.7788, 303.187), (114.291, 264.291), (114.997, 244.748)))
(((99.4581, -497.488), (41.4354, -480.91), (61.5976, -426.354), (103.09, -412.262), (117.145, -488.93), (99.4581, -497.488)))
(((108.653, -321.069), (106.642, -379.372), (53.7785, -362.966), (45.6701, -341.813), (78.31, -315.927), (104.283, -317.056), (108.653, -321.069)))
(((101.241, -273.454), (74.8079, -274.15), (58.6758, -251.744), (77.8205, -223.897), (86.5, -224.177), (113.81, -257.654), (101.241, -273.454)))
(((104.283, -317.056), (78.31, -315.927), (61.5881, -291.335), (74.8079, -274.15), (101.241, -273.454), (104.283, -317.056)))
(((111.092, -195.62), (86.5, -224.177), (77.8205, -223.897), (58.7037, -207.648), (57.4981, -200.113), (83.8178, -170.869), (109.5, -180.5), (111.092, -195.62)))
(((116.7, -107.1), (106.684, -119.978), (74.3356, -128.491), (46.5622, -103.873), (77.0556, -59.2222), (87.1754, -55.5017), (118.46, -91.4791), (116.7, -107.1)))
(((98.5813, 95.3073), (75.6563, 91.5988), (39.017, 119.578), (50.3932, 148.607), (82.5666, 171.664), (117.345, 157.372), (98.5813, 95.3073)))
(((142.046, 50.8048), (104.825, 28.7484), (64.9702, 27.4832), (61.2263, 32.7688), (75.6563, 91.5988), (98.5813, 95.3073), (129.643, 77.2347), (142.116, 51.5334), (142.046, 50.8048)))
(((109.5, -180.5), (83.8178, -170.869), (69.5846, -148.226), (74.3356, -128.491), (106.684, -119.978), (123.371, -163.365), (109.5, -180.5)))
(((118.508, -26.3822), (92.955, -40.8462), (62.0965, 9.76174), (64.9702, 27.4832), (104.825, 28.7484), (119.037, -18.6235), (118.508, -26.3822)))
(((115.412, 378.297), (151.865, 301.865), (114.291, 264.291), (62.7788, 303.187), (49.0575, 352.035), (52.0724, 359.829), (70.9883, 375.023), (103.267, 385.056), (115.412, 378.297)))
(((159.368, 163.724), (117.345, 157.372), (82.5666, 171.664), (74.9063, 214.68), (114.997, 244.748), (156.251, 216.08), (159.368, 163.724)))
(((143.264, -247.342), (134.273, -255.793), (113.81, -257.654), (86.5, -224.177), (111.092, -195.62), (145.099, -214.921), (143.264, -247.342)))
(((69.9023, -621.253), (99.4581, -497.488), (117.145, -488.93), (210.821, -502.441), (224, -543), (204.902, -601.779), (154.902, -638.106), (93.0983, -638.106), (69.9023, -621.253)))
(((148.441, -310.927), (108.653, -321.069), (104.283, -317.056), (101.241, -273.454), (113.81, -257.654), (134.273, -255.793), (152.783, -303.224), (148.441, -310.927)))
(((155.529, -56.4536), (140.963, -79.7587), (118.46, -91.4791), (87.1754, -55.5017), (92.955, -40.8462), (118.508, -26.3822), (151.604, -35.649), (155.529, -56.4536)))
(((158.93, 27.9178), (119.037, -18.6235), (104.825, 28.7484), (142.046, 50.8048), (158.93, 27.9178)))
(((162.692, 161.131), (168.314, 140.514), (129.643, 77.2347), (98.5813, 95.3073), (117.345, 157.372), (159.368, 163.724), (162.692, 161.131)))
(((139.806, -162.359), (123.371, -163.365), (106.684, -119.978), (116.7, -107.1), (159.786, -128.643), (139.806, -162.359)))
(((150.75, -389.74), (114.822, -390.473), (106.642, -379.372), (108.653, -321.069), (148.441, -310.927), (167.679, -351.325), (150.75, -389.74)))
(((213.044, -502.761), (117.145, -488.93), (103.09, -412.262), (114.822, -390.473), (150.75, -389.74), (189.21, -420.187), (217.491, -499.53), (213.044, -502.761)))
(((161.307, -201.954), (145.099, -214.921), (111.092, -195.62), (109.5, -180.5), (123.371, -163.365), (139.806, -162.359), (166.287, -181.618), (161.307, -201.954)))
(((124.703, 579.106), (170.902, 579.106), (216.62, 545.889), (202.645, 477.134), (117.028, 430.928), (85.57, 510.623), (124.703, 579.106)))
(((190.284, 2.06422), (151.604, -35.649), (118.508, -26.3822), (119.037, -18.6235), (158.93, 27.9178), (190.284, 2.06422)))
(((185, -123.6), (159.786, -128.643), (116.7, -107.1), (118.46, -91.4791), (140.963, -79.7587), (184.575, -108.201), (187.219, -121.203), (185, -123.6)))
(((198.445, 249.678), (156.251, 216.08), (114.997, 244.748), (114.291, 264.291), (151.865, 301.865), (190.724, 292.276), (201.07, 281.93), (198.445, 249.678)))
(((185, -171.222), (166.287, -181.618), (139.806, -162.359), (159.786, -128.643), (185, -123.6), (185, -171.222)))
(((210.841, 92.4409), (142.116, 51.5334), (129.643, 77.2347), (168.314, 140.514), (210.841, 92.4409)))
(((203.739, -256.344), (193.664, -291.047), (152.783, -303.224), (134.273, -255.793), (143.264, -247.342), (202.208, -254.867), (203.739, -256.344)))
(((184.575, -108.201), (140.963, -79.7587), (155.529, -56.4536), (193.944, -70.7222), (184.575, -108.201)))
(((202.208, -254.867), (143.264, -247.342), (145.099, -214.921), (161.307, -201.954), (195.666, -222.815), (202.208, -254.867)))
(((231.296, 391.096), (208.877, 379.409), (115.412, 378.297), (103.267, 385.056), (117.028, 430.928), (202.645, 477.134), (233.47, 404.939), (231.296, 391.096)))
(((190.724, 292.276), (151.865, 301.865), (115.412, 378.297), (208.877, 379.409), (190.724, 292.276)))
(((203.318, -338.154), (167.679, -351.325), (148.441, -310.927), (152.783, -303.224), (193.664, -291.047), (209.241, -316.831), (203.318, -338.154)))
(((210, 0.438144), (210, -53), (220.242, -53), (193.944, -70.7222), (155.529, -56.4536), (151.604, -35.649), (190.284, 2.06422), (210, 0.438144)))
(((216.767, -185.302), (195.666, -222.815), (161.307, -201.954), (166.287, -181.618), (185, -171.222), (216.509, -184.526), (216.767, -185.302)))
(((288.35, 53), (210, 53), (210, 0.438144), (190.284, 2.06422), (158.93, 27.9178), (142.046, 50.8048), (142.116, 51.5334), (210.841, 92.4409), (282.699, 70.3936), (288.35, 53)))
(((189.21, -420.187), (150.75, -389.74), (167.679, -351.325), (203.318, -338.154), (230.138, -370.165), (189.21, -420.187)))
(((266.453, 187.458), (162.692, 161.131), (159.368, 163.724), (156.251, 216.08), (198.445, 249.678), (266.453, 187.458)))
(((216.509, -184.526), (185, -171.222), (185, -123.6), (187.219, -121.203), (225.231, -124.269), (226.39, -168.32), (216.509, -184.526)))
(((220.242, -53), (258.113, -53), (231.142, -121.071), (225.231, -124.269), (187.219, -121.203), (184.575, -108.201), (193.944, -70.7222), (220.242, -53)))
(((283.174, 70.2477), (210.841, 92.4409), (168.314, 140.514), (162.692, 161.131), (266.453, 187.458), (302.96, 179.132), (316, 139), (296.902, 80.2215), (283.174, 70.2477)))
(((212.955, -255.484), (203.739, -256.344), (202.208, -254.867), (195.666, -222.815), (216.767, -185.302), (257.853, -215.576), (212.955, -255.484)))
(((314.636, 311.089), (201.07, 281.93), (190.724, 292.276), (208.877, 379.409), (231.296, 391.096), (314.636, 311.089)))
(((262.16, -309.615), (209.241, -316.831), (193.664, -291.047), (203.739, -256.344), (212.955, -255.484), (237.062, -270.938), (259.553, -288.43), (262.16, -309.615)))
(((308.327, -361.996), (230.138, -370.165), (203.318, -338.154), (209.241, -316.831), (262.16, -309.615), (308.327, -361.996)))
(((216.983, -498.106), (189.21, -420.187), (230.138, -370.165), (308.327, -361.996), (329.713, -371.341), (340, -403), (320.902, -461.779), (270.902, -498.106), (216.983, -498.106)))
(((302.33, 179.276), (266.453, 187.458), (198.445, 249.678), (201.07, 281.93), (314.636, 311.089), (324.235, 307.675), (342, 253), (322.902, 194.221), (302.33, 179.276)))
(((267.551, -163.571), (226.39, -168.32), (225.231, -124.269), (231.142, -121.071), (258.492, -134.746), (267.551, -163.571)))
(((286.201, -200.507), (269.952, -214.922), (257.853, -215.576), (216.767, -185.302), (216.509, -184.526), (226.39, -168.32), (267.551, -163.571), (292.184, -184.875), (286.201, -200.507)))
(((274.357, -233.643), (237.062, -270.938), (212.955, -255.484), (257.853, -215.576), (269.952, -214.922), (274.357, -233.643)))
(((282.148, -258.573), (259.553, -288.43), (237.062, -270.938), (274.357, -233.643), (282.148, -258.573)))
(((215.897, 542.335), (232.098, 554.106), (293.902, 554.106), (343.902, 517.779), (357.873, 474.78), (233.47, 404.939), (202.645, 477.134), (215.897, 542.335)))
(((258.113, -53), (344.22, -53), (345.902, -54.2215), (355.724, -84.4529), (258.492, -134.746), (231.142, -121.071), (258.113, -53)))
(((359.739, -82.3765), (360.902, -83.2215), (374.628, -125.467), (292.184, -184.875), (267.551, -163.571), (258.492, -134.746), (359.739, -82.3765)))
(((332.133, -372.399), (308.327, -361.996), (262.16, -309.615), (259.553, -288.43), (282.148, -258.573), (387.595, -285.548), (390.952, -287.226), (372.902, -342.779), (332.133, -372.399)))
(((326.075, 307.02), (314.636, 311.089), (231.296, 391.096), (233.47, 404.939), (357.172, 474.386), (375.902, 460.779), (395, 402), (375.902, 343.221), (326.075, 307.02)))
(((387.595, -285.548), (282.148, -258.573), (274.357, -233.643), (269.952, -214.922), (286.201, -200.507), (387.595, -285.548)))
(((400, -144.027), (400, -275.973), (387.236, -285.246), (286.201, -200.507), (292.184, -184.875), (374.54, -125.53), (400, -144.027)))
