(((-225, -170.812), (-188.445, -184.521), (-163.029, -247.083), (-225, -299.333), (-225, -170.812)))
(((-225, 440.231), (-225, 615.769), (-214.902, 623.106), (-153.098, 623.106), (-117.115, 596.962), (-130.116, 479.956), (-173.626, 432.894), (-214.902, 432.894), (-225, 440.231)))
(((-225, -60.0355), (-215.316, -53), (-191.464, -53), (-131.822, -111.576), (-140.77, -169.24), (-188.445, -184.521), (-225, -170.813), (-225, -60.0355)))
(((-225, -467.238), (-225, -339.714), (-156.01, -341.685), (-151.45, -343.817), (-123.735, -392.912), (-126.245, -407.968), (-213.34, -475.709), (-225, -467.238)))
(((-225, -299.333), (-163.029, -247.083), (-128.339, -256.544), (-156.01, -341.685), (-225, -339.714), (-225, -299.333)))
(((-125.848, -256.018), (-128.339, -256.544), (-163.029, -247.083), (-188.445, -184.521), (-140.77, -169.24), (-114.597, -181.758), (-111.432, -238.719), (-125.848, -256.018)))
(((-172.028, -529.209), (-202.902, -506.779), (-213.066, -475.496), (-126.245, -407.968), (-71.8362, -455.741), (-69.4939, -466.003), (-172.028, -529.209)))
(((-89.3653, -323.122), (-151.45, -343.817), (-156.01, -341.685), (-128.339, -256.544), (-125.848, -256.018), (-84.3752, -298.528), (-89.3653, -323.122)))
(((-85.2946, -53), (-79.0416, -91.9076), (-98.9205, -110.058), (-131.822, -111.576), (-191.464, -53), (-85.2946, -53)))
(((-87.0284, -172.986), (-114.597, -181.758), (-140.77, -169.24), (-131.822, -111.576), (-98.9205, -110.058), (-77.2005, -154.641), (-87.0284, -172.986)))
(((-50.3756, -368.459), (-123.735, -392.912), (-151.45, -343.817), (-89.3653, -323.122), (-50.3756, -368.459)))
(((-42.2892, -373.01), (-71.8362, -455.741), (-126.245, -407.968), (-123.735, -392.912), (-50.3756, -368.459), (-42.9539, -371.232), (-42.2892, -373.01)))
(((-70.7616, -234.115), (-111.432, -238.719), (-114.597, -181.758), (-87.0284, -172.986), (-59.9804, -199.283), (-70.7616, -234.115)))
(((-62.984, -287.436), (-84.3752, -298.528), (-125.848, -256.018), (-111.432, -238.719), (-70.7616, -234.115), (-53.5306, -249.622), (-62.984, -287.436)))
(((-150.773, 365.316), (-158.902, 371.221), (-177.558, 428.641), (-130.116, 479.956), (-46.4696, 469.131), (-30.0782, 405.205), (-38.222, 393.777), (-150.773, 365.316)))
(((-173.948, -530.393), (-69.4939, -466.003), (-33.4706, -484.015), (-73.7695, -616.106), (-107.902, -616.106), (-157.902, -579.779), (-173.948, -530.393)))
(((-36.3834, -140.48), (-77.2005, -154.641), (-98.9205, -110.058), (-79.0416, -91.9076), (-52.5639, -98.6474), (-32.2706, -131.262), (-36.3834, -140.48)))
(((-117.214, 596.074), (-97.9017, 610.106), (-36.0983, 610.106), (13.9017, 573.779), (14.1141, 573.125), (0.419516, 517.463), (-46.4696, 469.131), (-130.116, 479.956), (-117.214, 596.074)))
(((-123.797, 274.7), (-136.902, 284.221), (-156, 343), (-148.568, 365.874), (-38.222, 393.777), (-15.5648, 334.869), (-65.7685, 281.527), (-123.797, 274.7)))
(((-85.2946, -53), (-31.55, -53), (-26.2874, -68.4782), (-52.5639, -98.6474), (-79.0416, -91.9076), (-85.2946, -53)))
(((-42.9539, -371.232), (-50.3756, -368.459), (-89.3653, -323.122), (-84.3752, -298.528), (-62.984, -287.436), (-39.0083, -296.357), (-24.9312, -349.538), (-42.9539, -371.232)))
(((-25.7598, -165.976), (-42.5704, -196.796), (-59.9804, -199.283), (-87.0284, -172.986), (-77.2005, -154.641), (-36.3834, -140.48), (-25.7598, -165.976)))
(((-10.8281, -229.203), (-17.737, -244.008), (-53.5306, -249.622), (-70.7616, -234.115), (-59.9804, -199.283), (-42.5704, -196.796), (-11.767, -222.631), (-10.8281, -229.203)))
(((-81.8771, 135.415), (-122.902, 165.221), (-142, 224), (-125.595, 274.489), (-65.7685, 281.527), (-5.06083, 249.891), (-28.2492, 153.825), (-81.8771, 135.415)))
(((-12.3, -256.3), (-14.7753, -283.528), (-39.0083, -296.357), (-62.984, -287.436), (-53.5306, -249.622), (-17.737, -244.008), (-12.3, -256.3)))
(((-9.77643, -481.476), (-33.4706, -484.015), (-69.4939, -466.003), (-71.8362, -455.741), (-42.2892, -373.01), (10.6746, -412.965), (-9.77643, -481.476)))
(((5.31683, -118.073), (-32.2706, -131.262), (-52.5639, -98.6474), (-26.2874, -68.4782), (2.51241, -80.9145), (5.31683, -118.073)))
(((29.0013, -622.409), (12.9017, -634.106), (-48.9017, -634.106), (-73.7527, -616.05), (-33.4706, -484.015), (-9.77643, -481.476), (10.0159, -493.308), (29.0013, -622.409)))
(((14.6111, -330.08), (-24.9312, -349.538), (-39.0083, -296.357), (-14.7753, -283.528), (17.0501, -311.11), (14.6111, -330.08)))
(((-11.767, -222.631), (-42.5704, -196.796), (-25.7598, -165.976), (-10.7794, -171.89), (2.81475, -198.107), (-11.767, -222.631)))
(((-30, -23.0738), (-30, 53), (-93.7035, 53), (-90.577, 62.6225), (19.3422, 46.3382), (20.2437, -4.14883), (2.6184, -20.9349), (-30, -23.0738)))
(((68.356, 312.492), (44.8673, 262.226), (-5.06083, 249.891), (-65.7685, 281.527), (-15.5648, 334.869), (59.775, 320.42), (68.356, 312.492)))
(((-31.55, -53), (-30, -53), (-30, -23.0738), (2.6184, -20.9349), (24.4382, -62.2776), (2.51241, -80.9145), (-26.2874, -68.4782), (-31.55, -53)))
(((28, -152.5), (-10.7794, -171.89), (-25.7598, -165.976), (-36.3834, -140.48), (-32.2706, -131.262), (5.31683, -118.073), (28, -130.344), (28, -152.5)))
(((35.1696, 412.366), (-30.0782, 405.205), (-46.4696, 469.131), (0.419516, 517.463), (50.0759, 431.295), (35.1696, 412.366)))
(((-86.9289, 62.0821), (-96, 90), (-81.1641, 135.66), (-28.2492, 153.825), (-11.5544, 152.155), (42.6807, 85.1592), (38.2514, 56.7383), (19.3422, 46.3382), (-86.9289, 62.0821)))
(((17.0501, -311.11), (-14.7753, -283.528), (-12.3, -256.3), (27.581, -268.117), (22.4569, -305.01), (17.0501, -311.11)))
(((36.0835, -169.341), (31.8594, -190.039), (2.81475, -198.107), (-10.7794, -171.89), (28, -152.5), (36.0835, -169.341)))
(((59.775, 320.42), (-15.5648, 334.869), (-38.222, 393.777), (-30.0782, 405.205), (35.1696, 412.366), (59.775, 320.42)))
(((52.6682, -363.089), (17.6975, -410.776), (10.6746, -412.965), (-42.2892, -373.01), (-42.9539, -371.232), (-24.9312, -349.538), (14.6111, -330.08), (50.68, -356.13), (52.6682, -363.089)))
(((27.581, -268.117), (-12.3, -256.3), (-17.737, -244.008), (-10.8281, -229.203), (28.3108, -232.377), (34.9293, -261.687), (27.581, -268.117)))
(((58.9715, 227.57), (32.5121, 167.527), (-11.5544, 152.155), (-28.2492, 153.825), (-5.06083, 249.891), (44.8673, 262.226), (58.9715, 227.57)))
(((47.8973, -214.096), (28.3108, -232.377), (-10.8281, -229.203), (-11.767, -222.631), (2.81475, -198.107), (31.8594, -190.039), (47.8973, -214.096)))
(((51.4721, -119.185), (28, -130.344), (5.31683, -118.073), (2.51241, -80.9145), (24.4382, -62.2776), (37.0002, -62.7034), (64.6213, -94.6402), (51.4721, -119.185)))
(((37.0002, -62.7034), (24.4382, -62.2776), (2.6184, -20.9349), (20.2437, -4.14883), (68.3596, -22.0524), (37.0002, -62.7034)))
(((51.1174, -486.792), (10.0159, -493.308), (-9.77643, -481.476), (10.6746, -412.965), (17.6975, -410.776), (64.2662, -433.002), (51.1174, -486.792)))
(((68.7723, -282.304), (58.0179, -296.643), (22.4569, -305.01), (27.581, -268.117), (34.9293, -261.687), (63.0306, -263.849), (68.7723, -282.304)))
(((83.2143, 116), (42.6807, 85.1592), (-11.5544, 152.155), (32.5121, 167.527), (73.0812, 147.919), (83.2143, 116)))
(((63.0306, -263.849), (34.9293, -261.687), (28.3108, -232.377), (47.8973, -214.096), (56.2676, -215.74), (77.9948, -238.709), (63.0306, -263.849)))
(((68.3596, -22.0524), (20.2437, -4.14883), (19.3422, 46.3382), (38.2514, 56.7383), (63.2407, 44.6111), (68.7864, -21.9366), (68.3596, -22.0524)))
(((29.2508, -624.106), (10.0159, -493.308), (51.1174, -486.792), (101.192, -509.361), (73.81, -624.106), (29.2508, -624.106)))
(((50.68, -356.13), (14.6111, -330.08), (17.0501, -311.11), (22.4569, -305.01), (58.0179, -296.643), (72.1707, -330.61), (50.68, -356.13)))
(((113.087, -402.103), (106.182, -414.712), (64.2662, -433.002), (17.6975, -410.776), (52.6682, -363.089), (109.011, -395.87), (113.087, -402.103)))
(((80.3437, -185.932), (56.2676, -215.74), (47.8973, -214.096), (31.8594, -190.039), (36.0835, -169.341), (73.9947, -170.456), (80.3437, -185.932)))
(((73.9947, -170.456), (36.0835, -169.341), (28, -152.5), (28, -130.344), (51.4721, -119.185), (84.6094, -148.047), (73.9947, -170.456)))
(((12.862, 568.036), (28.0983, 579.106), (89.9017, 579.106), (91.6821, 577.812), (144.496, 505.193), (84.4034, 438.727), (50.0759, 431.295), (0.419516, 517.463), (12.862, 568.036)))
(((85.3571, -88.2857), (64.6213, -94.6402), (37.0002, -62.7034), (68.3596, -22.0524), (68.7864, -21.9366), (74.7234, -23.3191), (89.9412, -79.1176), (85.3571, -88.2857)))
(((120.347, 188.095), (73.0812, 147.919), (32.5121, 167.527), (58.9715, 227.57), (118.448, 201.244), (120.347, 188.095)))
(((102.196, -320.601), (72.1707, -330.61), (58.0179, -296.643), (68.7723, -282.304), (97.9802, -292.296), (102.196, -320.601)))
(((107.257, 318.519), (68.356, 312.492), (59.775, 320.42), (35.1696, 412.366), (50.0759, 431.295), (84.4034, 438.727), (125.522, 369.753), (110.941, 321.322), (107.257, 318.519)))
(((90.7074, 45.8788), (63.2407, 44.6111), (38.2514, 56.7383), (42.6807, 85.1592), (83.2143, 116), (120.455, 100.201), (90.7074, 45.8788)))
(((101.192, -509.361), (51.1174, -486.792), (64.2662, -433.002), (106.182, -414.712), (118.774, -498.659), (101.192, -509.361)))
(((106.701, -222.414), (93.5787, -237.41), (77.9948, -238.709), (56.2676, -215.74), (80.3437, -185.932), (105.443, -194.75), (106.701, -222.414)))
(((122.077, 6.59968), (92.7568, -18.8108), (74.7234, -23.3191), (68.7864, -21.9366), (63.2407, 44.6111), (90.7074, 45.8788), (118.514, 20.0585), (122.077, 6.59968)))
(((121.496, -123.153), (107.841, -142.832), (84.6094, -148.047), (51.4721, -119.185), (64.6213, -94.6402), (85.3571, -88.2857), (121.543, -121.457), (121.496, -123.153)))
(((117.495, -270.893), (97.9802, -292.296), (68.7723, -282.304), (63.0306, -263.849), (77.9948, -238.709), (93.5787, -237.41), (117.495, -270.893)))
(((109.011, -395.87), (52.6682, -363.089), (50.68, -356.13), (72.1707, -330.61), (102.196, -320.601), (114.817, -329.101), (109.011, -395.87)))
(((122.405, -179.727), (105.443, -194.75), (80.3437, -185.932), (73.9947, -170.456), (84.6094, -148.047), (107.841, -142.832), (122.405, -179.727)))
(((121.877, -61.7809), (89.9412, -79.1176), (74.7234, -23.3191), (92.7568, -18.8108), (121.274, -53.3313), (121.877, -61.7809)))
(((144.753, 235.769), (118.448, 201.244), (58.9715, 227.57), (44.8673, 262.226), (68.356, 312.492), (107.257, 318.519), (144.753, 235.769)))
(((141.501, 103.511), (120.455, 100.201), (83.2143, 116), (73.0812, 147.919), (120.347, 188.095), (147.614, 159.286), (141.501, 103.511)))
(((153.152, -89.8478), (121.543, -121.457), (85.3571, -88.2857), (89.9412, -79.1176), (121.877, -61.7809), (155.422, -82.0841), (153.152, -89.8478)))
(((152.341, -319.897), (114.817, -329.101), (102.196, -320.601), (97.9802, -292.296), (117.495, -270.893), (137.328, -271.247), (154.758, -313.854), (152.341, -319.897)))
(((153.757, -14.7571), (121.274, -53.3313), (92.7568, -18.8108), (122.077, 6.59968), (149.879, -6.19821), (153.757, -14.7571)))
(((161.435, 71.9215), (118.514, 20.0585), (90.7074, 45.8788), (120.455, 100.201), (141.501, 103.511), (151.887, 95.9469), (161.435, 71.9215)))
(((137.328, -271.247), (117.495, -270.893), (93.5787, -237.41), (106.701, -222.414), (141.666, -226.194), (146.161, -261.253), (137.328, -271.247)))
(((162.901, -202.968), (141.666, -226.194), (106.701, -222.414), (105.443, -194.75), (122.405, -179.727), (149.494, -183.519), (163.013, -201.422), (162.901, -202.968)))
(((202.901, 423.524), (125.522, 369.753), (84.4034, 438.727), (144.496, 505.193), (201.182, 484.548), (202.901, 423.524)))
(((149.494, -183.519), (122.405, -179.727), (107.841, -142.832), (121.496, -123.153), (159.988, -149.617), (149.494, -183.519)))
(((147.372, -399.982), (113.087, -402.103), (109.011, -395.87), (114.817, -329.101), (152.341, -319.897), (169.101, -352.177), (147.372, -399.982)))
(((74.4578, -621.391), (101.192, -509.361), (118.774, -498.659), (216.366, -502.524), (224.575, -508.681), (238, -550), (218.902, -608.779), (168.902, -645.106), (107.098, -645.106), (74.4578, -621.391)))
(((216.366, -502.524), (118.774, -498.659), (106.182, -414.712), (113.087, -402.103), (147.372, -399.982), (190.138, -429.087), (216.366, -502.524)))
(((158.831, -79.5721), (155.422, -82.0841), (121.877, -61.7809), (121.274, -53.3313), (153.757, -14.7571), (178.227, -39.2273), (158.831, -79.5721)))
(((195.921, 41.1979), (149.879, -6.19821), (122.077, 6.59968), (118.514, 20.0585), (161.435, 71.9215), (195.921, 41.1979)))
(((159.988, -149.617), (121.496, -123.153), (121.543, -121.457), (153.152, -89.8478), (186.82, -137.691), (159.988, -149.617)))
(((200.108, -256.234), (146.161, -261.253), (141.666, -226.194), (162.901, -202.968), (198.129, -247.329), (200.108, -256.234)))
(((192.467, 171.786), (147.614, 159.286), (120.347, 188.095), (118.448, 201.244), (144.753, 235.769), (182.328, 235.281), (198.608, 224.428), (192.467, 171.786)))
(((182.328, 235.281), (144.753, 235.769), (107.257, 318.519), (110.941, 321.322), (196.373, 314.287), (182.328, 235.281)))
(((203.391, -259.632), (193.132, -295.539), (154.758, -313.854), (137.328, -271.247), (146.161, -261.253), (200.108, -256.234), (203.391, -259.632)))
(((220.125, 323.992), (196.373, 314.287), (110.941, 321.322), (125.522, 369.753), (202.901, 423.524), (229.511, 380.863), (220.125, 323.992)))
(((196.5, -138.75), (196.5, -185.476), (163.013, -201.422), (149.494, -183.519), (159.988, -149.617), (186.82, -137.691), (196.5, -138.75)))
(((243.83, 130.885), (151.887, 95.9469), (141.501, 103.511), (147.614, 159.286), (192.467, 171.786), (243.83, 130.885)))
(((196.5, -138.75), (186.82, -137.691), (153.152, -89.8478), (155.422, -82.0841), (158.831, -79.5721), (203.316, -93.4739), (202.2, -135.9), (196.5, -138.75)))
(((210, -36.05), (178.227, -39.2273), (153.757, -14.7571), (149.879, -6.19821), (195.921, 41.1979), (210, 38.9831), (210, -36.05)))
(((211.215, -349.747), (169.101, -352.177), (152.341, -319.897), (154.758, -313.854), (193.132, -295.539), (217.868, -326.461), (211.215, -349.747)))
(((229.605, -376.821), (190.138, -429.087), (147.372, -399.982), (169.101, -352.177), (211.215, -349.747), (229.605, -376.821)))
(((105.621, 625), (276.379, 625), (291, 580), (272.089, 521.797), (201.841, 484.894), (200.231, 484.894), (144.496, 505.193), (91.7341, 577.741), (91, 580), (105.621, 625)))
(((210, -36.05), (210, -53), (243.222, -53), (239.383, -62.8719), (203.316, -93.4739), (158.831, -79.5721), (178.227, -39.2273), (210, -36.05)))
(((219.659, -199.299), (198.129, -247.329), (162.901, -202.968), (163.013, -201.422), (196.5, -185.476), (217.308, -194.889), (219.659, -199.299)))
(((290.278, 53), (210, 53), (210, 38.9831), (195.921, 41.1979), (161.435, 71.9215), (151.887, 95.9469), (243.83, 130.885), (289.868, 120.261), (301, 86), (290.278, 53)))
(((303.788, 243.803), (198.608, 224.428), (182.328, 235.281), (196.373, 314.287), (220.125, 323.992), (305.983, 250.56), (303.788, 243.803)))
(((239.918, -162.229), (217.308, -194.889), (196.5, -185.476), (196.5, -138.75), (202.2, -135.9), (231.919, -138.73), (239.918, -162.229)))
(((231.919, -138.73), (202.2, -135.9), (203.316, -93.4739), (239.383, -62.8719), (246.553, -125.965), (231.919, -138.73)))
(((254.724, -308.871), (217.868, -326.461), (193.132, -295.539), (203.391, -259.632), (216.122, -260.156), (238.036, -284.598), (254.724, -308.871)))
(((290.588, 120.095), (243.83, 130.885), (192.467, 171.786), (198.608, 224.428), (307.308, 244.451), (325, 190), (305.902, 131.221), (290.588, 120.095)))
(((264.52, -233.383), (216.122, -260.156), (203.391, -259.632), (200.108, -256.234), (198.129, -247.329), (219.659, -199.299), (266.803, -219.685), (264.52, -233.383)))
(((225.141, -509.106), (216.366, -502.524), (190.138, -429.087), (229.605, -376.821), (329.702, -382.306), (340, -414), (320.902, -472.779), (270.902, -509.106), (225.141, -509.106)))
(((285.047, -197.061), (266.803, -219.685), (219.659, -199.299), (217.308, -194.889), (239.918, -162.229), (286.72, -191.136), (285.047, -197.061)))
(((330.564, -382.353), (229.605, -376.821), (211.215, -349.747), (217.868, -326.461), (254.724, -308.871), (274.203, -312.117), (332.436, -376.59), (330.564, -382.353)))
(((278.274, -254.419), (238.036, -284.598), (216.122, -260.156), (264.52, -233.383), (278.274, -254.419)))
(((284.054, -261.873), (274.203, -312.117), (254.724, -308.871), (238.036, -284.598), (278.274, -254.419), (284.054, -261.873)))
(((286.72, -191.136), (239.918, -162.229), (231.919, -138.73), (246.553, -125.965), (274.593, -127.582), (299.79, -176.715), (286.72, -191.136)))
(((340.889, -53), (274.593, -127.582), (246.553, -125.965), (239.383, -62.8719), (243.222, -53), (340.889, -53)))
(((361.708, 384.168), (229.511, 380.863), (202.901, 423.524), (201.182, 484.548), (263.159, 517.106), (304.902, 517.106), (354.902, 480.779), (374, 422), (361.708, 384.168)))
(((308.723, 248.217), (220.125, 323.992), (229.511, 380.863), (362.294, 384.182), (376, 342), (356.902, 283.221), (308.723, 248.217)))
(((340.889, -53), (353.693, -53), (382.902, -74.2215), (400, -126.845), (400, -139.155), (398.027, -145.229), (299.79, -176.715), (274.593, -127.582), (340.889, -53)))
(((354.972, -258.918), (284.054, -261.873), (278.274, -254.419), (264.52, -233.383), (266.803, -219.685), (285.047, -197.061), (354.972, -258.918)))
(((400, -271.696), (400, -303.466), (386.902, -343.779), (336.902, -380.106), (335.612, -380.106), (274.203, -312.117), (284.054, -261.873), (354.972, -258.918), (400, -271.696)))
(((400, -271.696), (354.972, -258.918), (285.047, -197.061), (286.72, -191.136), (299.79, -176.715), (398.2, -145.173), (400, -146.481), (400, -271.696)))
