(((-225, -471.591), (-209.396, -471.946), (-178.687, -511.291), (-177.562, -524.567), (-225, -556.587), (-225, -471.591)))
(((-225, -398.545), (-185.999, -402.091), (-159.276, -436.351), (-159.668, -437.314), (-209.396, -471.946), (-225, -471.591), (-225, -398.545)))
(((-225, -155.769), (-192.446, -178.306), (-176.085, -216.235), (-221.305, -267.692), (-225, -267.84), (-225, -155.769)))
(((-225, -267.84), (-221.305, -267.692), (-182.487, -283.547), (-171.071, -326.766), (-183.975, -344.687), (-225, -345.42), (-225, -267.84)))
(((-225, -345.42), (-183.975, -344.687), (-174.148, -368.761), (-185.999, -402.091), (-225, -398.545), (-225, -345.42)))
(((-225, -146.148), (-225, -53), (-158.414, -53), (-153.236, -73.9686), (-166.45, -116.393), (-225, -146.148)))
(((-225, -556.587), (-177.562, -524.567), (-154.164, -541.205), (-181.652, -603.512), (-225, -603.968), (-225, -556.587)))
(((-225, -603.968), (-181.652, -603.512), (-161.088, -611.995), (-150.087, -663.996), (-225, -690.75), (-225, -603.968)))
(((-147.902, -268.985), (-182.487, -283.547), (-221.305, -267.692), (-176.085, -216.235), (-163.089, -220.821), (-144.308, -258.384), (-147.902, -268.985)))
(((-138.566, -484.544), (-178.687, -511.291), (-209.396, -471.946), (-159.668, -437.314), (-138.566, -484.544)))
(((-225, -766.964), (-225, -690.75), (-150.087, -663.996), (-130.303, -677.807), (-123.941, -695.181), (-204.777, -781.657), (-225, -766.964)))
(((-225, -155.769), (-225, -146.148), (-166.45, -116.393), (-137.781, -136.871), (-132.49, -169.94), (-192.446, -178.306), (-225, -155.769)))
(((-128.011, -374.367), (-134.89, -424.487), (-159.276, -436.351), (-185.999, -402.091), (-174.148, -368.761), (-128.3, -373.856), (-128.011, -374.367)))
(((-123.602, -177.608), (-129.324, -202.404), (-163.089, -220.821), (-176.085, -216.235), (-192.446, -178.306), (-132.49, -169.94), (-123.602, -177.608)))
(((-124.011, -330.111), (-128.3, -373.856), (-174.148, -368.761), (-183.975, -344.687), (-171.071, -326.766), (-124.521, -329.559), (-124.011, -330.111)))
(((-127.795, -540.327), (-154.164, -541.205), (-177.562, -524.567), (-178.687, -511.291), (-138.566, -484.544), (-111.255, -501.044), (-127.795, -540.327)))
(((-124.521, -329.559), (-171.071, -326.766), (-182.487, -283.547), (-147.902, -268.985), (-123.766, -291.816), (-124.521, -329.559)))
(((-122.11, -549.013), (-116.477, -599.711), (-161.088, -611.995), (-181.652, -603.512), (-154.164, -541.205), (-127.795, -540.327), (-122.11, -549.013)))
(((-108.234, -236.55), (-144.308, -258.384), (-163.089, -220.821), (-129.324, -202.404), (-108.234, -236.55)))
(((-99.0653, -114.097), (-137.781, -136.871), (-166.45, -116.393), (-153.236, -73.9686), (-97.7864, -102.404), (-99.0653, -114.097)))
(((-111.845, -601.872), (-106.274, -647.549), (-130.303, -677.807), (-150.087, -663.996), (-161.088, -611.995), (-116.477, -599.711), (-111.845, -601.872)))
(((-169.187, 625), (-126.72, 625), (-71.8934, 509.472), (-209.561, 499.639), (-223, 541), (-203.902, 599.779), (-169.187, 625)))
(((-107.591, -499.619), (-111.255, -501.044), (-138.566, -484.544), (-159.668, -437.314), (-159.276, -436.351), (-134.89, -424.487), (-116.89, -428.517), (-88.8966, -475.172), (-107.591, -499.619)))
(((-192.715, -800), (-199.902, -794.779), (-204.323, -781.171), (-123.941, -695.181), (-75.0455, -712.897), (-67.3768, -728.408), (-102.708, -800), (-192.715, -800)))
(((-111.137, 375.894), (-148.902, 375.894), (-198.902, 412.221), (-218, 471), (-208.674, 499.702), (-71.8934, 509.472), (-51.1123, 498.021), (-46.1744, 474.353), (-111.137, 375.894)))
(((-86.4133, -246.419), (-94.0664, -280.092), (-123.766, -291.816), (-147.902, -268.985), (-144.308, -258.384), (-108.234, -236.55), (-92.0846, -239.561), (-86.4133, -246.419)))
(((-90.6793, -173.428), (-123.602, -177.608), (-132.49, -169.94), (-137.781, -136.871), (-99.0653, -114.097), (-78.35, -147.856), (-90.6793, -173.428)))
(((-75.5714, -53), (-86.641, -91.7436), (-97.7864, -102.404), (-153.236, -73.9686), (-158.414, -53), (-75.5714, -53)))
(((-74.434, -410.058), (-116.89, -428.517), (-134.89, -424.487), (-128.011, -374.367), (-86.8977, -378.695), (-73.5, -407.5), (-74.434, -410.058)))
(((-74.6283, -194.829), (-92.0846, -239.561), (-108.234, -236.55), (-129.324, -202.404), (-123.602, -177.608), (-90.6793, -173.428), (-74.6283, -194.829)))
(((-86.8977, -378.695), (-128.011, -374.367), (-128.3, -373.856), (-124.011, -330.111), (-93.0599, -331.257), (-72.883, -348.33), (-86.8977, -378.695)))
(((-93.0599, -331.257), (-124.011, -330.111), (-124.521, -329.559), (-123.766, -291.816), (-94.0664, -280.092), (-76.9037, -297.868), (-93.0599, -331.257)))
(((-75.0455, -712.897), (-123.941, -695.181), (-130.303, -677.807), (-106.274, -647.549), (-53.9872, -658.987), (-75.0455, -712.897)))
(((-88.2453, -599.85), (-111.845, -601.872), (-116.477, -599.711), (-122.11, -549.013), (-80.3254, -550.406), (-64.8798, -583.356), (-88.2453, -599.85)))
(((-80.3254, -550.406), (-122.11, -549.013), (-127.795, -540.327), (-111.255, -501.044), (-107.591, -499.619), (-68.8246, -526.637), (-80.3254, -550.406)))
(((-53.9872, -658.987), (-106.274, -647.549), (-111.845, -601.872), (-88.2453, -599.85), (-52.0306, -657.031), (-53.9872, -658.987)))
(((-62.3167, -432.712), (-68.644, -469.772), (-88.8966, -475.172), (-116.89, -428.517), (-74.434, -410.058), (-62.3167, -432.712)))
(((-56.1, -296.9), (-76.9037, -297.868), (-94.0664, -280.092), (-86.4133, -246.419), (-45.0409, -252.664), (-56.1, -296.9)))
(((-48.2078, -523.201), (-68.8246, -526.637), (-107.591, -499.619), (-88.8966, -475.172), (-68.644, -469.772), (-51.7986, -477.718), (-48.2078, -523.201)))
(((-55.7779, -346.529), (-72.883, -348.33), (-93.0599, -331.257), (-76.9037, -297.868), (-56.1, -296.9), (-38.3308, -314.669), (-55.7779, -346.529)))
(((-43.7806, -120.189), (-60.5116, -143.891), (-78.35, -147.856), (-99.0653, -114.097), (-97.7864, -102.404), (-86.641, -91.7436), (-49.0781, -106.769), (-43.7806, -120.189)))
(((17.8045, 625), (27.5691, 594.947), (-51.1123, 498.021), (-71.8934, 509.472), (-126.72, 625), (17.8045, 625)))
(((-33.0203, -388.672), (-73.5, -407.5), (-86.8977, -378.695), (-72.883, -348.33), (-55.7779, -346.529), (-33.6779, -369.929), (-33.0203, -388.672)))
(((-34.4823, -203.396), (-42.6874, -251.601), (-45.0409, -252.664), (-86.4133, -246.419), (-92.0846, -239.561), (-74.6283, -194.829), (-39.3508, -199.578), (-34.4823, -203.396)))
(((-43.4492, -582.058), (-64.8798, -583.356), (-80.3254, -550.406), (-68.8246, -526.637), (-48.2078, -523.201), (-38.4734, -528.927), (-40.8432, -579.878), (-43.4492, -582.058)))
(((-43.2084, -653.896), (-52.0306, -657.031), (-88.2453, -599.85), (-64.8798, -583.356), (-43.4492, -582.058), (-29.3981, -635.707), (-43.2084, -653.896)))
(((-39.3508, -199.578), (-74.6283, -194.829), (-90.6793, -173.428), (-78.35, -147.856), (-60.5116, -143.891), (-38.1601, -160.283), (-39.3508, -199.578)))
(((-75.5714, -53), (-30, -53), (-30, -47.5), (-23.0322, -51.91), (-22.8866, -61.3701), (-49.0781, -106.769), (-86.641, -91.7436), (-75.5714, -53)))
(((-19.2549, -469.256), (-51.7986, -477.718), (-68.644, -469.772), (-62.3167, -432.712), (-23.9977, -435.267), (-19.2549, -469.256)))
(((-102.708, -800), (-67.3768, -728.408), (-14.6113, -736.13), (-3.18947, -748.863), (-9.76429, -800), (-102.708, -800)))
(((-8.63532, -409.023), (-23.9977, -435.267), (-62.3167, -432.712), (-74.434, -410.058), (-73.5, -407.5), (-33.0203, -388.672), (-8.74654, -408.631), (-8.63532, -409.023)))
(((-90.0065, 91.0483), (-121.902, 114.221), (-141, 173), (-127.678, 214), (-5.26404, 214), (2.92655, 199.981), (-29.7781, 110.787), (-90.0065, 91.0483)))
(((-127.678, 214), (-141, 255), (-121.902, 313.779), (-87.8946, 338.486), (-42.214, 332.476), (14.2856, 271.997), (-5.26404, 214), (-127.678, 214)))
(((-13.6255, -302.161), (-29.3777, -313.413), (-38.3308, -314.669), (-56.1, -296.9), (-45.0409, -252.664), (-42.6874, -251.601), (-35.6647, -254.072), (-10.1519, -293.091), (-13.6255, -302.161)))
(((-14.2712, -151.806), (-38.1601, -160.283), (-60.5116, -143.891), (-43.7806, -120.189), (-13.5209, -123.293), (-14.2712, -151.806)))
(((5.92959, -495.395), (-15.4757, -523.286), (-38.4734, -528.927), (-48.2078, -523.201), (-51.7986, -477.718), (-19.2549, -469.256), (5.58276, -482.562), (5.92959, -495.395)))
(((-14.6113, -736.13), (-67.3768, -728.408), (-75.0455, -712.897), (-53.9872, -658.987), (-52.0306, -657.031), (-43.2084, -653.896), (2.89058, -689.458), (-14.6113, -736.13)))
(((-13.5209, -123.293), (-43.7806, -120.189), (-49.0781, -106.769), (-22.8866, -61.3701), (-1.62928, -113.185), (-13.5209, -123.293)))
(((-4.08489, -350.509), (-33.6779, -369.929), (-55.7779, -346.529), (-38.3308, -314.669), (-29.3777, -313.413), (-4.08489, -350.509)))
(((3.25732, -186.019), (-8.43174, -200.305), (-34.4823, -203.396), (-39.3508, -199.578), (-38.1601, -160.283), (-14.2712, -151.806), (1.08824, -165.629), (3.25732, -186.019)))
(((-88.6365, 338.584), (-101.902, 348.221), (-110.974, 376.142), (-46.1744, 474.353), (61.8904, 425.549), (55.7202, 400.183), (-42.214, 332.476), (-88.6365, 338.584)))
(((7.92222, -577.118), (-40.8432, -579.878), (-38.4734, -528.927), (-15.4757, -523.286), (12.5102, -565.265), (7.92222, -577.118)))
(((20.1452, -624.274), (-29.3981, -635.707), (-43.4492, -582.058), (-40.8432, -579.878), (7.92222, -577.118), (23.3137, -608.431), (20.1452, -624.274)))
(((7.31802, -245.94), (-35.6647, -254.072), (-42.6874, -251.601), (-34.4823, -203.396), (-8.43174, -200.305), (12.0047, -233.182), (7.31802, -245.94)))
(((20.3652, -274.781), (-10.1519, -293.091), (-35.6647, -254.072), (7.31802, -245.94), (20.3652, -274.781)))
(((17.0889, -355), (17.605, -378.225), (-8.74654, -408.631), (-33.0203, -388.672), (-33.6779, -369.929), (-4.08489, -350.509), (13.7074, -350.887), (17.0889, -355)))
(((-30, 24.2823), (27.5, 21.5), (28.8877, 19.9712), (17.4417, -44.1266), (-23.0322, -51.91), (-30, -47.5), (-30, 24.2823)))
(((13.7074, -350.887), (-4.08489, -350.509), (-29.3777, -313.413), (-13.6255, -302.161), (19.456, -325.594), (13.7074, -350.887)))
(((26.5702, -677.196), (2.89058, -689.458), (-43.2084, -653.896), (-29.3981, -635.707), (20.1452, -624.274), (33.5254, -647.057), (26.5702, -677.196)))
(((-30, 24.2823), (-30, 53), (-101.675, 53), (-102, 54), (-89.957, 91.0645), (-29.7781, 110.787), (-2.39582, 104.859), (29.7651, 68.3124), (27.5, 21.5), (-30, 24.2823)))
(((24.99, -466.749), (5.58276, -482.562), (-19.2549, -469.256), (-23.9977, -435.267), (-8.63532, -409.023), (23.4571, -428.428), (24.99, -466.749)))
(((28.0556, -144.056), (1.08824, -165.629), (-14.2712, -151.806), (-13.5209, -123.293), (-1.62928, -113.185), (16.515, -114.805), (27.6685, -126.252), (28.0556, -144.056)))
(((41.1686, -68.2371), (16.515, -114.805), (-1.62928, -113.185), (-22.8866, -61.3701), (-23.0322, -51.91), (17.4417, -44.1266), (38.4333, -56.7833), (41.1686, -68.2371)))
(((41.3121, -544.318), (12.5102, -565.265), (-15.4757, -523.286), (5.92959, -495.395), (42.4191, -527.714), (41.3121, -544.318)))
(((46.256, -304.311), (19.456, -325.594), (-13.6255, -302.161), (-10.1519, -293.091), (20.3652, -274.781), (30.4565, -278.705), (46.256, -304.311)))
(((51.6632, 134.438), (-2.39582, 104.859), (-29.7781, 110.787), (2.92655, 199.981), (59.225, 177.919), (51.6632, 134.438)))
(((27.6975, 595.106), (51.9017, 595.106), (74.553, 578.648), (63.3611, 426.758), (61.8904, 425.549), (-46.1744, 474.353), (-51.1123, 498.021), (27.6975, 595.106)))
(((51.5263, -221.614), (12.0047, -233.182), (-8.43174, -200.305), (3.25732, -186.019), (24.5789, -187.579), (52.6757, -215.676), (51.5263, -221.614)))
(((54.8724, -410.038), (23.4571, -428.428), (-8.63532, -409.023), (-8.74654, -408.631), (17.605, -378.225), (53.6304, -398.239), (54.8724, -410.038)))
(((46.8421, -162.842), (24.5789, -187.579), (3.25732, -186.019), (1.08824, -165.629), (28.0556, -144.056), (46.8421, -162.842)))
(((56.2571, -703.262), (25.4699, -748.044), (-3.18947, -748.863), (-14.6113, -736.13), (2.89058, -689.458), (26.5702, -677.196), (56.2571, -703.262)))
(((-9.76429, -800), (-3.18947, -748.863), (25.4699, -748.044), (68.8166, -775.135), (78.6316, -800), (-9.76429, -800)))
(((64.253, -243.557), (30.4565, -278.705), (20.3652, -274.781), (7.31802, -245.94), (12.0047, -233.182), (51.5263, -221.614), (64.253, -243.557)))
(((78.033, 354.566), (38.2937, 275.087), (14.2856, 271.997), (-42.214, 332.476), (55.7202, 400.183), (78.033, 354.566)))
(((68.4574, -368.585), (53.6304, -398.239), (17.605, -378.225), (17.0889, -355), (62.9712, -355), (68.4574, -368.585)))
(((62.9712, -355), (17.0889, -355), (13.7074, -350.887), (19.456, -325.594), (46.256, -304.311), (53.2314, -306.526), (68.7286, -335.041), (62.9712, -355)))
(((59.6985, -473.282), (62.8784, -512.501), (42.4191, -527.714), (5.92959, -495.395), (5.58276, -482.562), (24.99, -466.749), (55.1319, -469.978), (59.6985, -473.282)))
(((68.4089, -592.033), (23.3137, -608.431), (7.92222, -577.118), (12.5102, -565.265), (41.3121, -544.318), (61.9124, -558.739), (68.4089, -592.033)))
(((67.5985, -118.698), (27.6685, -126.252), (16.515, -114.805), (41.1686, -68.2371), (71.6851, -97.8561), (67.5985, -118.698)))
(((67.2788, -169.558), (56.0733, -211.89), (52.6757, -215.676), (24.5789, -187.579), (46.8421, -162.842), (65.5806, -165.397), (67.2788, -169.558)))
(((96.2359, 86.5179), (95.0646, 84.9846), (29.7651, 68.3124), (-2.39582, 104.859), (51.6632, 134.438), (95.9899, 91.1928), (96.2359, 86.5179)))
(((83.0046, 188.979), (59.225, 177.919), (2.92655, 199.981), (-5.26404, 214), (14.2856, 271.997), (38.2937, 275.087), (88.9613, 253.651), (83.0046, 188.979)))
(((70.8032, -421.223), (55.1319, -469.978), (24.99, -466.749), (23.4571, -428.428), (54.8724, -410.038), (70.8032, -421.223)))
(((80.1915, -139.219), (65.5806, -165.397), (46.8421, -162.842), (28.0556, -144.056), (27.6685, -126.252), (67.5985, -118.698), (80.1915, -139.219)))
(((87.7865, -32.1067), (38.4333, -56.7833), (17.4417, -44.1266), (28.8877, 19.9712), (49.1672, 17.326), (87.7865, -32.1067)))
(((93.1632, -712.916), (68.8166, -775.135), (25.4699, -748.044), (56.2571, -703.262), (85.0586, -705.091), (93.1632, -712.916)))
(((97.0135, -639.014), (90.8508, -644.852), (33.5254, -647.057), (20.1452, -624.274), (23.3137, -608.431), (68.4089, -592.033), (80.0696, -597.639), (98.8469, -635.194), (97.0135, -639.014)))
(((73.4948, -247.664), (79.507, -288.548), (53.2314, -306.526), (46.256, -304.311), (30.4565, -278.705), (64.253, -243.557), (73.4948, -247.664)))
(((88.8062, 38.0464), (49.1672, 17.326), (28.8877, 19.9712), (27.5, 21.5), (29.7651, 68.3124), (95.0646, 84.9846), (88.8062, 38.0464)))
(((85.0586, -705.091), (56.2571, -703.262), (26.5702, -677.196), (33.5254, -647.057), (90.8508, -644.852), (85.0586, -705.091)))
(((103.215, -532.62), (100.911, -542.895), (61.9124, -558.739), (41.3121, -544.318), (42.4191, -527.714), (62.8784, -512.501), (99.1864, -519.416), (103.215, -532.62)))
(((103.022, -470.328), (59.6985, -473.282), (55.1319, -469.978), (70.8032, -421.223), (98.4931, -423.696), (113.039, -443.463), (103.022, -470.328)))
(((107.979, -54.6022), (92.312, -89.4178), (71.6851, -97.8561), (41.1686, -68.2371), (38.4333, -56.7833), (87.7865, -32.1067), (93.934, -32.5858), (107.979, -54.6022)))
(((93.9945, -204.597), (56.0733, -211.89), (67.2788, -169.558), (98.0508, -185.475), (93.9945, -204.597)))
(((111.787, -492.64), (99.1864, -519.416), (62.8784, -512.501), (59.6985, -473.282), (103.022, -470.328), (111.787, -492.64)))
(((118.305, 268.495), (88.9613, 253.651), (38.2937, 275.087), (78.033, 354.566), (137.965, 314.024), (118.305, 268.495)))
(((98.4931, -423.696), (70.8032, -421.223), (54.8724, -410.038), (53.6304, -398.239), (68.4574, -368.585), (114.158, -379.466), (98.4931, -423.696)))
(((93.934, -32.5858), (87.7865, -32.1067), (49.1672, 17.326), (88.8062, 38.0464), (122.013, 3.91706), (93.934, -32.5858)))
(((113.75, -239.449), (73.4948, -247.664), (64.253, -243.557), (51.5263, -221.614), (52.6757, -215.676), (56.0733, -211.89), (93.9945, -204.597), (115.122, -235.732), (113.75, -239.449)))
(((111.671, -568.379), (80.0696, -597.639), (68.4089, -592.033), (61.9124, -558.739), (100.911, -542.895), (111.671, -568.379)))
(((106.898, -329.315), (68.7286, -335.041), (53.2314, -306.526), (79.507, -288.548), (112.176, -294.626), (106.898, -329.315)))
(((95.9899, 91.1928), (51.6632, 134.438), (59.225, 177.919), (83.0046, 188.979), (142.307, 161.955), (95.9899, 91.1928)))
(((130.244, -369.105), (114.158, -379.466), (68.4574, -368.585), (62.9712, -355), (68.7286, -335.041), (106.898, -329.315), (129.761, -357.029), (130.244, -369.105)))
(((131.986, -279.57), (112.176, -294.626), (79.507, -288.548), (73.4948, -247.664), (113.75, -239.449), (131.986, -279.57)))
(((121.909, -173.545), (98.0508, -185.475), (67.2788, -169.558), (65.5806, -165.397), (80.1915, -139.219), (101.968, -139.646), (121.909, -173.545)))
(((121.943, -118.383), (101.968, -139.646), (80.1915, -139.219), (67.5985, -118.698), (71.6851, -97.8561), (92.312, -89.4178), (122.456, -114.924), (121.943, -118.383)))
(((78.6316, -800), (68.8166, -775.135), (93.1632, -712.916), (129.89, -717.749), (120.326, -800), (78.6316, -800)))
(((138.24, -619.049), (98.8469, -635.194), (80.0696, -597.639), (111.671, -568.379), (137.448, -579.586), (146.106, -601.418), (138.24, -619.049)))
(((136.726, -194.048), (116.459, -234.582), (115.122, -235.732), (93.9945, -204.597), (98.0508, -185.475), (121.909, -173.545), (125.382, -174.538), (136.726, -194.048)))
(((131.268, -717.187), (129.89, -717.749), (93.1632, -712.916), (85.0586, -705.091), (90.8508, -644.852), (97.0135, -639.014), (148.922, -690.922), (131.268, -717.187)))
(((74.6928, 580.546), (85.0983, 588.106), (146.902, 588.106), (167.305, 573.282), (145.04, 434.122), (63.3611, 426.758), (74.6928, 580.546)))
(((145.257, -93.4641), (122.456, -114.924), (92.312, -89.4178), (107.979, -54.6022), (127.204, -60.894), (145.461, -90.561), (145.257, -93.4641)))
(((136.376, 6.75175), (122.013, 3.91706), (88.8062, 38.0464), (95.0646, 84.9846), (96.2359, 86.5179), (153.697, 64.491), (136.376, 6.75175)))
(((163.555, 165.466), (142.307, 161.955), (83.0046, 188.979), (88.9613, 253.651), (118.305, 268.495), (168.015, 220.901), (163.555, 165.466)))
(((218.908, 346.096), (137.965, 314.024), (78.033, 354.566), (55.7202, 400.183), (61.8904, 425.549), (63.3611, 426.758), (145.04, 434.122), (220.815, 390.035), (227, 371), (218.908, 346.096)))
(((153.92, -149.683), (125.382, -174.538), (121.909, -173.545), (101.968, -139.646), (121.943, -118.383), (153.959, -147.615), (153.92, -149.683)))
(((137.448, -579.586), (111.671, -568.379), (100.911, -542.895), (103.215, -532.62), (164.675, -534.602), (137.448, -579.586)))
(((167.231, -438.133), (113.039, -443.463), (98.4931, -423.696), (114.158, -379.466), (130.244, -369.105), (149.16, -380.394), (175.099, -421.155), (167.231, -438.133)))
(((164.675, -534.602), (103.215, -532.62), (99.1864, -519.416), (111.787, -492.64), (162.596, -498.163), (165.873, -506.121), (165.055, -534.342), (164.675, -534.602)))
(((168.348, -312.011), (129.761, -357.029), (106.898, -329.315), (112.176, -294.626), (131.986, -279.57), (161.067, -286.162), (168.348, -312.011)))
(((167.497, -678.937), (148.922, -690.922), (97.0135, -639.014), (98.8469, -635.194), (138.24, -619.049), (169.067, -657.584), (167.497, -678.937)))
(((173.5, -29.5323), (127.204, -60.894), (107.979, -54.6022), (93.934, -32.5858), (122.013, 3.91706), (136.376, 6.75175), (179.795, -18.161), (173.5, -29.5323)))
(((173.669, -459.407), (162.596, -498.163), (111.787, -492.64), (103.022, -470.328), (113.039, -443.463), (167.231, -438.133), (173.669, -459.407)))
(((181.538, 154.143), (164.034, 68.2122), (153.697, 64.491), (96.2359, 86.5179), (95.9899, 91.1928), (142.307, 161.955), (163.555, 165.466), (181.538, 154.143)))
(((162.332, -229.289), (116.459, -234.582), (136.726, -194.048), (155.84, -198.144), (167.308, -216.493), (162.332, -229.289)))
(((120.326, -800), (129.89, -717.749), (131.268, -717.187), (202.462, -767.023), (219.994, -800), (120.326, -800)))
(((161.067, -286.162), (131.986, -279.57), (113.75, -239.449), (115.122, -235.732), (116.459, -234.582), (162.332, -229.289), (177.239, -270.283), (161.067, -286.162)))
(((153.959, -147.615), (121.943, -118.383), (122.456, -114.924), (145.257, -93.4641), (176.029, -119.108), (153.959, -147.615)))
(((180.782, -172.069), (155.84, -198.144), (136.726, -194.048), (125.382, -174.538), (153.92, -149.683), (180.782, -172.069)))
(((173.5, -72.5357), (145.461, -90.561), (127.204, -60.894), (173.5, -29.5323), (173.5, -72.5357)))
(((198.761, -347.326), (149.16, -380.394), (130.244, -369.105), (129.761, -357.029), (168.348, -312.011), (203.049, -336.995), (198.761, -347.326)))
(((179.556, -596.915), (146.106, -601.418), (137.448, -579.586), (164.675, -534.602), (165.055, -534.342), (204.918, -558.873), (179.556, -596.915)))
(((219.087, 346.167), (220.75, 344.958), (207.965, 251.973), (168.015, 220.901), (118.305, 268.495), (137.965, 314.024), (219.087, 346.167)))
(((210, -11.2663), (179.795, -18.161), (136.376, 6.75175), (153.697, 64.491), (164.034, 68.2122), (210, 48.8203), (210, -11.2663)))
(((201.059, -116.327), (176.029, -119.108), (145.257, -93.4641), (145.461, -90.561), (173.5, -72.5357), (193.992, -84.9773), (203.31, -111.599), (201.059, -116.327)))
(((202.462, -767.023), (131.268, -717.187), (148.922, -690.922), (167.497, -678.937), (199.626, -694.72), (202.462, -767.023)))
(((202.072, -632.608), (169.067, -657.584), (138.24, -619.049), (146.106, -601.418), (179.556, -596.915), (201.587, -624.03), (202.072, -632.608)))
(((205.888, -181.46), (198.213, -212.857), (167.308, -216.493), (155.84, -198.144), (180.782, -172.069), (195.24, -172.625), (205.888, -181.46)))
(((202.413, -119.543), (195.24, -172.625), (180.782, -172.069), (153.92, -149.683), (153.959, -147.615), (176.029, -119.108), (201.059, -116.327), (202.413, -119.543)))
(((205.024, -225), (196.403, -264.277), (177.239, -270.283), (162.332, -229.289), (167.308, -216.493), (198.213, -212.857), (205.024, -225)))
(((175.099, -421.155), (149.16, -380.394), (198.761, -347.326), (207.591, -409.138), (175.099, -421.155)))
(((210, -11.2663), (210, -53), (213.457, -53), (193.992, -84.9773), (173.5, -72.5357), (173.5, -29.5323), (179.795, -18.161), (210, -11.2663)))
(((224.583, 387.843), (145.04, 434.122), (167.757, 576.106), (221.902, 576.106), (271.902, 539.779), (291, 481), (271.902, 422.221), (224.583, 387.843)))
(((284.328, 53), (210, 53), (210, 48.8203), (164.034, 68.2122), (181.538, 154.143), (280.595, 142.489), (297, 92), (284.328, 53)))
(((211.167, -504.611), (165.873, -506.121), (162.596, -498.163), (173.669, -459.407), (222.653, -474.939), (211.167, -504.611)))
(((225.535, -557.023), (204.918, -558.873), (165.055, -534.342), (165.873, -506.121), (211.167, -504.611), (237.194, -547.99), (225.535, -557.023)))
(((239.718, -677.954), (199.626, -694.72), (167.497, -678.937), (169.067, -657.584), (202.072, -632.608), (246.7, -660.5), (239.718, -677.954)))
(((227.73, -285.792), (211.793, -334.931), (203.049, -336.995), (168.348, -312.011), (161.067, -286.162), (177.239, -270.283), (196.403, -264.277), (222.009, -273.106), (227.73, -285.792)))
(((231.344, -596.86), (201.587, -624.03), (179.556, -596.915), (204.918, -558.873), (225.535, -557.023), (231.344, -596.86)))
(((278.797, 142.7), (181.538, 154.143), (163.555, 165.466), (168.015, 220.901), (207.965, 251.973), (298.358, 172.091), (291.902, 152.221), (278.797, 142.7)))
(((249.328, -465.879), (222.653, -474.939), (173.669, -459.407), (167.231, -438.133), (175.099, -421.155), (207.591, -409.138), (215.91, -409.991), (241.159, -435.841), (253.085, -461.459), (249.328, -465.879)))
(((213.457, -53), (239.02, -53), (238.197, -93.3631), (203.31, -111.599), (193.992, -84.9773), (213.457, -53)))
(((233.279, -178.626), (205.888, -181.46), (195.24, -172.625), (202.413, -119.543), (237.731, -143.9), (233.279, -178.626)))
(((248.673, -378.137), (215.91, -409.991), (207.591, -409.138), (198.761, -347.326), (203.049, -336.995), (211.793, -334.931), (241.638, -344.879), (248.673, -378.137)))
(((247.271, -228.381), (245.166, -252.596), (222.009, -273.106), (196.403, -264.277), (205.024, -225), (244.312, -225), (247.271, -228.381)))
(((241.205, -183.561), (244.312, -225), (205.024, -225), (198.213, -212.857), (205.888, -181.46), (233.279, -178.626), (241.205, -183.561)))
(((219.994, -800), (202.462, -767.023), (199.626, -694.72), (239.718, -677.954), (262.115, -724.539), (243.25, -800), (219.994, -800)))
(((267.422, -645.698), (246.7, -660.5), (202.072, -632.608), (201.587, -624.03), (231.344, -596.86), (272.684, -634.066), (267.422, -645.698)))
(((241.646, -546.74), (237.194, -547.99), (211.167, -504.611), (222.653, -474.939), (249.328, -465.879), (252.786, -538.506), (241.646, -546.74)))
(((275.645, -122.713), (237.731, -143.9), (202.413, -119.543), (201.059, -116.327), (203.31, -111.599), (238.197, -93.3631), (273.828, -114.907), (275.645, -122.713)))
(((274.959, -323.118), (241.638, -344.879), (211.793, -334.931), (227.73, -285.792), (280.518, -306.907), (274.959, -323.118)))
(((298.226, 172.208), (207.965, 251.973), (221.022, 346.933), (223.105, 349.106), (279.902, 349.106), (329.902, 312.779), (349, 254), (329.902, 195.221), (298.226, 172.208)))
(((291.355, -296.621), (280.518, -306.907), (227.73, -285.792), (222.009, -273.106), (245.166, -252.596), (288.692, -273.658), (291.355, -296.621)))
(((272.684, -634.066), (231.344, -596.86), (225.535, -557.023), (237.194, -547.99), (241.646, -546.74), (281.229, -598.198), (273.207, -633.628), (272.684, -634.066)))
(((276.957, -400.043), (241.159, -435.841), (215.91, -409.991), (248.673, -378.137), (278.58, -388.954), (276.957, -400.043)))
(((278.875, -126.133), (279.789, -169.067), (273.103, -179.096), (241.205, -183.561), (233.279, -178.626), (237.731, -143.9), (275.645, -122.713), (278.875, -126.133)))
(((282.637, -222.941), (247.271, -228.381), (244.312, -225), (241.205, -183.561), (273.103, -179.096), (290.905, -212.919), (282.637, -222.941)))
(((308.074, -53), (273.828, -114.907), (238.197, -93.3631), (239.02, -53), (308.074, -53)))
(((288.692, -273.658), (245.166, -252.596), (247.271, -228.381), (282.637, -222.941), (290.739, -268.853), (288.692, -273.658)))
(((282.554, -454.374), (272.86, -460.952), (253.085, -461.459), (241.159, -435.841), (276.957, -400.043), (290.909, -440.349), (282.554, -454.374)))
(((305.827, -531.782), (252.786, -538.506), (249.328, -465.879), (253.085, -461.459), (272.86, -460.952), (312.781, -526.278), (305.827, -531.782)))
(((300.786, -378.899), (278.58, -388.954), (248.673, -378.137), (241.638, -344.879), (274.959, -323.118), (303.675, -366.766), (300.786, -378.899)))
(((317.41, -698.821), (262.115, -724.539), (239.718, -677.954), (246.7, -660.5), (267.422, -645.698), (317.413, -698.814), (317.41, -698.821)))
(((304.859, -578.259), (281.229, -598.198), (241.646, -546.74), (252.786, -538.506), (305.827, -531.782), (304.859, -578.259)))
(((316.281, -425.948), (290.909, -440.349), (276.957, -400.043), (278.58, -388.954), (300.786, -378.899), (324.898, -403.646), (316.281, -425.948)))
(((243.25, -800), (262.115, -724.539), (317.41, -698.821), (333.929, -800), (243.25, -800)))
(((329.03, -174.091), (326.565, -207.366), (322.383, -211.731), (290.905, -212.919), (273.103, -179.096), (279.789, -169.067), (327.757, -172.162), (329.03, -174.091)))
(((327.244, -243.676), (290.739, -268.853), (282.637, -222.941), (290.905, -212.919), (322.383, -211.731), (327.244, -243.676)))
(((327.757, -172.162), (279.789, -169.067), (278.875, -126.133), (326.114, -132.746), (327.757, -172.162)))
(((325.792, -629.872), (273.207, -633.628), (281.229, -598.198), (304.859, -578.259), (340.989, -602.734), (325.792, -629.872)))
(((345.793, -475.297), (315.359, -525.702), (312.781, -526.278), (272.86, -460.952), (282.554, -454.374), (345.5, -474.607), (345.793, -475.297)))
(((332.188, -348.945), (303.675, -366.766), (274.959, -323.118), (280.518, -306.907), (291.355, -296.621), (335.048, -305.099), (332.188, -348.945)))
(((308.074, -53), (311, -53), (342.365, -118.866), (326.114, -132.746), (278.875, -126.133), (275.645, -122.713), (273.828, -114.907), (308.074, -53)))
(((355.611, -678.86), (317.413, -698.814), (267.422, -645.698), (272.684, -634.066), (273.207, -633.628), (325.792, -629.872), (355.611, -678.86)))
(((345.5, -474.607), (282.554, -454.374), (290.909, -440.349), (316.281, -425.948), (345.5, -459.55), (345.5, -474.607)))
(((353.489, -276.83), (339.754, -302.88), (335.048, -305.099), (291.355, -296.621), (288.692, -273.658), (290.739, -268.853), (327.244, -243.676), (354.572, -263.413), (353.489, -276.83)))
(((340.989, -602.734), (304.859, -578.259), (305.827, -531.782), (312.781, -526.278), (315.359, -525.702), (350.203, -543.685), (348.857, -598.867), (340.989, -602.734)))
(((350.873, -401.284), (324.898, -403.646), (300.786, -378.899), (303.675, -366.766), (332.188, -348.945), (373.835, -372.582), (350.873, -401.284)))
(((363.784, -428.467), (345.5, -459.55), (316.281, -425.948), (324.898, -403.646), (350.873, -401.284), (363.784, -428.467)))
(((400, -684), (400, -800), (333.929, -800), (317.41, -698.821), (317.413, -698.814), (355.611, -678.86), (400, -684)))
(((400, -217.857), (400, -223.524), (354.572, -263.413), (327.244, -243.676), (322.383, -211.731), (326.565, -207.366), (400, -217.857)))
(((400, -166.419), (329.03, -174.091), (327.757, -172.162), (326.114, -132.746), (342.365, -118.866), (400, -119.713), (400, -166.419)))
(((311, -53), (400, -53), (400, -119.713), (342.365, -118.866), (311, -53)))
(((400, -217.857), (326.565, -207.366), (329.03, -174.091), (400, -166.419), (400, -217.857)))
(((400, -335.207), (400, -363.979), (373.835, -372.582), (332.188, -348.945), (335.048, -305.099), (339.754, -302.88), (400, -335.207)))
(((400, -684), (355.611, -678.86), (325.792, -629.872), (340.989, -602.734), (348.857, -598.867), (400, -609.448), (400, -684)))
(((400, -536.571), (350.203, -543.685), (315.359, -525.702), (345.793, -475.297), (400, -487.042), (400, -536.571)))
(((400, -609.448), (348.857, -598.867), (350.203, -543.685), (400, -536.571), (400, -609.448)))
(((400, -487.042), (345.793, -475.297), (345.5, -474.607), (345.5, -459.55), (363.784, -428.467), (400, -434.038), (400, -487.042)))
(((400, -335.207), (339.754, -302.88), (353.489, -276.83), (400, -290.396), (400, -335.207)))
(((400, -434.038), (363.784, -428.467), (350.873, -401.284), (373.835, -372.582), (400, -363.979), (400, -434.038)))
(((400, -290.396), (353.489, -276.83), (354.572, -263.413), (400, -223.524), (400, -290.396)))
