(((-225, -777.106), (-225, -636.179), (-183.15, -661.447), (-169.258, -723.426), (-186.033, -777.106), (-225, -777.106)))
(((-225, -465.519), (-188.781, -472.226), (-187.994, -472.849), (-167.281, -528.084), (-225, -555.948), (-225, -465.519)))
(((-225, -183.5), (-167.287, -183.5), (-160.51, -190.001), (-175.794, -227.848), (-225, -255.582), (-225, -183.5)))
(((-225, -116.082), (-175.872, -143.152), (-167.287, -183.5), (-225, -183.5), (-225, -116.082)))
(((-225, -555.948), (-167.281, -528.084), (-145.368, -546.491), (-183.07, -592.191), (-225, -597.291), (-225, -555.948)))
(((-225, -266.333), (-166.375, -285.875), (-154.151, -322.547), (-163.654, -345.116), (-225, -348.432), (-225, -266.333)))
(((-225, -397.871), (-153.445, -401.96), (-147.432, -417.539), (-188.781, -472.226), (-225, -465.519), (-225, -397.871)))
(((-225, -348.432), (-163.654, -345.116), (-144.747, -365.159), (-153.445, -401.96), (-225, -397.871), (-225, -348.432)))
(((-225, -597.291), (-183.07, -592.191), (-145.197, -620.826), (-139.967, -633.379), (-183.15, -661.447), (-225, -636.179), (-225, -597.291)))
(((-225, -60.8889), (-132.011, -119.438), (-132.717, -121.022), (-175.872, -143.152), (-225, -116.082), (-225, -60.8889)))
(((-225, -266.333), (-225, -255.582), (-175.794, -227.848), (-127.798, -257.492), (-127.62, -259.689), (-166.375, -285.875), (-225, -266.333)))
(((-225, -60.8889), (-225, -53), (-110.221, -53), (-126.382, -114.613), (-132.011, -119.438), (-225, -60.8889)))
(((-225, 528.481), (-225, 625), (-102.946, 625), (-117.271, 544.78), (-214.812, 521.078), (-225, 528.481)))
(((-132.316, -637.381), (-125.947, -685.15), (-169.258, -723.426), (-183.15, -661.447), (-139.967, -633.379), (-132.316, -637.381)))
(((-133.969, -188.105), (-160.51, -190.001), (-167.287, -183.5), (-175.872, -143.152), (-132.717, -121.022), (-120.9, -174.202), (-133.969, -188.105)))
(((-115.063, -566.207), (-145.197, -620.826), (-183.07, -592.191), (-145.368, -546.491), (-133.07, -546.787), (-115.063, -566.207)))
(((-133.07, -546.787), (-145.368, -546.491), (-167.281, -528.084), (-187.994, -472.849), (-128.543, -478.157), (-108.783, -506.562), (-133.07, -546.787)))
(((-127.798, -257.492), (-175.794, -227.848), (-160.51, -190.001), (-133.969, -188.105), (-112.909, -229.309), (-127.798, -257.492)))
(((-116.382, -307.638), (-154.151, -322.547), (-166.375, -285.875), (-127.62, -259.689), (-111.626, -277.914), (-116.382, -307.638)))
(((-109.466, -445.567), (-128.543, -478.157), (-187.994, -472.849), (-188.781, -472.226), (-147.432, -417.539), (-119.222, -426.056), (-109.466, -445.567)))
(((-225, 482.922), (-225, 489.078), (-214.584, 521.134), (-117.271, 544.78), (-80.0146, 521.292), (-111.237, 390.894), (-156.902, 390.894), (-206.902, 427.221), (-225, 482.922)))
(((-116.558, -364.264), (-144.747, -365.159), (-163.654, -345.116), (-154.151, -322.547), (-116.382, -307.638), (-96.5, -330.833), (-116.558, -364.264)))
(((-89.8033, -390.333), (-119.222, -426.056), (-147.432, -417.539), (-153.445, -401.96), (-144.747, -365.159), (-116.558, -364.264), (-89.8033, -390.333)))
(((-89.7367, -629.442), (-132.316, -637.381), (-139.967, -633.379), (-145.197, -620.826), (-115.063, -566.207), (-98.2241, -572.741), (-89.6128, -629.33), (-89.7367, -629.442)))
(((-153.682, -800), (-185.878, -776.608), (-169.258, -723.426), (-125.947, -685.15), (-83.3996, -691.229), (-60.5479, -711.062), (-128.962, -800), (-153.682, -800)))
(((-83.3996, -691.229), (-125.947, -685.15), (-132.316, -637.381), (-89.7367, -629.442), (-83.3996, -691.229)))
(((-95.9839, -172.016), (-120.9, -174.202), (-132.717, -121.022), (-132.011, -119.438), (-126.382, -114.613), (-92.6381, -125.58), (-80.1177, -148.534), (-95.9839, -172.016)))
(((-80.6114, -224.243), (-112.909, -229.309), (-133.969, -188.105), (-120.9, -174.202), (-95.9839, -172.016), (-69.0286, -198.971), (-80.6114, -224.243)))
(((-75.2105, -474), (-89.6431, -504.469), (-108.783, -506.562), (-128.543, -478.157), (-109.466, -445.567), (-85.3143, -450.003), (-75.2105, -474)))
(((-71.2258, -563.742), (-98.2241, -572.741), (-115.063, -566.207), (-133.07, -546.787), (-108.783, -506.562), (-89.6431, -504.469), (-69.0637, -518.338), (-71.2258, -563.742)))
(((-75.9155, -277.214), (-111.626, -277.914), (-127.62, -259.689), (-127.798, -257.492), (-112.909, -229.309), (-80.6114, -224.243), (-62.9258, -248.637), (-75.9155, -277.214)))
(((-77.4194, -53), (-57.6782, -93.7984), (-92.6381, -125.58), (-126.382, -114.613), (-110.221, -53), (-77.4194, -53)))
(((-64.0356, -293.693), (-77.6492, -329.088), (-96.5, -330.833), (-116.382, -307.638), (-111.626, -277.914), (-75.9155, -277.214), (-64.0356, -293.693)))
(((-55.9889, -424.233), (-85.3143, -450.003), (-109.466, -445.567), (-119.222, -426.056), (-89.8033, -390.333), (-79.0302, -390.976), (-56.2163, -409.227), (-55.9889, -424.233)))
(((-57.9253, -346.283), (-79.0302, -390.976), (-89.8033, -390.333), (-116.558, -364.264), (-96.5, -330.833), (-77.6492, -329.088), (-57.9253, -346.283)))
(((-56.8574, -627.217), (-89.6128, -629.33), (-98.2241, -572.741), (-71.2258, -563.742), (-59.7298, -568.102), (-43.6337, -609.952), (-56.8574, -627.217)))
(((-37.2992, -110.258), (-53.5751, -146.065), (-80.1177, -148.534), (-92.6381, -125.58), (-57.6782, -93.7984), (-37.2992, -110.258)))
(((16.7288, 625), (16.773, 624.864), (-41.446, 525.892), (-80.0146, 521.292), (-117.271, 544.78), (-102.946, 625), (16.7288, 625)))
(((-60.4458, -711.043), (-60.5479, -711.062), (-83.3996, -691.229), (-89.7367, -629.442), (-89.6128, -629.33), (-56.8574, -627.217), (-28.0064, -674.932), (-60.4458, -711.043)))
(((-43.4554, -163.665), (-54.9234, -194.792), (-69.0286, -198.971), (-95.9839, -172.016), (-80.1177, -148.534), (-53.5751, -146.065), (-43.4554, -163.665)))
(((-37.5182, -511.108), (-69.0637, -518.338), (-89.6431, -504.469), (-75.2105, -474), (-39.2442, -474), (-37.5182, -511.108)))
(((-39.2442, -474), (-75.2105, -474), (-85.3143, -450.003), (-55.9889, -424.233), (-26.2732, -456.57), (-39.2442, -474)))
(((-94.9919, 380.499), (-110.95, 392.093), (-80.0146, 521.292), (-41.446, 525.892), (4.08862, 470.324), (-51.7683, 392.124), (-94.9919, 380.499)))
(((-34.1706, -345.435), (-57.9253, -346.283), (-77.6492, -329.088), (-64.0356, -293.693), (-38.0548, -295.952), (-33.1713, -344.787), (-34.1706, -345.435)))
(((-33.2254, -246.212), (-62.9258, -248.637), (-80.6114, -224.243), (-69.0286, -198.971), (-54.9234, -194.792), (-30.6962, -208.117), (-25.5645, -231.21), (-33.2254, -246.212)))
(((-20.2824, -552.507), (-59.7298, -568.102), (-71.2258, -563.742), (-69.0637, -518.338), (-37.5182, -511.108), (-10.8079, -528.203), (-20.2824, -552.507)))
(((-31.1117, -395.906), (-56.2163, -409.227), (-79.0302, -390.976), (-57.9253, -346.283), (-34.1706, -345.435), (-31.1117, -395.906)))
(((-128.962, -800), (-60.5479, -711.062), (-60.4458, -711.043), (-15.8834, -746.693), (-19.3226, -800), (-128.962, -800)))
(((-13.085, -280.854), (-38.0548, -295.952), (-64.0356, -293.693), (-75.9155, -277.214), (-62.9258, -248.637), (-33.2254, -246.212), (-13.085, -280.854)))
(((1.42878, -602.884), (-43.6337, -609.952), (-59.7298, -568.102), (-20.2824, -552.507), (2.47254, -600.292), (1.42878, -602.884)))
(((0.503282, -184.197), (-30.6962, -208.117), (-54.9234, -194.792), (-43.4554, -163.665), (-11.4195, -165.396), (0.503282, -184.197)))
(((-77.4194, -53), (-30, -53), (-30, -22.0743), (-21.9122, -23.3555), (-11.6457, -31.1638), (-14.0973, -109.614), (-37.2992, -110.258), (-57.6782, -93.7984), (-77.4194, -53)))
(((2.3535, -116.565), (-11.4195, -165.396), (-43.4554, -163.665), (-53.5751, -146.065), (-37.2992, -110.258), (-14.0973, -109.614), (2.3535, -116.565)))
(((6.946, -667.853), (-28.0064, -674.932), (-56.8574, -627.217), (-43.6337, -609.952), (1.42878, -602.884), (13.6823, -638.53), (6.946, -667.853)))
(((5.80968, -413.927), (-16.7739, -455.707), (-26.2732, -456.57), (-55.9889, -424.233), (-56.2163, -409.227), (-31.1117, -395.906), (3.56193, -400.665), (5.80968, -413.927)))
(((-81.9416, 166.266), (-103.902, 182.221), (-123, 241), (-107.115, 289.889), (-7.50418, 281.488), (34.5926, 251.154), (34.2992, 217.408), (-53.405, 166.849), (-81.9416, 166.266)))
(((8.53226, -311.513), (-30.8358, -344.582), (-33.1713, -344.787), (-38.0548, -295.952), (-13.085, -280.854), (-12.8099, -280.923), (8.53226, -311.513)))
(((-106.678, 53), (-120, 94), (-100.902, 152.779), (-82.3485, 166.258), (-53.405, 166.849), (20.6659, 111.893), (28.8476, 65.5304), (28.6244, 65.2145), (-88.2857, 53), (-106.678, 53)))
(((18.7258, -492.05), (-3.88408, -525.642), (-10.8079, -528.203), (-37.5182, -511.108), (-39.2442, -474), (-26.2732, -456.57), (-16.7739, -455.707), (14.1166, -476.524), (18.7258, -492.05)))
(((3.56193, -400.665), (-31.1117, -395.906), (-34.1706, -345.435), (-33.1713, -344.787), (-30.8358, -344.582), (0.285714, -360.143), (12.9844, -388.715), (3.56193, -400.665)))
(((-104.855, 289.699), (-116, 324), (-97.8963, 379.718), (-51.7683, 392.124), (21.031, 361.387), (-7.50418, 281.488), (-104.855, 289.699)))
(((-30, -22.0743), (-30, 53), (-88.2857, 53), (28.6244, 65.2145), (29.1855, 41.3682), (-21.9122, -23.3555), (-30, -22.0743)))
(((23.3101, -730.726), (-15.8834, -746.693), (-60.4458, -711.043), (-28.0064, -674.932), (6.946, -667.853), (22.5312, -682.432), (23.3101, -730.726)))
(((14.8406, -228.833), (-25.5645, -231.21), (-30.6962, -208.117), (0.503282, -184.197), (6.87234, -186.245), (20.0325, -212.565), (14.8406, -228.833)))
(((25.7069, -254.569), (-12.8099, -280.923), (-13.085, -280.854), (-33.2254, -246.212), (-25.5645, -231.21), (14.8406, -228.833), (25.7069, -254.569)))
(((22.5714, -332.286), (0.285714, -360.143), (-30.8358, -344.582), (8.53226, -311.513), (10.6053, -312.342), (22.5714, -332.286)))
(((21.2946, -47.6886), (19.5588, -108.441), (12.5548, -115.445), (2.3535, -116.565), (-14.0973, -109.614), (-11.6457, -31.1638), (17.7443, -40.1441), (21.2946, -47.6886)))
(((33.6566, -581.2), (2.47254, -600.292), (-20.2824, -552.507), (-10.8079, -528.203), (-3.88408, -525.642), (39.292, -554.047), (33.6566, -581.2)))
(((27.8749, -135.074), (32.4223, -168.725), (6.87234, -186.245), (0.503282, -184.197), (-11.4195, -165.396), (2.3535, -116.565), (12.5548, -115.445), (27.8749, -135.074)))
(((-19.3226, -800), (-15.8834, -746.693), (23.3101, -730.726), (45.2735, -746.699), (20.7838, -800), (-19.3226, -800)))
(((14.1166, -476.524), (-16.7739, -455.707), (5.80968, -413.927), (43.0114, -441.208), (14.1166, -476.524)))
(((109.856, 506.012), (63.7953, 472.943), (4.08862, 470.324), (-41.446, 525.892), (15.7386, 623.106), (47.9017, 623.106), (97.9017, 586.779), (117, 528), (109.856, 506.012)))
(((48.4186, -378.768), (12.9844, -388.715), (0.285714, -360.143), (22.5714, -332.286), (50.0826, -346.041), (48.4186, -378.768)))
(((50.1306, -289.392), (10.6053, -312.342), (8.53226, -311.513), (-12.8099, -280.923), (25.7069, -254.569), (40.125, -259.375), (50.1306, -289.392)))
(((59.6148, 362.857), (21.031, 361.387), (-51.7683, 392.124), (4.08862, 470.324), (63.7953, 472.943), (59.6148, 362.857)))
(((60.3106, -14.427), (17.7443, -40.1441), (-11.6457, -31.1638), (-21.9122, -23.3555), (29.1855, 41.3682), (62.9538, -8.22902), (60.3106, -14.427)))
(((83.9228, 164.383), (20.6659, 111.893), (-53.405, 166.849), (34.2992, 217.408), (85.5203, 177.163), (83.9228, 164.383)))
(((101.856, 315.493), (34.5926, 251.154), (-7.50418, 281.488), (21.031, 361.387), (59.6148, 362.857), (106.406, 328.451), (101.856, 315.493)))
(((60.1, -542.157), (39.292, -554.047), (-3.88408, -525.642), (18.7258, -492.05), (56.146, -500.366), (64.3302, -509.524), (60.1, -542.157)))
(((63.2065, -408.028), (48.3036, -440.187), (43.0114, -441.208), (5.80968, -413.927), (3.56193, -400.665), (12.9844, -388.715), (48.4186, -378.768), (50.9882, -380.815), (63.2065, -408.028)))
(((64.4654, -206.394), (20.0325, -212.565), (6.87234, -186.245), (32.4223, -168.725), (54.5416, -175.914), (64.4654, -206.394)))
(((54.906, -97.6206), (19.5588, -108.441), (21.2946, -47.6886), (67.0917, -76.9987), (54.906, -97.6206)))
(((68.6239, -624.443), (13.6823, -638.53), (1.42878, -602.884), (2.47254, -600.292), (33.6566, -581.2), (49.7943, -590.968), (68.6239, -624.443)))
(((69.836, -328.125), (50.0826, -346.041), (22.5714, -332.286), (10.6053, -312.342), (50.1306, -289.392), (71.4823, -303.021), (69.836, -328.125)))
(((71.4417, -211.696), (61.8077, -244.038), (40.125, -259.375), (25.7069, -254.569), (14.8406, -228.833), (20.0325, -212.565), (64.4654, -206.394), (71.4417, -211.696)))
(((56.146, -500.366), (18.7258, -492.05), (14.1166, -476.524), (43.0114, -441.208), (48.3036, -440.187), (70.713, -457.879), (56.146, -500.366)))
(((54.5416, -175.914), (32.4223, -168.725), (27.8749, -135.074), (82.8742, -143.222), (54.5416, -175.914)))
(((87.3419, -678.182), (22.5312, -682.432), (6.946, -667.853), (13.6823, -638.53), (68.6239, -624.443), (72.1984, -625.822), (91.5425, -672.08), (87.3419, -678.182)))
(((20.7838, -800), (45.2735, -746.699), (67.9824, -747.645), (68.9341, -748.808), (73.8095, -800), (20.7838, -800)))
(((82.8742, -143.222), (27.8749, -135.074), (12.5548, -115.445), (19.5588, -108.441), (54.906, -97.6206), (88.7763, -140.327), (82.8742, -143.222)))
(((90.2537, -704.752), (67.9824, -747.645), (45.2735, -746.699), (23.3101, -730.726), (22.5312, -682.432), (87.3419, -678.182), (90.2537, -704.752)))
(((67.0917, -76.9987), (21.2946, -47.6886), (17.7443, -40.1441), (60.3106, -14.427), (85.7923, -66.7317), (67.0917, -76.9987)))
(((100.631, -568.091), (49.7943, -590.968), (33.6566, -581.2), (39.292, -554.047), (60.1, -542.157), (100.331, -567.062), (100.631, -568.091)))
(((95.6242, 138.498), (67.3497, 68.8994), (28.8476, 65.5304), (20.6659, 111.893), (83.9228, 164.383), (95.6242, 138.498)))
(((101.395, -284.838), (71.4823, -303.021), (50.1306, -289.392), (40.125, -259.375), (61.8077, -244.038), (96.4344, -267.123), (101.395, -284.838)))
(((105.127, -575), (103.505, -595.436), (72.1984, -625.822), (68.6239, -624.443), (49.7943, -590.968), (100.631, -568.091), (105.127, -575)))
(((95.5, 2.97541), (62.9538, -8.22902), (29.1855, 41.3682), (28.6244, 65.2145), (28.8476, 65.5304), (67.3497, 68.8994), (95.5, 58.3955), (95.5, 2.97541)))
(((98.0772, -455.142), (70.713, -457.879), (48.3036, -440.187), (63.2065, -408.028), (117.719, -418.665), (98.0772, -455.142)))
(((108.04, -370.117), (50.9882, -380.815), (48.4186, -378.768), (50.0826, -346.041), (69.836, -328.125), (105.664, -348.336), (108.04, -370.117)))
(((91.1033, -140.419), (105.802, -189.038), (73.9358, -211.345), (71.4417, -211.696), (64.4654, -206.394), (54.5416, -175.914), (82.8742, -143.222), (88.7763, -140.327), (91.1033, -140.419)))
(((110.89, -502.873), (64.3302, -509.524), (56.146, -500.366), (70.713, -457.879), (98.0772, -455.142), (115.407, -492.165), (110.89, -502.873)))
(((108.138, -129.603), (91.1033, -140.419), (88.7763, -140.327), (54.906, -97.6206), (67.0917, -76.9987), (85.7923, -66.7317), (96.8655, -68.4717), (110.127, -125.496), (108.138, -129.603)))
(((122.602, -415.551), (117.719, -418.665), (63.2065, -408.028), (50.9882, -380.815), (108.04, -370.117), (123.591, -390.17), (122.602, -415.551)))
(((96.4344, -267.123), (61.8077, -244.038), (71.4417, -211.696), (73.9358, -211.345), (108.105, -238.396), (96.4344, -267.123)))
(((119.477, -525.122), (100.331, -567.062), (60.1, -542.157), (64.3302, -509.524), (110.89, -502.873), (119.477, -525.122)))
(((141.505, 203.441), (85.5203, 177.163), (34.2992, 217.408), (34.5926, 251.154), (101.856, 315.493), (141.505, 203.441)))
(((73.8095, -800), (68.9341, -748.808), (136.35, -770.184), (141.833, -800), (73.8095, -800)))
(((125.497, -16.0081), (106.585, -63.2881), (96.8655, -68.4717), (85.7923, -66.7317), (60.3106, -14.427), (62.9538, -8.22902), (95.5, 2.97541), (120.536, -7.69574), (125.497, -16.0081)))
(((108.933, 62.8062), (95.5, 58.3955), (67.3497, 68.8994), (95.6242, 138.498), (138.462, 100.317), (108.933, 62.8062)))
(((133, -321), (105.664, -348.336), (69.836, -328.125), (71.4823, -303.021), (101.395, -284.838), (119.145, -290.027), (125.5, -298.5), (133, -321)))
(((109.986, 506.106), (131.902, 506.106), (147.836, 494.528), (131.119, 337.802), (106.406, 328.451), (59.6148, 362.857), (63.7953, 472.943), (109.986, 506.106)))
(((140.086, -638.857), (127.63, -661.633), (91.5425, -672.08), (72.1984, -625.822), (103.505, -595.436), (137.47, -630.573), (140.086, -638.857)))
(((136.35, -770.184), (68.9341, -748.808), (67.9824, -747.645), (90.2537, -704.752), (146.961, -738.776), (136.35, -770.184)))
(((125.105, -232.423), (108.105, -238.396), (73.9358, -211.345), (105.802, -189.038), (116.771, -192.143), (125.105, -232.423)))
(((120.536, -7.69574), (95.5, 2.97541), (95.5, 58.3955), (108.933, 62.8062), (146.607, 31.4107), (120.536, -7.69574)))
(((148.493, -252.778), (119.145, -290.027), (101.395, -284.838), (96.4344, -267.123), (108.105, -238.396), (125.105, -232.423), (141.147, -238.392), (148.493, -252.778)))
(((152.393, -163.743), (143.385, -184.215), (116.771, -192.143), (105.802, -189.038), (91.1033, -140.419), (108.138, -129.603), (152.056, -162.542), (152.393, -163.743)))
(((157.243, -101.364), (110.127, -125.496), (96.8655, -68.4717), (106.585, -63.2881), (157.925, -79.1792), (157.243, -101.364)))
(((170.193, -718.254), (146.961, -738.776), (90.2537, -704.752), (87.3419, -678.182), (91.5425, -672.08), (127.63, -661.633), (172.064, -707.151), (170.193, -718.254)))
(((177.425, -470.649), (115.407, -492.165), (98.0772, -455.142), (117.719, -418.665), (122.602, -415.551), (150.449, -429.474), (177.425, -470.649)))
(((180.02, -351.632), (123.591, -390.17), (108.04, -370.117), (105.664, -348.336), (133, -321), (180.117, -342.746), (180.02, -351.632)))
(((137.47, -630.573), (103.505, -595.436), (105.127, -575), (160.111, -575), (137.47, -630.573)))
(((171.601, -542.5), (167.391, -571.552), (160.111, -575), (105.127, -575), (100.631, -568.091), (100.331, -567.062), (119.477, -525.122), (169.697, -537.969), (171.601, -542.5)))
(((159.834, -207.902), (141.147, -238.392), (125.105, -232.423), (116.771, -192.143), (143.385, -184.215), (159.834, -207.902)))
(((157.925, -79.1792), (106.585, -63.2881), (125.497, -16.0081), (164.921, -28.1937), (164.096, -71.886), (157.925, -79.1792)))
(((221.534, 141.588), (154.014, 101.441), (138.462, 100.317), (95.6242, 138.498), (83.9228, 164.383), (85.5203, 177.163), (141.505, 203.441), (159.521, 200.612), (221.534, 141.588)))
(((169.496, 36.0732), (146.607, 31.4107), (108.933, 62.8062), (138.462, 100.317), (154.014, 101.441), (169.496, 36.0732)))
(((185.077, -474.254), (169.697, -537.969), (119.477, -525.122), (110.89, -502.873), (115.407, -492.165), (177.425, -470.649), (185.077, -474.254)))
(((173.064, -119.213), (152.056, -162.542), (108.138, -129.603), (110.127, -125.496), (157.243, -101.364), (173.064, -119.213)))
(((180.431, -284.767), (125.5, -298.5), (119.145, -290.027), (148.493, -252.778), (176.239, -260.547), (180.431, -284.767)))
(((210, 0.785714), (164.921, -28.1937), (125.497, -16.0081), (120.536, -7.69574), (146.607, 31.4107), (169.496, 36.0732), (210, 18.7143), (210, 0.785714)))
(((235.31, 323.661), (236.777, 322.596), (159.521, 200.612), (141.505, 203.441), (101.856, 315.493), (106.406, 328.451), (131.119, 337.802), (235.31, 323.661)))
(((180.117, -342.746), (133, -321), (125.5, -298.5), (180.431, -284.767), (200.259, -316.903), (180.117, -342.746)))
(((195.704, -631.511), (140.086, -638.857), (137.47, -630.573), (160.111, -575), (167.391, -571.552), (210.787, -610.331), (195.704, -631.511)))
(((194.584, -390.068), (150.449, -429.474), (122.602, -415.551), (123.591, -390.17), (180.02, -351.632), (197.759, -380.014), (194.584, -390.068)))
(((176.239, -260.547), (148.493, -252.778), (141.147, -238.392), (159.834, -207.902), (187.869, -211.087), (183.222, -254.075), (176.239, -260.547)))
(((200.933, -682.922), (172.064, -707.151), (127.63, -661.633), (140.086, -638.857), (195.704, -631.511), (200.933, -682.922)))
(((187.869, -211.087), (159.834, -207.902), (143.385, -184.215), (152.393, -163.743), (189.433, -170.567), (194.942, -206.372), (187.869, -211.087)))
(((229.659, 324.428), (131.119, 337.802), (148.218, 498.106), (206.902, 498.106), (256.902, 461.779), (276, 403), (256.902, 344.221), (229.659, 324.428)))
(((208.978, -151.022), (189.433, -170.567), (152.393, -163.743), (152.056, -162.542), (173.064, -119.213), (194.276, -123.455), (208.978, -151.022)))
(((141.833, -800), (136.35, -770.184), (146.961, -738.776), (170.193, -718.254), (207.363, -747.99), (192.849, -800), (141.833, -800)))
(((277.126, 53), (210, 53), (210, 18.7143), (169.496, 36.0732), (154.014, 101.441), (221.534, 141.588), (251.807, 134.839), (262.902, 126.779), (282, 68), (277.126, 53)))
(((185.358, -474.207), (185.077, -474.254), (177.425, -470.649), (150.449, -429.474), (194.584, -390.068), (214.105, -452.536), (185.358, -474.207)))
(((222.117, -78.4147), (219.404, -95.8954), (194.276, -123.455), (173.064, -119.213), (157.243, -101.364), (157.925, -79.1792), (164.096, -71.886), (221.497, -73.2208), (222.117, -78.4147)))
(((210, 0.785714), (210, -53), (232.22, -53), (221.497, -73.2208), (164.096, -71.886), (164.921, -28.1937), (210, 0.785714)))
(((248.62, -586.683), (229.087, -605.659), (210.787, -610.331), (167.391, -571.552), (171.601, -542.5), (215.086, -542.5), (246.61, -570.203), (248.62, -586.683)))
(((185.358, -474.207), (222.403, -507.136), (215.086, -542.5), (171.601, -542.5), (169.697, -537.969), (185.077, -474.254), (185.358, -474.207)))
(((231.379, -252.774), (183.222, -254.075), (187.869, -211.087), (194.942, -206.372), (230.523, -210.984), (235.93, -246.427), (231.379, -252.774)))
(((230.294, -309.211), (200.259, -316.903), (180.431, -284.767), (176.239, -260.547), (183.222, -254.075), (231.379, -252.774), (230.294, -309.211)))
(((230.523, -210.984), (194.942, -206.372), (189.433, -170.567), (208.978, -151.022), (221.572, -153.945), (240.175, -199.831), (230.523, -210.984)))
(((274.192, -739.783), (207.363, -747.99), (170.193, -718.254), (172.064, -707.151), (200.933, -682.922), (217.333, -686.097), (274.178, -738.205), (274.192, -739.783)))
(((254.027, 134.344), (221.534, 141.588), (159.521, 200.612), (235.2, 320.106), (247.902, 320.106), (297.902, 283.779), (317, 225), (297.902, 166.221), (254.027, 134.344)))
(((262.749, -393.699), (234.656, -447.878), (214.105, -452.536), (194.584, -390.068), (197.759, -380.014), (254.15, -386.82), (262.749, -393.699)))
(((192.849, -800), (207.363, -747.99), (274.192, -739.783), (287.406, -764.617), (285.177, -800), (192.849, -800)))
(((221.572, -153.945), (208.978, -151.022), (194.276, -123.455), (219.404, -95.8954), (254.792, -134.5), (221.572, -153.945)))
(((242.823, -314.006), (254.15, -386.82), (197.759, -380.014), (180.02, -351.632), (180.117, -342.746), (200.259, -316.903), (230.294, -309.211), (242.823, -314.006)))
(((255.949, -654.907), (217.333, -686.097), (200.933, -682.922), (195.704, -631.511), (210.787, -610.331), (229.087, -605.659), (255.949, -654.907)))
(((246.61, -570.203), (215.086, -542.5), (222.403, -507.136), (272.428, -510.709), (246.61, -570.203)))
(((272.428, -510.709), (222.403, -507.136), (185.358, -474.207), (214.105, -452.536), (234.656, -447.878), (263.137, -470.299), (274.354, -509.228), (272.428, -510.709)))
(((256.338, -134.5), (270.109, -166.345), (248.045, -197.864), (240.175, -199.831), (221.572, -153.945), (254.792, -134.5), (256.338, -134.5)))
(((274, -120.596), (256.338, -134.5), (254.792, -134.5), (219.404, -95.8954), (222.117, -78.4147), (274, -105.882), (274, -120.596)))
(((299.109, -679.084), (274.178, -738.205), (217.333, -686.097), (255.949, -654.907), (296.595, -673.603), (299.109, -679.084)))
(((283.161, -280.28), (247.047, -313.207), (242.823, -314.006), (230.294, -309.211), (231.379, -252.774), (235.93, -246.427), (265.871, -250.249), (283.161, -280.28)))
(((294.907, -53), (274, -105.882), (222.117, -78.4147), (221.497, -73.2208), (232.22, -53), (294.907, -53)))
(((265.871, -250.249), (235.93, -246.427), (230.523, -210.984), (240.175, -199.831), (248.045, -197.864), (277.81, -209.312), (275.463, -241), (265.871, -250.249)))
(((262.749, -393.699), (254.15, -386.82), (242.823, -314.006), (247.047, -313.207), (311.092, -340.427), (263.441, -393.684), (262.749, -393.699)))
(((296.595, -673.603), (255.949, -654.907), (229.087, -605.659), (248.62, -586.683), (270.473, -590.508), (301.107, -648.171), (296.595, -673.603)))
(((296.29, -445.987), (263.137, -470.299), (234.656, -447.878), (262.749, -393.699), (263.441, -393.684), (302.365, -417.435), (296.29, -445.987)))
(((312.718, -175.101), (304.204, -201.587), (277.81, -209.312), (248.045, -197.864), (270.109, -166.345), (312.447, -174.355), (312.718, -175.101)))
(((312.447, -174.355), (270.109, -166.345), (256.338, -134.5), (274, -120.596), (311.758, -132.646), (318.96, -140.705), (312.447, -174.355)))
(((319.345, -576.544), (270.473, -590.508), (248.62, -586.683), (246.61, -570.203), (272.428, -510.709), (274.354, -509.228), (288.843, -510.818), (331.617, -560.346), (319.345, -576.544)))
(((329.783, -322.946), (312.363, -340.066), (311.092, -340.427), (247.047, -313.207), (283.161, -280.28), (311.903, -281.364), (324.075, -292.366), (329.783, -322.946)))
(((311.903, -281.364), (283.161, -280.28), (265.871, -250.249), (275.463, -241), (312.8, -241), (311.903, -281.364)))
(((312.8, -241), (275.463, -241), (277.81, -209.312), (304.204, -201.587), (319.217, -230.306), (312.8, -241)))
(((316.489, -488.827), (288.843, -510.818), (274.354, -509.228), (263.137, -470.299), (296.29, -445.987), (320.686, -476.482), (316.489, -488.827)))
(((324.203, -53), (311.758, -132.646), (274, -120.596), (274, -105.882), (294.907, -53), (324.203, -53)))
(((330.279, -616.915), (301.107, -648.171), (270.473, -590.508), (319.345, -576.544), (330.279, -616.915)))
(((332.566, -412.62), (302.365, -417.435), (263.441, -393.684), (311.092, -340.427), (312.363, -340.066), (338.989, -399.975), (332.566, -412.62)))
(((348.288, -457.832), (320.686, -476.482), (296.29, -445.987), (302.365, -417.435), (332.566, -412.62), (353.851, -442.534), (348.288, -457.832)))
(((336.03, -559.243), (331.617, -560.346), (288.843, -510.818), (316.489, -488.827), (364.793, -515.663), (336.03, -559.243)))
(((390.595, -736.474), (287.406, -764.617), (274.192, -739.783), (274.178, -738.205), (299.109, -679.084), (336.91, -680.106), (390.595, -736.474)))
(((324.203, -53), (400, -53), (400, -118.194), (318.96, -140.705), (311.758, -132.646), (324.203, -53)))
(((336.91, -680.106), (299.109, -679.084), (296.595, -673.603), (301.107, -648.171), (330.279, -616.915), (374.223, -636.208), (336.91, -680.106)))
(((400, -228.69), (319.217, -230.306), (304.204, -201.587), (312.718, -175.101), (400, -201.488), (400, -228.69)))
(((400, -228.69), (400, -236.421), (324.075, -292.366), (311.903, -281.364), (312.8, -241), (319.217, -230.306), (400, -228.69)))
(((364.793, -515.663), (316.489, -488.827), (320.686, -476.482), (348.288, -457.832), (377.018, -508.531), (364.793, -515.663)))
(((400, -365.656), (338.989, -399.975), (312.363, -340.066), (329.783, -322.946), (400, -340.5), (400, -365.656)))
(((400, -201.488), (312.718, -175.101), (312.447, -174.355), (318.96, -140.705), (400, -118.194), (400, -201.488)))
(((400, -738.604), (400, -800), (285.177, -800), (287.406, -764.617), (390.595, -736.474), (400, -738.604)))
(((400, -591.809), (400, -628.647), (374.223, -636.208), (330.279, -616.915), (319.345, -576.544), (331.617, -560.346), (336.03, -559.243), (400, -591.809)))
(((400, -340.5), (329.783, -322.946), (324.075, -292.366), (400, -236.421), (400, -340.5)))
(((400, -440.105), (353.851, -442.534), (332.566, -412.62), (338.989, -399.975), (400, -365.656), (400, -440.105)))
(((400, -738.604), (390.595, -736.474), (336.91, -680.106), (374.223, -636.208), (400, -628.647), (400, -738.604)))
(((400, -507.039), (377.018, -508.531), (348.288, -457.832), (353.851, -442.534), (400, -440.105), (400, -507.039)))
(((400, -591.809), (336.03, -559.243), (364.793, -515.663), (377.018, -508.531), (400, -507.039), (400, -591.809)))
