(((-225, -404.762), (-220.359, -404.942), (-180.882, -433.845), (-184.88, -473.02), (-225, -496.727), (-225, -404.762)))
(((-225, 510.866), (-225, 625), (-123.871, 625), (-121.401, 617.398), (-157.961, 539.709), (-225, 510.866)))
(((-225, -622.987), (-203.349, -630.651), (-152.42, -681.58), (-158.54, -721.16), (-225, -733.681), (-225, -622.987)))
(((-225, -316.091), (-194.4, -321.655), (-177.718, -355.854), (-192.657, -383.134), (-220.359, -404.942), (-225, -404.762), (-225, -316.091)))
(((-225, -248.25), (-168.161, -269.565), (-175.154, -309.521), (-194.4, -321.655), (-225, -316.091), (-225, -248.25)))
(((-149.073, -800), (-225, -800), (-225, -733.681), (-158.54, -721.16), (-150.699, -733.358), (-149.073, -800)))
(((-225, -506.435), (-160.952, -522.964), (-152.297, -536.217), (-151.198, -542.809), (-225, -581.969), (-225, -506.435)))
(((-225, -506.435), (-225, -496.727), (-184.88, -473.02), (-161.839, -486.608), (-160.952, -522.964), (-225, -506.435)))
(((-225, -130.74), (-149.943, -148.754), (-148.098, -156.986), (-148.968, -160.408), (-225, -199.576), (-225, -130.74)))
(((-225, -200.846), (-152.433, -217.592), (-142.891, -248.606), (-147.803, -261.421), (-168.161, -269.565), (-225, -248.25), (-225, -200.846)))
(((-225, -100.288), (-142.106, -114.794), (-149.943, -148.754), (-225, -130.74), (-225, -100.288)))
(((-225, 407.129), (-225, 510.866), (-157.961, 539.709), (-111.003, 459.387), (-179.817, 388.894), (-199.902, 388.894), (-225, 407.129)))
(((-161.784, -431.34), (-180.882, -433.845), (-220.359, -404.942), (-192.657, -383.134), (-132.121, -395.746), (-161.784, -431.34)))
(((-225, -100.288), (-225, -53), (-156.048, -53), (-134.887, -108.546), (-142.106, -114.794), (-225, -100.288)))
(((-225, -581.969), (-151.198, -542.809), (-127.939, -560.349), (-131.764, -576.471), (-162.731, -610.756), (-203.349, -630.651), (-225, -622.987), (-225, -581.969)))
(((-131.151, -327.164), (-144.216, -355.075), (-177.718, -355.854), (-194.4, -321.655), (-175.154, -309.521), (-139, -319.718), (-131.151, -327.164)))
(((-132.121, -395.746), (-192.657, -383.134), (-177.718, -355.854), (-144.216, -355.075), (-126.993, -392.801), (-132.121, -395.746)))
(((-225, -200.846), (-225, -199.576), (-148.968, -160.408), (-133.484, -196.538), (-152.433, -217.592), (-225, -200.846)))
(((-133.273, -473.077), (-161.839, -486.608), (-184.88, -473.02), (-180.882, -433.845), (-161.784, -431.34), (-133.592, -456.804), (-133.273, -473.077)))
(((-139, -271.875), (-139, -319.718), (-175.154, -309.521), (-168.161, -269.565), (-147.803, -261.421), (-139, -271.875)))
(((-112.602, -490.567), (-152.297, -536.217), (-160.952, -522.964), (-161.839, -486.608), (-133.273, -473.077), (-112.602, -490.567)))
(((-87.887, -654.624), (-152.42, -681.58), (-203.349, -630.651), (-162.731, -610.756), (-105, -630), (-90.4688, -644.531), (-87.887, -654.624)))
(((-105, -630), (-162.731, -610.756), (-131.764, -576.471), (-105, -630)))
(((-95.2454, -427.405), (-133.592, -456.804), (-161.784, -431.34), (-132.121, -395.746), (-126.993, -392.801), (-120.375, -394.125), (-95.2454, -427.405)))
(((-96.3414, -312.49), (-110.01, -323.698), (-131.151, -327.164), (-139, -319.718), (-139, -271.875), (-91.0377, -289.861), (-96.3414, -312.49)))
(((-81.6867, -53), (-81.8746, -58.1978), (-119.79, -107.88), (-134.887, -108.546), (-156.048, -53), (-81.6867, -53)))
(((-104.714, -200.502), (-97.3314, -239.26), (-142.891, -248.606), (-152.433, -217.592), (-133.484, -196.538), (-108.406, -197.466), (-104.714, -200.502)))
(((-91.2461, -149.064), (-97.5319, -155.18), (-148.098, -156.986), (-149.943, -148.754), (-142.106, -114.794), (-134.887, -108.546), (-119.79, -107.88), (-87.8509, -136.544), (-91.2461, -149.064)))
(((-108.406, -197.466), (-133.484, -196.538), (-148.968, -160.408), (-148.098, -156.986), (-97.5319, -155.18), (-108.406, -197.466)))
(((-85.0821, -528.9), (-101.382, -555.746), (-127.939, -560.349), (-151.198, -542.809), (-152.297, -536.217), (-112.602, -490.567), (-93.6097, -493.786), (-82.2073, -509.639), (-85.0821, -528.9)))
(((-120.375, -394.125), (-126.993, -392.801), (-144.216, -355.075), (-131.151, -327.164), (-110.01, -323.698), (-93.5399, -370.115), (-120.375, -394.125)))
(((-91.0377, -289.861), (-139, -271.875), (-147.803, -261.421), (-142.891, -248.606), (-97.3314, -239.26), (-92.8875, -242.475), (-90.7482, -289.541), (-91.0377, -289.861)))
(((-149.073, -800), (-150.699, -733.358), (-73.7726, -736.316), (-35.6855, -794.663), (-34, -800), (-149.073, -800)))
(((-74.0702, -442.767), (-93.6097, -493.786), (-112.602, -490.567), (-133.273, -473.077), (-133.592, -456.804), (-95.2454, -427.405), (-80.0375, -433.306), (-74.0702, -442.767)))
(((-68.7543, -666.06), (-73.7726, -736.316), (-150.699, -733.358), (-158.54, -721.16), (-152.42, -681.58), (-87.887, -654.624), (-70.5031, -663.746), (-68.7543, -666.06)))
(((-90.4688, -644.531), (-105, -630), (-131.764, -576.471), (-127.939, -560.349), (-101.382, -555.746), (-74.9132, -583.506), (-90.4688, -644.531)))
(((-121.539, 617.106), (-105.513, 617.106), (-31.2668, 524.552), (-97.0395, 461.598), (-111.003, 459.387), (-157.961, 539.709), (-121.539, 617.106)))
(((-60.5465, -95.1118), (-71.1096, -129.239), (-87.8509, -136.544), (-119.79, -107.88), (-81.8746, -58.1978), (-60.5465, -95.1118)))
(((-52.1994, -349.416), (-79.3762, -369.248), (-93.5399, -370.115), (-110.01, -323.698), (-96.3414, -312.49), (-56.3358, -338.779), (-52.1994, -349.416)))
(((-62.8438, -194.844), (-104.714, -200.502), (-108.406, -197.466), (-97.5319, -155.18), (-91.2461, -149.064), (-55.8409, -187.841), (-62.8438, -194.844)))
(((-136.718, 322.018), (-165.902, 343.221), (-180.511, 388.184), (-111.003, 459.387), (-97.0395, 461.598), (-31.3856, 398.57), (-23.7064, 376.013), (-136.718, 322.018)))
(((-80.0375, -433.306), (-95.2454, -427.405), (-120.375, -394.125), (-93.5399, -370.115), (-79.3762, -369.248), (-61.3571, -405.286), (-80.0375, -433.306)))
(((-64.0932, -236.076), (-92.8875, -242.475), (-97.3314, -239.26), (-104.714, -200.502), (-62.8438, -194.844), (-64.0932, -236.076)))
(((-55.292, -283.752), (-90.7482, -289.541), (-92.8875, -242.475), (-64.0932, -236.076), (-48.6882, -244.129), (-55.292, -283.752)))
(((-52.6, -580.2), (-74.9132, -583.506), (-101.382, -555.746), (-85.0821, -528.9), (-37.7881, -550.576), (-52.6, -580.2)))
(((-36.8948, -295.731), (-56.3358, -338.779), (-96.3414, -312.49), (-91.0377, -289.861), (-90.7482, -289.541), (-55.292, -283.752), (-36.8948, -295.731)))
(((-52.4655, -186.983), (-55.8409, -187.841), (-91.2461, -149.064), (-87.8509, -136.544), (-71.1096, -129.239), (-32.875, -145.625), (-52.4655, -186.983)))
(((-44.1274, -502.172), (-82.2073, -509.639), (-93.6097, -493.786), (-74.0702, -442.767), (-52.2421, -449.426), (-44.1274, -502.172)))
(((-32.4323, -368.744), (-37.2358, -395.764), (-61.3571, -405.286), (-79.3762, -369.248), (-52.1994, -349.416), (-41.1033, -354.581), (-32.4323, -368.744)))
(((-70.5031, -663.746), (-87.887, -654.624), (-90.4688, -644.531), (-74.9132, -583.506), (-52.6, -580.2), (-19.1755, -606.197), (-70.5031, -663.746)))
(((-11.8637, -535.145), (-37.7881, -550.576), (-85.0821, -528.9), (-82.2073, -509.639), (-44.1274, -502.172), (-27.7657, -506.932), (-11.8637, -535.145)))
(((-18.8972, -210.227), (-31.1837, -239.578), (-48.6882, -244.129), (-64.0932, -236.076), (-62.8438, -194.844), (-55.8409, -187.841), (-52.4655, -186.983), (-19.3909, -205.537), (-18.8972, -210.227)))
(((-32.875, -145.625), (-71.1096, -129.239), (-60.5465, -95.1118), (-23.4174, -97.9679), (-22.3661, -142.122), (-32.875, -145.625)))
(((-21.2324, -444.916), (-52.2421, -449.426), (-74.0702, -442.767), (-80.0375, -433.306), (-61.3571, -405.286), (-37.2358, -395.764), (-14.306, -418.694), (-21.2324, -444.916)))
(((-108.782, 242.963), (-122.902, 253.221), (-142, 312), (-139.117, 320.872), (-23.7064, 376.013), (-9.68086, 370.149), (-6.28888, 254.822), (-108.782, 242.963)))
(((-81.6867, -53), (-32.9848, -53), (-9.26689, -80.9533), (-8.88243, -83.0504), (-23.4174, -97.9679), (-60.5465, -95.1118), (-81.8746, -58.1978), (-81.6867, -53)))
(((-6.59115, -683.575), (-35.6855, -794.663), (-73.7726, -736.316), (-68.7543, -666.06), (-7.41463, -682.866), (-6.59115, -683.575)))
(((12.0987, 509.697), (-31.3856, 398.57), (-97.0395, 461.598), (-31.2668, 524.552), (10.9293, 517.47), (12.0987, 509.697)))
(((-5.60442, -470.92), (-27.7657, -506.932), (-44.1274, -502.172), (-52.2421, -449.426), (-21.2324, -444.916), (-5.91606, -461.726), (-5.60442, -470.92)))
(((-7.88066, -262.684), (-32.7873, -295.515), (-36.8948, -295.731), (-55.292, -283.752), (-48.6882, -244.129), (-31.1837, -239.578), (-7.68335, -261.609), (-7.88066, -262.684)))
(((-8.16077, -328.698), (-41.1033, -354.581), (-52.1994, -349.416), (-56.3358, -338.779), (-36.8948, -295.731), (-32.7873, -295.515), (-7.53369, -314.275), (-8.16077, -328.698)))
(((-110.369, 136.739), (-128, 191), (-111.207, 242.683), (-6.28888, 254.822), (-3.11808, 253.43), (13.1433, 228.073), (-7.82095, 144.216), (-110.369, 136.739)))
(((6.24603, -572.823), (-15.1798, -605.676), (-19.1755, -606.197), (-52.6, -580.2), (-37.7881, -550.576), (-11.8637, -535.145), (-7.15789, -537.079), (6.24603, -572.823)))
(((0.359076, -186.351), (-19.3909, -205.537), (-52.4655, -186.983), (-32.875, -145.625), (-22.3661, -142.122), (-10.641, -146.351), (0.359076, -186.351)))
(((-107.353, 53), (-121, 95), (-107.367, 136.958), (-7.82095, 144.216), (31.5643, 118.446), (-6.65407, 63.3662), (-34.7292, 53), (-107.353, 53)))
(((5.4, -625.2), (-7.41463, -682.866), (-68.7543, -666.06), (-70.5031, -663.746), (-19.1755, -606.197), (-15.1798, -605.676), (5.4, -625.2)))
(((12.4884, -404.688), (-14.306, -418.694), (-37.2358, -395.764), (-32.4323, -368.744), (-1.82759, -371.966), (12.4884, -404.688)))
(((-103.252, 625), (77.2524, 625), (78.0706, 622.482), (35.7032, 534.969), (10.9293, 517.47), (-31.2668, 524.552), (-105.73, 617.375), (-103.252, 625)))
(((-1.82759, -371.966), (-32.4323, -368.744), (-41.1033, -354.581), (-8.16077, -328.698), (16.0798, -351.074), (-1.82759, -371.966)))
(((-32.9848, -53), (-30, -53), (-30, -5.67089), (-13.0594, -8.0297), (15.9944, -40.8324), (-9.26689, -80.9533), (-32.9848, -53)))
(((-7.53369, -314.275), (-32.7873, -295.515), (-7.88066, -262.684), (17.025, -301), (-7.53369, -314.275)))
(((19.4241, -249.047), (-7.68335, -261.609), (-31.1837, -239.578), (-18.8972, -210.227), (17.3701, -231.383), (19.4241, -249.047)))
(((18.5154, -135.854), (-10.641, -146.351), (-22.3661, -142.122), (-23.4174, -97.9679), (-8.88243, -83.0504), (19.4832, -95.2071), (18.5154, -135.854)))
(((-30, -5.67089), (-30, 53), (-34.7292, 53), (-6.65407, 63.3662), (24.3714, 38.3457), (33.049, 15.0245), (-13.0594, -8.0297), (-30, -5.67089)))
(((25.1279, -520.936), (-7.15789, -537.079), (-11.8637, -535.145), (-27.7657, -506.932), (-5.60442, -470.92), (31.794, -499.688), (25.1279, -520.936)))
(((-34, -800), (-35.6855, -794.663), (-6.59115, -683.575), (17.7597, -688.061), (63.6813, -740.106), (65.8207, -746.869), (42.4068, -800), (-34, -800)))
(((48.1851, 440.617), (7.63828, 372.603), (-9.68086, 370.149), (-23.7064, 376.013), (-31.3856, 398.57), (12.0987, 509.697), (48.1851, 440.617)))
(((29.5, -449.013), (-5.91606, -461.726), (-21.2324, -444.916), (-14.306, -418.694), (12.4884, -404.688), (29.5, -407.328), (29.5, -449.013)))
(((39.5773, -197.487), (17.3701, -231.383), (-18.8972, -210.227), (-19.3909, -205.537), (0.359076, -186.351), (34.7195, -190.833), (39.094, -195.614), (39.5773, -197.487)))
(((28.4253, -350.086), (16.0798, -351.074), (-8.16077, -328.698), (-7.53369, -314.275), (17.025, -301), (29.6375, -301), (38.4341, -332.988), (28.4253, -350.086)))
(((41.4181, -288.917), (29.6375, -301), (17.025, -301), (-7.88066, -262.684), (-7.68335, -261.609), (19.4241, -249.047), (44.3489, -262.052), (41.4181, -288.917)))
(((34.7195, -190.833), (0.359076, -186.351), (-10.641, -146.351), (18.5154, -135.854), (38.0425, -145.419), (34.7195, -190.833)))
(((52.761, -646.285), (17.7597, -688.061), (-6.59115, -683.575), (-7.41463, -682.866), (5.4, -625.2), (36.5152, -625.862), (52.761, -646.285)))
(((29.5, -407.328), (12.4884, -404.688), (-1.82759, -371.966), (16.0798, -351.074), (28.4253, -350.086), (44.9096, -373.544), (30.6962, -406.709), (29.5, -407.328)))
(((43.6334, -85.064), (19.4832, -95.2071), (-8.88243, -83.0504), (-9.26689, -80.9533), (15.9944, -40.8324), (31.6106, -43.4351), (45.7044, -80.683), (43.6334, -85.064)))
(((48.9728, -581.222), (36.5152, -625.862), (5.4, -625.2), (-15.1798, -605.676), (6.24603, -572.823), (48.9557, -581.197), (48.9728, -581.222)))
(((52.1592, -484.656), (31.794, -499.688), (-5.60442, -470.92), (-5.91606, -461.726), (29.5, -449.013), (49.5814, -461.885), (52.1592, -484.656)))
(((85.3406, 305.952), (-3.11808, 253.43), (-6.28888, 254.822), (-9.68086, 370.149), (7.63828, 372.603), (84.1006, 342.533), (85.3406, 305.952)))
(((61.7541, -17.7245), (31.6106, -43.4351), (15.9944, -40.8324), (-13.0594, -8.0297), (33.049, 15.0245), (43.7852, 11.8372), (61.7541, -17.7245)))
(((39.674, 118.164), (52.8429, 72.5114), (24.3714, 38.3457), (-6.65407, 63.3662), (31.5643, 118.446), (39.674, 118.164)))
(((48.9557, -581.197), (6.24603, -572.823), (-7.15789, -537.079), (25.1279, -520.936), (57.4456, -543.379), (48.9557, -581.197)))
(((39.674, 118.164), (31.5643, 118.446), (-7.82095, 144.216), (13.1433, 228.073), (79.6312, 199.322), (43.1426, 119.828), (39.674, 118.164)))
(((58.8036, -253.434), (44.3489, -262.052), (19.4241, -249.047), (17.3701, -231.383), (39.5773, -197.487), (68.9684, -225.199), (58.8036, -253.434)))
(((76.4287, -132.869), (38.0425, -145.419), (18.5154, -135.854), (19.4832, -95.2071), (43.6334, -85.064), (76.7573, -131.989), (76.4287, -132.869)))
(((77.5173, 44.5471), (43.7852, 11.8372), (33.049, 15.0245), (24.3714, 38.3457), (52.8429, 72.5114), (77.5173, 44.5471)))
(((77.2753, -438.388), (49.5814, -461.885), (29.5, -449.013), (29.5, -407.328), (30.6962, -406.709), (72.3885, -419.217), (77.2753, -438.388)))
(((82.5908, -530.539), (57.4456, -543.379), (25.1279, -520.936), (31.794, -499.688), (52.1592, -484.656), (68.8696, -492.315), (82.5908, -530.539)))
(((64.3727, -332.246), (38.4341, -332.988), (29.6375, -301), (41.4181, -288.917), (79.599, -306.272), (64.3727, -332.246)))
(((88.8902, -655.476), (63.6813, -740.106), (17.7597, -688.061), (52.761, -646.285), (85.2254, -649.728), (88.8902, -655.476)))
(((72.744, -370.381), (44.9096, -373.544), (28.4253, -350.086), (38.4341, -332.988), (64.3727, -332.246), (82.3617, -360.229), (72.744, -370.381)))
(((65.1986, -18.8903), (83.5606, -63.6477), (45.7044, -80.683), (31.6106, -43.4351), (61.7541, -17.7245), (65.1986, -18.8903)))
(((86.7179, -157.735), (81.9227, -171.821), (39.094, -195.614), (34.7195, -190.833), (38.0425, -145.419), (76.4287, -132.869), (86.7179, -157.735)))
(((72.3885, -419.217), (30.6962, -406.709), (44.9096, -373.544), (72.744, -370.381), (81.4202, -406.171), (72.3885, -419.217)))
(((132.453, 389.748), (84.1006, 342.533), (7.63828, 372.603), (48.1851, 440.617), (134.408, 421.021), (132.453, 389.748)))
(((85.2254, -649.728), (52.761, -646.285), (36.5152, -625.862), (48.9728, -581.222), (86.8153, -592.866), (93.5941, -626.144), (85.2254, -649.728)))
(((131.579, 251.554), (83.3209, 200.371), (79.6312, 199.322), (13.1433, 228.073), (-3.11808, 253.43), (85.3406, 305.952), (131.579, 251.554)))
(((84.7081, -304.842), (79.599, -306.272), (41.4181, -288.917), (44.3489, -262.052), (58.8036, -253.434), (96.54, -274.522), (84.7081, -304.842)))
(((97.1628, -216.155), (68.9684, -225.199), (39.5773, -197.487), (39.094, -195.614), (81.9227, -171.821), (97.1628, -216.155)))
(((87.4265, -123.577), (76.7573, -131.989), (43.6334, -85.064), (45.7044, -80.683), (83.5606, -63.6477), (106.14, -72.115), (87.4265, -123.577)))
(((134.408, 421.021), (48.1851, 440.617), (12.0987, 509.697), (10.9293, 517.47), (35.7032, 534.969), (159.64, 464.42), (134.408, 421.021)))
(((104.247, -474.627), (68.8696, -492.315), (52.1592, -484.656), (49.5814, -461.885), (77.2753, -438.388), (97.1296, -448.315), (104.346, -474.406), (104.247, -474.627)))
(((110.26, -3.25676), (65.1986, -18.8903), (61.7541, -17.7245), (43.7852, 11.8372), (77.5173, 44.5471), (84.4607, 44.3266), (111.552, 4.73147), (110.26, -3.25676)))
(((86.8153, -592.866), (48.9728, -581.222), (48.9557, -581.197), (57.4456, -543.379), (82.5908, -530.539), (85.6253, -531.285), (113.645, -568), (86.8153, -592.866)))
(((114.842, 73.887), (84.4607, 44.3266), (77.5173, 44.5471), (52.8429, 72.5114), (39.674, 118.164), (43.1426, 119.828), (102.73, 109.07), (114.842, 73.887)))
(((106.532, -355.753), (82.3617, -360.229), (64.3727, -332.246), (79.599, -306.272), (84.7081, -304.842), (107.914, -323.27), (106.532, -355.753)))
(((102.592, -217.428), (106.007, -270.357), (96.54, -274.522), (58.8036, -253.434), (68.9684, -225.199), (97.1628, -216.155), (102.592, -217.428)))
(((102.73, 109.07), (43.1426, 119.828), (79.6312, 199.322), (83.3209, 200.371), (135.996, 140.379), (102.73, 109.07)))
(((115.606, -509.736), (85.6253, -531.285), (82.5908, -530.539), (68.8696, -492.315), (104.247, -474.627), (115.606, -509.736)))
(((126.27, -373.113), (118.724, -399.776), (81.4202, -406.171), (72.744, -370.381), (82.3617, -360.229), (106.532, -355.753), (125.456, -369.219), (126.27, -373.113)))
(((112.5, -6.26316), (112.5, -70.0833), (106.14, -72.115), (83.5606, -63.6477), (65.1986, -18.8903), (110.26, -3.25676), (112.5, -6.26316)))
(((129.394, -424.85), (97.1296, -448.315), (77.2753, -438.388), (72.3885, -419.217), (81.4202, -406.171), (118.724, -399.776), (129.394, -424.85)))
(((127.69, -731.96), (65.8207, -746.869), (63.6813, -740.106), (88.8902, -655.476), (123.367, -668.553), (127.69, -731.96)))
(((126.775, -211.187), (102.592, -217.428), (97.1628, -216.155), (81.9227, -171.821), (86.7179, -157.735), (128.009, -169.09), (134.715, -200.79), (126.775, -211.187)))
(((139.158, -305.912), (107.914, -323.27), (84.7081, -304.842), (96.54, -274.522), (106.007, -270.357), (127.861, -274.139), (139.158, -305.912)))
(((149.553, 625), (193.902, 592.779), (193.944, 592.648), (166.067, 468.644), (159.64, 464.42), (35.7032, 534.969), (79.2897, 625), (149.553, 625)))
(((128.009, -169.09), (86.7179, -157.735), (76.4287, -132.869), (76.7573, -131.989), (87.4265, -123.577), (126.776, -126.856), (142.108, -149.157), (128.009, -169.09)))
(((152.558, 37.9793), (111.552, 4.73147), (84.4607, 44.3266), (114.842, 73.887), (150.265, 58.6187), (152.558, 37.9793)))
(((151.28, -612.159), (93.5941, -626.144), (86.8153, -592.866), (113.645, -568), (142.854, -568), (153.268, -610.307), (151.28, -612.159)))
(((154.294, -554.23), (142.854, -568), (113.645, -568), (85.6253, -531.285), (115.606, -509.736), (139.38, -515.818), (154.104, -540.189), (154.294, -554.23)))
(((139.386, -100.736), (126.776, -126.856), (87.4265, -123.577), (106.14, -72.115), (112.5, -70.0833), (116.449, -70.7416), (139.386, -100.736)))
(((148.483, -253.517), (127.861, -274.139), (106.007, -270.357), (102.592, -217.428), (126.775, -211.187), (148.483, -253.517)))
(((42.4068, -800), (65.8207, -746.869), (127.69, -731.96), (211.962, -755.478), (217.462, -759.956), (223, -777), (215.527, -800), (42.4068, -800)))
(((152, -437.5), (152, -469.111), (104.346, -474.406), (97.1296, -448.315), (129.394, -424.85), (150.187, -433.873), (152, -437.5)))
(((133.885, -664.346), (123.367, -668.553), (88.8902, -655.476), (85.2254, -649.728), (93.5941, -626.144), (151.28, -612.159), (133.885, -664.346)))
(((155.267, -473.83), (139.38, -515.818), (115.606, -509.736), (104.247, -474.627), (104.346, -474.406), (152, -469.111), (155.267, -473.83)))
(((158.25, -50.75), (116.449, -70.7416), (112.5, -70.0833), (112.5, -6.26316), (152.218, -22.9864), (160.099, -41.5068), (158.25, -50.75)))
(((162.912, -339.648), (125.456, -369.219), (106.532, -355.753), (107.914, -323.27), (139.158, -305.912), (146.907, -309.638), (162.912, -339.648)))
(((169.455, 143.071), (135.996, 140.379), (83.3209, 200.371), (131.579, 251.554), (134.449, 251.34), (165.26, 238.856), (171.798, 147.327), (169.455, 143.071)))
(((190.893, 96.8095), (150.265, 58.6187), (114.842, 73.887), (102.73, 109.07), (135.996, 140.379), (169.455, 143.071), (190.893, 96.8095)))
(((182.314, 349.728), (134.449, 251.34), (131.579, 251.554), (85.3406, 305.952), (84.1006, 342.533), (132.453, 389.748), (182.314, 349.728)))
(((175.295, 16.758), (152.218, -22.9864), (112.5, -6.26316), (110.26, -3.25676), (111.552, 4.73147), (152.558, 37.9793), (175.295, 16.758)))
(((211.962, -755.478), (127.69, -731.96), (123.367, -668.553), (133.885, -664.346), (180.394, -675.973), (211.962, -755.478)))
(((150.187, -433.873), (129.394, -424.85), (118.724, -399.776), (126.27, -373.113), (175.541, -396.899), (150.187, -433.873)))
(((178.048, -115.151), (161.278, -145.774), (142.108, -149.157), (126.776, -126.856), (139.386, -100.736), (174.3, -105.1), (178.048, -115.151)))
(((174.3, -105.1), (139.386, -100.736), (116.449, -70.7416), (158.25, -50.75), (183.143, -78.5714), (174.3, -105.1)))
(((184.815, -282.561), (146.907, -309.638), (139.158, -305.912), (127.861, -274.139), (148.483, -253.517), (166.566, -254.486), (184.815, -282.561)))
(((176.365, -163.555), (160.463, -199.332), (134.715, -200.79), (128.009, -169.09), (142.108, -149.157), (161.278, -145.774), (176.365, -163.555)))
(((180.394, -675.973), (133.885, -664.346), (151.28, -612.159), (153.268, -610.307), (169.821, -616.929), (189.985, -643.814), (180.394, -675.973)))
(((189.156, -226.624), (166.566, -254.486), (148.483, -253.517), (126.775, -211.187), (134.715, -200.79), (160.463, -199.332), (186.461, -214.55), (189.272, -225.234), (189.156, -226.624)))
(((196.206, -388.711), (175.541, -396.899), (126.27, -373.113), (125.456, -369.219), (162.912, -339.648), (183.901, -344.726), (196.508, -386.996), (196.206, -388.711)))
(((206.55, -491.489), (154.104, -540.189), (139.38, -515.818), (155.267, -473.83), (207.306, -489.442), (206.55, -491.489)))
(((183.901, -344.726), (162.912, -339.648), (146.907, -309.638), (184.815, -282.561), (191, -284.852), (191, -338.1), (183.901, -344.726)))
(((210, -21.2344), (160.099, -41.5068), (152.218, -22.9864), (175.295, 16.758), (210, 10.6984), (210, -21.2344)))
(((207.306, -489.442), (155.267, -473.83), (152, -469.111), (152, -437.5), (194.974, -440.464), (209.831, -487.736), (207.306, -489.442)))
(((195.698, 245.163), (165.26, 238.856), (134.449, 251.34), (182.314, 349.728), (248.325, 332.875), (195.698, 245.163)))
(((208.949, -587.945), (169.821, -616.929), (153.268, -610.307), (142.854, -568), (154.294, -554.23), (181.825, -558.735), (208.949, -587.945)))
(((211.877, -409.475), (194.974, -440.464), (152, -437.5), (150.187, -433.873), (175.541, -396.899), (196.206, -388.711), (211.877, -409.475)))
(((210.07, -184.584), (186.461, -214.55), (160.463, -199.332), (176.365, -163.555), (200.54, -167.181), (210.07, -184.584)))
(((286.05, 53), (210, 53), (210, 10.6984), (175.295, 16.758), (152.558, 37.9793), (150.265, 58.6187), (190.893, 96.8095), (283.825, 59.8478), (286.05, 53)))
(((212.223, -142.439), (200.54, -167.181), (176.365, -163.555), (161.278, -145.774), (178.048, -115.151), (206.446, -125.88), (212.223, -142.439)))
(((210, -21.2344), (210, -53), (222.143, -53), (206.343, -71.4328), (183.143, -78.5714), (158.25, -50.75), (160.099, -41.5068), (210, -21.2344)))
(((211.456, -539.322), (181.825, -558.735), (154.294, -554.23), (154.104, -540.189), (206.55, -491.489), (211.456, -539.322)))
(((236.829, -276.365), (191, -284.852), (184.815, -282.561), (166.566, -254.486), (189.156, -226.624), (238.894, -272.383), (236.829, -276.365)))
(((227.871, -633.964), (189.985, -643.814), (169.821, -616.929), (208.949, -587.945), (237.923, -592.319), (227.871, -633.964)))
(((282.266, 186.196), (171.798, 147.327), (165.26, 238.856), (195.698, 245.163), (282.266, 186.196)))
(((289.685, 346.864), (248.325, 332.875), (182.314, 349.728), (132.453, 389.748), (134.408, 421.021), (159.64, 464.42), (166.067, 468.644), (294.676, 425.775), (305, 394), (289.685, 346.864)))
(((237.737, -281.737), (227.022, -328.494), (191, -338.1), (191, -284.852), (236.829, -276.365), (237.737, -281.737)))
(((206.446, -125.88), (178.048, -115.151), (174.3, -105.1), (183.143, -78.5714), (206.343, -71.4328), (228.231, -107), (206.446, -125.88)))
(((250.017, -568.559), (241.452, -589.685), (237.923, -592.319), (208.949, -587.945), (181.825, -558.735), (211.456, -539.322), (247.99, -561.463), (250.017, -568.559)))
(((258.045, -750.283), (245.902, -759.106), (216.418, -759.106), (211.962, -755.478), (180.394, -675.973), (189.985, -643.814), (227.871, -633.964), (250.618, -662.398), (258.045, -750.283)))
(((212.575, -487.252), (209.831, -487.736), (194.974, -440.464), (211.877, -409.475), (230.808, -416.003), (239.115, -470), (212.575, -487.252)))
(((244.895, -216.891), (189.272, -225.234), (186.461, -214.55), (210.07, -184.584), (230.246, -188.29), (244.895, -216.891)))
(((240.558, -362.034), (196.508, -386.996), (183.901, -344.726), (191, -338.1), (227.022, -328.494), (243.952, -346.42), (240.558, -362.034)))
(((256.047, -257.534), (238.894, -272.383), (189.156, -226.624), (189.272, -225.234), (244.895, -216.891), (265.125, -235.64), (256.047, -257.534)))
(((282.236, 60.4801), (190.893, 96.8095), (169.455, 143.071), (171.798, 147.327), (282.266, 186.196), (308.29, 180.271), (323, 135), (303.902, 76.2215), (282.236, 60.4801)))
(((243.973, -172.602), (230.246, -188.29), (210.07, -184.584), (200.54, -167.181), (212.223, -142.439), (239.577, -148.423), (243.973, -172.602)))
(((247.99, -561.463), (211.456, -539.322), (206.55, -491.489), (207.306, -489.442), (209.831, -487.736), (212.575, -487.252), (256.357, -529.282), (247.99, -561.463)))
(((265.236, -111.5), (261.192, -126.808), (239.577, -148.423), (212.223, -142.439), (206.446, -125.88), (228.231, -107), (260.906, -107), (265.236, -111.5)))
(((222.143, -53), (255.811, -53), (260.906, -107), (228.231, -107), (206.343, -71.4328), (222.143, -53)))
(((250.266, -408.893), (230.808, -416.003), (211.877, -409.475), (196.206, -388.711), (196.508, -386.996), (240.558, -362.034), (258.805, -388.493), (250.266, -408.893)))
(((294.733, 425.756), (166.067, 468.644), (192.599, 586.665), (211.098, 600.106), (272.902, 600.106), (322.902, 563.779), (342, 505), (322.902, 446.221), (294.733, 425.756)))
(((306.409, 180.7), (282.266, 186.196), (195.698, 245.163), (248.325, 332.875), (290.236, 347.05), (331.902, 316.779), (351, 258), (331.902, 199.221), (306.409, 180.7)))
(((274.949, -516.561), (256.357, -529.282), (212.575, -487.252), (239.115, -470), (279.182, -470), (274.949, -516.561)))
(((279.182, -470), (239.115, -470), (230.808, -416.003), (250.266, -408.893), (268.595, -421.832), (281.874, -468.308), (279.182, -470)))
(((284.801, -329.173), (277.841, -338.718), (243.952, -346.42), (227.022, -328.494), (237.737, -281.737), (284.788, -328.788), (284.801, -329.173)))
(((265.125, -235.64), (244.895, -216.891), (230.246, -188.29), (243.973, -172.602), (277.047, -173.575), (270.502, -232.486), (265.125, -235.64)))
(((277.047, -173.575), (243.973, -172.602), (239.577, -148.423), (261.192, -126.808), (280.546, -170.353), (277.047, -173.575)))
(((292.956, -625.705), (250.618, -662.398), (227.871, -633.964), (237.923, -592.319), (241.452, -589.685), (293.292, -623.311), (292.956, -625.705)))
(((287.156, -378.048), (258.805, -388.493), (240.558, -362.034), (243.952, -346.42), (277.841, -338.718), (287.156, -378.048)))
(((284.788, -328.788), (237.737, -281.737), (236.829, -276.365), (238.894, -272.383), (256.047, -257.534), (304.637, -292.872), (284.788, -328.788)))
(((302.765, -406.17), (268.595, -421.832), (250.266, -408.893), (258.805, -388.493), (287.156, -378.048), (290.174, -379.589), (302.765, -406.17)))
(((303.591, -564.273), (250.017, -568.559), (247.99, -561.463), (256.357, -529.282), (274.949, -516.561), (308.14, -534.133), (303.591, -564.273)))
(((322.148, -598.219), (293.292, -623.311), (241.452, -589.685), (250.017, -568.559), (303.591, -564.273), (321.259, -584.886), (322.148, -598.219)))
(((297.099, -167.704), (280.546, -170.353), (261.192, -126.808), (265.236, -111.5), (271.357, -111.5), (309.065, -131.804), (297.099, -167.704)))
(((329.807, -53), (328.465, -65.374), (271.357, -111.5), (265.236, -111.5), (260.906, -107), (255.811, -53), (329.807, -53)))
(((350.051, -729.021), (316.902, -753.106), (258.284, -753.106), (250.618, -662.398), (292.956, -625.705), (350.051, -729.021)))
(((318.046, -418.919), (290.57, -467.33), (281.874, -468.308), (268.595, -421.832), (302.765, -406.17), (316.118, -414.754), (318.046, -418.919)))
(((319.064, -225.839), (317.198, -227.224), (270.502, -232.486), (277.047, -173.575), (280.546, -170.353), (297.099, -167.704), (317.592, -182.805), (319.296, -225.407), (319.064, -225.839)))
(((322.431, -522.224), (308.14, -534.133), (274.949, -516.561), (279.182, -470), (281.874, -468.308), (290.57, -467.33), (323.992, -483.191), (322.431, -522.224)))
(((320.496, -288.76), (304.637, -292.872), (256.047, -257.534), (265.125, -235.64), (270.502, -232.486), (317.198, -227.224), (323.72, -280.701), (320.496, -288.76)))
(((324.508, -363.013), (290.174, -379.589), (287.156, -378.048), (277.841, -338.718), (284.801, -329.173), (328.149, -344.404), (324.508, -363.013)))
(((338.248, -101.053), (324.27, -127.332), (309.065, -131.804), (271.357, -111.5), (328.465, -65.374), (338.248, -101.053)))
(((346.263, -331.409), (328.149, -344.404), (284.801, -329.173), (284.788, -328.788), (304.637, -292.872), (320.496, -288.76), (343.781, -313.416), (346.263, -331.409)))
(((336.557, -382.292), (316.118, -414.754), (302.765, -406.17), (290.174, -379.589), (324.508, -363.013), (336.557, -382.292)))
(((352.172, -161.673), (317.592, -182.805), (297.099, -167.704), (309.065, -131.804), (324.27, -127.332), (352.172, -161.673)))
(((400, -699.34), (354.902, -732.106), (351.756, -732.106), (292.956, -625.705), (293.292, -623.311), (322.148, -598.219), (400, -651.647), (400, -699.34)))
(((347, -474.893), (323.992, -483.191), (290.57, -467.33), (318.046, -418.919), (347, -429.62), (347, -474.893)))
(((372.656, -548.769), (321.259, -584.886), (303.591, -564.273), (308.14, -534.133), (322.431, -522.224), (363.646, -537.68), (372.656, -548.769)))
(((377.958, -261.175), (323.72, -280.701), (317.198, -227.224), (319.064, -225.839), (377.958, -261.175)))
(((367.645, -418.399), (347, -429.62), (318.046, -418.919), (316.118, -414.754), (336.557, -382.292), (355.443, -384.844), (367.645, -418.399)))
(((363, -163.419), (363, -205.855), (319.296, -225.407), (317.592, -182.805), (352.172, -161.673), (363, -163.419)))
(((365.366, -480.915), (363.646, -537.68), (322.431, -522.224), (323.992, -483.191), (347, -474.893), (365.366, -480.915)))
(((386.515, -350.044), (355.443, -384.844), (336.557, -382.292), (324.508, -363.013), (328.149, -344.404), (346.263, -331.409), (386.515, -350.044)))
(((400, -265.846), (343.781, -313.416), (320.496, -288.76), (323.72, -280.701), (377.958, -261.175), (400, -264.782), (400, -265.846)))
(((400, -123.107), (400, -145.516), (363, -163.419), (352.172, -161.673), (324.27, -127.332), (338.248, -101.053), (400, -123.107)))
(((400, -651.647), (322.148, -598.219), (321.259, -584.886), (372.656, -548.769), (400, -556.684), (400, -651.647)))
(((400, -264.782), (377.958, -261.175), (319.064, -225.839), (319.296, -225.407), (363, -205.855), (400, -228.25), (400, -264.782)))
(((400, -473.653), (365.366, -480.915), (347, -474.893), (347, -429.62), (367.645, -418.399), (400, -422.862), (400, -473.653)))
(((329.807, -53), (400, -53), (400, -123.107), (338.248, -101.053), (328.465, -65.374), (329.807, -53)))
(((400, -349.532), (386.515, -350.044), (346.263, -331.409), (343.781, -313.416), (400, -265.846), (400, -349.532)))
(((400, -422.862), (367.645, -418.399), (355.443, -384.844), (386.515, -350.044), (400, -349.532), (400, -422.862)))
(((400, -556.684), (372.656, -548.769), (363.646, -537.68), (365.366, -480.915), (400, -473.653), (400, -556.684)))
(((400, -228.25), (363, -205.855), (363, -163.419), (400, -145.516), (400, -228.25)))
