(((-225, 505), (-205.902, 563.779), (-155.902, 600.106), (-147.614, 600.106), (-52.2317, 455.743), (-144.603, 409.894), (-155.902, 409.894), (-205.902, 446.221), (-225, 505)))
(((-122.981, -365.106), (-140.902, -365.106), (-190.902, -328.779), (-210, -270), (-190.902, -211.221), (-151.868, -182.862), (-102.047, -205.15), (-71.2854, -265.741), (-76.6711, -324.215), (-122.981, -365.106)))
(((-154.468, -53), (-150.474, -53), (-46.1724, -109.621), (-46.9287, -125.504), (-155.864, -175.986), (-158.902, -173.779), (-178, -115), (-158.902, -56.2215), (-154.468, -53)))
(((-116.564, 625), (-45.65, 625), (-17.3855, 499.38), (-51.8593, 455.768), (-52.2317, 455.743), (-148.657, 601.683), (-116.564, 625)))
(((-150.001, -183.697), (-152.946, -174.633), (-46.9287, -125.504), (-27.0025, -148.576), (-39.249, -194.296), (-102.047, -205.15), (-150.001, -183.697)))
(((-150.227, -53), (-31.319, -53), (-14.1428, -72.5337), (-46.1724, -109.621), (-150.264, -53.1138), (-150.227, -53)))
(((-103.765, 284.42), (-137.902, 309.221), (-157, 368), (-143.154, 410.613), (-52.2317, 455.743), (-51.8593, 455.768), (-15.7318, 418.847), (-27.5644, 315.312), (-103.765, 284.42)))
(((-1.15827, -227.047), (-13.2891, -249.792), (-71.2854, -265.741), (-102.047, -205.15), (-39.249, -194.296), (-9.99057, -212.915), (-1.15827, -227.047)))
(((-8.28592, -318.713), (-76.6711, -324.215), (-71.2854, -265.741), (-13.2891, -249.792), (-2.66035, -314.893), (-8.28592, -318.713)))
(((8.81683, -455.535), (3.9017, -459.106), (-57.9017, -459.106), (-107.902, -422.779), (-125.825, -367.617), (-76.6711, -324.215), (-8.28592, -318.713), (8.81683, -455.535)))
(((18.3428, -138.309), (-27.0025, -148.576), (-46.9287, -125.504), (-46.1724, -109.621), (-14.1428, -72.5337), (-0.758255, -74.6392), (18.3428, -138.309)))
(((-84.8313, 104.178), (-95.9017, 112.221), (-115, 171), (-100.047, 217.019), (16.7488, 212.945), (28.7998, 137.626), (26.3158, 133.818), (-84.8313, 104.178)))
(((-98.9975, 216.982), (-112, 257), (-102.989, 284.734), (-27.5644, 315.312), (28.1774, 301.782), (41.7574, 237.277), (16.7488, 212.945), (-98.9975, 216.982)))
(((32.9934, -151.509), (-9.99057, -212.915), (-39.249, -194.296), (-27.0025, -148.576), (18.3428, -138.309), (32.8539, -146.418), (32.9934, -151.509)))
(((-30, -2.51818), (-30, 53), (-94.2272, 53), (-87.6392, 73.2758), (15.8834, 50.6891), (31.4358, 5.86149), (20.5323, -0.680645), (-30, -2.51818)))
(((-31.319, -53), (-30, -53), (-30, -2.51818), (20.5323, -0.680645), (10.4585, -69.1824), (-0.758255, -74.6392), (-14.1428, -72.5337), (-31.319, -53)))
(((-88.5552, 73.4757), (-91, 81), (-83.3397, 104.576), (26.3158, 133.818), (48.8351, 82.7737), (15.8834, 50.6891), (-88.5552, 73.4757)))
(((35.4239, 625), (32.964, 511.843), (-17.3855, 499.38), (-45.65, 625), (35.4239, 625)))
(((70.8371, 337.76), (28.1774, 301.782), (-27.5644, 315.312), (-15.7318, 418.847), (39.7613, 405.954), (70.8371, 337.76)))
(((49.8533, -311.353), (-2.66035, -314.893), (-13.2891, -249.792), (-1.15827, -227.047), (11.7136, -229.053), (57.3663, -280.412), (62.0759, -297.602), (49.8533, -311.353)))
(((77.7304, -434.34), (51.9017, -453.106), (8.51321, -453.106), (-8.28592, -318.713), (-2.66035, -314.893), (49.8533, -311.353), (77.7304, -434.34)))
(((60.541, -203.011), (11.7136, -229.053), (-1.15827, -227.047), (-9.99057, -212.915), (32.9934, -151.509), (60.541, -203.011)))
(((55.0225, -67.8907), (10.4585, -69.1824), (20.5323, -0.680645), (31.4358, 5.86149), (50.9686, 2.56375), (60.9243, -62.8596), (55.0225, -67.8907)))
(((64.8704, -129.44), (32.8539, -146.418), (18.3428, -138.309), (-0.758255, -74.6392), (10.4585, -69.1824), (55.0225, -67.8907), (64.8704, -129.44)))
(((115.154, 472.97), (39.7613, 405.954), (-15.7318, 418.847), (-51.8593, 455.768), (-17.3855, 499.38), (32.964, 511.843), (90.4118, 499.779), (115.918, 478.774), (115.154, 472.97)))
(((50.9686, 2.56375), (31.4358, 5.86149), (15.8834, 50.6891), (48.8351, 82.7737), (59.8495, 77.7524), (72.8264, 12.8681), (50.9686, 2.56375)))
(((80.6472, -208.629), (57.3663, -280.412), (11.7136, -229.053), (60.541, -203.011), (80.6472, -208.629)))
(((86.4365, 625), (90.4118, 499.779), (32.964, 511.843), (35.4239, 625), (86.4365, 625)))
(((92.8807, 152.757), (28.7998, 137.626), (16.7488, 212.945), (41.7574, 237.277), (85.3706, 226.606), (92.8807, 152.757)))
(((80.6472, -208.629), (60.541, -203.011), (32.9934, -151.509), (32.8539, -146.418), (64.8704, -129.44), (86.3382, -133.792), (97.8895, -204.75), (80.6472, -208.629)))
(((97, 150.538), (97, 83.325), (59.8495, 77.7524), (48.8351, 82.7737), (26.3158, 133.818), (28.7998, 137.626), (92.8807, 152.757), (97, 150.538)))
(((103.5, -59.1029), (60.9243, -62.8596), (50.9686, 2.56375), (72.8264, 12.8681), (103.5, 10.1154), (103.5, -59.1029)))
(((128.209, 325.302), (122.162, 241.657), (85.3706, 226.606), (41.7574, 237.277), (28.1774, 301.782), (70.8371, 337.76), (107.352, 334.999), (128.209, 325.302)))
(((116.676, -67.435), (108.199, -124.656), (86.3382, -133.792), (64.8704, -129.44), (55.0225, -67.8907), (60.9243, -62.8596), (103.5, -59.1029), (116.676, -67.435)))
(((131.998, 25.4606), (103.5, 10.1154), (72.8264, 12.8681), (59.8495, 77.7524), (97, 83.325), (119.58, 71.6588), (132.03, 26.2141), (131.998, 25.4606)))
(((117.41, -210.374), (104.701, -293.896), (62.0759, -297.602), (57.3663, -280.412), (80.6472, -208.629), (97.8895, -204.75), (117.394, -210.355), (117.41, -210.374)))
(((121.437, 458.944), (107.352, 334.999), (70.8371, 337.76), (39.7613, 405.954), (115.154, 472.97), (121.437, 458.944)))
(((139.812, -426.726), (126.902, -436.106), (78.1306, -436.106), (49.8533, -311.353), (62.0759, -297.602), (104.701, -293.896), (121.31, -301.321), (139.812, -426.726)))
(((148.859, -154.417), (117.394, -210.355), (97.8895, -204.75), (86.3382, -133.792), (108.199, -124.656), (145.479, -141.084), (148.859, -154.417)))
(((158.952, 113), (119.58, 71.6588), (97, 83.325), (97, 150.538), (120.251, 149.942), (158.952, 113)))
(((164.582, 202.097), (120.251, 149.942), (97, 150.538), (92.8807, 152.757), (85.3706, 226.606), (122.162, 241.657), (162.07, 218.783), (164.582, 202.097)))
(((174.412, 625), (205.556, 528.736), (115.918, 478.774), (90.4118, 499.779), (86.4365, 625), (174.412, 625)))
(((167.013, -41.5529), (137.168, -64.4691), (116.676, -67.435), (103.5, -59.1029), (103.5, 10.1154), (131.998, 25.4606), (143.128, 17.64), (167.013, -41.5529)))
(((229.958, -268.44), (121.31, -301.321), (104.701, -293.896), (117.41, -210.374), (231.206, -256.232), (233.007, -259.056), (229.958, -268.44)))
(((128.209, 325.302), (107.352, 334.999), (121.437, 458.944), (182.605, 392.678), (130.022, 325.756), (128.209, 325.302)))
(((145.479, -141.084), (108.199, -124.656), (116.676, -67.435), (137.168, -64.4691), (168.951, -115.322), (145.479, -141.084)))
(((139.868, -427.106), (121.31, -301.321), (230.92, -268.149), (237.902, -273.221), (257, -332), (237.902, -390.779), (187.902, -427.106), (139.868, -427.106)))
(((231.214, 113), (132.03, 26.2141), (119.58, 71.6588), (158.952, 113), (231.214, 113)))
(((231.214, 113), (158.952, 113), (120.251, 149.942), (164.582, 202.097), (243.168, 115.324), (231.214, 113)))
(((230.601, -255.989), (117.41, -210.374), (117.394, -210.355), (148.859, -154.417), (204.153, -182.678), (221.012, -202.347), (231.093, -255.632), (230.601, -255.989)))
(((212.538, 252.923), (162.07, 218.783), (122.162, 241.657), (128.209, 325.302), (130.022, 325.756), (185.635, 306.73), (212.538, 252.923)))
(((210, -49.1709), (210, -53), (231.607, -53), (254.532, -57.0626), (251.995, -66.0036), (197.477, -109.243), (168.951, -115.322), (137.168, -64.4691), (167.013, -41.5529), (210, -49.1709)))
(((278.05, 53), (210, 53), (210, 24.1961), (143.128, 17.64), (131.998, 25.4606), (132.03, 26.2141), (231.214, 113), (243.168, 115.324), (249.57, 114.011), (260.902, 105.779), (278.05, 53)))
(((204.153, -182.678), (148.859, -154.417), (145.479, -141.084), (168.951, -115.322), (197.477, -109.243), (204.153, -182.678)))
(((210, -49.1709), (167.013, -41.5529), (143.128, 17.64), (210, 24.1961), (210, -49.1709)))
(((242.931, 513.426), (213.513, 394.022), (182.605, 392.678), (121.437, 458.944), (115.154, 472.97), (115.918, 478.774), (205.556, 528.736), (242.931, 513.426)))
(((255.042, 358.031), (185.635, 306.73), (130.022, 325.756), (182.605, 392.678), (213.513, 394.022), (255.042, 358.031)))
(((250.935, 113.731), (243.168, 115.324), (164.582, 202.097), (162.07, 218.783), (212.538, 252.923), (299.831, 240.453), (312, 203), (292.902, 144.221), (250.935, 113.731)))
(((262.006, -118.839), (221.012, -202.347), (204.153, -182.678), (197.477, -109.243), (251.995, -66.0036), (262.006, -118.839)))
(((303.705, 239.899), (212.538, 252.923), (185.635, 306.73), (255.042, 358.031), (312.23, 343.379), (326, 301), (306.902, 242.221), (303.705, 239.899)))
(((308.839, 625), (276.831, 513.611), (242.931, 513.426), (205.556, 528.736), (174.412, 625), (308.839, 625)))
(((311.018, 343.69), (255.042, 358.031), (213.513, 394.022), (242.931, 513.426), (276.831, 513.611), (338.063, 480.282), (357, 422), (337.902, 363.221), (311.018, 343.69)))
(((359.745, -205.718), (352.902, -226.779), (302.902, -263.106), (241.098, -263.106), (231.137, -255.869), (221.012, -202.347), (262.006, -118.839), (359.745, -205.718)))
(((258.339, -53), (377.457, -53), (392.902, -64.2215), (400, -86.0678), (400, -159.932), (392.902, -181.779), (359.838, -205.801), (262.006, -118.839), (251.995, -66.0036), (254.532, -57.0626), (258.339, -53)))
(((400, 503.856), (373.902, 484.894), (329.589, 484.894), (276.831, 513.611), (308.839, 625), (400, 625), (400, 503.856)))
