(((-225, -117.206), (-212.384, -119.256), (-177.996, -141.953), (-182.282, -189.105), (-225, -222.151), (-225, -117.206)))
(((-225, -117.206), (-225, -53), (-162.929, -53), (-160.659, -84.7727), (-212.384, -119.256), (-225, -117.206)))
(((-225, -573.863), (-225, -437.058), (-169.778, -437.594), (-134.86, -497.455), (-135.07, -500.643), (-168.398, -553.826), (-214.701, -581.346), (-225, -573.863)))
(((-225, -337.968), (-189.363, -339.117), (-135.557, -390.164), (-144.474, -415.639), (-169.778, -437.594), (-225, -437.058), (-225, -337.968)))
(((-225, -243.135), (-157.15, -256.183), (-156.766, -256.745), (-147.61, -312.828), (-189.363, -339.117), (-225, -337.968), (-225, -243.135)))
(((-156.69, -137.613), (-177.996, -141.953), (-212.384, -119.256), (-160.659, -84.7727), (-135.624, -111.28), (-156.69, -137.613)))
(((-225, -243.135), (-225, -222.151), (-182.282, -189.105), (-142.715, -191.528), (-127.697, -220.361), (-157.15, -256.183), (-225, -243.135)))
(((-142.715, -191.528), (-182.282, -189.105), (-177.996, -141.953), (-156.69, -137.613), (-131.6, -170.687), (-142.715, -191.528)))
(((-225, 436.121), (-225, 573.879), (-188.902, 600.106), (-127.098, 600.106), (-102.07, 581.922), (-103.472, 505.506), (-156.462, 409.894), (-188.902, 409.894), (-225, 436.121)))
(((-117.915, -378.841), (-135.557, -390.164), (-189.363, -339.117), (-147.61, -312.828), (-143.55, -313.81), (-110.967, -364.496), (-117.915, -378.841)))
(((-95.1709, -53), (-94.3123, -64.3052), (-122.656, -110.494), (-135.624, -111.28), (-160.659, -84.7727), (-162.929, -53), (-95.1709, -53)))
(((-114.994, -118.352), (-116.809, -165.542), (-131.6, -170.687), (-156.69, -137.613), (-135.624, -111.28), (-122.656, -110.494), (-114.994, -118.352)))
(((-101.593, -301.414), (-143.55, -313.81), (-147.61, -312.828), (-156.766, -256.745), (-100.595, -275.468), (-101.593, -301.414)))
(((-134.86, -497.455), (-169.778, -437.594), (-144.474, -415.639), (-74.9355, -452.146), (-134.86, -497.455)))
(((-65.9003, -675.431), (-86.0983, -690.106), (-147.902, -690.106), (-197.902, -653.779), (-217, -595), (-212.052, -579.771), (-168.398, -553.826), (-76.9363, -572.428), (-65.9003, -675.431)))
(((-90.4051, -263.532), (-100.595, -275.468), (-156.766, -256.745), (-157.15, -256.183), (-127.697, -220.361), (-107.058, -221.36), (-89.4942, -239.848), (-90.4051, -263.532)))
(((-78.5234, -326.283), (-85.0061, -345.423), (-110.967, -364.496), (-143.55, -313.81), (-101.593, -301.414), (-80.0806, -321.389), (-78.5234, -326.283)))
(((-82.665, -183.754), (-107.058, -221.36), (-127.697, -220.361), (-142.715, -191.528), (-131.6, -170.687), (-116.809, -165.542), (-87.1503, -172.133), (-82.665, -183.754)))
(((-52.3929, -537.086), (-76.9363, -572.428), (-168.398, -553.826), (-135.07, -500.643), (-55.5036, -531.694), (-52.3929, -537.086)))
(((-70.1748, -137.444), (-87.1503, -172.133), (-116.809, -165.542), (-114.994, -118.352), (-72.6071, -133.188), (-70.1748, -137.444)))
(((-74.9355, -452.146), (-144.474, -415.639), (-135.557, -390.164), (-117.915, -378.841), (-75.9109, -403.344), (-73.84, -452.011), (-74.9355, -452.146)))
(((-55.5036, -531.694), (-135.07, -500.643), (-134.86, -497.455), (-74.9355, -452.146), (-73.84, -452.011), (-60.2537, -458.068), (-55.5036, -531.694)))
(((-72.6071, -133.188), (-114.994, -118.352), (-122.656, -110.494), (-94.3123, -64.3052), (-65.3397, -95.0336), (-72.6071, -133.188)))
(((-75.9109, -403.344), (-117.915, -378.841), (-110.967, -364.496), (-85.0061, -345.423), (-46.6923, -381), (-75.9109, -403.344)))
(((-56.8204, -230.046), (-89.4942, -239.848), (-107.058, -221.36), (-82.665, -183.754), (-58.8816, -194.095), (-53.4752, -218.724), (-56.8204, -230.046)))
(((-48.3052, -280.535), (-80.0806, -321.389), (-101.593, -301.414), (-100.595, -275.468), (-90.4051, -263.532), (-49.7558, -277.081), (-48.3052, -280.535)))
(((-126.737, 379.032), (-155.902, 400.221), (-158.09, 406.957), (-103.472, 505.506), (-27.1293, 460.395), (-14.1553, 400.715), (-126.737, 379.032)))
(((-49.7558, -277.081), (-90.4051, -263.532), (-89.4942, -239.848), (-56.8204, -230.046), (-41.0386, -248.751), (-49.7558, -277.081)))
(((-28.5528, -176.881), (-58.8816, -194.095), (-82.665, -183.754), (-87.1503, -172.133), (-70.1748, -137.444), (-43.6658, -141.782), (-27.4292, -172.041), (-28.5528, -176.881)))
(((-34.9667, -53), (-17.2, -83.75), (-17.0732, -84.8598), (-18.5275, -87.0413), (-65.3397, -95.0336), (-94.3123, -64.3052), (-95.1709, -53), (-34.9667, -53)))
(((-18.5253, -426.667), (-47.764, -454.115), (-60.2537, -458.068), (-73.84, -452.011), (-75.9109, -403.344), (-46.6923, -381), (-45.4342, -381), (-19.0407, -409.656), (-18.5253, -426.667)))
(((-22.9928, -349.416), (-45.4342, -381), (-46.6923, -381), (-85.0061, -345.423), (-78.5234, -326.283), (-34.4412, -330.482), (-22.9928, -349.416)))
(((-92.6739, 238.174), (-129.902, 265.221), (-149, 324), (-131.411, 378.132), (-14.1553, 400.715), (-0.36451, 394.842), (2.71429, 386.714), (-23.5769, 268.404), (-92.6739, 238.174)))
(((-102.069, 582), (-79.9017, 598.106), (-47.8468, 598.106), (2.84024, 542.811), (-27.1293, 460.395), (-103.472, 505.506), (-102.069, 582)))
(((-34.4412, -330.482), (-78.5234, -326.283), (-80.0806, -321.389), (-48.3052, -280.535), (-20.2527, -295.897), (-34.4412, -330.482)))
(((-19.0793, -117.941), (-43.6658, -141.782), (-70.1748, -137.444), (-72.6071, -133.188), (-65.3397, -95.0336), (-18.5275, -87.0413), (-19.0793, -117.941)))
(((-11.7124, -213.029), (-53.4752, -218.724), (-58.8816, -194.095), (-28.5528, -176.881), (-7.7201, -207.262), (-11.7124, -213.029)))
(((-65.4096, -680.01), (-76.9363, -572.428), (-52.3929, -537.086), (-49.3022, -537.281), (17.6836, -588.248), (-35.8879, -681.106), (-63.9017, -681.106), (-65.4096, -680.01)))
(((-16.0508, -244.266), (-41.0386, -248.751), (-56.8204, -230.046), (-53.4752, -218.724), (-11.7124, -213.029), (-16.0508, -244.266)))
(((6.20821, -504.428), (-49.3022, -537.281), (-52.3929, -537.086), (-55.5036, -531.694), (-60.2537, -458.068), (-47.764, -454.115), (8.15116, -493.256), (6.20821, -504.428)))
(((-9.18588, -292.844), (-20.2527, -295.897), (-48.3052, -280.535), (-49.7558, -277.081), (-41.0386, -248.751), (-16.0508, -244.266), (-4.95706, -253.728), (-9.18588, -292.844)))
(((6.35859, -157.561), (-27.4292, -172.041), (-43.6658, -141.782), (-19.0793, -117.941), (8.84848, -138.886), (6.35859, -157.561)))
(((-19.0407, -409.656), (-45.4342, -381), (-22.9928, -349.416), (-14.5235, -350.215), (9.15484, -385.732), (-19.0407, -409.656)))
(((-30, 39.066), (-30, 53), (-106.151, 53), (-112, 71), (-95.3872, 122.129), (26.25, 81.5833), (8.33607, 47.7459), (-30, 39.066)))
(((3.5289, -297.789), (7.63368, -338.837), (-14.5235, -350.215), (-22.9928, -349.416), (-34.4412, -330.482), (-20.2527, -295.897), (-9.18588, -292.844), (3.5289, -297.789)))
(((-34.9667, -53), (-30, -53), (-30, -10.4141), (20.6093, -17.531), (23.5118, -27.2059), (-17.2, -83.75), (-34.9667, -53)))
(((35.6973, -461.775), (8.15116, -493.256), (-47.764, -454.115), (-18.5253, -426.667), (29.8826, -445.65), (35.3581, -456.145), (35.6973, -461.775)))
(((23.4726, -175.265), (3.46681, -206.385), (-7.7201, -207.262), (-28.5528, -176.881), (-27.4292, -172.041), (6.35859, -157.561), (23.4726, -175.265)))
(((-30, 39.066), (8.33607, 47.7459), (36.6673, 5.249), (20.6093, -17.531), (-30, -10.4141), (-30, 39.066)))
(((-83.3627, 160.796), (-100, 212), (-91.3003, 238.775), (-23.5769, 268.404), (43.2032, 252.404), (58.9291, 228.937), (27.2878, 167.969), (18.7044, 162.858), (-83.3627, 160.796)))
(((32.0266, -581.471), (17.6836, -588.248), (-49.3022, -537.281), (6.20821, -504.428), (40.9712, -542.009), (32.0266, -581.471)))
(((-95.0683, 122.023), (-82.4643, 160.814), (18.7044, 162.858), (33.8422, 85.6545), (26.25, 81.5833), (-95.0683, 122.023)))
(((29.8039, -246.41), (-4.95706, -253.728), (-16.0508, -244.266), (-11.7124, -213.029), (-7.7201, -207.262), (3.46681, -206.385), (35.5661, -229.73), (29.8039, -246.41)))
(((29.6217, -127.406), (8.84848, -138.886), (-19.0793, -117.941), (-18.5275, -87.0413), (-17.0732, -84.8598), (25.7746, -90.8584), (29.6217, -127.406)))
(((43.6353, -361.09), (9.37588, -385.714), (9.15484, -385.732), (-14.5235, -350.215), (7.63368, -338.837), (38.5028, -347.326), (43.6353, -361.09)))
(((39.0432, -269.265), (23.223, -294.314), (3.5289, -297.789), (-9.18588, -292.844), (-4.95706, -253.728), (29.8039, -246.41), (39.0432, -269.265)))
(((29.8826, -445.65), (-18.5253, -426.667), (-19.0407, -409.656), (9.15484, -385.732), (9.37588, -385.714), (38.3256, -418.07), (29.8826, -445.65)))
(((35.062, -40.5331), (39.8136, -81.3973), (25.7746, -90.8584), (-17.0732, -84.8598), (-17.2, -83.75), (23.5118, -27.2059), (35.062, -40.5331)))
(((77.5, 511.25), (22.764, 409.38), (-0.36451, 394.842), (-14.1553, 400.715), (-27.1293, 460.395), (2.84024, 542.811), (76.37, 523.115), (77.5, 511.25)))
(((38.5028, -347.326), (7.63368, -338.837), (3.5289, -297.789), (23.223, -294.314), (48.2871, -321.234), (38.5028, -347.326)))
(((43.2032, 252.404), (-23.5769, 268.404), (2.71429, 386.714), (72.7834, 323.015), (43.2032, 252.404)))
(((52.9452, -219.369), (35.5661, -229.73), (3.46681, -206.385), (23.4726, -175.265), (35.7738, -175.788), (50.0981, -186.628), (52.9452, -219.369)))
(((35.7738, -175.788), (23.4726, -175.265), (6.35859, -157.561), (8.84848, -138.886), (29.6217, -127.406), (51.0468, -136.078), (35.7738, -175.788)))
(((46.697, -363.131), (59.0756, -398.617), (38.3256, -418.07), (9.37588, -385.714), (43.6353, -361.09), (46.697, -363.131)))
(((65.5206, 14.4486), (36.6673, 5.249), (8.33607, 47.7459), (26.25, 81.5833), (33.8422, 85.6545), (43.6843, 83.9104), (71.3297, 37.4661), (70.7895, 19.9091), (65.5206, 14.4486)))
(((83.3896, -514.516), (40.9712, -542.009), (6.20821, -504.428), (8.15116, -493.256), (35.6973, -461.775), (86.4192, -499.546), (83.3896, -514.516)))
(((82.298, -721.458), (75.9017, -726.106), (14.0983, -726.106), (-35.9017, -689.779), (-37.6994, -684.246), (17.6836, -588.248), (32.0266, -581.471), (63.0362, -594.881), (82.298, -721.458)))
(((51.0468, -136.078), (29.6217, -127.406), (25.7746, -90.8584), (39.8136, -81.3973), (67.8239, -87.988), (52.5163, -135.824), (51.0468, -136.078)))
(((-41.9527, 625), (92.6818, 625), (103.418, 549.081), (76.37, 523.115), (2.84024, 542.811), (-49.9469, 600.397), (-41.9527, 625)))
(((77.4354, -308.927), (48.2871, -321.234), (23.223, -294.314), (39.0432, -269.265), (50.7375, -271.712), (79.798, -303.541), (77.4354, -308.927)))
(((87.2739, 106.512), (43.6843, 83.9104), (33.8422, 85.6545), (18.7044, 162.858), (27.2878, 167.969), (98.0097, 129.661), (87.2739, 106.512)))
(((76, -172.5), (50.0981, -186.628), (35.7738, -175.788), (51.0468, -136.078), (52.5163, -135.824), (76, -144.364), (76, -172.5)))
(((87.7259, -248.174), (50.7375, -271.712), (39.0432, -269.265), (29.8039, -246.41), (35.5661, -229.73), (52.9452, -219.369), (65.0953, -222.624), (87.7259, -248.174)))
(((83.0808, -84.6263), (67.8239, -87.988), (39.8136, -81.3973), (35.062, -40.5331), (85.5, -43.5), (83.0808, -84.6263)))
(((85.5, -43.5), (35.062, -40.5331), (23.5118, -27.2059), (20.6093, -17.531), (36.6673, 5.249), (65.5206, 14.4486), (87.5919, -40.7297), (85.5, -43.5)))
(((96.0641, -428.729), (35.3581, -456.145), (29.8826, -445.65), (38.3256, -418.07), (59.0756, -398.617), (95.7616, -408.764), (96.0641, -428.729)))
(((98.9946, -353.745), (46.697, -363.131), (43.6353, -361.09), (38.5028, -347.326), (48.2871, -321.234), (77.4354, -308.927), (100.155, -352.095), (98.9946, -353.745)))
(((89.7335, -89.1406), (91.0048, -136.179), (76, -144.364), (52.5163, -135.824), (67.8239, -87.988), (83.0808, -84.6263), (89.7335, -89.1406)))
(((99.0742, -252.671), (80.8622, -302.754), (79.798, -303.541), (50.7375, -271.712), (87.7259, -248.174), (99.0742, -252.671)))
(((95.0981, -198.621), (65.0953, -222.624), (52.9452, -219.369), (50.0981, -186.628), (76, -172.5), (94.7742, -185.016), (95.0981, -198.621)))
(((95.7616, -408.764), (59.0756, -398.617), (46.697, -363.131), (98.9946, -353.745), (100.06, -403.812), (95.7616, -408.764)))
(((133.029, -580.255), (63.0362, -594.881), (32.0266, -581.471), (40.9712, -542.009), (83.3896, -514.516), (133.029, -580.255)))
(((106.818, -483.929), (86.4192, -499.546), (35.6973, -461.775), (35.3581, -456.145), (96.0641, -428.729), (111.707, -454.149), (106.818, -483.929)))
(((98.0097, 129.661), (27.2878, 167.969), (58.9291, 228.937), (105.033, 221.108), (112.025, 137.195), (98.0097, 129.661)))
(((107.699, 68.4473), (71.3297, 37.4661), (43.6843, 83.9104), (87.2739, 106.512), (107.699, 68.4473)))
(((119.693, 346.943), (91.0263, 325.648), (72.7834, 323.015), (2.71429, 386.714), (-0.36451, 394.842), (22.764, 409.38), (113.306, 408.068), (119.693, 346.943)))
(((113.306, 408.068), (22.764, 409.38), (77.5, 511.25), (139.103, 435.529), (113.306, 408.068)))
(((81.94, -719.106), (63.0362, -594.881), (133.029, -580.255), (182.159, -596.789), (191, -624), (171.902, -682.779), (121.902, -719.106), (81.94, -719.106)))
(((99.0742, -252.671), (87.7259, -248.174), (65.0953, -222.624), (95.0981, -198.621), (112.63, -213.457), (104.526, -251.664), (99.0742, -252.671)))
(((125.713, -165.68), (94.7742, -185.016), (76, -172.5), (76, -144.364), (91.0048, -136.179), (121.956, -145.121), (128.286, -156.514), (125.713, -165.68)))
(((118.435, -32.2631), (87.5919, -40.7297), (65.5206, 14.4486), (70.7895, 19.9091), (110.957, 13.8461), (118.435, -32.2631)))
(((140.621, 235.907), (105.033, 221.108), (58.9291, 228.937), (43.2032, 252.404), (72.7834, 323.015), (91.0263, 325.648), (145.024, 249.651), (140.621, 235.907)))
(((153.047, 40.8162), (152.087, 39.2239), (110.957, 13.8461), (70.7895, 19.9091), (71.3297, 37.4661), (107.699, 68.4473), (142.25, 55.755), (153.013, 41.0143), (153.047, 40.8162)))
(((136.31, -301.123), (80.8622, -302.754), (99.0742, -252.671), (104.526, -251.664), (126.335, -259.561), (136.31, -301.123)))
(((140.402, -311.965), (118.733, -346.97), (100.155, -352.095), (77.4354, -308.927), (79.798, -303.541), (80.8622, -302.754), (136.31, -301.123), (140.304, -305.378), (140.402, -311.965)))
(((121.956, -145.121), (91.0048, -136.179), (89.7335, -89.1406), (110.83, -89.5242), (132.363, -116.675), (121.956, -145.121)))
(((124.06, -34.5328), (131.778, -71.1944), (110.83, -89.5242), (89.7335, -89.1406), (83.0808, -84.6263), (85.5, -43.5), (87.5919, -40.7297), (118.435, -32.2631), (124.06, -34.5328)))
(((139.856, -204.381), (112.63, -213.457), (95.0981, -198.621), (94.7742, -185.016), (125.713, -165.68), (141.414, -201.989), (139.856, -204.381)))
(((142.25, 55.755), (107.699, 68.4473), (87.2739, 106.512), (98.0097, 129.661), (112.025, 137.195), (147.211, 130.158), (142.25, 55.755)))
(((133.249, -399.575), (100.06, -403.812), (98.9946, -353.745), (100.155, -352.095), (118.733, -346.97), (151.22, -373.366), (133.249, -399.575)))
(((182.127, -596.778), (133.029, -580.255), (83.3896, -514.516), (86.4192, -499.546), (106.818, -483.929), (174.665, -506.971), (202.072, -580.58), (202.151, -582.23), (182.127, -596.778)))
(((146.493, -246.853), (126.335, -259.561), (104.526, -251.664), (112.63, -213.457), (139.856, -204.381), (146.493, -246.853)))
(((162.484, -436.436), (111.707, -454.149), (96.0641, -428.729), (95.7616, -408.764), (100.06, -403.812), (133.249, -399.575), (162.484, -436.436)))
(((156.44, -24.6204), (124.06, -34.5328), (118.435, -32.2631), (110.957, 13.8461), (152.087, 39.2239), (156.44, -24.6204)))
(((193.899, 302.598), (145.024, 249.651), (91.0263, 325.648), (119.693, 346.943), (176.328, 335.91), (193.899, 302.598)))
(((153.593, -109.971), (132.363, -116.675), (110.83, -89.5242), (131.778, -71.1944), (155.582, -77.1455), (153.593, -109.971)))
(((171.799, 137.981), (147.211, 130.158), (112.025, 137.195), (105.033, 221.108), (140.621, 235.907), (190.085, 191.534), (171.799, 137.981)))
(((185.781, 438.5), (139.103, 435.529), (77.5, 511.25), (76.37, 523.115), (103.418, 549.081), (189.432, 546.818), (185.781, 438.5)))
(((186.939, -455.148), (174.665, -506.971), (106.818, -483.929), (111.707, -454.149), (162.484, -436.436), (179.694, -440.087), (186.939, -455.148)))
(((223.037, 625), (217.639, 567.551), (189.432, 546.818), (103.418, 549.081), (92.6818, 625), (223.037, 625)))
(((170.939, -68.736), (155.582, -77.1455), (131.778, -71.1944), (124.06, -34.5328), (156.44, -24.6204), (173.808, -34.3063), (170.939, -68.736)))
(((163.934, -371.323), (151.22, -373.366), (118.733, -346.97), (140.402, -311.965), (173.84, -342.926), (163.934, -371.323)))
(((165.89, -154.062), (128.286, -156.514), (121.956, -145.121), (132.363, -116.675), (153.593, -109.971), (179.396, -125.023), (165.89, -154.062)))
(((206.664, 415.413), (176.328, 335.91), (119.693, 346.943), (113.306, 408.068), (139.103, 435.529), (185.781, 438.5), (201.799, 426.224), (206.664, 415.413)))
(((178.684, -173.744), (161.989, -199.183), (141.414, -201.989), (125.713, -165.68), (128.286, -156.514), (165.89, -154.062), (178.684, -173.744)))
(((184.207, -287.817), (140.304, -305.378), (136.31, -301.123), (126.335, -259.561), (146.493, -246.853), (174.5, -248.5), (186.039, -283.117), (184.207, -287.817)))
(((179.694, -440.087), (162.484, -436.436), (133.249, -399.575), (151.22, -373.366), (163.934, -371.323), (197.37, -399.051), (179.694, -440.087)))
(((174.5, -248.5), (146.493, -246.853), (139.856, -204.381), (141.414, -201.989), (161.989, -199.183), (189.058, -229.783), (174.5, -248.5)))
(((210.915, 102.776), (153.013, 41.0143), (142.25, 55.755), (147.211, 130.158), (171.799, 137.981), (210.915, 102.776)))
(((179.396, -125.023), (153.593, -109.971), (155.582, -77.1455), (170.939, -68.736), (189.433, -80.9034), (188.305, -121.523), (179.396, -125.023)))
(((194.179, -334.209), (173.84, -342.926), (140.402, -311.965), (140.304, -305.378), (184.207, -287.817), (200.471, -318.129), (194.179, -334.209)))
(((210, -22.0268), (173.808, -34.3063), (156.44, -24.6204), (152.087, 39.2239), (153.047, 40.8162), (210, 19.9333), (210, -22.0268)))
(((206.129, -224.19), (189.058, -229.783), (161.989, -199.183), (178.684, -173.744), (201.678, -177.658), (208.596, -222.621), (206.129, -224.19)))
(((208.802, -393.915), (197.37, -399.051), (163.934, -371.323), (173.84, -342.926), (194.179, -334.209), (220.124, -364.478), (208.802, -393.915)))
(((220.065, -163.756), (201.678, -177.658), (178.684, -173.744), (165.89, -154.062), (179.396, -125.023), (188.305, -121.523), (212.383, -127.652), (220.065, -163.756)))
(((210, -22.0268), (210, -53), (234.714, -53), (225.165, -70.8252), (189.433, -80.9034), (170.939, -68.736), (173.808, -34.3063), (210, -22.0268)))
(((297.375, 53), (210, 53), (210, 19.9333), (153.047, 40.8162), (153.013, 41.0143), (210.915, 102.776), (290.796, 83.2499), (299, 58), (297.375, 53)))
(((229.383, 200.131), (190.085, 191.534), (140.621, 235.907), (145.024, 249.651), (193.899, 302.598), (235.166, 292.664), (229.383, 200.131)))
(((206.129, -224.19), (215.614, -274.775), (186.039, -283.117), (174.5, -248.5), (189.058, -229.783), (206.129, -224.19)))
(((233.442, -112.209), (212.383, -127.652), (188.305, -121.523), (189.433, -80.9034), (225.165, -70.8252), (233.442, -112.209)))
(((236.107, -313.674), (200.471, -318.129), (184.207, -287.817), (186.039, -283.117), (215.614, -274.775), (239.314, -277.597), (236.107, -313.674)))
(((202.328, -580.106), (201.896, -580.106), (174.665, -506.971), (186.939, -455.148), (252.249, -458.647), (253.909, -459.779), (259.388, -474.137), (202.328, -580.106)))
(((239.1, -317), (240.907, -353.142), (220.124, -364.478), (194.179, -334.209), (200.471, -318.129), (236.107, -313.674), (239.1, -317)))
(((239.314, -277.597), (215.614, -274.775), (206.129, -224.19), (208.596, -222.621), (217.931, -223.233), (249.459, -268.775), (239.314, -277.597)))
(((292.956, 82.7219), (210.915, 102.776), (171.799, 137.981), (190.085, 191.534), (229.383, 200.131), (317.433, 158.977), (321, 148), (301.902, 89.2215), (292.956, 82.7219)))
(((252.249, -458.647), (186.939, -455.148), (179.694, -440.087), (197.37, -399.051), (208.802, -393.915), (240.023, -407.295), (252.249, -458.647)))
(((243.41, -182.333), (226.727, -218.733), (217.931, -223.233), (208.596, -222.621), (201.678, -177.658), (220.065, -163.756), (236.119, -168.792), (243.41, -182.333)))
(((315.586, 319.949), (235.166, 292.664), (193.899, 302.598), (176.328, 335.91), (206.664, 415.413), (325.941, 352.182), (326, 352), (315.586, 319.949)))
(((283.15, 484.551), (201.799, 426.224), (185.781, 438.5), (189.432, 546.818), (217.639, 567.551), (265.175, 538.476), (283.15, 484.551)))
(((268.411, -144.035), (236.119, -168.792), (220.065, -163.756), (212.383, -127.652), (233.442, -112.209), (254.178, -116.817), (270.598, -137.716), (268.411, -144.035)))
(((282.341, -384.509), (240.023, -407.295), (208.802, -393.915), (220.124, -364.478), (240.907, -353.142), (278.969, -366.381), (284.267, -373.244), (282.341, -384.509)))
(((274.182, -243.374), (253.307, -267.933), (249.459, -268.775), (217.931, -223.233), (226.727, -218.733), (272.598, -221.6), (274.182, -243.374)))
(((279.596, -208.355), (272.598, -221.6), (226.727, -218.733), (243.41, -182.333), (278.33, -198.701), (279.596, -208.355)))
(((289.132, -53), (284.952, -72.8548), (254.178, -116.817), (233.442, -112.209), (225.165, -70.8252), (234.714, -53), (289.132, -53)))
(((281.148, -321.721), (278.969, -366.381), (240.907, -353.142), (239.1, -317), (277.421, -317), (281.148, -321.721)))
(((277.421, -317), (239.1, -317), (236.107, -313.674), (239.314, -277.597), (249.459, -268.775), (253.307, -267.933), (280.138, -291.186), (277.421, -317)))
(((278.33, -198.701), (243.41, -182.333), (236.119, -168.792), (268.411, -144.035), (285.413, -185.124), (278.33, -198.701)))
(((315.517, 159.872), (229.383, 200.131), (235.166, 292.664), (315.707, 319.99), (344.902, 298.779), (364, 240), (344.902, 181.221), (315.517, 159.872)))
(((299.762, -421.362), (253.909, -459.779), (252.249, -458.647), (240.023, -407.295), (282.341, -384.509), (299.762, -421.362)))
(((321.242, 354.673), (206.664, 415.413), (201.799, 426.224), (283.15, 484.551), (368.688, 430.961), (350.902, 376.221), (321.242, 354.673)))
(((369.556, -520.523), (352.902, -571.779), (302.902, -608.106), (241.098, -608.106), (202.393, -579.985), (259.388, -474.137), (369.556, -520.523)))
(((304.365, -131.095), (270.598, -137.716), (254.178, -116.817), (284.952, -72.8548), (304.365, -131.095)))
(((311.137, -280.246), (280.138, -291.186), (253.307, -267.933), (274.182, -243.374), (311.998, -258.302), (311.137, -280.246)))
(((335.184, -161.621), (285.413, -185.124), (268.411, -144.035), (270.598, -137.716), (304.365, -131.095), (345.459, -142.738), (335.184, -161.621)))
(((223.037, 625), (383.953, 625), (395, 591), (393.336, 585.878), (265.175, 538.476), (217.639, 567.551), (223.037, 625)))
(((369.2, -520.374), (259.388, -474.137), (253.909, -459.779), (299.762, -421.362), (302.551, -422.424), (356.599, -446.347), (389.735, -475.282), (376.902, -514.779), (369.2, -520.374)))
(((319.235, -318.15), (281.148, -321.721), (277.421, -317), (280.138, -291.186), (311.137, -280.246), (323.258, -295.017), (319.235, -318.15)))
(((332.311, -357.23), (284.267, -373.244), (278.969, -366.381), (281.148, -321.721), (319.235, -318.15), (337.608, -351.068), (332.311, -357.23)))
(((341, -232.2), (311.998, -258.302), (274.182, -243.374), (272.598, -221.6), (279.596, -208.355), (334.03, -220.451), (341, -232.2)))
(((334.03, -220.451), (279.596, -208.355), (278.33, -198.701), (285.413, -185.124), (335.184, -161.621), (334.03, -220.451)))
(((289.132, -53), (393.729, -53), (400, -72.3008), (400, -114.062), (345.459, -142.738), (304.365, -131.095), (284.952, -72.8548), (289.132, -53)))
(((335.6, -372.85), (302.551, -422.424), (299.762, -421.362), (282.341, -384.509), (284.267, -373.244), (332.311, -357.23), (335.6, -372.85)))
(((400, 578.887), (400, 457.113), (366.173, 432.536), (283.15, 484.551), (265.175, 538.476), (391.376, 585.153), (400, 578.887)))
(((356.599, -446.347), (302.551, -422.424), (335.6, -372.85), (356.599, -446.347)))
(((376.318, -285.732), (323.258, -295.017), (311.137, -280.246), (311.998, -258.302), (341, -232.2), (347.292, -234.129), (376.318, -285.732)))
(((400, -339.103), (337.608, -351.068), (319.235, -318.15), (323.258, -295.017), (376.318, -285.732), (400, -300.224), (400, -339.103)))
(((400, -339.103), (400, -472.042), (392.371, -477.585), (356.599, -446.347), (335.6, -372.85), (332.311, -357.23), (337.608, -351.068), (400, -339.103)))
(((400, -206.677), (347.292, -234.129), (341, -232.2), (334.03, -220.451), (335.184, -161.621), (345.459, -142.738), (400, -114.062), (400, -206.677)))
(((400, -300.224), (376.318, -285.732), (347.292, -234.129), (400, -206.677), (400, -300.224)))
