(((-225, -133), (-129.182, -133), (-123.579, -169.979), (-225, -194.649), (-225, -133)))
(((-225, -133), (-225, -53), (-161.274, -53), (-122.884, -123.103), (-129.182, -133), (-225, -133)))
(((-225, -259.066), (-225, -194.649), (-123.579, -169.979), (-107.871, -189.029), (-167.85, -274.715), (-193.146, -282.21), (-225, -259.066)))
(((-162.738, 368.315), (-203.902, 398.221), (-223, 457), (-203.902, 515.779), (-194.914, 522.308), (-71.8274, 489.39), (-68.0465, 466.284), (-83.7718, 429.733), (-162.738, 368.315)))
(((-74.5455, -53), (-88.4588, -110.392), (-122.884, -123.103), (-161.274, -53), (-74.5455, -53)))
(((-151.699, -471.167), (-194.902, -439.779), (-214, -381), (-203.499, -348.68), (-99.426, -357.006), (-75.7638, -412.218), (-151.699, -471.167)))
(((-204.276, -348.618), (-210, -331), (-194.254, -282.538), (-167.85, -274.715), (-115.312, -279.969), (-86.2706, -291.724), (-73.7906, -326.564), (-99.426, -357.006), (-204.276, -348.618)))
(((-71.2876, -213.931), (-115.312, -279.969), (-167.85, -274.715), (-107.871, -189.029), (-88.8566, -190.652), (-71.2876, -213.931)))
(((-148.94, 625), (-127.716, 625), (-40.9884, 528.846), (-71.8274, 489.39), (-193.121, 521.829), (-200, 543), (-180.902, 601.779), (-148.94, 625)))
(((-67.3273, -167.073), (-88.8566, -190.652), (-107.871, -189.029), (-123.579, -169.979), (-129.182, -133), (-122.884, -123.103), (-88.4588, -110.392), (-70.7885, -125.538), (-67.3273, -167.073)))
(((-60.2246, -277.399), (-86.2706, -291.724), (-115.312, -279.969), (-71.2876, -213.931), (-47.4447, -226.279), (-60.2246, -277.399)))
(((-34.6709, -404.786), (-75.7638, -412.218), (-99.426, -357.006), (-73.7906, -326.564), (-43.9304, -342.027), (-34.6709, -404.786)))
(((-123.56, 308.536), (-147.902, 326.221), (-161.813, 369.035), (-83.7718, 429.733), (-9.0448, 365.681), (-54.7692, 324.587), (-123.56, 308.536)))
(((-150.659, -470.36), (-75.7638, -412.218), (-34.6709, -404.786), (-15.3573, -413.037), (-31.7183, -552.106), (-85.9017, -552.106), (-135.902, -515.779), (-150.659, -470.36)))
(((-74.5455, -53), (-47.9688, -53), (-34, -63.9918), (-34, -120.633), (-70.7885, -125.538), (-88.4588, -110.392), (-74.5455, -53)))
(((30.5263, 625), (30.0521, 623.089), (-29.6177, 532.437), (-40.9884, 528.846), (-127.716, 625), (30.5263, 625)))
(((-47.4447, -226.279), (-71.2876, -213.931), (-88.8566, -190.652), (-67.3273, -167.073), (-34, -168.522), (-34, -223.269), (-47.4447, -226.279)))
(((-17.234, -159.774), (-34, -168.522), (-67.3273, -167.073), (-70.7885, -125.538), (-34, -120.633), (-19.5075, -129.651), (-17.234, -159.774)))
(((-4.94101, -315.481), (-43.9304, -342.027), (-73.7906, -326.564), (-86.2706, -291.724), (-60.2246, -277.399), (-6.32677, -289.498), (-4.94101, -315.481)))
(((-90.0235, 184.514), (-119.902, 206.221), (-139, 265), (-124.96, 308.209), (-54.7692, 324.587), (9.38246, 257.306), (-7.92046, 204.244), (-90.0235, 184.514)))
(((31.0348, 380.096), (-9.0448, 365.681), (-83.7718, 429.733), (-68.0465, 466.284), (28.6421, 424.093), (36.1418, 385.694), (31.0348, 380.096)))
(((-6.32677, -289.498), (-60.2246, -277.399), (-47.4447, -226.279), (-34, -223.269), (-25.3251, -224.693), (1.07827, -278.966), (-6.32677, -289.498)))
(((-14.0647, -161.612), (7.439, -207.308), (-25.3251, -224.693), (-34, -223.269), (-34, -168.522), (-17.234, -159.774), (-14.0647, -161.612)))
(((10.4032, -111.413), (-19.5075, -129.651), (-34, -120.633), (-34, -63.9918), (-9.31461, -69.6573), (10.4032, -111.413)))
(((28.6421, 424.093), (-68.0465, 466.284), (-71.8274, 489.39), (-40.9884, 528.846), (-29.6177, 532.437), (44.9725, 480.705), (28.6421, 424.093)))
(((26.2401, -354.736), (-9.69699, -411.813), (-15.3573, -413.037), (-34.6709, -404.786), (-43.9304, -342.027), (-4.94101, -315.481), (22.9073, -338.961), (26.2401, -354.736)))
(((-75.2491, 67.3023), (-88.9017, 77.2215), (-108, 136), (-92.4244, 183.937), (-7.92046, 204.244), (39.5516, 174.993), (35.4694, 135.985), (-37.9421, 72.8173), (-75.2491, 67.3023)))
(((-47.9688, -53), (-30, -53), (-30, -2.4), (9.61932, -10.3239), (20.4337, -54.7831), (-9.31461, -69.6573), (-34, -63.9918), (-47.9688, -53)))
(((44.5323, 281.565), (9.38246, 257.306), (-54.7692, 324.587), (-9.0448, 365.681), (31.0348, 380.096), (44.5323, 281.565)))
(((36.4153, -263.822), (1.07827, -278.966), (-25.3251, -224.693), (7.439, -207.308), (29.6934, -210.047), (36.4153, -263.822)))
(((36.9255, -131.579), (18.6623, -156.8), (-14.0647, -161.612), (-17.234, -159.774), (-19.5075, -129.651), (10.4032, -111.413), (33.1646, -115.729), (36.9255, -131.579)))
(((-30, -2.4), (-30, 53), (-80.6026, 53), (-75.9911, 67.1926), (-37.9421, 72.8173), (48.0431, 48.9325), (31.5732, 0.437861), (9.61932, -10.3239), (-30, -2.4)))
(((-31.4974, -550.228), (-15.3573, -413.037), (-9.69699, -411.813), (56.917, -437.766), (22.2238, -560.106), (-17.9017, -560.106), (-31.4974, -550.228)))
(((39.3596, -202.047), (29.6934, -210.047), (7.439, -207.308), (-14.0647, -161.612), (18.6623, -156.8), (40.3751, -196.885), (39.3596, -202.047)))
(((33.1646, -115.729), (10.4032, -111.413), (-9.31461, -69.6573), (20.4337, -54.7831), (33.9407, -58.6058), (39.6594, -108.644), (33.1646, -115.729)))
(((52.1947, 50.4547), (48.0431, 48.9325), (-37.9421, 72.8173), (35.4694, 135.985), (76.2276, 77.2455), (52.1947, 50.4547)))
(((44.9725, 480.705), (-29.6177, 532.437), (30.0521, 623.089), (73.4959, 499.617), (44.9725, 480.705)))
(((61.5642, -308.894), (22.9073, -338.961), (-4.94101, -315.481), (-6.32677, -289.498), (1.07827, -278.966), (36.4153, -263.822), (42.6868, -266.42), (61.5642, -308.894)))
(((53.148, -50.7661), (33.9407, -58.6058), (20.4337, -54.7831), (9.61932, -10.3239), (31.5732, 0.437861), (60.1748, -23.8301), (53.148, -50.7661)))
(((40.3751, -196.885), (18.6623, -156.8), (36.9255, -131.579), (67.0526, -157.402), (40.3751, -196.885)))
(((56.917, -437.766), (-9.69699, -411.813), (26.2401, -354.736), (67.1528, -368.931), (57.3425, -437.602), (56.917, -437.766)))
(((107.835, 190.8), (39.5516, 174.993), (-7.92046, 204.244), (9.38246, 257.306), (44.5323, 281.565), (86.3113, 269.186), (114.016, 223.587), (107.835, 190.8)))
(((76.2034, -98.747), (39.6594, -108.644), (33.9407, -58.6058), (53.148, -50.7661), (79.288, -69.1348), (76.2034, -98.747)))
(((106.986, -350.824), (67.1528, -368.931), (26.2401, -354.736), (22.9073, -338.961), (61.5642, -308.894), (114.495, -324.963), (106.986, -350.824)))
(((86.1616, -252.508), (42.6868, -266.42), (36.4153, -263.822), (29.6934, -210.047), (39.3596, -202.047), (68.0918, -210.167), (92.1887, -242.646), (86.1616, -252.508)))
(((86.914, -13.1344), (60.1748, -23.8301), (31.5732, 0.437861), (48.0431, 48.9325), (52.1947, 50.4547), (94.7447, -0.898833), (86.914, -13.1344)))
(((91.826, -145.187), (78.6818, -156.045), (67.0526, -157.402), (36.9255, -131.579), (33.1646, -115.729), (39.6594, -108.644), (76.2034, -98.747), (93.1076, -112.506), (91.826, -145.187)))
(((93.9756, -189.91), (68.0918, -210.167), (39.3596, -202.047), (40.3751, -196.885), (67.0526, -157.402), (78.6818, -156.045), (93.9756, -189.91)))
(((114.495, -324.963), (61.5642, -308.894), (42.6868, -266.42), (86.1616, -252.508), (117.39, -322.312), (114.495, -324.963)))
(((117.657, 321.429), (86.3113, 269.186), (44.5323, 281.565), (31.0348, 380.096), (36.1418, 385.694), (103.231, 378.413), (117.657, 321.429)))
(((133.613, 161.382), (88.3835, 79.6767), (76.2276, 77.2455), (35.4694, 135.985), (39.5516, 174.993), (107.835, 190.8), (133.613, 161.382)))
(((22.3473, -559.67), (56.917, -437.766), (57.3425, -437.602), (114.34, -440.769), (110.148, -579.106), (49.0983, -579.106), (22.3473, -559.67)))
(((104.334, -56.0153), (79.288, -69.1348), (53.148, -50.7661), (60.1748, -23.8301), (86.914, -13.1344), (104.334, -56.0153)))
(((129.807, 625), (122.44, 502.703), (73.4959, 499.617), (30.0521, 623.089), (30.5263, 625), (129.807, 625)))
(((114.34, -440.769), (57.3425, -437.602), (67.1528, -368.931), (106.986, -350.824), (137.657, -425.309), (114.34, -440.769)))
(((167.348, 416.648), (103.231, 378.413), (36.1418, 385.694), (28.6421, 424.093), (44.9725, 480.705), (73.4959, 499.617), (122.44, 502.703), (155.517, 478.988), (167.348, 416.648)))
(((92.1887, -242.646), (68.0918, -210.167), (93.9756, -189.91), (106.73, -194.392), (103.5, -238), (92.1887, -242.646)))
(((122.531, 5.93393), (94.7447, -0.898833), (52.1947, 50.4547), (76.2276, 77.2455), (88.3835, 79.6767), (121.439, 60.5667), (122.531, 5.93393)))
(((143.865, -89.42), (138.751, -96.2775), (93.1076, -112.506), (76.2034, -98.747), (79.288, -69.1348), (104.334, -56.0153), (134.009, -61.4107), (145.248, -74.8974), (143.865, -89.42)))
(((143.254, -163.261), (133.874, -184.648), (106.73, -194.392), (93.9756, -189.91), (78.6818, -156.045), (91.826, -145.187), (140.221, -159.486), (143.254, -163.261)))
(((134.009, -61.4107), (104.334, -56.0153), (86.914, -13.1344), (94.7447, -0.898833), (122.531, 5.93393), (139.77, -3.79771), (134.009, -61.4107)))
(((122.068, -320.534), (117.39, -322.312), (86.1616, -252.508), (92.1887, -242.646), (103.5, -238), (144, -241), (139.662, -299.556), (122.068, -320.534)))
(((140.221, -159.486), (91.826, -145.187), (93.1076, -112.506), (138.751, -96.2775), (140.221, -159.486)))
(((144, -241), (103.5, -238), (106.73, -194.392), (133.874, -184.648), (150.419, -235.466), (144, -241)))
(((191.757, 270.67), (114.016, 223.587), (86.3113, 269.186), (117.657, 321.429), (176.418, 294.82), (191.757, 270.67)))
(((167.463, 70.0638), (121.439, 60.5667), (88.3835, 79.6767), (133.613, 161.382), (142.41, 158.273), (176.63, 77.5122), (167.463, 70.0638)))
(((110.196, -577.544), (114.34, -440.769), (137.657, -425.309), (226.228, -430.476), (228.292, -431.501), (246, -486), (226.902, -544.779), (176.902, -581.106), (115.098, -581.106), (110.196, -577.544)))
(((165.718, 2.01155), (139.77, -3.79771), (122.531, 5.93393), (121.439, 60.5667), (167.463, 70.0638), (165.718, 2.01155)))
(((226.073, -430.467), (137.657, -425.309), (106.986, -350.824), (114.495, -324.963), (117.39, -322.312), (122.068, -320.534), (189.857, -354.429), (226.184, -430.385), (226.073, -430.467)))
(((188.477, 395.306), (176.418, 294.82), (117.657, 321.429), (103.231, 378.413), (167.348, 416.648), (175.155, 412.484), (188.477, 395.306)))
(((182.715, -136.531), (153.281, -163.117), (143.254, -163.261), (140.221, -159.486), (138.751, -96.2775), (143.865, -89.42), (186.591, -119.091), (182.715, -136.531)))
(((197.698, -207.728), (170.068, -233.556), (150.419, -235.466), (133.874, -184.648), (143.254, -163.261), (153.281, -163.117), (193.377, -190.877), (197.34, -205.329), (197.698, -207.728)))
(((191.912, -7.51339), (171.502, -64.0338), (145.248, -74.8974), (134.009, -61.4107), (139.77, -3.79771), (165.718, 2.01155), (191.912, -7.51339)))
(((166.75, 625), (235.34, 539.853), (155.517, 478.988), (122.44, 502.703), (129.807, 625), (166.75, 625)))
(((205.947, -288.509), (139.662, -299.556), (144, -241), (150.419, -235.466), (170.068, -233.556), (206.265, -283.674), (205.947, -288.509)))
(((220.637, 263.083), (201.165, 169.895), (142.41, 158.273), (133.613, 161.382), (107.835, 190.8), (114.016, 223.587), (191.757, 270.67), (220.637, 263.083)))
(((209.799, -294.602), (189.857, -354.429), (122.068, -320.534), (139.662, -299.556), (205.947, -288.509), (209.799, -294.602)))
(((200.182, -113.182), (186.591, -119.091), (143.865, -89.42), (145.248, -74.8974), (171.502, -64.0338), (208.888, -74.0035), (200.182, -113.182)))
(((279.177, 53), (210, 53), (210, -4.76582), (191.912, -7.51339), (165.718, 2.01155), (167.463, 70.0638), (176.63, 77.5122), (273.693, 69.8781), (279.177, 53)))
(((193.377, -190.877), (153.281, -163.117), (182.715, -136.531), (212.422, -160.579), (193.377, -190.877)))
(((276.322, 69.6713), (176.63, 77.5122), (142.41, 158.273), (201.165, 169.895), (290.43, 113.09), (276.322, 69.6713)))
(((210, -4.76582), (210, -53), (255.271, -53), (208.888, -74.0035), (171.502, -64.0338), (191.912, -7.51339), (210, -4.76582)))
(((241.624, -228.674), (240.128, -239.981), (206.265, -283.674), (170.068, -233.556), (197.698, -207.728), (239.441, -225.618), (241.624, -228.674)))
(((251.586, -144.185), (212.422, -160.579), (182.715, -136.531), (186.591, -119.091), (200.182, -113.182), (253.876, -135.79), (251.586, -144.185)))
(((305.048, 327.07), (290.443, 282.121), (220.637, 263.083), (191.757, 270.67), (176.418, 294.82), (188.477, 395.306), (305.048, 327.07)))
(((316.282, -350.599), (302.902, -391.779), (252.902, -428.106), (225.094, -428.106), (189.857, -354.429), (209.799, -294.602), (309.964, -334.322), (316.282, -350.599)))
(((306.729, -53), (311.78, -68.5459), (253.876, -135.79), (200.182, -113.182), (208.888, -74.0035), (255.271, -53), (306.729, -53)))
(((256.678, -162.944), (197.34, -205.329), (193.377, -190.877), (212.422, -160.579), (251.586, -144.185), (256.678, -162.944)))
(((247.52, 538.882), (262.193, 450.839), (175.155, 412.484), (167.348, 416.648), (155.517, 478.988), (235.34, 539.853), (247.52, 538.882)))
(((256.936, -163.59), (239.441, -225.618), (197.698, -207.728), (197.34, -205.329), (256.678, -162.944), (256.936, -163.59)))
(((265.811, 625), (264.308, 545.309), (247.52, 538.882), (235.34, 539.853), (166.75, 625), (265.811, 625)))
(((288.567, 114.276), (201.165, 169.895), (220.637, 263.083), (288.682, 281.641), (322.902, 256.779), (342, 198), (322.902, 139.221), (288.567, 114.276)))
(((309.964, -334.322), (209.799, -294.602), (205.947, -288.509), (206.265, -283.674), (240.128, -239.981), (309.921, -328.809), (309.964, -334.322)))
(((301.647, 329.06), (188.477, 395.306), (175.155, 412.484), (262.193, 450.839), (352.208, 406.485), (334.902, 353.221), (301.647, 329.06)))
(((332.49, -220.26), (241.624, -228.674), (239.441, -225.618), (256.936, -163.59), (334.181, -217.871), (332.49, -220.26)))
(((309.921, -328.809), (240.128, -239.981), (241.624, -228.674), (332.49, -220.26), (309.921, -328.809)))
(((349.249, 407.943), (262.193, 450.839), (247.52, 538.882), (264.308, 545.309), (365.684, 542.116), (368.902, 539.779), (388, 481), (368.902, 422.221), (349.249, 407.943)))
(((265.811, 625), (386.476, 625), (392, 608), (372.902, 549.221), (363.229, 542.194), (264.308, 545.309), (265.811, 625)))
(((388.439, -179.115), (334.181, -217.871), (256.936, -163.59), (256.678, -162.944), (251.586, -144.185), (253.876, -135.79), (313.202, -66.8943), (324.902, -66.8943), (374.902, -103.221), (394, -162), (388.439, -179.115)))
(((400, -178.894), (400, -369.106), (343.098, -369.106), (315.754, -349.239), (309.964, -334.322), (309.921, -328.809), (332.49, -220.26), (334.181, -217.871), (388.748, -178.894), (400, -178.894)))
