(((-225, -151.062), (-185.388, -173.839), (-200.262, -223.772), (-215.089, -239.169), (-225, -243.478), (-225, -151.062)))
(((-225, -365.26), (-178.547, -392.953), (-165.207, -428.759), (-165.71, -429.418), (-225, -475.398), (-225, -365.26)))
(((-225, -101.559), (-213.656, -103.894), (-164.181, -137.363), (-175.049, -169.244), (-185.388, -173.839), (-225, -151.063), (-225, -101.559)))
(((-225, -483.705), (-167.33, -498.559), (-138.374, -549.522), (-142.458, -555.439), (-225, -585.455), (-225, -483.705)))
(((-225, 446.59), (-225, 613.41), (-209.047, 625), (-146.953, 625), (-145.007, 623.586), (-147.645, 457.352), (-176.075, 434.894), (-208.902, 434.894), (-225, 446.59)))
(((-225, -101.559), (-225, -53), (-149.539, -53), (-152.256, -87.6413), (-213.656, -103.894), (-225, -101.559)))
(((-225, -243.478), (-215.089, -239.169), (-150.396, -261.811), (-145.627, -276.119), (-171.282, -315.587), (-180.853, -320.672), (-225, -323.682), (-225, -243.478)))
(((-225, -323.682), (-180.853, -320.672), (-142.234, -365.727), (-143.883, -371.944), (-178.547, -392.953), (-225, -365.26), (-225, -323.682)))
(((-138.353, -126.294), (-164.181, -137.363), (-213.656, -103.894), (-152.256, -87.6413), (-132.876, -114.774), (-138.353, -126.294)))
(((-148.245, -182.99), (-165.428, -217.355), (-200.262, -223.772), (-185.388, -173.839), (-175.049, -169.244), (-148.245, -182.99)))
(((-225, -774.058), (-225, -645.542), (-121.836, -652.355), (-123.668, -793.434), (-130.098, -798.106), (-191.902, -798.106), (-225, -774.058)))
(((-225, -483.705), (-225, -475.398), (-165.71, -429.418), (-143.659, -482.971), (-167.33, -498.559), (-225, -483.705)))
(((-137.152, -240.506), (-150.396, -261.811), (-215.089, -239.169), (-200.262, -223.772), (-165.428, -217.355), (-136.621, -228.282), (-137.152, -240.506)))
(((-225, -585.455), (-142.458, -555.439), (-110.165, -644.72), (-121.836, -652.355), (-225, -645.542), (-225, -585.455)))
(((-118.972, -208.356), (-136.621, -228.282), (-165.428, -217.355), (-148.245, -182.99), (-135.743, -183.511), (-118.972, -208.356)))
(((-138.26, -426.992), (-165.207, -428.759), (-178.547, -392.953), (-143.883, -371.944), (-126, -397.875), (-138.26, -426.992)))
(((-122.094, -158.812), (-135.743, -183.511), (-148.245, -182.99), (-175.049, -169.244), (-164.181, -137.363), (-138.353, -126.294), (-122.094, -158.812)))
(((-119.1, -477.854), (-143.659, -482.971), (-165.71, -429.418), (-165.207, -428.759), (-138.26, -426.992), (-122.486, -438.911), (-119.1, -477.854)))
(((-103.686, -343.849), (-142.234, -365.727), (-180.853, -320.672), (-171.282, -315.587), (-109.318, -325.371), (-102.315, -339.61), (-103.686, -343.849)))
(((-86.6979, -530.667), (-138.374, -549.522), (-167.33, -498.559), (-143.659, -482.971), (-119.1, -477.854), (-103.87, -488.398), (-86.6979, -530.667)))
(((-109.318, -325.371), (-171.282, -315.587), (-145.627, -276.119), (-120.177, -282.629), (-105.791, -301.126), (-109.318, -325.371)))
(((-100.073, -53), (-94.1092, -74.7487), (-123.495, -111.753), (-132.876, -114.774), (-152.256, -87.6413), (-149.539, -53), (-100.073, -53)))
(((-120.177, -282.629), (-145.627, -276.119), (-150.396, -261.811), (-137.152, -240.506), (-103.545, -254.909), (-120.177, -282.629)))
(((-91.2861, -389.197), (-126, -397.875), (-143.883, -371.944), (-142.234, -365.727), (-103.686, -343.849), (-90.12, -386.357), (-91.2861, -389.197)))
(((-91.2385, 624.106), (-67.2234, 506.856), (-94.9615, 471.192), (-147.645, 457.352), (-144.998, 624.106), (-91.2385, 624.106)))
(((-94.2308, -250.769), (-103.545, -254.909), (-137.152, -240.506), (-136.621, -228.282), (-118.972, -208.356), (-110.698, -209.069), (-91, -235.333), (-94.2308, -250.769)))
(((-80.9018, -426.74), (-122.486, -438.911), (-138.26, -426.992), (-126, -397.875), (-91.2861, -389.197), (-80.9018, -426.74)))
(((-81.6951, -164.033), (-82.1086, -186.366), (-110.698, -209.069), (-118.972, -208.356), (-135.743, -183.511), (-122.094, -158.812), (-84.2599, -160.658), (-81.6951, -164.033)))
(((-81.1834, -532.707), (-77.3316, -638.63), (-110.165, -644.72), (-142.458, -555.439), (-138.374, -549.522), (-86.6979, -530.667), (-81.1834, -532.707)))
(((-84.2599, -160.658), (-122.094, -158.812), (-138.353, -126.294), (-132.876, -114.774), (-123.495, -111.753), (-82.407, -131.012), (-84.2599, -160.658)))
(((-72.6701, -454.799), (-103.87, -488.398), (-119.1, -477.854), (-122.486, -438.911), (-80.9018, -426.74), (-75.1, -430.5), (-72.6701, -454.799)))
(((-74.6055, -284.667), (-105.791, -301.126), (-120.177, -282.629), (-103.545, -254.909), (-94.2308, -250.769), (-71.6129, -273.387), (-74.6055, -284.667)))
(((-82.407, -131.012), (-123.495, -111.753), (-94.1092, -74.7487), (-79.8728, -83.8082), (-78.2094, -127.055), (-82.407, -131.012)))
(((-123.659, -792.743), (-121.836, -652.355), (-110.165, -644.72), (-77.3316, -638.63), (-77.3068, -638.636), (-38.0023, -668.667), (-66.5916, -799.106), (-114.902, -799.106), (-123.659, -792.743)))
(((-118.146, 318.251), (-164.902, 352.221), (-184, 411), (-176.292, 434.723), (-147.645, 457.352), (-94.9615, 471.192), (-23.2273, 405.979), (-118.146, 318.251)))
(((-65.4706, -226.824), (-91, -235.333), (-110.698, -209.069), (-82.1086, -186.366), (-63.3204, -201.738), (-65.4706, -226.824)))
(((-64.3146, -334.494), (-102.315, -339.61), (-109.318, -325.371), (-105.791, -301.126), (-74.6055, -284.667), (-58.3016, -305.933), (-64.3146, -334.494)))
(((-45.3535, -375.755), (-90.12, -386.357), (-103.686, -343.849), (-102.315, -339.61), (-64.3146, -334.494), (-59.2367, -338.072), (-45.3535, -375.755)))
(((-49.8225, -261.402), (-71.6129, -273.387), (-94.2308, -250.769), (-91, -235.333), (-65.4706, -226.824), (-47.5714, -241.143), (-49.8225, -261.402)))
(((-63.4775, -529.455), (-81.1834, -532.707), (-86.6979, -530.667), (-103.87, -488.398), (-72.6701, -454.799), (-51.7958, -469.613), (-44.5, -491.5), (-63.4775, -529.455)))
(((-49.8101, -121.533), (-78.2094, -127.055), (-79.8728, -83.8082), (-44.7972, -85.4397), (-49.8101, -121.533)))
(((-41.0417, -53), (-36.5417, -74.5998), (-39.5081, -81.6932), (-44.7972, -85.4397), (-79.8728, -83.8082), (-94.1092, -74.7487), (-100.073, -53), (-41.0417, -53)))
(((-41.8358, -377.717), (-43.999, -420.979), (-75.1, -430.5), (-80.9018, -426.74), (-91.2861, -389.197), (-90.12, -386.357), (-45.3535, -375.755), (-41.8358, -377.717)))
(((-45.5089, -160.321), (-81.6951, -164.033), (-84.2599, -160.658), (-82.407, -131.012), (-78.2094, -127.055), (-49.8101, -121.533), (-35.0861, -135.307), (-45.5089, -160.321)))
(((-37.9459, -196.099), (-63.3204, -201.738), (-82.1086, -186.366), (-81.6951, -164.033), (-45.5089, -160.321), (-33.4118, -176.451), (-37.9459, -196.099)))
(((-17.0731, -580.031), (-77.3068, -638.636), (-77.3316, -638.63), (-81.1834, -532.707), (-63.4775, -529.455), (-42.3739, -538.706), (-17.0731, -580.031)))
(((-24.3601, -297.174), (-58.3016, -305.933), (-74.6055, -284.667), (-71.6129, -273.387), (-49.8225, -261.402), (-17.9936, -282.318), (-24.3601, -297.174)))
(((-27.6402, -446.799), (-51.7958, -469.613), (-72.6701, -454.799), (-75.1, -430.5), (-43.999, -420.979), (-31.4714, -427.643), (-27.6402, -446.799)))
(((-21.7146, -225.629), (-47.5714, -241.143), (-65.4706, -226.824), (-63.3204, -201.738), (-37.9459, -196.099), (-20.1417, -216.541), (-21.7146, -225.629)))
(((-19.1172, -328.711), (-59.2367, -338.072), (-64.3146, -334.494), (-58.3016, -305.933), (-24.3601, -297.174), (-17.3182, -326.045), (-19.1172, -328.711)))
(((-80.5851, 72.5624), (-115.902, 98.2215), (-135, 157), (-117.625, 210.474), (-23.8913, 207.717), (-8.52074, 196.036), (0.525822, 125.925), (-80.5851, 72.5624)))
(((-15.1562, -372.282), (-41.8358, -377.717), (-45.3535, -375.755), (-59.2367, -338.072), (-19.1172, -328.711), (-15.1562, -372.282)))
(((-1.29399, 407.973), (-23.2273, 405.979), (-94.9615, 471.192), (-67.2234, 506.856), (-6.42653, 505.336), (21.1033, 429.884), (-1.29399, 407.973)))
(((-116.22, 210.433), (-132, 259), (-115.051, 311.162), (17.5772, 297.283), (17.8182, 291.136), (-23.8913, 207.717), (-116.22, 210.433)))
(((-85.0692, 625), (-77.8571, 625), (23.5824, 546.103), (-6.42653, 505.336), (-67.2234, 506.856), (-90.5988, 620.983), (-85.0692, 625)))
(((-11.7003, -482.005), (-44.5, -491.5), (-51.7958, -469.613), (-27.6402, -446.799), (-10.6897, -461.794), (-11.7003, -482.005)))
(((-4.19946, -130.606), (-35.0861, -135.307), (-49.8101, -121.533), (-44.7972, -85.4397), (-39.5081, -81.6932), (-5.92473, -109.903), (-4.19946, -130.606)))
(((-6.07119, -276.783), (-17.9936, -282.318), (-49.8225, -261.402), (-47.5714, -241.143), (-21.7146, -225.629), (-3.40536, -247.459), (-6.07119, -276.783)))
(((4.1499, -413.942), (-31.4714, -427.643), (-43.999, -420.979), (-41.8358, -377.717), (-15.1562, -372.282), (-2.4778, -377.175), (8.13629, -407.838), (4.1499, -413.942)))
(((1.73617, -135.474), (-5.45288, -170.52), (-33.4118, -176.451), (-45.5089, -160.321), (-35.0861, -135.307), (-4.19946, -130.606), (1.73617, -135.474)))
(((-111.898, 310.832), (-115.195, 320.979), (-23.2273, 405.979), (-1.29399, 407.973), (32.9423, 314.709), (17.5772, 297.283), (-111.898, 310.832)))
(((-2.40075, -522.903), (-42.3739, -538.706), (-63.4775, -529.455), (-44.5, -491.5), (-11.7003, -482.005), (5.35806, -495.747), (-2.40075, -522.903)))
(((-4.99961, -667.095), (-38.0023, -668.667), (-77.3068, -638.636), (-17.0731, -580.031), (-0.854839, -583.177), (12.1294, -643.771), (-4.99961, -667.095)))
(((10.2312, -198.823), (-20.1417, -216.541), (-37.9459, -196.099), (-33.4118, -176.451), (-5.45288, -170.52), (12.6133, -193.645), (10.2312, -198.823)))
(((-41.0417, -53), (-30, -53), (-30, -18.3246), (1.85185, -27.2654), (11.5393, -64.4007), (-36.5417, -74.5998), (-41.0417, -53)))
(((-1.89041, -800), (-62.6928, -800), (-66.2252, -797.434), (-38.0023, -668.667), (-4.99961, -667.095), (36.5849, -709.397), (-1.89041, -800)))
(((19.9967, -76.5757), (-5.92473, -109.903), (-39.5081, -81.6932), (-36.5417, -74.5998), (11.5393, -64.4007), (19.6477, -71.428), (19.9967, -76.5757)))
(((11.2582, -448.468), (-10.6897, -461.794), (-27.6402, -446.799), (-31.4714, -427.643), (4.1499, -413.942), (11.2582, -448.468)))
(((24, -570.75), (-0.854839, -583.177), (-17.0731, -580.031), (-42.3739, -538.706), (-2.40075, -522.903), (24, -544.194), (24, -570.75)))
(((9.03674, -368.318), (-2.4778, -377.175), (-15.1562, -372.282), (-19.1172, -328.711), (-17.3182, -326.045), (21.0087, -327.081), (9.03674, -368.318)))
(((21.0087, -327.081), (-17.3182, -326.045), (-24.3601, -297.174), (-17.9936, -282.318), (-6.07119, -276.783), (21.5189, -286.333), (22.4241, -326.158), (21.0087, -327.081)))
(((-30, 49.8052), (6.44559, 42.7054), (29.5885, 20.0656), (28.5706, -9.45294), (1.85185, -27.2654), (-30, -18.3246), (-30, 49.8052)))
(((26.269, -234.6), (-3.40536, -247.459), (-21.7146, -225.629), (-20.1417, -216.541), (10.2312, -198.823), (26.269, -234.6)))
(((40.0014, -477.398), (32.0609, -488.515), (5.35806, -495.747), (-11.7003, -482.005), (-10.6897, -461.794), (11.2582, -448.468), (37.4893, -461.209), (40.0014, -477.398)))
(((101.877, 625), (107.912, 606.427), (90.8704, 564.968), (23.5824, 546.103), (-77.8571, 625), (101.877, 625)))
(((-30, 49.8052), (-30, 53), (-46.4, 53), (-77.8958, 59.1355), (-81.9638, 71.6554), (0.525822, 125.925), (45.4577, 119.506), (51.7739, 86.5716), (6.44559, 42.7054), (-30, 49.8052)))
(((37.5593, -184.29), (12.6133, -193.645), (-5.45288, -170.52), (1.73617, -135.474), (22.1786, -136.179), (34.9054, -148.905), (37.5593, -184.29)))
(((45.25, -274.235), (21.5189, -286.333), (-6.07119, -276.783), (-3.40536, -247.459), (26.269, -234.6), (39.0202, -239.345), (46.1339, -272.779), (45.25, -274.235)))
(((22.1786, -136.179), (1.73617, -135.474), (-4.19946, -130.606), (-5.92473, -109.903), (19.9967, -76.5757), (43.1047, -106.154), (22.1786, -136.179)))
(((45.0546, -524.497), (24, -544.194), (-2.40075, -522.903), (5.35806, -495.747), (32.0609, -488.515), (45.0546, -524.497)))
(((63, 213.102), (43.3626, 199.908), (-8.52074, 196.036), (-23.8913, 207.717), (17.8182, 291.136), (63, 221.177), (63, 213.102)))
(((68.4776, -621.634), (12.1294, -643.771), (-0.854839, -583.177), (24, -570.75), (43.9533, -579.351), (68.4776, -621.634)))
(((58.4245, -428.196), (37.4893, -461.209), (11.2582, -448.468), (4.1499, -413.942), (8.13629, -407.838), (42.6913, -409.911), (58.4245, -428.196)))
(((45.4577, 119.506), (0.525822, 125.925), (-8.52074, 196.036), (43.3626, 199.908), (49.4363, 122.973), (45.4577, 119.506)))
(((54.7871, -372.693), (42.6913, -409.911), (8.13629, -407.838), (-2.4778, -377.175), (9.03674, -368.318), (52.2824, -369.759), (54.7871, -372.693)))
(((52.2824, -369.759), (9.03674, -368.318), (21.0087, -327.081), (22.4241, -326.158), (47.7762, -333.71), (52.2824, -369.759)))
(((55.2549, -54.0586), (19.6477, -71.428), (11.5393, -64.4007), (1.85185, -27.2654), (28.5706, -9.45294), (52.8555, -25.2664), (55.2549, -54.0586)))
(((43.1746, -186.713), (54.2903, -225), (39.0202, -239.345), (26.269, -234.6), (10.2312, -198.823), (12.6133, -193.645), (37.5593, -184.29), (43.1746, -186.713)))
(((115.363, 483.531), (71.6323, 436.677), (21.1033, 429.884), (-6.42653, 505.336), (23.5824, 546.103), (90.8704, 564.968), (115.363, 483.531)))
(((64.9003, -323.109), (47.7762, -333.71), (22.4241, -326.158), (21.5189, -286.333), (45.25, -274.235), (68.3506, -315.001), (64.9003, -323.109)))
(((83, 44.7368), (74.8712, 32.3297), (29.5885, 20.0656), (6.44559, 42.7054), (51.7739, 86.5716), (83, 56.7333), (83, 44.7368)))
(((83.36, -702.039), (36.5849, -709.397), (-4.99961, -667.095), (12.1294, -643.771), (68.4776, -621.634), (79.9286, -625.406), (83.36, -702.039)))
(((77.1, -87.5), (56.8966, -105.867), (43.1047, -106.154), (19.9967, -76.5757), (19.6477, -71.428), (55.2549, -54.0586), (72.566, -64.8299), (77.1, -87.5)))
(((81.1019, -547.326), (43.9533, -579.351), (24, -570.75), (24, -544.194), (45.0546, -524.497), (77.4449, -529.65), (81.1019, -547.326)))
(((65.9112, -144.061), (34.9054, -148.905), (22.1786, -136.179), (43.1047, -106.154), (56.8966, -105.867), (69.7331, -130.684), (65.9112, -144.061)))
(((75.2611, -179.837), (43.1746, -186.713), (37.5593, -184.29), (34.9054, -148.905), (65.9112, -144.061), (82.1964, -166.268), (75.2611, -179.837)))
(((102.837, 370.703), (36.7489, 315.189), (32.9423, 314.709), (-1.29399, 407.973), (21.1033, 429.884), (71.6323, 436.677), (102.837, 370.703)))
(((89.954, -509.714), (77.4449, -529.65), (45.0546, -524.497), (32.0609, -488.515), (40.0014, -477.398), (81.4051, -485.867), (89.954, -509.714)))
(((84.1087, -9.23913), (52.8555, -25.2664), (28.5706, -9.45294), (29.5885, 20.0656), (74.8712, 32.3297), (84.1087, -9.23913)))
(((-1.89041, -800), (36.5849, -709.397), (83.36, -702.039), (160.538, -746.5), (162, -751), (146.079, -800), (-1.89041, -800)))
(((100.669, -261.624), (46.1339, -272.779), (39.0202, -239.345), (54.2903, -225), (75.75, -225), (101.433, -259.929), (100.669, -261.624)))
(((87.1081, -202.284), (75.75, -225), (54.2903, -225), (43.1746, -186.713), (75.2611, -179.837), (87.1081, -202.284)))
(((99.5, 138.747), (49.4363, 122.973), (43.3626, 199.908), (63, 213.102), (99.5, 190.859), (99.5, 138.747)))
(((81.4051, -485.867), (40.0014, -477.398), (37.4893, -461.209), (58.4245, -428.196), (70.8442, -428.59), (100.144, -452.887), (81.4051, -485.867)))
(((70.8442, -428.59), (58.4245, -428.196), (42.6913, -409.911), (54.7871, -372.693), (76.8921, -373.154), (89.6044, -401.303), (70.8442, -428.59)))
(((92.5167, -359.368), (76.8921, -373.154), (54.7871, -372.693), (52.2824, -369.759), (47.7762, -333.71), (64.9003, -323.109), (92.0464, -349.022), (92.5167, -359.368)))
(((63, 221.177), (17.8182, 291.136), (17.5772, 297.283), (32.9423, 314.709), (36.7489, 315.189), (115.682, 278.958), (63, 221.177)))
(((101.847, -267.709), (93.5401, -303.428), (68.3506, -315.001), (45.25, -274.235), (46.1339, -272.779), (100.669, -261.624), (101.847, -267.709)))
(((97.6787, -616.964), (79.9286, -625.406), (68.4776, -621.634), (43.9533, -579.351), (81.1019, -547.326), (112.474, -572.577), (97.6787, -616.964)))
(((107.621, -42.7953), (72.566, -64.8299), (55.2549, -54.0586), (52.8555, -25.2664), (84.1087, -9.23913), (102.217, -18.4783), (107.621, -42.7953)))
(((102.098, -122.917), (69.7331, -130.684), (56.8966, -105.867), (77.1, -87.5), (98.3618, -97.3892), (102.098, -122.917)))
(((105.283, -126.513), (103.518, -159.161), (82.1964, -166.268), (65.9112, -144.061), (69.7331, -130.684), (102.098, -122.917), (105.283, -126.513)))
(((121.048, 84.6349), (83, 56.7333), (51.7739, 86.5716), (45.4577, 119.506), (49.4363, 122.973), (99.5, 138.747), (119.121, 126.383), (121.048, 84.6349)))
(((114.305, -323.424), (92.0464, -349.022), (64.9003, -323.109), (68.3506, -315.001), (93.5401, -303.428), (114.305, -323.424)))
(((140.738, 289.844), (129.333, 279.848), (115.682, 278.958), (36.7489, 315.189), (102.837, 370.703), (142.255, 355.863), (140.738, 289.844)))
(((125.282, -206.581), (127.313, -243.13), (101.433, -259.929), (75.75, -225), (87.1081, -202.284), (123.45, -204.303), (125.282, -206.581)))
(((122.747, -400.382), (89.6044, -401.303), (76.8921, -373.154), (92.5167, -359.368), (120.962, -370.43), (127.828, -388.603), (122.747, -400.382)))
(((127.779, -80.6932), (98.3618, -97.3892), (77.1, -87.5), (72.566, -64.8299), (107.621, -42.7953), (134.539, -61.1226), (127.779, -80.6932)))
(((132.103, -445.391), (128.148, -448.644), (100.144, -452.887), (70.8442, -428.59), (89.6044, -401.303), (122.747, -400.382), (133.145, -437.517), (132.103, -445.391)))
(((123.45, -204.303), (87.1081, -202.284), (75.2611, -179.837), (82.1964, -166.268), (103.518, -159.161), (122.647, -168.947), (123.45, -204.303)))
(((137.432, 9.12255), (102.217, -18.4783), (84.1087, -9.23913), (74.8712, 32.3297), (83, 44.7368), (134.84, 20.1809), (137.432, 9.12255)))
(((141.094, 210.356), (99.5, 190.859), (63, 213.102), (63, 221.177), (115.682, 278.958), (129.333, 279.848), (141.094, 210.356)))
(((140.217, -516.097), (128.526, -564.81), (112.474, -572.577), (81.1019, -547.326), (77.4449, -529.65), (89.954, -509.714), (134.276, -511.452), (140.217, -516.097)))
(((134.276, -511.452), (89.954, -509.714), (81.4051, -485.867), (100.144, -452.887), (128.148, -448.644), (134.276, -511.452)))
(((138.387, -342), (120.962, -370.43), (92.5167, -359.368), (92.0464, -349.022), (114.305, -323.424), (121.435, -323.879), (138.387, -342)))
(((158.213, -745.161), (83.36, -702.039), (79.9286, -625.406), (97.6787, -616.964), (213.812, -662.656), (195.902, -717.779), (158.213, -745.161)))
(((121.435, -323.879), (114.305, -323.424), (93.5401, -303.428), (101.847, -267.709), (137.661, -298.639), (121.435, -323.879)))
(((150.583, -123.768), (105.283, -126.513), (102.098, -122.917), (98.3618, -97.3892), (127.779, -80.6932), (150.583, -123.768)))
(((134.84, 20.1809), (83, 44.7368), (83, 56.7333), (121.048, 84.6349), (155.562, 61.625), (134.84, 20.1809)))
(((151.764, -124.509), (142.718, -158.434), (122.647, -168.947), (103.518, -159.161), (105.283, -126.513), (150.583, -123.768), (151.764, -124.509)))
(((187.993, 384.777), (142.255, 355.863), (102.837, 370.703), (71.6323, 436.677), (115.363, 483.531), (158.471, 468.583), (187.993, 384.777)))
(((151.705, -55.1408), (134.539, -61.1226), (107.621, -42.7953), (102.217, -18.4783), (137.432, 9.12255), (169.541, -12.4891), (151.705, -55.1408)))
(((177.499, 142.228), (119.121, 126.383), (99.5, 138.747), (99.5, 190.859), (141.094, 210.356), (172.952, 195.489), (177.499, 142.228)))
(((164.759, -264.164), (145.806, -296.806), (137.661, -298.639), (101.847, -267.709), (100.669, -261.624), (101.433, -259.929), (127.313, -243.13), (157.497, -251.683), (164.759, -264.164)))
(((212.515, -662.145), (97.6787, -616.964), (112.474, -572.577), (128.526, -564.81), (168.118, -580.647), (219.819, -656.839), (212.515, -662.145)))
(((173.307, -349.308), (159.343, -383.755), (127.828, -388.603), (120.962, -370.43), (138.387, -342), (166.76, -342), (173.307, -349.308)))
(((166.76, -342), (138.387, -342), (121.435, -323.879), (137.661, -298.639), (145.806, -296.806), (169.047, -320.047), (166.76, -342)))
(((167.708, -178.583), (157.5, -199), (125.282, -206.581), (123.45, -204.303), (122.647, -168.947), (142.718, -158.434), (167.538, -177.462), (167.708, -178.583)))
(((175.377, -404.466), (133.145, -437.517), (122.747, -400.382), (127.828, -388.603), (159.343, -383.755), (175.377, -404.466)))
(((191.714, -466.5), (188.923, -479.525), (148.624, -515.218), (140.217, -516.097), (134.276, -511.452), (128.148, -448.644), (132.103, -445.391), (190.149, -464.01), (191.714, -466.5)))
(((157.497, -251.683), (127.313, -243.13), (125.282, -206.581), (157.5, -199), (177.08, -225.106), (157.497, -251.683)))
(((191.188, 131.028), (165.727, 63.6292), (155.562, 61.625), (121.048, 84.6349), (119.121, 126.383), (177.499, 142.228), (191.188, 131.028)))
(((157.628, -123.299), (151.764, -124.509), (150.583, -123.768), (127.779, -80.6932), (134.539, -61.1226), (151.705, -55.1408), (185.159, -80.0366), (157.628, -123.299)))
(((168.118, -580.647), (128.526, -564.81), (140.217, -516.097), (148.624, -515.218), (181.667, -540), (168.118, -580.647)))
(((190.597, -299.295), (169.047, -320.047), (145.806, -296.806), (164.759, -264.164), (171.723, -267.507), (190.597, -299.295)))
(((210, 38.213), (210, -1.7), (169.541, -12.4891), (137.432, 9.12255), (134.84, 20.1809), (155.562, 61.625), (165.727, 63.6292), (210, 38.213)))
(((194.949, -150.051), (167.538, -177.462), (142.718, -158.434), (151.764, -124.509), (157.628, -123.299), (195.603, -141.382), (194.949, -150.051)))
(((190.149, -464.01), (132.103, -445.391), (133.145, -437.517), (175.377, -404.466), (199.144, -411.04), (190.149, -464.01)))
(((220.978, 228.683), (172.952, 195.489), (141.094, 210.356), (129.333, 279.848), (140.738, 289.844), (191.196, 279.625), (220.978, 228.683)))
(((137.824, 625), (200.163, 625), (221.409, 499.037), (158.471, 468.583), (115.363, 483.531), (90.8704, 564.968), (106.06, 601.922), (137.824, 625)))
(((201.734, -217.603), (177.08, -225.106), (157.5, -199), (167.708, -178.583), (199.552, -197.966), (201.734, -217.603)))
(((199.144, -411.04), (175.377, -404.466), (159.343, -383.755), (173.307, -349.308), (198.41, -354.069), (206.2, -406), (199.144, -411.04)))
(((214.904, -530.935), (181.667, -540), (148.624, -515.218), (188.923, -479.525), (215.075, -530.522), (214.904, -530.935)))
(((261.889, 364.111), (191.196, 279.625), (140.738, 289.844), (142.255, 355.863), (187.993, 384.777), (261.889, 364.111)))
(((210, -1.7), (210, -53), (215.75, -53), (195.919, -79.8685), (185.159, -80.0366), (151.705, -55.1408), (169.541, -12.4891), (210, -1.7)))
(((209.813, -97.1312), (200.501, -137.868), (195.603, -141.382), (157.628, -123.299), (185.159, -80.0366), (195.919, -79.8685), (209.813, -97.1312)))
(((212.769, -224.31), (208.204, -258.093), (171.723, -267.507), (164.759, -264.164), (157.497, -251.683), (177.08, -225.106), (201.734, -217.603), (212.769, -224.31)))
(((199.552, -197.966), (167.708, -178.583), (167.538, -177.462), (194.949, -150.051), (211.865, -176.76), (199.552, -197.966)))
(((214.564, -345.06), (198.41, -354.069), (173.307, -349.308), (166.76, -342), (169.047, -320.047), (190.597, -299.295), (205.35, -301.22), (215.947, -313.937), (214.564, -345.06)))
(((249.283, -638.118), (225.902, -655.106), (218.643, -655.106), (168.118, -580.647), (181.667, -540), (214.904, -530.935), (249.283, -638.118)))
(((288.902, 53), (210, 53), (210, 38.213), (165.727, 63.6292), (191.188, 131.028), (287.753, 112.537), (298, 81), (288.902, 53)))
(((220.836, -272.182), (205.35, -301.22), (190.597, -299.295), (171.723, -267.507), (208.204, -258.093), (220.836, -272.182)))
(((290.98, 111.919), (191.188, 131.028), (177.499, 142.228), (172.952, 195.489), (220.978, 228.683), (303.088, 214.74), (316, 175), (296.902, 116.221), (290.98, 111.919)))
(((277.516, 365.684), (261.889, 364.111), (187.993, 384.777), (158.471, 468.583), (221.409, 499.037), (308.915, 467.96), (318, 440), (298.902, 381.221), (277.516, 365.684)))
(((244.439, -144.604), (234.525, -176.148), (211.865, -176.76), (194.949, -150.051), (195.603, -141.382), (200.501, -137.868), (240.814, -139.99), (244.439, -144.604)))
(((215.075, -530.522), (188.923, -479.525), (191.714, -466.5), (219.759, -466.5), (257.373, -507.123), (215.075, -530.522)))
(((252.364, -440.608), (219.759, -466.5), (191.714, -466.5), (190.149, -464.01), (199.144, -411.04), (206.2, -406), (228.684, -406), (252.364, -440.608)))
(((228.684, -406), (206.2, -406), (198.41, -354.069), (214.564, -345.06), (232.85, -350.912), (248.185, -385.416), (228.684, -406)))
(((230.55, -222.405), (212.769, -224.31), (201.734, -217.603), (199.552, -197.966), (211.865, -176.76), (234.525, -176.148), (246.618, -191.961), (230.55, -222.405)))
(((240.814, -139.99), (200.501, -137.868), (209.813, -97.1312), (245.518, -102.356), (240.814, -139.99)))
(((238.472, -271.763), (220.836, -272.182), (208.204, -258.093), (212.769, -224.31), (230.55, -222.405), (252.732, -240.39), (238.472, -271.763)))
(((246.703, -305.287), (215.947, -313.937), (205.35, -301.22), (220.836, -272.182), (238.472, -271.763), (251.01, -286.623), (246.703, -305.287)))
(((215.75, -53), (257, -53), (255.444, -95.0199), (245.518, -102.356), (209.813, -97.1312), (195.919, -79.8685), (215.75, -53)))
(((304.317, 214.531), (220.978, 228.683), (191.196, 279.625), (261.889, 364.111), (279.035, 365.837), (314.902, 339.779), (334, 281), (314.902, 222.221), (304.317, 214.531)))
(((266.505, -331.115), (232.85, -350.912), (214.564, -345.06), (215.947, -313.937), (246.703, -305.287), (266.505, -331.115)))
(((249.279, -638.106), (214.904, -530.935), (215.075, -530.522), (257.373, -507.123), (259.136, -507.148), (281.297, -566.703), (267.603, -638.106), (249.279, -638.106)))
(((273.99, -496.008), (259.136, -507.148), (257.373, -507.123), (219.759, -466.5), (252.364, -440.608), (261.063, -442.203), (279.268, -465.924), (273.99, -496.008)))
(((286.76, -160.238), (260.253, -191.355), (246.618, -191.961), (234.525, -176.148), (244.439, -144.604), (280.311, -150.311), (287.182, -157.182), (286.76, -160.238)))
(((201.554, 625), (310.446, 625), (336.902, 605.779), (356, 547), (336.902, 488.221), (308.982, 467.936), (221.409, 499.037), (200.315, 624.099), (201.554, 625)))
(((275.27, -384.374), (248.185, -385.416), (232.85, -350.912), (266.505, -331.115), (277.268, -333.003), (281.539, -378.922), (275.27, -384.374)))
(((279.412, -238.851), (252.732, -240.39), (230.55, -222.405), (246.618, -191.961), (260.253, -191.355), (284.42, -218.819), (279.412, -238.851)))
(((280.722, -418.904), (261.063, -442.203), (252.364, -440.608), (228.684, -406), (248.185, -385.416), (275.27, -384.374), (280.722, -418.904)))
(((287.137, -248.556), (285.252, -279.965), (251.01, -286.623), (238.472, -271.763), (252.732, -240.39), (279.412, -238.851), (287.137, -248.556)))
(((280.311, -150.311), (244.439, -144.604), (240.814, -139.99), (245.518, -102.356), (255.444, -95.0199), (281.517, -106.872), (280.311, -150.311)))
(((288.238, -283.856), (283.187, -329.318), (277.268, -333.003), (266.505, -331.115), (246.703, -305.287), (251.01, -286.623), (285.252, -279.965), (288.238, -283.856)))
(((306.765, -201.581), (284.42, -218.819), (260.253, -191.355), (286.76, -160.238), (306.765, -201.581)))
(((319, -53), (283.573, -106.141), (281.517, -106.872), (255.444, -95.0199), (257, -53), (319, -53)))
(((329.738, -518.262), (281.297, -566.703), (259.136, -507.148), (273.99, -496.008), (328.05, -513.636), (329.738, -518.262)))
(((317.848, -453.363), (279.268, -465.924), (261.063, -442.203), (280.722, -418.904), (310.952, -424.4), (317.848, -453.363)))
(((310.952, -424.4), (280.722, -418.904), (275.27, -384.374), (281.539, -378.922), (307.689, -380.491), (323.347, -405), (310.952, -424.4)))
(((321.383, -147.123), (287.182, -157.182), (280.311, -150.311), (281.517, -106.872), (283.573, -106.141), (330.87, -119.188), (321.383, -147.123)))
(((328.856, -354.621), (307.689, -380.491), (281.539, -378.922), (277.268, -333.003), (283.187, -329.318), (324.64, -331.856), (328.856, -354.621)))
(((324.64, -331.856), (283.187, -329.318), (288.238, -283.856), (329, -291.568), (329, -326.154), (324.64, -331.856)))
(((328.05, -513.636), (273.99, -496.008), (279.268, -465.924), (317.848, -453.363), (321.346, -455.211), (333.343, -497.199), (328.05, -513.636)))
(((319, -53), (320.128, -53), (336.851, -113.462), (330.87, -119.188), (283.573, -106.141), (319, -53)))
(((347.496, -224.345), (338.878, -247.324), (287.137, -248.556), (279.412, -238.851), (284.42, -218.819), (306.765, -201.581), (338.319, -204.106), (346.422, -219.12), (347.496, -224.345)))
(((345.906, -271.92), (329, -291.568), (288.238, -283.856), (285.252, -279.965), (287.137, -248.556), (338.878, -247.324), (345.906, -271.92)))
(((338.319, -204.106), (306.765, -201.581), (286.76, -160.238), (287.182, -157.182), (321.383, -147.123), (346.064, -175.544), (338.319, -204.106)))
(((400, -617.16), (351.902, -652.106), (290.098, -652.106), (267.998, -636.049), (281.297, -566.703), (329.738, -518.262), (400, -572.5), (400, -617.16)))
(((361.832, -441.386), (321.346, -455.211), (317.848, -453.363), (310.952, -424.4), (323.347, -405), (348.188, -405), (361.832, -441.386)))
(((348.188, -405), (323.347, -405), (307.689, -380.491), (328.856, -354.621), (353.635, -368.685), (355.593, -395.444), (348.188, -405)))
(((400, -460.645), (333.343, -497.199), (321.346, -455.211), (361.832, -441.386), (400, -459.107), (400, -460.645)))
(((400, -152.429), (346.064, -175.544), (321.383, -147.123), (330.87, -119.188), (336.851, -113.462), (400, -115.567), (400, -152.429)))
(((400, -324.333), (329, -326.154), (329, -291.568), (345.906, -271.92), (400, -291.591), (400, -324.333)))
(((320.128, -53), (400, -53), (400, -115.567), (336.851, -113.462), (320.128, -53)))
(((400, -324.333), (400, -341.412), (353.635, -368.685), (328.856, -354.621), (324.64, -331.856), (329, -326.154), (400, -324.333)))
(((400, -572.5), (329.738, -518.262), (328.05, -513.636), (333.343, -497.199), (400, -460.645), (400, -572.5)))
(((400, -190.921), (346.422, -219.12), (338.319, -204.106), (346.064, -175.544), (400, -152.429), (400, -190.921)))
(((400, -459.107), (361.832, -441.386), (348.188, -405), (355.593, -395.444), (400, -396.75), (400, -459.107)))
(((400, -291.591), (345.906, -271.92), (338.878, -247.324), (347.496, -224.345), (400, -236.462), (400, -291.591)))
(((400, -396.75), (355.593, -395.444), (353.635, -368.685), (400, -341.412), (400, -396.75)))
(((400, -236.462), (347.496, -224.345), (346.422, -219.12), (400, -190.921), (400, -236.462)))
