(((-225, -107.538), (-160.25, -137.423), (-173.064, -192.682), (-225, -205.273), (-225, -107.538)))
(((-225, -205.273), (-173.064, -192.682), (-146.894, -220.423), (-162.24, -269.385), (-163.765, -271.037), (-225, -275.464), (-225, -205.273)))
(((-225, -275.464), (-163.765, -271.037), (-149.741, -307.013), (-225, -372.457), (-225, -275.464)))
(((-225, -107.538), (-225, -53), (-148, -53), (-140.922, -116.698), (-159.677, -137.222), (-160.25, -137.423), (-225, -107.538)))
(((-225, -386.017), (-225, -372.457), (-149.741, -307.013), (-114.457, -336.928), (-118.311, -354.983), (-153.239, -381.179), (-225, -386.017)))
(((-225, -492.699), (-225, -386.017), (-153.239, -381.179), (-116.789, -442.414), (-210.083, -503.537), (-225, -492.699)))
(((-103.213, -188.646), (-130.292, -217.149), (-146.894, -220.423), (-173.064, -192.682), (-160.25, -137.423), (-159.677, -137.222), (-112.081, -166.243), (-103.213, -188.646)))
(((-83.4915, -313.109), (-114.457, -336.928), (-149.741, -307.013), (-163.765, -271.037), (-162.24, -269.385), (-98.0833, -272.675), (-83.2849, -312.631), (-83.4915, -313.109)))
(((-105.011, -53), (-95.697, -98.5367), (-101.845, -107.939), (-140.922, -116.698), (-148, -53), (-105.011, -53)))
(((-98.0833, -272.675), (-162.24, -269.385), (-146.894, -220.423), (-130.292, -217.149), (-89.5294, -249.265), (-98.0833, -272.675)))
(((-189.586, 625), (-51.5685, 625), (-60.1834, 527.887), (-202.985, 505.632), (-220, 558), (-200.902, 616.779), (-189.586, 625)))
(((-176.014, -558.681), (-197.902, -542.779), (-210.552, -503.844), (-116.789, -442.414), (-110.61, -442.712), (-72.7991, -504.83), (-176.014, -558.681)))
(((-110.61, -442.712), (-116.789, -442.414), (-153.239, -381.179), (-118.311, -354.983), (-62.4168, -405.909), (-110.61, -442.712)))
(((-84.0191, -136.906), (-112.081, -166.243), (-159.677, -137.222), (-140.922, -116.698), (-101.845, -107.939), (-84.0191, -136.906)))
(((-172.411, 410.24), (-188.902, 422.221), (-208, 481), (-199.837, 506.123), (-60.1834, 527.887), (-55.75, 520.364), (-63.575, 453.496), (-172.411, 410.24)))
(((-73.8824, -241.441), (-89.5294, -249.265), (-130.292, -217.149), (-103.213, -188.646), (-79.5761, -191.963), (-67.5177, -213.668), (-73.8824, -241.441)))
(((-53.8259, -162.189), (-79.5761, -191.963), (-103.213, -188.646), (-112.081, -166.243), (-84.0191, -136.906), (-59.2906, -145.508), (-53.8259, -162.189)))
(((-62.9343, -648.106), (-111.902, -648.106), (-161.902, -611.779), (-178.699, -560.082), (-72.7991, -504.83), (-52.8547, -506.886), (-40.7773, -515.164), (-62.9343, -648.106)))
(((-50.0455, -53), (-67.1075, -93.2177), (-95.697, -98.5367), (-105.011, -53), (-50.0455, -53)))
(((-151.684, 339.704), (-157.902, 344.221), (-177, 403), (-174.979, 409.22), (-63.575, 453.496), (-39.0988, 430.481), (-64.4326, 361.517), (-151.684, 339.704)))
(((-62.4168, -405.909), (-118.311, -354.983), (-114.457, -336.928), (-83.4915, -313.109), (-43.4111, -354.525), (-58.2213, -405.867), (-62.4168, -405.909)))
(((-39.5042, -421.776), (-52.8547, -506.886), (-72.7991, -504.83), (-110.61, -442.712), (-62.4168, -405.909), (-58.2213, -405.867), (-42.3772, -415.374), (-39.5042, -421.776)))
(((-59.2906, -145.508), (-84.0191, -136.906), (-101.845, -107.939), (-95.697, -98.5367), (-67.1075, -93.2177), (-40.4493, -116.199), (-59.2906, -145.508)))
(((-45.9761, -294.316), (-83.2849, -312.631), (-98.0833, -272.675), (-89.5294, -249.265), (-73.8824, -241.441), (-36.6638, -261.412), (-45.9761, -294.316)))
(((-97.897, 159.25), (-141.902, 191.221), (-161, 250), (-147.69, 290.963), (-21.1292, 281.792), (8.85065, 239.617), (-1.87752, 217.051), (-55.9606, 171.889), (-97.897, 159.25)))
(((-146.871, 290.904), (-156, 319), (-149.06, 340.36), (-64.4326, 361.517), (-13.6691, 339.981), (-21.1292, 281.792), (-146.871, 290.904)))
(((-20.1667, -199.167), (-31.6818, -210.682), (-67.5177, -213.668), (-79.5761, -191.963), (-53.8259, -162.189), (-34.7222, -170.056), (-20.1667, -199.167)))
(((-36.6638, -261.412), (-73.8824, -241.441), (-67.5177, -213.668), (-31.6818, -210.682), (-28.6935, -257), (-36.6638, -261.412)))
(((-50.0455, -53), (-45.4697, -53), (-19.1483, -74.7151), (-30.3967, -113.147), (-40.4493, -116.199), (-67.1075, -93.2177), (-50.0455, -53)))
(((-25.4505, -346.144), (-43.4111, -354.525), (-83.4915, -313.109), (-83.2849, -312.631), (-45.9761, -294.316), (-20.5478, -310.844), (-25.4505, -346.144)))
(((10.8088, -138.184), (-34.7222, -170.056), (-53.8259, -162.189), (-59.2906, -145.508), (-40.4493, -116.199), (-30.3967, -113.147), (9.92088, -135.139), (10.8879, -137.591), (10.8088, -138.184)))
(((17.2819, 360.343), (-13.6691, 339.981), (-64.4326, 361.517), (-39.0988, 430.481), (24.196, 420.056), (17.2819, 360.343)))
(((-10.7486, -513.662), (-40.7773, -515.164), (-52.8547, -506.886), (-39.5042, -421.776), (9.23479, -452.38), (-10.7486, -513.662)))
(((13.4612, -385.221), (-42.3772, -415.374), (-58.2213, -405.867), (-43.4111, -354.525), (-25.4505, -346.144), (12.7107, -360.454), (13.4612, -385.221)))
(((-30, -16.9286), (-30, 53), (-105.978, 53), (-103.386, 60.976), (-4.90501, 59.8569), (17.5765, 22.6018), (-2.77692, -14.3359), (-30, -16.9286)))
(((-103.019, 60.9718), (-117, 104), (-99.1731, 158.866), (-55.9606, 171.889), (20.6508, 114.039), (19.1186, 85.6936), (-4.90501, 59.8569), (-103.019, 60.9718)))
(((25.3818, -652.218), (15.9017, -659.106), (-45.9017, -659.106), (-62.7299, -646.879), (-40.7773, -515.164), (-10.7486, -513.662), (10.1383, -523.737), (25.3818, -652.218)))
(((6.4781, -304.838), (-20.5478, -310.844), (-45.9761, -294.316), (-36.6638, -261.412), (-28.6935, -257), (-18.34, -257), (8.66723, -287.69), (6.4781, -304.838)))
(((15.276, -233.656), (-18.34, -257), (-28.6935, -257), (-31.6818, -210.682), (-20.1667, -199.167), (4.13239, -202.701), (15.276, -233.656)))
(((24.196, 420.056), (-39.0988, 430.481), (-63.575, 453.496), (-55.75, 520.364), (18.0832, 503.104), (43.0465, 435.961), (24.196, 420.056)))
(((-45.4697, -53), (-30, -53), (-30, -16.9286), (-2.77692, -14.3359), (14.4519, -34.9147), (-3.11707, -72.2488), (-19.1483, -74.7151), (-45.4697, -53)))
(((11.6615, -140.486), (16.1771, -189.029), (4.13239, -202.701), (-20.1667, -199.167), (-34.7222, -170.056), (10.8088, -138.184), (11.6615, -140.486)))
(((12.7107, -360.454), (-25.4505, -346.144), (-20.5478, -310.844), (6.4781, -304.838), (21.256, -318.858), (13.2626, -359.713), (12.7107, -360.454)))
(((9.92088, -135.139), (-30.3967, -113.147), (-19.1483, -74.7151), (-3.11707, -72.2488), (24.5323, -92.2177), (9.92088, -135.139)))
(((-50.4456, 625), (58.4456, 625), (84.9017, 605.779), (89.327, 592.159), (18.0832, 503.104), (-55.75, 520.364), (-60.1834, 527.887), (-51.6459, 624.128), (-50.4456, 625)))
(((34.2143, -400.786), (15.2391, -450.413), (9.23479, -452.38), (-39.5042, -421.776), (-42.3772, -415.374), (13.4612, -385.221), (34.2143, -400.786)))
(((31.5, -269.75), (8.66723, -287.69), (-18.34, -257), (15.276, -233.656), (25.0215, -238.167), (31.5, -269.75)))
(((65.9967, 145.696), (20.6508, 114.039), (-55.9606, 171.889), (-1.87752, 217.051), (65.9967, 145.696)))
(((39.1146, -86.3287), (24.5323, -92.2177), (-3.11707, -72.2488), (14.4519, -34.9147), (46.9328, -40.5364), (39.1146, -86.3287)))
(((37.6207, 249.207), (8.85065, 239.617), (-21.1292, 281.792), (-13.6691, 339.981), (17.2819, 360.343), (65.8156, 326.743), (37.6207, 249.207)))
(((53.8453, -513.651), (10.1383, -523.737), (-10.7486, -513.662), (9.23479, -452.38), (15.2391, -450.413), (51.9204, -462.64), (53.8453, -513.651)))
(((68.4535, -28.8642), (46.9328, -40.5364), (14.4519, -34.9147), (-2.77692, -14.3359), (17.5765, 22.6018), (53.1366, 17.4398), (74.1799, -20.701), (68.4535, -28.8642)))
(((63.1292, -290.806), (47.7381, -313.893), (21.256, -318.858), (6.4781, -304.838), (8.66723, -287.69), (31.5, -269.75), (58.0559, -282.29), (63.1292, -290.806)))
(((61.943, -226.93), (25.0215, -238.167), (15.276, -233.656), (4.13239, -202.701), (16.1771, -189.029), (58.2555, -190.055), (61.943, -226.93)))
(((58.2555, -190.055), (16.1771, -189.029), (11.6615, -140.486), (66.8153, -178.404), (58.2555, -190.055)))
(((53.1366, 17.4398), (17.5765, 22.6018), (-4.90501, 59.8569), (19.1186, 85.6936), (81.6436, 64.0012), (53.1366, 17.4398)))
(((51.9204, -462.64), (15.2391, -450.413), (34.2143, -400.786), (46.4803, -401.729), (80.3684, -437.5), (51.9204, -462.64)))
(((62.4614, -338.186), (52.0145, -353.032), (13.2626, -359.713), (21.256, -318.858), (47.7381, -313.893), (62.4614, -338.186)))
(((75.8009, -114.159), (63.6082, -132.041), (10.8879, -137.591), (9.92088, -135.139), (24.5323, -92.2177), (39.1146, -86.3287), (70.1342, -100.115), (75.8009, -114.159)))
(((79.7693, -648.569), (74.9017, -652.106), (25.3685, -652.106), (10.1383, -523.737), (53.8453, -513.651), (81.4295, -525.719), (79.7693, -648.569)))
(((46.4803, -401.729), (34.2143, -400.786), (13.4612, -385.221), (12.7107, -360.454), (13.2626, -359.713), (52.0145, -353.032), (64.7169, -380.977), (46.4803, -401.729)))
(((66.8153, -178.404), (11.6615, -140.486), (10.8088, -138.184), (10.8879, -137.591), (63.6082, -132.041), (72.1074, -174.537), (66.8153, -178.404)))
(((71.0957, -233.391), (58.0559, -282.29), (31.5, -269.75), (25.0215, -238.167), (61.943, -226.93), (71.0957, -233.391)))
(((91.3744, 67.9428), (81.6436, 64.0012), (19.1186, 85.6936), (20.6508, 114.039), (65.9967, 145.696), (74.0586, 145.345), (93.1466, 71.7203), (91.3744, 67.9428)))
(((110.286, 168.568), (74.0586, 145.345), (65.9967, 145.696), (-1.87752, 217.051), (8.85065, 239.617), (37.6207, 249.207), (82.5841, 236.153), (110.302, 168.837), (110.286, 168.568)))
(((70.1342, -100.115), (39.1146, -86.3287), (46.9328, -40.5364), (68.4535, -28.8642), (84.5626, -75.8493), (70.1342, -100.115)))
(((90.8845, 594.106), (94.9017, 594.106), (101.464, 589.338), (106, 583.604), (106, 468.614), (63.6585, 436.456), (43.0465, 435.961), (18.0832, 503.104), (90.8845, 594.106)))
(((124.18, 340.514), (65.8156, 326.743), (17.2819, 360.343), (24.196, 420.056), (43.0465, 435.961), (63.6585, 436.456), (131.045, 352.956), (124.18, 340.514)))
(((91.2769, -373.486), (64.7169, -380.977), (52.0145, -353.032), (62.4614, -338.186), (94.3779, -343.097), (91.2769, -373.486)))
(((94.3779, -343.097), (62.4614, -338.186), (47.7381, -313.893), (63.1292, -290.806), (88.8934, -293.107), (104.417, -333.286), (94.3779, -343.097)))
(((109.952, -441.999), (111.055, -511.455), (81.4295, -525.719), (53.8453, -513.651), (51.9204, -462.64), (80.3684, -437.5), (105.315, -437.5), (109.952, -441.999)))
(((105.315, -437.5), (80.3684, -437.5), (46.4803, -401.729), (64.7169, -380.977), (91.2769, -373.486), (112.711, -397.441), (105.315, -437.5)))
(((103.971, -278.029), (88.8934, -293.107), (63.1292, -290.806), (58.0559, -282.29), (71.0957, -233.391), (94.9245, -235.814), (103.971, -278.029)))
(((108.469, -226.062), (94.9245, -235.814), (71.0957, -233.391), (61.943, -226.93), (58.2555, -190.055), (66.8153, -178.404), (72.1074, -174.537), (82.8148, -174.894), (107.865, -198.274), (108.469, -226.062)))
(((112.03, -149.574), (82.8148, -174.894), (72.1074, -174.537), (63.6082, -132.041), (75.8009, -114.159), (100.264, -120.159), (112.03, -149.574)))
(((141.812, 273.512), (82.5841, 236.153), (37.6207, 249.207), (65.8156, 326.743), (124.18, 340.514), (141.812, 273.512)))
(((120.612, 33), (103.125, -17.4034), (74.1799, -20.701), (53.1366, 17.4398), (81.6436, 64.0012), (91.3744, 67.9428), (120.612, 33)))
(((118.464, -27.2992), (112.78, -74.1894), (84.5626, -75.8493), (68.4535, -28.8642), (74.1799, -20.701), (103.125, -17.4034), (118.464, -27.2992)))
(((129.391, -98.9035), (100.264, -120.159), (75.8009, -114.159), (70.1342, -100.115), (84.5626, -75.8493), (112.78, -74.1894), (129.517, -91.4845), (129.391, -98.9035)))
(((159.546, 106.197), (93.1466, 71.7203), (74.0586, 145.345), (110.286, 168.568), (153.629, 137.867), (159.546, 106.197)))
(((136.646, -180.41), (107.865, -198.274), (82.8148, -174.894), (112.03, -149.574), (119.511, -151.851), (136.646, -180.41)))
(((150.731, -375.125), (112.711, -397.441), (91.2769, -373.486), (94.3779, -343.097), (104.417, -333.286), (125.193, -333.626), (150.731, -375.125)))
(((79.7799, -647.789), (81.4295, -525.719), (111.055, -511.455), (212.526, -541.154), (218, -558), (198.902, -616.779), (148.902, -653.106), (87.0983, -653.106), (79.7799, -647.789)))
(((151.578, -306.528), (125.193, -333.626), (104.417, -333.286), (88.8934, -293.107), (103.971, -278.029), (136.698, -280.075), (151.578, -306.528)))
(((136.698, -280.075), (103.971, -278.029), (94.9245, -235.814), (108.469, -226.062), (132.323, -230.74), (147.493, -256.943), (136.698, -280.075)))
(((169.86, 373.775), (131.045, 352.956), (63.6585, 436.456), (106, 468.614), (161.02, 451.899), (178.054, 430.039), (169.86, 373.775)))
(((161.783, -127.696), (119.511, -151.851), (112.03, -149.574), (100.264, -120.159), (129.391, -98.9035), (161.783, -127.696)))
(((174.946, 231.58), (110.302, 168.837), (82.5841, 236.153), (141.812, 273.512), (173.466, 254.52), (174.946, 231.58)))
(((152.49, -184.638), (154.627, -209.205), (132.323, -230.74), (108.469, -226.062), (107.865, -198.274), (136.646, -180.41), (152.334, -184.415), (152.49, -184.638)))
(((162.321, -61.8551), (129.517, -91.4845), (112.78, -74.1894), (118.464, -27.2992), (145.507, -30.1674), (162.321, -61.8551)))
(((180.985, 7.08429), (145.507, -30.1674), (118.464, -27.2992), (103.125, -17.4034), (120.612, 33), (158.981, 33), (180.985, 7.08429)))
(((173.712, 93.0569), (158.981, 33), (120.612, 33), (91.3744, 67.9428), (93.1466, 71.7203), (159.546, 106.197), (173.712, 93.0569)))
(((213.667, -541.488), (111.055, -511.455), (109.952, -441.999), (184.698, -444.264), (208, -475.211), (220.545, -536.491), (213.667, -541.488)))
(((171.333, -136.917), (152.334, -184.415), (136.646, -180.41), (119.511, -151.851), (161.783, -127.696), (169.231, -129.558), (171.333, -136.917)))
(((184.698, -444.264), (109.952, -441.999), (105.315, -437.5), (112.711, -397.441), (150.731, -375.125), (161.191, -376.918), (185.51, -410.591), (184.698, -444.264)))
(((161.02, 451.899), (106, 468.614), (106, 583.604), (193.448, 542.355), (161.02, 451.899)))
(((196.995, -328.41), (161.191, -376.918), (150.731, -375.125), (125.193, -333.626), (151.578, -306.528), (178.65, -310.758), (196.995, -328.41)))
(((190.703, -233.509), (182.686, -251.214), (147.493, -256.943), (132.323, -230.74), (154.627, -209.205), (188.473, -227.667), (190.703, -233.509)))
(((182.163, -116.345), (169.231, -129.558), (161.783, -127.696), (129.391, -98.9035), (129.517, -91.4845), (162.321, -61.8551), (164.843, -62.7843), (182.913, -104.087), (182.163, -116.345)))
(((210.061, 178.908), (153.629, 137.867), (110.286, 168.568), (110.302, 168.837), (174.946, 231.58), (210.061, 178.908)))
(((189.924, -268.737), (178.65, -310.758), (151.578, -306.528), (136.698, -280.075), (147.493, -256.943), (182.686, -251.214), (189.924, -268.737)))
(((188.473, -227.667), (154.627, -209.205), (152.49, -184.638), (201.876, -186.341), (188.473, -227.667)))
(((208.237, -180.755), (201.876, -186.341), (152.49, -184.638), (152.334, -184.415), (171.333, -136.917), (209.725, -170.509), (208.237, -180.755)))
(((210, -51.2326), (164.843, -62.7843), (162.321, -61.8551), (145.507, -30.1674), (180.985, 7.08429), (210, 3.32941), (210, -51.2326)))
(((235.589, 283.363), (173.466, 254.52), (141.812, 273.512), (124.18, 340.514), (131.045, 352.956), (169.86, 373.775), (231.295, 345.321), (235.589, 283.363)))
(((210, -51.2326), (210, -53), (216.719, -53), (215.567, -71.4333), (182.913, -104.087), (164.843, -62.7843), (210, -51.2326)))
(((289.7, 53), (210, 53), (210, 3.32941), (180.985, 7.08429), (158.981, 33), (173.712, 93.0569), (281.378, 78.6139), (289.7, 53)))
(((232.261, -377.523), (185.51, -410.591), (161.191, -376.918), (196.995, -328.41), (198.068, -328.525), (232.296, -377.423), (232.261, -377.523)))
(((104.498, 625), (291.502, 625), (298, 605), (278.902, 546.221), (276.317, 544.344), (193.448, 542.355), (106, 583.604), (104.222, 585.852), (98, 605), (104.498, 625)))
(((274.308, 544.295), (281.902, 538.779), (291.583, 508.982), (243.458, 452.712), (178.054, 430.039), (161.02, 451.899), (193.448, 542.355), (274.308, 544.295)))
(((284.828, 78.1511), (173.712, 93.0569), (159.546, 106.197), (153.629, 137.867), (210.061, 178.908), (292.041, 161.649), (302, 131), (284.828, 78.1511)))
(((236.026, -125.344), (231.509, -152.443), (209.725, -170.509), (171.333, -136.917), (169.231, -129.558), (182.163, -116.345), (233.313, -118.724), (236.026, -125.344)))
(((238.426, -306.184), (198.068, -328.525), (196.995, -328.41), (178.65, -310.758), (189.924, -268.737), (231.235, -275.622), (238.426, -306.184)))
(((233.313, -118.724), (182.163, -116.345), (182.913, -104.087), (215.567, -71.4333), (234.769, -113.952), (233.313, -118.724)))
(((242.6, -246.578), (231.235, -275.622), (189.924, -268.737), (182.686, -251.214), (190.703, -233.509), (234.191, -235.442), (242.6, -246.578)))
(((234.191, -235.442), (190.703, -233.509), (188.473, -227.667), (201.876, -186.341), (208.237, -180.755), (239.215, -205.925), (234.191, -235.442)))
(((294.515, 161.128), (210.061, 178.908), (174.946, 231.58), (173.466, 254.52), (235.589, 283.363), (321.598, 224.763), (302.902, 167.221), (294.515, 161.128)))
(((208, -475.211), (184.698, -444.264), (185.51, -410.591), (232.261, -377.523), (255.085, -423.169), (208, -475.211)))
(((231.295, 345.321), (169.86, 373.775), (178.054, 430.039), (243.458, 452.712), (261.077, 364.613), (231.295, 345.321)))
(((261.123, -363.293), (232.296, -377.423), (198.068, -328.525), (238.426, -306.184), (252.25, -310.25), (260.391, -355.609), (261.123, -363.293)))
(((304.429, -53), (234.769, -113.952), (215.567, -71.4333), (216.719, -53), (304.429, -53)))
(((264.017, -192.904), (239.215, -205.925), (208.237, -180.755), (209.725, -170.509), (231.509, -152.443), (267.219, -174.762), (264.017, -192.904)))
(((292.84, -297.607), (252.25, -310.25), (238.426, -306.184), (231.235, -275.622), (242.6, -246.578), (265.045, -247.802), (298.559, -286.902), (292.84, -297.607)))
(((292.148, -155.913), (267.219, -174.762), (231.509, -152.443), (236.026, -125.344), (281.009, -134.605), (292.148, -155.913)))
(((265.045, -247.802), (242.6, -246.578), (234.191, -235.442), (239.215, -205.925), (264.017, -192.904), (289.026, -217.106), (265.045, -247.802)))
(((357.073, -412.242), (255.085, -423.169), (232.261, -377.523), (232.296, -377.423), (261.123, -363.293), (334.681, -386.029), (358.901, -406.616), (357.073, -412.242)))
(((304.429, -53), (305.27, -53), (281.009, -134.605), (236.026, -125.344), (233.313, -118.724), (234.769, -113.952), (304.429, -53)))
(((219.55, -531.63), (208, -475.211), (255.085, -423.169), (356.743, -412.278), (369, -450), (349.902, -508.779), (299.902, -545.106), (238.098, -545.106), (219.55, -531.63)))
(((300.237, -315.763), (260.391, -355.609), (252.25, -310.25), (292.84, -297.607), (300.237, -315.763)))
(((362.993, 371.892), (261.077, 364.613), (243.458, 452.712), (292.544, 510.106), (307.902, 510.106), (357.902, 473.779), (377, 415), (362.993, 371.892)))
(((334.681, -386.029), (261.123, -363.293), (260.391, -355.609), (300.237, -315.763), (334.681, -386.029)))
(((320.18, 225.729), (235.589, 283.363), (231.295, 345.321), (261.077, 364.613), (366.092, 372.114), (384, 317), (364.902, 258.221), (320.18, 225.729)))
(((296.509, -156.799), (307.355, -216.452), (289.026, -217.106), (264.017, -192.904), (267.219, -174.762), (292.148, -155.913), (296.509, -156.799)))
(((324.505, -252.219), (304.003, -283.904), (298.559, -286.902), (265.045, -247.802), (289.026, -217.106), (307.355, -216.452), (321.449, -221.15), (324.505, -252.219)))
(((305.27, -53), (366.704, -53), (384.902, -66.2215), (400, -112.689), (400, -137.311), (398.646, -141.478), (296.509, -156.799), (292.148, -155.913), (281.009, -134.605), (305.27, -53)))
(((400, -144.99), (400, -161.509), (321.449, -221.15), (307.355, -216.452), (296.509, -156.799), (398.849, -141.448), (400, -144.99)))
(((400, -381.426), (361.902, -409.106), (361.83, -409.106), (334.681, -386.029), (300.237, -315.763), (292.84, -297.607), (298.559, -286.902), (304.003, -283.904), (400, -318.569), (400, -381.426)))
(((400, -318.569), (304.003, -283.904), (324.505, -252.219), (400, -271.577), (400, -318.569)))
(((400, -271.577), (324.505, -252.219), (321.449, -221.15), (400, -161.509), (400, -271.577)))
