(((-225, 527.278), (-225, 625), (-80.1735, 625), (-80.0021, 624.473), (-92.4548, 583.303), (-225, 527.278)))
(((-225, 484.379), (-225, 527.278), (-92.4548, 583.303), (-63.5275, 510.382), (-129.928, 413.894), (-163.902, 413.894), (-213.902, 450.221), (-225, 484.379)))
(((-107.847, 376.736), (-120.902, 386.221), (-129.904, 413.928), (-63.5275, 510.382), (-8.38889, 496.597), (10.9625, 452.573), (-33.3018, 384.069), (-107.847, 376.736)))
(((-82.722, 109.568), (-113.902, 132.221), (-133, 191), (-113.902, 249.779), (-100.322, 259.645), (6.88831, 255.584), (43.9686, 206.289), (46.755, 196.79), (36.2534, 167.214), (-34.3028, 117.752), (-82.722, 109.568)))
(((-83.4807, -210.974), (-109.902, -191.779), (-129, -133), (-109.902, -74.2215), (-92.7436, -61.7554), (-19.938, -88.6241), (18.3532, -165.206), (-83.4807, -210.974)))
(((-102.728, 259.736), (-108.902, 264.221), (-128, 323), (-110.629, 376.463), (-33.3018, 384.069), (41.2958, 334.648), (6.88831, 255.584), (-102.728, 259.736)))
(((56.2094, 625), (68.9017, 615.779), (80.4559, 580.218), (68, 563.438), (-8.38889, 496.597), (-63.5275, 510.382), (-92.4548, 583.303), (-79.8426, 625), (56.2094, 625)))
(((-30, -2.97449), (-30, 53), (-107.7, 53), (-89.9017, 107.779), (-88.8684, 108.529), (-34.3028, 117.752), (27.4101, 57.4101), (28.6516, 51.7459), (-22.2927, -2.10938), (-30, -2.97449)))
(((-96.7003, -53), (-30, -53), (-30, -2.97449), (-22.2927, -2.10938), (22.7115, -20.6825), (27.2968, -73.4129), (-19.938, -88.6241), (-94.007, -61.2891), (-96.7003, -53)))
(((17.3434, -317.106), (-19.9017, -317.106), (-69.9017, -280.779), (-89, -222), (-85.7488, -211.994), (18.3532, -165.206), (44.8904, -167.534), (54.5299, -173.318), (17.3434, -317.106)))
(((44.8904, -167.534), (18.3532, -165.206), (-19.938, -88.6241), (27.2968, -73.4129), (50.8911, -83.5248), (44.8904, -167.534)))
(((68.0518, 434.45), (61.3008, 343.311), (41.2958, 334.648), (-33.3018, 384.069), (10.9625, 452.573), (68, 434.488), (68.0518, 434.45)))
(((63.3095, -6.92051), (22.7115, -20.6825), (-22.2927, -2.10938), (28.6516, 51.7459), (79.3561, 15.9545), (63.3095, -6.92051)))
(((77.322, 107.322), (27.4101, 57.4101), (-34.3028, 117.752), (36.2534, 167.214), (77.322, 107.322)))
(((79.6859, -71.0613), (50.8911, -83.5248), (27.2968, -73.4129), (22.7115, -20.6825), (63.3095, -6.92051), (79.6859, -71.0613)))
(((68, 434.488), (10.9625, 452.573), (-8.38889, 496.597), (68, 563.438), (68, 434.488)))
(((83.0747, 17.1308), (79.3561, 15.9545), (28.6516, 51.7459), (27.4101, 57.4101), (77.322, 107.322), (87.8576, 101.712), (99.1481, 45.2593), (83.0747, 17.1308)))
(((166.012, -246.196), (149.902, -295.779), (99.9017, -332.106), (38.0983, -332.106), (17.3606, -317.039), (54.5299, -173.318), (56.4035, -173.438), (143.258, -219.305), (166.012, -246.196)))
(((123.299, -100.968), (56.4035, -173.438), (54.5299, -173.318), (44.8904, -167.534), (50.8911, -83.5248), (79.6859, -71.0613), (107.971, -77.5059), (123.299, -100.968)))
(((125.239, 279.63), (43.9686, 206.289), (6.88831, 255.584), (41.2958, 334.648), (61.3008, 343.311), (98.0845, 335.407), (125.239, 279.63)))
(((80.3722, 580.106), (115.702, 580.106), (153.618, 454.869), (68.0518, 434.45), (68, 434.488), (68, 563.438), (80.3722, 580.106)))
(((107.971, -77.5059), (79.6859, -71.0613), (63.3095, -6.92051), (79.3561, 15.9545), (83.0747, 17.1308), (138.252, -19.9712), (107.971, -77.5059)))
(((137.351, 116.18), (87.8576, 101.712), (77.322, 107.322), (36.2534, 167.214), (46.755, 196.79), (135.154, 185.383), (137.351, 116.18)))
(((197.588, 422.891), (199.911, 415.74), (169.641, 378.001), (98.0845, 335.407), (61.3008, 343.311), (68.0518, 434.45), (153.618, 454.869), (197.588, 422.891)))
(((143.258, -219.305), (56.4035, -173.438), (123.299, -100.968), (145.171, -110.231), (143.258, -219.305)))
(((177.952, 209.369), (135.154, 185.383), (46.755, 196.79), (43.9686, 206.289), (125.239, 279.63), (173.581, 255.459), (177.952, 209.369)))
(((209.613, 66.5025), (99.1481, 45.2593), (87.8576, 101.712), (137.351, 116.18), (211.274, 67.6334), (209.613, 66.5025)))
(((143.132, -18.973), (138.252, -19.9712), (83.0747, 17.1308), (99.1481, 45.2593), (209.613, 66.5025), (143.132, -18.973)))
(((145.171, -110.231), (123.299, -100.968), (107.971, -77.5059), (138.252, -19.9712), (143.132, -18.973), (232.494, -88.9084), (145.171, -110.231)))
(((173.581, 255.459), (125.239, 279.63), (98.0845, 335.407), (169.641, 378.001), (186.1, 269.846), (173.581, 255.459)))
(((227.462, 69.6443), (211.274, 67.6334), (137.351, 116.18), (135.154, 185.383), (177.952, 209.369), (264.728, 154.07), (268, 144), (248.902, 85.2215), (227.462, 69.6443)))
(((164.243, -244.106), (143.258, -219.305), (145.171, -110.231), (232.494, -88.9084), (254.279, -91.384), (273, -149), (253.902, -207.779), (203.902, -244.106), (164.243, -244.106)))
(((253.457, 53), (210, 53), (210, -53), (276.303, -53), (268.902, -75.7785), (248.35, -90.7102), (232.494, -88.9084), (143.132, -18.973), (209.613, 66.5025), (211.274, 67.6334), (230.097, 69.9717), (253.457, 53)))
(((238.651, 432.884), (224.902, 422.894), (197.583, 422.894), (153.618, 454.869), (116.058, 578.929), (163.098, 613.106), (194.596, 613.106), (238.651, 432.884)))
(((301.398, 318.146), (186.1, 269.846), (169.641, 378.001), (199.402, 415.106), (232.902, 415.106), (282.902, 378.779), (302, 320), (301.398, 318.146)))
(((266.617, 152.867), (177.952, 209.369), (173.581, 255.459), (186.1, 269.846), (297.658, 316.58), (313.902, 304.779), (333, 246), (313.902, 187.221), (266.617, 152.867)))
(((238.404, 433.894), (194.349, 614.116), (208.098, 624.106), (269.902, 624.106), (319.902, 587.779), (339, 529), (319.902, 470.221), (269.902, 433.894), (238.404, 433.894)))
