(((-225, -350.5), (-186.368, -369.816), (-184.607, -372.271), (-180.349, -407.761), (-225, -444.397), (-225, -350.5)))
(((-225, -106.52), (-177.547, -119.807), (-175.47, -135.728), (-187.651, -164.962), (-225, -166.903), (-225, -106.52)))
(((-225, -504.353), (-202.979, -510.846), (-181.091, -533.325), (-172.473, -597.097), (-176.141, -602.793), (-225, -608.222), (-225, -504.353)))
(((-225, -166.903), (-187.651, -164.962), (-173.671, -175.754), (-158.333, -196.704), (-191.926, -240.049), (-225, -251.403), (-225, -166.903)))
(((-162.8, -800), (-225, -800), (-225, -695.708), (-180.234, -699.229), (-147.696, -724.482), (-162.8, -800)))
(((-225, -106.52), (-225, -53), (-170.959, -53), (-163.492, -90.9573), (-177.547, -119.807), (-225, -106.52)))
(((-225, -608.222), (-176.141, -602.793), (-148.942, -635.223), (-180.234, -699.229), (-225, -695.708), (-225, -608.222)))
(((-225, -300.97), (-169.158, -304.354), (-155.021, -337.045), (-186.368, -369.816), (-225, -350.5), (-225, -300.97)))
(((-225, -457.732), (-225, -444.397), (-180.349, -407.761), (-155.194, -417.822), (-159.573, -456.136), (-225, -457.732)))
(((-225, -457.732), (-159.573, -456.136), (-144.612, -469.883), (-144.282, -489.371), (-202.979, -510.846), (-225, -504.353), (-225, -457.732)))
(((-225, -251.403), (-191.926, -240.049), (-145.384, -262.027), (-157.101, -296.397), (-169.158, -304.354), (-225, -300.97), (-225, -251.403)))
(((-136.137, -571.941), (-172.473, -597.097), (-181.091, -533.325), (-129.286, -534.944), (-136.137, -571.941)))
(((-225, 450.668), (-225, 591.332), (-190.902, 616.106), (-130.594, 616.106), (-81.4372, 492.146), (-188.976, 425.894), (-190.902, 425.894), (-225, 450.668)))
(((-129.286, -534.944), (-181.091, -533.325), (-202.979, -510.846), (-144.282, -489.371), (-116.356, -518.627), (-129.286, -534.944)))
(((-142.068, -413.269), (-155.194, -417.822), (-180.349, -407.761), (-184.607, -372.271), (-128.135, -377.565), (-142.068, -413.269)))
(((-121.86, -240.406), (-131.446, -254.648), (-145.384, -262.027), (-191.926, -240.049), (-158.333, -196.704), (-140.208, -200.732), (-122.638, -233.989), (-121.86, -240.406)))
(((-128.135, -377.565), (-184.607, -372.271), (-186.368, -369.816), (-155.021, -337.045), (-128, -347), (-117.704, -369.308), (-128.135, -377.565)))
(((-121.539, -129.735), (-123.061, -131.697), (-175.47, -135.728), (-177.547, -119.807), (-163.492, -90.9573), (-120.197, -121.683), (-121.539, -129.735)))
(((-124.987, -139.24), (-173.671, -175.754), (-187.651, -164.962), (-175.47, -135.728), (-123.061, -131.697), (-124.987, -139.24)))
(((-117.5, -714.295), (-147.696, -724.482), (-180.234, -699.229), (-148.942, -635.223), (-117.5, -642.446), (-117.5, -714.295)))
(((-118.5, -451.75), (-144.612, -469.883), (-159.573, -456.136), (-155.194, -417.822), (-142.068, -413.269), (-118.5, -430.409), (-118.5, -451.75)))
(((-128, -347), (-155.021, -337.045), (-169.158, -304.354), (-157.101, -296.397), (-114.311, -309.845), (-128, -347)))
(((-140.208, -200.732), (-158.333, -196.704), (-173.671, -175.754), (-124.987, -139.24), (-119.91, -183.663), (-140.208, -200.732)))
(((-116.26, -53), (-102.64, -103.29), (-120.197, -121.683), (-163.492, -90.9573), (-170.959, -53), (-116.26, -53)))
(((-114.311, -309.845), (-157.101, -296.397), (-145.384, -262.027), (-131.446, -254.648), (-100.862, -302.434), (-114.311, -309.845)))
(((-117.5, -642.446), (-148.942, -635.223), (-176.141, -602.793), (-172.473, -597.097), (-136.137, -571.941), (-105.375, -585.125), (-82.3394, -628.192), (-117.5, -642.446)))
(((-73.3661, -404.423), (-118.5, -430.409), (-142.068, -413.269), (-128.135, -377.565), (-117.704, -369.308), (-95.4264, -373.639), (-73.6178, -401.748), (-73.3661, -404.423)))
(((-100.684, -516.948), (-116.356, -518.627), (-144.282, -489.371), (-144.612, -469.883), (-118.5, -451.75), (-93.5, -464.25), (-93.5, -509.893), (-100.684, -516.948)))
(((-162.8, -800), (-147.696, -724.482), (-117.5, -714.295), (-81.223, -722.6), (-78.9178, -725.58), (-86.2377, -800), (-162.8, -800)))
(((-79.7268, -551.377), (-105.375, -585.125), (-136.137, -571.941), (-129.286, -534.944), (-116.356, -518.627), (-100.684, -516.948), (-79.7268, -551.377)))
(((-74.0075, -164.511), (-85.8286, -182.243), (-119.91, -183.663), (-124.987, -139.24), (-123.061, -131.697), (-121.539, -129.735), (-74.3391, -159.453), (-74.0075, -164.511)))
(((-70.7802, -257.711), (-76.8913, -287.757), (-92.311, -302.171), (-100.862, -302.434), (-131.446, -254.648), (-121.86, -240.406), (-71.6355, -256.758), (-70.7802, -257.711)))
(((-77.9362, -204.934), (-122.638, -233.989), (-140.208, -200.732), (-119.91, -183.663), (-85.8286, -182.243), (-77.9362, -204.934)))
(((-95.4264, -373.639), (-117.704, -369.308), (-128, -347), (-114.311, -309.845), (-100.862, -302.434), (-92.311, -302.171), (-74.782, -339.997), (-95.4264, -373.639)))
(((-65.4199, -417.214), (-78.9251, -454.129), (-93.5, -464.25), (-118.5, -451.75), (-118.5, -430.409), (-73.3661, -404.423), (-65.4199, -417.214)))
(((-48.7613, -649.885), (-81.223, -722.6), (-117.5, -714.295), (-117.5, -642.446), (-82.3394, -628.192), (-56.8413, -631.609), (-48.7613, -649.885)))
(((-141.594, 328.202), (-171.902, 350.221), (-191, 409), (-184.643, 428.563), (-81.4372, 492.146), (-52.3758, 483.501), (-51.9178, 482.922), (-50.3574, 358.09), (-141.594, 328.202)))
(((-72.9866, -209.471), (-71.6355, -256.758), (-121.86, -240.406), (-122.638, -233.989), (-77.9362, -204.934), (-72.9866, -209.471)))
(((-58.1052, -128.397), (-74.3391, -159.453), (-121.539, -129.735), (-120.197, -121.683), (-102.64, -103.29), (-59.2026, -106.449), (-58.1052, -128.397)))
(((-61.3396, -53), (-51.8826, -98.5658), (-59.2026, -106.449), (-102.64, -103.29), (-116.26, -53), (-61.3396, -53)))
(((-56.8413, -631.609), (-82.3394, -628.192), (-105.375, -585.125), (-79.7268, -551.377), (-69.7964, -555.814), (-52.4752, -625.099), (-56.8413, -631.609)))
(((-49.433, -500.45), (-93.5, -509.893), (-93.5, -464.25), (-78.9251, -454.129), (-49.9846, -476.178), (-49.433, -500.45)))
(((-29.6757, -315.082), (-61.3649, -339.122), (-74.782, -339.997), (-92.311, -302.171), (-76.8913, -287.757), (-34.9786, -307.481), (-29.6757, -315.082)))
(((-36.9937, -546.562), (-69.7964, -555.814), (-79.7268, -551.377), (-100.684, -516.948), (-93.5, -509.893), (-49.433, -500.45), (-29.3317, -511.735), (-36.9937, -546.562)))
(((-73.6178, -401.748), (-95.4264, -373.639), (-74.782, -339.997), (-61.3649, -339.122), (-32.3046, -371.601), (-73.6178, -401.748)))
(((-36.2844, -207.373), (-72.9866, -209.471), (-77.9362, -204.934), (-85.8286, -182.243), (-74.0075, -164.511), (-43.0014, -175.708), (-36.2844, -207.373)))
(((-33.7063, -453.389), (-49.9846, -476.178), (-78.9251, -454.129), (-65.4199, -417.214), (-50.5959, -423.832), (-33.7063, -453.389)))
(((-33.6379, -209.327), (-35.6924, -251.445), (-70.7802, -257.711), (-71.6355, -256.758), (-72.9866, -209.471), (-36.2844, -207.373), (-33.6379, -209.327)))
(((-136.963, 243.643), (-153, 293), (-141.558, 328.214), (-50.3574, 358.09), (-32.5, 351.679), (-32.5, 262.636), (-136.963, 243.643)))
(((-86.2377, -800), (-78.9178, -725.58), (-5.35669, -741.672), (-1.07178, -746.814), (8.55238, -800), (-86.2377, -800)))
(((-10.573, -591.844), (-52.4752, -625.099), (-69.7964, -555.814), (-36.9937, -546.562), (-10.3285, -583.703), (-10.2292, -591.355), (-10.573, -591.844)))
(((-27.3837, -256.215), (-34.9786, -307.481), (-76.8913, -287.757), (-70.7802, -257.711), (-35.6924, -251.445), (-27.3837, -256.215)))
(((-43.0014, -175.708), (-74.0075, -164.511), (-74.3391, -159.453), (-58.1052, -128.397), (-13.8709, -155.618), (-43.0014, -175.708)))
(((-125.155, 625), (-7.04286, 625), (19.5454, 566.838), (-52.3758, 483.501), (-81.4372, 492.146), (-129.193, 612.573), (-125.155, 625)))
(((-100.862, 152.935), (-121.902, 168.221), (-141, 227), (-135.506, 243.908), (-32.5, 262.636), (-0.284631, 248.481), (12.4865, 232.797), (-49.8895, 162.624), (-100.862, 152.935)))
(((-14.3537, -341.366), (-28.8107, -371.083), (-32.3046, -371.601), (-61.3649, -339.122), (-29.6757, -315.082), (-24.0692, -317.077), (-14.3537, -341.366)))
(((-5.35669, -741.672), (-78.9178, -725.58), (-81.223, -722.6), (-48.7613, -649.885), (-6.40562, -674.54), (-5.35669, -741.672)))
(((-7.39857, -411.833), (-50.5959, -423.832), (-65.4199, -417.214), (-73.3661, -404.423), (-73.6178, -401.748), (-32.3046, -371.601), (-28.8107, -371.083), (-8.45745, -387.479), (-7.39857, -411.833)))
(((-61.3396, -53), (-30, -53), (-30, -46.6739), (-11.8983, -62.4145), (-22.4283, -97.1633), (-51.8826, -98.5658), (-61.3396, -53)))
(((-1.91222, -504.477), (-29.3317, -511.735), (-49.433, -500.45), (-49.9846, -476.178), (-33.7063, -453.389), (-2.80792, -458.796), (-1.91222, -504.477)))
(((-7.28455, -155.139), (-13.8709, -155.618), (-58.1052, -128.397), (-59.2026, -106.449), (-51.8826, -98.5658), (-22.4283, -97.1633), (-17.9354, -99.7064), (0.376791, -148.103), (-7.28455, -155.139)))
(((-0.458155, -201.786), (-33.6379, -209.327), (-36.2844, -207.373), (-43.0014, -175.708), (-13.8709, -155.618), (-7.28455, -155.139), (-0.458155, -201.786)))
(((6.40505, -448.402), (-2.80792, -458.796), (-33.7063, -453.389), (-50.5959, -423.832), (-7.39857, -411.833), (8.65365, -427.04), (6.40505, -448.402)))
(((2.22705, -301.684), (-24.0692, -317.077), (-29.6757, -315.082), (-34.9786, -307.481), (-27.3837, -256.215), (-12.9266, -257.212), (4.67685, -275.349), (2.22705, -301.684)))
(((-30, 42.1696), (-30, 53), (-100.779, 53), (-118, 106), (-102.874, 152.553), (-49.8895, 162.624), (3.23719, 140.064), (5.17265, 54.9035), (-1.66163, 49.0693), (-30, 42.1696)))
(((0.823493, -202.581), (4.65578, -236.113), (-12.9266, -257.212), (-27.3837, -256.215), (-35.6924, -251.445), (-33.6379, -209.327), (-0.458155, -201.786), (0.823493, -202.581)))
(((13.6769, 312.084), (-0.284631, 248.481), (-32.5, 262.636), (-32.5, 351.679), (-20.8827, 351.58), (13.6769, 312.084)))
(((-30, -7.77941), (16.2236, -36.3293), (10.4651, -53.6047), (-11.8983, -62.4145), (-30, -46.6739), (-30, -7.77941)))
(((33.2533, 385.505), (-20.8827, 351.58), (-32.5, 351.679), (-50.3574, 358.09), (-51.9178, 482.922), (40.1422, 443.748), (33.2533, 385.505)))
(((2.07379, -506.383), (15.8652, -546.838), (-10.3285, -583.703), (-36.9937, -546.562), (-29.3317, -511.735), (-1.91222, -504.477), (2.07379, -506.383)))
(((27.6739, -369.413), (-8.45745, -387.479), (-28.8107, -371.083), (-14.3537, -341.366), (20.6413, -349.143), (27.6739, -369.413)))
(((27.1981, -661.811), (-6.40562, -674.54), (-48.7613, -649.885), (-56.8413, -631.609), (-52.4752, -625.099), (-10.573, -591.844), (28.3737, -654.758), (27.1981, -661.811)))
(((31.4148, -90.8486), (-17.9354, -99.7064), (-22.4283, -97.1633), (-11.8983, -62.4145), (10.4651, -53.6047), (31.4148, -90.8486)))
(((33.3502, -321.718), (20.6413, -349.143), (-14.3537, -341.366), (-24.0692, -317.077), (2.22705, -301.684), (31.3607, -316.645), (33.3502, -321.718)))
(((45.3086, -97.9946), (42.6618, -113.635), (5.3205, -147.475), (0.376791, -148.103), (-17.9354, -99.7064), (31.4148, -90.8486), (44.2042, -96.458), (45.3086, -97.9946)))
(((-30, 42.1696), (-1.66163, 49.0693), (51.7611, -18.9232), (16.2236, -36.3293), (-30, -7.77941), (-30, 42.1696)))
(((55.7238, 189.879), (23.2888, 143.684), (3.23719, 140.064), (-49.8895, 162.624), (12.4865, 232.797), (20.9155, 231.513), (55.7238, 189.879)))
(((38.209, -376.023), (28.7391, -417.454), (8.65365, -427.04), (-7.39857, -411.833), (-8.45745, -387.479), (27.6739, -369.413), (38.209, -376.023)))
(((40.2861, -242.477), (34.0088, -268.214), (4.67685, -275.349), (-12.9266, -257.212), (4.65578, -236.113), (40.1385, -242.231), (40.2861, -242.477)))
(((39.6219, -199.207), (0.823493, -202.581), (-0.458155, -201.786), (-7.28455, -155.139), (0.376791, -148.103), (5.3205, -147.475), (37.4831, -169.263), (39.6219, -199.207)))
(((42.1901, -201.198), (40.1385, -242.231), (4.65578, -236.113), (0.823493, -202.581), (39.6219, -199.207), (42.1901, -201.198)))
(((52.737, -613.446), (28.3737, -654.758), (-10.573, -591.844), (-10.2292, -591.355), (43.3236, -597.656), (52.737, -613.446)))
(((43.8776, -497.868), (2.07379, -506.383), (-1.91222, -504.477), (-2.80792, -458.796), (6.40505, -448.402), (38.4603, -461.03), (43.8776, -497.868)))
(((48.1719, -285), (31.3607, -316.645), (2.22705, -301.684), (4.67685, -275.349), (34.0088, -268.214), (48.1719, -285)))
(((76.0464, -701.549), (-1.07178, -746.814), (-5.35669, -741.672), (-6.40562, -674.54), (27.1981, -661.811), (70.2601, -688.725), (76.0464, -701.549)))
(((55.0375, 70.5238), (5.17265, 54.9035), (3.23719, 140.064), (23.2888, 143.684), (75.0239, 98.5817), (55.0375, 70.5238)))
(((62.3217, -553.96), (43.3236, -597.656), (-10.2292, -591.355), (-10.3285, -583.703), (15.8652, -546.838), (61.8043, -553.401), (62.3217, -553.96)))
(((94.7414, 293.034), (20.9155, 231.513), (12.4865, 232.797), (-0.284631, 248.481), (13.6769, 312.084), (92.6904, 301.239), (94.7414, 293.034)))
(((120.464, 484.292), (40.1422, 443.748), (-51.9178, 482.922), (-52.3758, 483.501), (19.5454, 566.838), (66.9155, 553.182), (121.605, 493.88), (120.464, 484.292)))
(((61.8043, -553.401), (15.8652, -546.838), (2.07379, -506.383), (43.8776, -497.868), (54.1286, -501.864), (61.8043, -553.401)))
(((62.032, -33.2503), (44.2042, -96.458), (31.4148, -90.8486), (10.4651, -53.6047), (16.2236, -36.3293), (51.7611, -18.9232), (53.6388, -19.3353), (62.032, -33.2503)))
(((60.6159, -444.413), (38.4603, -461.03), (6.40505, -448.402), (8.65365, -427.04), (28.7391, -417.454), (59.035, -429.236), (60.6159, -444.413)))
(((92.6904, 301.239), (13.6769, 312.084), (-20.8827, 351.58), (33.2533, 385.505), (94.9925, 341.13), (97.9704, 334.864), (92.6904, 301.239)))
(((63.6594, -149.63), (37.4831, -169.263), (5.3205, -147.475), (42.6618, -113.635), (63.6594, -149.63)))
(((75.9614, -342.891), (47.6631, -375.543), (38.209, -376.023), (27.6739, -369.413), (20.6413, -349.143), (33.3502, -321.718), (73.881, -332.111), (75.9614, -342.891)))
(((59.035, -429.236), (28.7391, -417.454), (38.209, -376.023), (47.6631, -375.543), (82.2152, -403.812), (59.035, -429.236)))
(((89.8676, 17.7169), (53.6388, -19.3353), (51.7611, -18.9232), (-1.66163, 49.0693), (5.17265, 54.9035), (55.0375, 70.5238), (89.8676, 17.7169)))
(((8.55238, -800), (-1.07178, -746.814), (76.0464, -701.549), (83.4983, -706.487), (95.5214, -800), (8.55238, -800)))
(((76.3125, -491.625), (54.1286, -501.864), (43.8776, -497.868), (38.4603, -461.03), (60.6159, -444.413), (74.3122, -455.619), (76.3125, -491.625)))
(((73.881, -332.111), (33.3502, -321.718), (31.3607, -316.645), (48.1719, -285), (64.7581, -285), (84.0929, -314.969), (73.881, -332.111)))
(((82.7048, -261.819), (64.7581, -285), (48.1719, -285), (34.0088, -268.214), (40.2861, -242.477), (77.0245, -246.449), (82.7048, -261.819)))
(((72.5112, -200.009), (42.1901, -201.198), (39.6219, -199.207), (37.4831, -169.263), (63.6594, -149.63), (83.3029, -155.644), (72.5112, -200.009)))
(((75.0239, 98.5817), (23.2888, 143.684), (55.7238, 189.879), (86, 184.833), (90.2706, 105.116), (75.0239, 98.5817)))
(((93.5596, -631.089), (70.2601, -688.725), (27.1981, -661.811), (28.3737, -654.758), (52.737, -613.446), (87.3529, -621.779), (93.5596, -631.089)))
(((77.0245, -246.449), (40.2861, -242.477), (40.1385, -242.231), (42.1901, -201.198), (72.5112, -200.009), (91.5739, -215.895), (77.0245, -246.449)))
(((101.586, 625), (66.9155, 553.182), (19.5454, 566.838), (-7.04286, 625), (101.586, 625)))
(((98.3373, -78.7975), (48.2652, -97.9427), (45.3086, -97.9946), (44.2042, -96.458), (62.032, -33.2503), (105.355, -54.4697), (98.3373, -78.7975)))
(((99.5117, -588.343), (87.3529, -621.779), (52.737, -613.446), (43.3236, -597.656), (62.3217, -553.96), (93.8995, -557.164), (99.5117, -588.343)))
(((109.478, -145.715), (83.3029, -155.644), (63.6594, -149.63), (42.6618, -113.635), (45.3086, -97.9946), (48.2652, -97.9427), (111.857, -131.121), (111.398, -142.748), (109.478, -145.715)))
(((100.009, 287.951), (95.8376, 189.934), (86, 184.833), (55.7238, 189.879), (20.9155, 231.513), (94.7414, 293.034), (100.009, 287.951)))
(((82.2152, -403.812), (47.6631, -375.543), (75.9614, -342.891), (104.968, -364.058), (82.9251, -403.735), (82.2152, -403.812)))
(((93.8995, -557.164), (62.3217, -553.96), (61.8043, -553.401), (54.1286, -501.864), (76.3125, -491.625), (87.4043, -494.09), (120.018, -538.445), (93.8995, -557.164)))
(((131.523, 466.704), (94.9925, 341.13), (33.2533, 385.505), (40.1422, 443.748), (120.464, 484.292), (131.523, 466.704)))
(((108.769, -433.506), (99.3165, -448.36), (74.3122, -455.619), (60.6159, -444.413), (59.035, -429.236), (82.2152, -403.812), (82.9251, -403.735), (102.361, -416.545), (108.769, -433.506)))
(((111.857, -131.121), (48.2652, -97.9427), (98.3373, -78.7975), (117.3, -117.722), (111.857, -131.121)))
(((103.773, -308.409), (84.0929, -314.969), (64.7581, -285), (82.7048, -261.819), (114.82, -273.568), (103.773, -308.409)))
(((110.933, -476.24), (87.4043, -494.09), (76.3125, -491.625), (74.3122, -455.619), (99.3165, -448.36), (110.933, -476.24)))
(((118.489, -175.32), (96.24, -215.368), (91.5739, -215.895), (72.5112, -200.009), (83.3029, -155.644), (109.478, -145.715), (118.489, -175.32)))
(((105.355, -54.4697), (62.032, -33.2503), (53.6388, -19.3353), (89.8676, 17.7169), (97.513, 17.513), (122.358, -6.69524), (111.638, -51.7209), (105.355, -54.4697)))
(((91.6844, 104.86), (132.196, 52.1957), (97.513, 17.513), (89.8676, 17.7169), (55.0375, 70.5238), (75.0239, 98.5817), (90.2706, 105.116), (91.6844, 104.86)))
(((114.82, -273.568), (82.7048, -261.819), (77.0245, -246.449), (91.5739, -215.895), (96.24, -215.368), (111.017, -221.656), (129.768, -266.371), (114.82, -273.568)))
(((130.445, -341.216), (110.337, -363.21), (104.968, -364.058), (75.9614, -342.891), (73.881, -332.111), (84.0929, -314.969), (103.773, -308.409), (129.617, -326.87), (130.445, -341.216)))
(((119.392, -699.211), (83.4983, -706.487), (76.0464, -701.549), (70.2601, -688.725), (93.5596, -631.089), (128.778, -637.268), (119.392, -699.211)))
(((140.111, -394.175), (102.361, -416.545), (82.9251, -403.735), (104.968, -364.058), (110.337, -363.21), (140.111, -394.175)))
(((149.071, -523.434), (121.272, -538.312), (120.018, -538.445), (87.4043, -494.09), (110.933, -476.24), (134.849, -477.467), (150.067, -517.204), (149.071, -523.434)))
(((160.497, 128.515), (91.6844, 104.86), (90.2706, 105.116), (86, 184.833), (95.8376, 189.934), (114.024, 188.783), (170.91, 144.934), (160.497, 128.515)))
(((134.849, -477.467), (110.933, -476.24), (99.3165, -448.36), (108.769, -433.506), (149.379, -446.33), (134.849, -477.467)))
(((140.338, -632.979), (128.778, -637.268), (93.5596, -631.089), (87.3529, -621.779), (99.5117, -588.343), (147.688, -599.905), (140.338, -632.979)))
(((206.653, 625), (211.883, 608.905), (192.699, 558.204), (121.605, 493.88), (66.9155, 553.182), (101.586, 625), (206.653, 625)))
(((174.381, 251.087), (114.024, 188.783), (95.8376, 189.934), (100.009, 287.951), (172.351, 258.356), (174.381, 251.087)))
(((95.5214, -800), (83.4983, -706.487), (119.392, -699.211), (209.68, -722.764), (221.5, -732.382), (223, -737), (203.902, -795.779), (198.091, -800), (95.5214, -800)))
(((156.412, -206.97), (111.017, -221.656), (96.24, -215.368), (118.489, -175.32), (153.89, -198.514), (156.412, -206.97)))
(((147.688, -599.905), (99.5117, -588.343), (93.8995, -557.164), (120.018, -538.445), (121.272, -538.312), (149.728, -597.258), (147.688, -599.905)))
(((148.482, -100.399), (117.3, -117.722), (98.3373, -78.7975), (105.355, -54.4697), (111.638, -51.7209), (141.31, -59.4137), (148.482, -100.399)))
(((149.379, -446.33), (108.769, -433.506), (102.361, -416.545), (140.111, -394.175), (150.642, -396.2), (156.351, -408.305), (150.354, -445.785), (149.379, -446.33)))
(((160.253, -301.021), (129.617, -326.87), (103.773, -308.409), (114.82, -273.568), (129.768, -266.371), (135.438, -266.794), (160.253, -301.021)))
(((159.257, -209.535), (161.157, -243.105), (135.438, -266.794), (129.768, -266.371), (111.017, -221.656), (156.412, -206.97), (159.257, -209.535)))
(((159.269, -3.68211), (122.358, -6.69524), (97.513, 17.513), (132.196, 52.1957), (147.336, 51.5074), (159.269, -3.68211)))
(((215.09, 369.825), (97.9704, 334.864), (94.9925, 341.13), (131.523, 466.704), (210.347, 405.397), (215.09, 369.825)))
(((172.901, 66.4938), (147.336, 51.5074), (132.196, 52.1957), (91.6844, 104.86), (160.497, 128.515), (172.901, 66.4938)))
(((169.331, -366.436), (150.642, -396.2), (140.111, -394.175), (110.337, -363.21), (130.445, -341.216), (167.738, -359.33), (169.331, -366.436)))
(((159.544, -3.84099), (164.967, -46.3266), (141.31, -59.4137), (111.638, -51.7209), (122.358, -6.69524), (159.269, -3.68211), (159.544, -3.84099)))
(((209.68, -722.764), (119.392, -699.211), (128.778, -637.268), (140.338, -632.979), (175.011, -654.477), (209.68, -722.764)))
(((166.403, -158.89), (153.89, -198.514), (118.489, -175.32), (109.478, -145.715), (111.398, -142.748), (162.817, -152.781), (166.403, -158.89)))
(((173.794, -122.987), (162.817, -152.781), (111.398, -142.748), (111.857, -131.121), (117.3, -117.722), (148.482, -100.399), (168.812, -106.263), (173.794, -122.987)))
(((186.394, -562.344), (169.97, -589.717), (149.728, -597.258), (121.272, -538.312), (149.071, -523.434), (168.013, -535.313), (186.394, -562.344)))
(((200.7, 217.552), (179.955, 149.005), (170.91, 144.934), (114.024, 188.783), (174.381, 251.087), (200.7, 217.552)))
(((181.551, -333.588), (167.738, -359.33), (130.445, -341.216), (129.617, -326.87), (160.253, -301.021), (172.482, -303.627), (178.583, -308.857), (181.551, -333.588)))
(((234.746, 340.455), (172.351, 258.356), (100.009, 287.951), (94.7414, 293.034), (92.6904, 301.239), (97.9704, 334.864), (215.09, 369.825), (234.746, 340.455)))
(((195.576, -474.729), (150.067, -517.204), (134.849, -477.467), (149.379, -446.33), (150.354, -445.785), (197.412, -461.471), (195.576, -474.729)))
(((184, -93.4737), (168.812, -106.263), (148.482, -100.399), (141.31, -59.4137), (164.967, -46.3266), (184, -53.8679), (184, -93.4737)))
(((172.482, -303.627), (160.253, -301.021), (135.438, -266.794), (161.157, -243.105), (191.934, -256.617), (172.482, -303.627)))
(((175.011, -654.477), (140.338, -632.979), (147.688, -599.905), (149.728, -597.258), (169.97, -589.717), (194.243, -616.014), (175.011, -654.477)))
(((210, 10.0098), (159.544, -3.84099), (159.269, -3.68211), (147.336, 51.5074), (172.901, 66.4938), (210, 52.7143), (210, 10.0098)))
(((211.779, -449.977), (197.412, -461.471), (150.354, -445.785), (156.351, -408.305), (191.335, -411.485), (212.411, -448.953), (211.779, -449.977)))
(((203.971, -183.971), (180.624, -206.419), (159.257, -209.535), (156.412, -206.97), (153.89, -198.514), (166.403, -158.89), (205.043, -166.816), (203.971, -183.971)))
(((191.335, -411.485), (156.351, -408.305), (150.642, -396.2), (169.331, -366.436), (207.276, -380.666), (191.335, -411.485)))
(((210, -45.5283), (184, -53.8679), (164.967, -46.3266), (159.544, -3.84099), (210, 10.0098), (210, -45.5283)))
(((212.817, -252.283), (191.934, -256.617), (161.157, -243.105), (159.257, -209.535), (180.624, -206.419), (216.022, -235.382), (212.817, -252.283)))
(((205.043, -166.816), (166.403, -158.89), (162.817, -152.781), (173.794, -122.987), (206.927, -133.637), (212.2, -160), (205.043, -166.816)))
(((215.845, -510.441), (168.013, -535.313), (149.071, -523.434), (150.067, -517.204), (195.576, -474.729), (215.845, -510.441)))
(((228.307, -375.313), (207.276, -380.666), (169.331, -366.436), (167.738, -359.33), (181.551, -333.588), (226.188, -347.936), (228.827, -373.879), (228.307, -375.313)))
(((226.91, -102.664), (206.927, -133.637), (173.794, -122.987), (168.812, -106.263), (184, -93.4737), (225.13, -99.9678), (226.91, -102.664)))
(((224.954, -610.021), (194.243, -616.014), (169.97, -589.717), (186.394, -562.344), (226.568, -565.637), (224.954, -610.021)))
(((227.392, -286.688), (216.899, -301.728), (178.583, -308.857), (172.482, -303.627), (191.934, -256.617), (212.817, -252.283), (226.04, -267.081), (227.392, -286.688)))
(((283.704, 53), (210, 53), (210, 52.7143), (172.901, 66.4938), (160.497, 128.515), (170.91, 144.934), (179.955, 149.005), (296.325, 102.155), (298, 97), (283.704, 53)))
(((238.031, -556.539), (226.568, -565.637), (186.394, -562.344), (168.013, -535.313), (215.845, -510.441), (233.27, -519.532), (242.47, -544.332), (238.031, -556.539)))
(((210, -45.5283), (210, -53), (228.128, -53), (225.13, -99.9678), (184, -93.4737), (184, -53.8679), (210, -45.5283)))
(((216.022, -235.382), (180.624, -206.419), (203.971, -183.971), (233.815, -213.815), (216.022, -235.382)))
(((250.181, -720.457), (236.902, -730.106), (218.702, -730.106), (209.68, -722.764), (175.011, -654.477), (194.243, -616.014), (224.954, -610.021), (239.019, -626.972), (250.181, -720.457)))
(((226.188, -347.936), (181.551, -333.588), (178.583, -308.857), (216.899, -301.728), (230.458, -338.232), (226.188, -347.936)))
(((234.658, -386.957), (212.545, -448.873), (212.411, -448.953), (191.335, -411.485), (207.276, -380.666), (228.307, -375.313), (234.658, -386.957)))
(((210.347, 405.397), (131.523, 466.704), (120.464, 484.292), (121.605, 493.88), (192.699, 558.204), (277.016, 467.003), (210.347, 405.397)))
(((233.27, -519.532), (215.845, -510.441), (195.576, -474.729), (197.412, -461.471), (211.779, -449.977), (249.8, -492.222), (233.27, -519.532)))
(((248.621, -209.321), (233.815, -213.815), (203.971, -183.971), (205.043, -166.816), (212.2, -160), (247.388, -160), (248.621, -209.321)))
(((247.388, -160), (212.2, -160), (206.927, -133.637), (226.91, -102.664), (235.831, -106.232), (259.143, -150.403), (247.388, -160)))
(((293.489, 103.297), (179.955, 149.005), (200.7, 217.552), (316.173, 213.476), (329, 174), (309.902, 115.221), (293.489, 103.297)))
(((317.197, 213.44), (200.7, 217.552), (174.381, 251.087), (172.351, 258.356), (234.746, 340.455), (315.563, 309.587), (332, 259), (317.197, 213.44)))
(((272.146, -439.337), (212.545, -448.873), (234.658, -386.957), (260.18, -404.184), (272.146, -439.337)))
(((276.085, -310.746), (267.417, -322.393), (230.458, -338.232), (216.899, -301.728), (227.392, -286.688), (275.349, -307.845), (276.085, -310.746)))
(((276.406, -252.501), (226.04, -267.081), (212.817, -252.283), (216.022, -235.382), (233.815, -213.815), (248.621, -209.321), (278.355, -221.319), (276.406, -252.501)))
(((277.551, -445.855), (263.414, -486.245), (249.8, -492.222), (211.779, -449.977), (212.411, -448.953), (212.545, -448.873), (272.146, -439.337), (275.039, -441.046), (277.551, -445.855)))
(((295.609, -53), (273.885, -91.4334), (235.831, -106.232), (226.91, -102.664), (225.13, -99.9678), (228.128, -53), (295.609, -53)))
(((275.39, -603.506), (239.019, -626.972), (224.954, -610.021), (226.568, -565.637), (238.031, -556.539), (278.173, -587.505), (275.39, -603.506)))
(((271.46, -360.126), (228.827, -373.879), (226.188, -347.936), (230.458, -338.232), (267.417, -322.393), (271.46, -360.126)))
(((287.691, -270.092), (275.349, -307.845), (227.392, -286.688), (226.04, -267.081), (276.406, -252.501), (287.691, -270.092)))
(((271.354, -149.685), (259.143, -150.403), (235.831, -106.232), (273.885, -91.4334), (284.238, -124.561), (271.354, -149.685)))
(((287.802, -530.999), (242.47, -544.332), (233.27, -519.532), (249.8, -492.222), (263.414, -486.245), (293.211, -510.524), (287.802, -530.999)))
(((284.08, -384.267), (260.18, -404.184), (234.658, -386.957), (228.307, -375.313), (228.827, -373.879), (271.46, -360.126), (282.512, -365.977), (284.08, -384.267)))
(((234.577, 625), (299.423, 625), (347.902, 589.779), (367, 531), (349.907, 478.392), (277.016, 467.003), (192.699, 558.204), (211.678, 608.363), (234.577, 625)))
(((278.355, -221.319), (248.621, -209.321), (247.388, -160), (259.143, -150.403), (271.354, -149.685), (290, -163.281), (290, -213.492), (278.355, -221.319)))
(((350.412, -688.314), (303.902, -722.106), (250.378, -722.106), (239.019, -626.972), (275.39, -603.506), (350.412, -688.314)))
(((314, -571.674), (278.173, -587.505), (238.031, -556.539), (242.47, -544.332), (287.802, -530.999), (314, -557.905), (314, -571.674)))
(((307.45, -352.302), (282.512, -365.977), (271.46, -360.126), (267.417, -322.393), (276.085, -310.746), (311.486, -328.085), (307.45, -352.302)))
(((313.16, -406.613), (275.039, -441.046), (272.146, -439.337), (260.18, -404.184), (284.08, -384.267), (309.882, -398.601), (313.16, -406.613)))
(((313, -495.561), (293.211, -510.524), (263.414, -486.245), (277.551, -445.855), (313, -465.388), (313, -495.561)))
(((318.623, 308.418), (234.746, 340.455), (215.09, 369.825), (210.347, 405.397), (277.016, 467.003), (345.898, 477.765), (367.902, 461.779), (387, 403), (367.902, 344.221), (318.623, 308.418)))
(((295.609, -53), (310.375, -53), (322.237, -100.447), (309.48, -118.671), (284.238, -124.561), (273.885, -91.4334), (295.609, -53)))
(((348.199, -685.812), (275.39, -603.506), (278.173, -587.505), (314, -571.674), (383.697, -651.097), (379.902, -662.779), (348.199, -685.812)))
(((319.296, -368.268), (309.882, -398.601), (284.08, -384.267), (282.512, -365.977), (307.45, -352.302), (319.296, -368.268)))
(((323.135, -157.068), (290, -163.281), (271.354, -149.685), (284.238, -124.561), (309.48, -118.671), (323.342, -154.096), (323.135, -157.068)))
(((325.618, -322.135), (311.486, -328.085), (276.085, -310.746), (275.349, -307.845), (287.691, -270.092), (314.62, -270.62), (330.022, -286.022), (325.618, -322.135)))
(((314.62, -270.62), (287.691, -270.092), (276.406, -252.501), (278.355, -221.319), (290, -213.492), (301.805, -214.072), (331.693, -242.765), (314.62, -270.62)))
(((334.264, -195.137), (301.805, -214.072), (290, -213.492), (290, -163.281), (323.135, -157.068), (333.579, -164.959), (334.264, -195.137)))
(((338.76, -452.245), (313, -465.388), (277.551, -445.855), (275.039, -441.046), (313.16, -406.613), (335.425, -413.884), (338.76, -452.245)))
(((356.97, -523.065), (314, -557.905), (287.802, -530.999), (293.211, -510.524), (313, -495.561), (352.195, -515.636), (356.97, -523.065)))
(((346.22, -115.966), (323.342, -154.096), (309.48, -118.671), (322.237, -100.447), (346.22, -115.966)))
(((356.091, -400.106), (335.425, -413.884), (313.16, -406.613), (309.882, -398.601), (319.296, -368.268), (345.48, -369.905), (356.091, -400.106)))
(((345.48, -369.905), (319.296, -368.268), (307.45, -352.302), (311.486, -328.085), (325.618, -322.135), (364.51, -334.85), (345.48, -369.905)))
(((343.606, -240.869), (331.693, -242.765), (301.805, -214.072), (334.264, -195.137), (360.803, -211.634), (343.606, -240.869)))
(((352.195, -515.636), (313, -495.561), (313, -465.388), (338.76, -452.245), (360.046, -460.679), (352.195, -515.636)))
(((374.191, -275.278), (330.022, -286.022), (314.62, -270.62), (331.693, -242.765), (343.606, -240.869), (374.191, -275.278)))
(((400, -149.864), (333.579, -164.959), (323.135, -157.068), (323.342, -154.096), (346.22, -115.966), (400, -118.304), (400, -149.864)))
(((400, -538.39), (400, -640.777), (384.514, -652.028), (314, -571.674), (314, -557.905), (356.97, -523.065), (400, -538.39)))
(((310.375, -53), (400, -53), (400, -118.304), (346.22, -115.966), (322.237, -100.447), (310.375, -53)))
(((400, -325.852), (364.51, -334.85), (325.618, -322.135), (330.022, -286.022), (374.191, -275.278), (400, -282.893), (400, -325.852)))
(((400, -204.07), (360.803, -211.634), (334.264, -195.137), (333.579, -164.959), (400, -149.864), (400, -204.07)))
(((400, -451.034), (360.046, -460.679), (338.76, -452.245), (335.425, -413.884), (356.091, -400.106), (400, -405.405), (400, -451.034)))
(((400, -405.405), (356.091, -400.106), (345.48, -369.905), (364.51, -334.85), (400, -325.852), (400, -405.405)))
(((400, -282.893), (374.191, -275.278), (343.606, -240.869), (360.803, -211.634), (400, -204.07), (400, -282.893)))
(((400, -538.39), (356.97, -523.065), (352.195, -515.636), (360.046, -460.679), (400, -451.034), (400, -538.39)))
