1.68351
0.104077
0.363838
1.23646
0.24375
1.15137
0.250502
0.209872
0.267153
0.302996
1.0091
0.440811
1.16604
0.316194
0.980004
1.29473
0.735029
1.04154
0.713185
0.276634
1.06136
0.0743367
0.424989
0.460851
0.545208
0.996773
0.887152
0.308665
1.01842
0.519882
1.07062
0.576956
0.879447
0.98005
1.02023
1.00794
0.328962
0.381305
0.994799
0.425525
1.14994
1.10769
0.736594
1.10615
0.502958
0.385667
0.459207
1.09196
1.01812
1.09336
0.48088
0.468416
0.832036
0.510335
0.875747
1.09655
1.01924
0.385784
1.12339
1.58109
1.25544
0.206885
0.212518
