0.250298
1.17543
0.252353
0.240241
0.147084
0.13489
0.191414
0.183054
0.305437
0.176307
0.422049
0.090536
0.228764
0.109319
0.176901
0.110338
0.143869
0.162556
0.170383
1.43766
0.287332
0.197436
0.366517
0.208185
0.180923
0.173903
0.283656
0.138913
0.168975
1.69043
0.0251205
0.193198
0.172133
0.32701
0.123652
0.204052
0.636054
0.349112
0.189054
0.143695
0.209636
0.31757
0.313055
0.138141
0.222594
0.218115
0.226614
0.176326
0.243069
0.240024
1.17121
1.25821
0.208744
0.248015
0.172596
1.18568
0.153342
0.300213
0.150364
1.03664
0.312612
0.18786
0.320978
0.345483
0.186064
0.13376
0.412741
0.212874
0.234686
0.908789
1.58567
0.168589
0.519305
0.163629
0.491306
0.248241
1.3203
0.212496
0.257968
0.239273
0.292803
0.490486
0.165688
0.833195
0.144128
1.27576
1.15539
0.19196
0.812459
0.186267
0.263559
0.202466
0.0998979
0.275357
0.37823
0.556833
1.32859
1.27729
0.273073
1.6313
0.208449
0.575148
1.32348
0.877764
0.176455
0.309091
0.339656
0.282628
0.285002
0.250299
0.653785
1.30865
0.936651
0.22824
0.170449
1.21616
0.287957
0.305855
1.53431
0.205372
0.276359
0.926306
0.26433
0.280869
0.403043
0.174046
0.0991098
0.901095
0.178613
0.208026
0.51592
0.521638
0.329333
0.232487
0.222831
0.214902
1.50068
0.302366
0.510474
1.02372
0.369982
1.14537
0.157229
0.353285
0.261435
0.842021
0.256025
0.359446
0.20805
0.238487
0.22159
0.259402
0.174521
0.324428
0.284726
0.563308
1.40059
0.963164
0.145723
0.193052
0.154698
0.289471
1.10189
1.26183
0.401827
0.137156
0.204548
0.149313
0.209407
0.153713
1.43963
0.37595
0.248701
0.125126
0.331207
0.228706
0.115619
0.195402
0.298505
1.26655
1.24978
0.120861
0.312382
0.252186
0.10719
0.338704
0.21649
1.42165
0.136918
0.127824
0.0990498
0.305657
0.167591
0.237666
0.123656
0.22093
0.257214
0.347045
0.152528
0.126849
0.129554
0.219715
0.113789
0.253134
0.264105
0.210464
0.249341
0.0399283
0.160282
0.140749
0.0991174
0.176984
0.204319
0.195302
0.169746
0.24208
0.115876
0.120592
0.179652
0.0935502
0.200441
0.175316
0.17705
0.341504
