0.12265
0.129902
0.282177
0.327218
0.135787
0.204861
0.0550442
0.0926125
0.208583
0.33549
1.19083
0.0771368
0.225529
0.335722
0.18179
0.159624
0.0130152
0.147333
0.383246
0.188145
0.186691
0.108968
0.273514
0.134348
0.215681
0.147868
0.219096
0.130709
0.242052
1.00564
0.208977
0.142922
0.178612
0.0307883
0.162729
0.125467
0.141509
0.287013
0.198458
0.198503
0.138308
0.127567
0.127763
1.22687
0.0838424
0.151884
1.27195
0.107514
0.277051
1.11348
0.133652
0.996116
0.286873
0.223467
0.230728
0.0708061
0.193417
0.104271
0.234504
0.389348
0.129957
1.13727
0.485109
0.311142
0.146373
1.00634
0.16962
0.10719
0.134496
0.274179
0.104471
0.136039
0.261177
0.477835
0.951447
0.160425
0.213751
0.411061
0.120269
0.378171
1.33444
0.278817
1.32834
0.0997437
0.630561
0.222164
0.149994
0.197485
0.344969
1.21334
1.16374
0.257345
0.219106
0.732155
0.151772
0.1645
0.380774
1.29909
0.180599
0.0588463
0.63069
0.82019
0.549797
0.139192
0.310446
0.188374
0.215871
0.596183
1.33771
0.191135
1.09603
1.17639
0.398849
0.14403
0.237093
0.317235
0.393011
0.619683
0.956828
0.238882
0.205865
0.141838
0.330824
0.0814067
0.259056
0.279994
0.253042
0.194266
0.149793
1.08988
0.283078
0.460957
1.35535
0.403191
0.971908
0.114371
0.255286
0.131489
0.11618
0.212362
0.674028
0.191106
0.0800577
0.854258
1.37379
0.216438
0.415317
0.222935
0.290258
0.362268
1.08463
0.981441
0.0401705
0.340929
0.220448
0.753651
0.144439
0.0379295
0.291339
0.502794
1.26662
0.932222
0.243068
0.886911
1.34282
0.172453
0.199788
0.126379
0.179682
0.238583
0.303254
0.139842
1.1713
0.142546
0.210613
0.179569
0.175639
0.213616
0.221274
0.132624
0.167994
0.171985
0.140614
0.0715794
0.238818
0.122328
0.212689
0.130846
0.171392
0.206277
0.215188
0.144311
0.123522
0.234038
0.1296
0.0700314
0.131726
0.149884
0.148264
0.208124
0.128996
0.273542
0.184611
0.0869501
0.234437
0.126241
0.388446
0.184946
0.181686
0.18035
0.142072
0.10838
0.192247
0.23988
