0.287844
0.513949
0.195285
0.246305
0.242744
0.314338
0.237269
0.250197
0.227724
0.216211
0.34346
0.260792
1.78308
1.58323
0.31691
0.309773
0.354404
0.11447
0.179989
0.173513
0.356176
0.203215
0.242544
0.225053
0.278853
0.24492
0.183423
0.326276
0.306429
0.236123
0.249422
0.256659
0.213872
0.197528
0.327198
0.300054
0.288903
0.43678
0.314869
0.255381
0.48944
0.349299
0.340062
1.16122
0.217121
0.283623
1.08814
0.160415
0.247193
0.19678
0.193258
0.185909
1.72699
0.219453
0.220687
0.356957
0.249535
0.260541
0.193221
0.202315
0.16887
0.244297
0.369346
0.409294
0.414249
0.326122
0.214828
0.220975
0.237205
0.185518
0.171094
0.858645
1.78451
0.970571
0.540291
1.27911
0.291875
0.352886
0.77879
1.51669
0.22783
0.161351
0.317379
0.452424
0.387658
0.29518
0.497828
0.192397
0.148164
1.21537
0.348521
0.846423
1.15485
1.36767
0.278239
0.274038
0.138021
0.206418
0.202678
0.2049
0.599691
0.614369
1.36384
0.330364
0.935416
0.343082
0.293517
0.223305
0.361097
0.274128
1.54099
0.980824
0.174785
0.360276
0.214157
0.348026
0.352241
0.340512
0.315485
1.43144
0.461516
1.5577
0.729526
1.27531
0.449657
1.50451
0.308463
0.370804
0.332746
0.26613
0.293227
0.349494
0.377452
0.996551
0.226229
0.34068
0.336659
0.29898
1.31131
0.402624
0.361611
0.384462
0.986505
0.242553
0.249528
1.47194
1.61034
0.583631
0.222428
0.325162
0.410149
1.08115
0.354737
0.27713
0.159594
0.707077
0.35932
0.36702
0.200427
0.315816
0.13727
0.169992
0.242986
1.42377
0.348043
1.35102
0.416149
0.150346
0.229217
0.388325
0.300325
0.309699
0.266678
0.259744
0.297327
0.319316
0.308171
0.31061
0.254005
1.25465
0.296201
0.399229
0.35058
0.372029
0.201403
0.195507
0.377836
0.319965
0.302551
0.202364
0.274967
0.401107
0.200461
0.243102
0.410886
0.281034
0.22036
0.25886
0.270479
0.332102
0.189545
0.235821
0.312851
0.297133
0.168935
0.279997
0.515504
0.283071
0.15091
0.35203
0.205282
0.283809
0.239443
0.220207
0.374355
0.497238
0.291245
