0.178754
0.186356
0.154008
0.303622
0.209246
0.241294
0.223701
0.208195
0.18998
0.150132
0.0867733
0.195423
0.0604971
0.27752
1.01508
0.0107498
0.575588
0.162931
0.263166
0.229872
0.315834
0.140178
0.179315
0.124977
0.0382323
0.0936815
0.208426
0.197894
0.216347
0.234069
0.226433
0.227453
0.0487454
0.0587235
0.99791
0.209374
0.818004
0.15379
0.144394
1.03355
1.03334
0.107215
0.0665387
0.210912
0.146453
0.393742
0.273332
0.199148
0.16757
1.08663
0.335574
0.10601
0.880552
0.981686
0.126932
0.810727
0.190003
0.211418
0.293674
1.1472
0.160411
0.130738
0.208507
0.348528
1.01875
0.0611068
0.258339
0.281395
0.728628
0.181203
0.117438
1.1549
0.153968
0.665911
0.167179
1.24772
0.297158
0.0362396
0.304364
0.267143
1.33328
0.955751
0.172369
0.131953
0.166671
0.544853
0.186411
0.314387
0.319193
0.239739
0.861197
0.137242
0.97024
0.120249
0.236289
0.336687
0.681465
0.211499
1.2235
0.666174
0.606917
0.308708
0.934311
1.05147
0.196749
0.364507
1.11947
0.292109
0.220964
0.186713
0.223525
0.249426
0.928759
0.541459
0.796327
0.797088
0.239073
0.273698
0.120447
0.176757
0.221413
0.861268
1.19785
0.210718
0.247329
0.98647
0.423916
0.176705
0.45408
0.167217
0.291655
0.11802
0.838535
0.615758
0.134239
0.301149
0.25081
1.10339
0.938374
0.179034
0.300014
0.136494
0.225048
0.619254
0.200281
0.145604
1.19732
0.171609
0.114714
1.14072
0.196194
0.165282
0.20189
0.611408
0.229876
0.21683
0.168824
0.097728
0.0922018
0.140796
1.39242
0.181175
0.247822
0.135802
1.25681
0.206506
0.112285
0.131906
1.17256
0.265507
0.283701
0.217978
0.169532
0.1841
0.105115
0.365763
0.101915
0.131816
0.0728044
0.160768
0.135476
0.128273
0.090226
0.239092
0.0833598
0.134302
0.209096
0.0675075
0.0852937
0.0273969
0.141534
