0.329516
0.191699
0.046323
1.21948
0.178692
0.253495
0.316223
0.262102
0.226365
0.356684
0.195489
0.229988
1.06671
1.12947
0.253616
0.298744
0.107547
0.224754
0.193655
0.147697
0.282835
0.279206
0.215349
1.09963
1.14772
0.219184
0.234191
0.151043
1.12807
1.01467
0.269775
0.827169
0.197828
0.145409
0.166877
0.312472
1.21522
0.230539
1.23371
0.129394
0.562081
1.14166
1.14969
0.0900583
0.355188
0.903455
0.644415
0.266616
0.214305
0.104487
0.332021
0.191014
1.07352
0.380039
0.189451
0.109814
0.281828
0.818669
0.174032
0.5269
0.215599
1.05447
0.222752
1.02357
0.457474
1.03713
0.967483
0.0810562
0.258617
0.266791
0.395935
0.917497
0.552681
0.623915
0.338252
0.921189
0.944278
0.964953
0.176143
0.247487
1.24183
0.308333
0.450241
0.753926
0.945697
0.918066
0.921264
0.357153
0.25873
0.199382
0.494227
0.54025
1.17651
0.367263
0.233244
0.198283
1.0209
1.02417
1.09424
0.156071
0.34227
0.113083
0.968193
0.2345
0.341115
0.316337
0.35716
0.959987
0.296802
0.236385
1.04157
0.173319
0.900038
0.289165
