0.0699776
0.23128
0.0878027
0.14357
0.130392
0.197681
0.200088
0.21653
0.23896
0.0922523
0.112464
0.507776
0.132179
0.183103
0.0985451
0.143203
0.268038
0.107108
0.210663
0.131388
1.10347
0.213955
0.145214
0.177092
0.214852
0.151355
0.106946
0.105231
0.061054
0.0389602
1.38504
0.165636
0.132921
0.286305
0.131136
0.26974
0.144187
0.19562
0.290108
0.0793252
0.115217
0.141534
1.12505
1.16564
0.316184
0.17104
0.0414088
0.190087
0.28931
0.141375
1.25791
0.212507
0.120678
0.0559783
0.329349
0.234397
0.183413
0.0930955
0.0368334
0.0158973
0.283748
0.132799
0.121086
1.04882
0.220836
0.735763
1.22756
0.0904889
0.120698
1.09904
0.12797
0.584243
1.11625
0.236837
0.305989
0.973773
0.288449
0.345903
0.125275
0.21438
0.333886
0.287169
0.0379959
0.404463
0.304427
0.772568
0.215012
0.0319331
0.920774
0.263333
1.1395
0.133
0.665904
1.05769
0.508754
0.1654
1.12472
0.229842
0.413802
1.01639
0.401763
0.282854
0.106605
0.698262
0.230856
0.853926
0.500007
0.214641
1.12052
1.21133
0.231856
0.216677
0.524383
0.149507
1.04338
1.06282
0.310752
0.32732
0.272533
0.172533
0.774672
0.278815
0.22286
0.144901
0.0867272
0.551199
0.438664
0.947612
1.03004
0.270396
1.13596
0.0914551
0.76945
0.172757
0.200909
0.670504
0.429249
0.282804
0.230773
0.976354
0.23132
0.347455
1.07408
0.186369
0.383156
0.211812
0.139696
0.974438
0.248963
0.662402
0.166993
0.561153
0.147016
1.04269
0.213859
0.185607
0.157453
0.310005
0.430628
0.168758
0.147936
1.40595
0.133845
1.07593
0.141251
0.126175
0.164081
0.149124
0.171485
1.12456
0.309088
0.233467
0.206574
0.328129
0.115236
0.0945309
1.01907
0.0936793
0.120182
0.158959
0.135811
0.15769
0.145449
0.221826
0.0541666
0.166463
0.360261
0.222878
0.0217329
0.198017
0.160359
0.137729
0.110852
0.184826
0.180856
0.152769
0.119675
0.188399
0.135118
0.123533
0.208705
0.257436
0.150354
0.224577
0.103185
0.246074
0.0941802
0.270502
0.198677
0.158297
