0.201097
0.113795
0.131623
0.14589
0.0719911
0.188846
0.126701
0.120247
0.237433
0.313627
0.125875
0.138349
0.120622
0.139641
0.141651
1.10292
0.0974551
0.272688
0.14928
0.0593654
1.14618
0.183296
0.174071
0.032609
0.166389
0.259225
0.0647512
0.198684
0.0398769
0.0790207
0.182882
0.177173
0.248169
0.152221
0.131491
0.0703582
1.03612
0.263103
0.251545
0.802748
0.136896
0.906073
0.144555
1.06115
0.151852
0.290383
0.221418
0.0234999
0.122081
0.308236
0.194202
0.369743
1.1825
0.282497
0.0993717
0.171381
0.412103
0.111349
0.0846491
0.155902
0.931481
0.234189
1.02801
0.169147
0.0598858
0.661654
1.14414
0.100577
0.335318
0.994501
0.158384
0.395744
0.96362
0.203512
0.177393
0.276589
0.15173
0.205023
0.349577
0.29597
1.1686
0.617132
0.245097
0.111328
0.224514
0.316423
1.07921
0.925289
0.658826
0.31093
1.24892
0.255758
0.22641
1.26823
0.131914
0.253347
1.18575
0.186765
0.149774
0.208806
0.211428
0.577934
0.142332
1.09291
1.13414
0.716386
0.21614
0.189976
0.289909
1.22343
0.36751
0.0349445
0.243342
1.35881
0.289168
0.247996
0.361134
0.223831
0.202579
0.490936
1.39214
1.05186
0.0401715
0.184547
0.697151
0.220393
0.293342
1.1399
0.182032
0.176672
0.562243
0.620028
0.209418
0.180976
0.182053
0.137032
0.832147
0.172625
1.17403
0.184957
0.149867
0.355347
0.903692
0.243596
0.129215
0.146693
1.31536
0.118101
0.293874
0.38425
0.18594
1.05902
0.33945
0.176986
0.158939
0.16722
0.131264
0.10404
0.27172
1.14151
0.137241
0.194753
0.35981
0.171306
0.170595
0.0794983
0.173678
1.23636
0.205192
0.16639
0.136361
0.159818
0.160392
0.284921
0.278825
0.177684
0.112952
0.113009
0.110924
0.13445
0.959171
0.0715831
0.222317
1.31916
0.0733109
0.0831815
0.139397
0.169607
0.220648
0.196809
0.328473
0.0992046
0.223605
0.192516
0.164285
0.0940702
1.29648
0.128117
0.134981
0.0846708
0.241244
0.111034
0.300061
0.187668
