0.34811
0.256867
0.28357
0.411193
0.31407
0.184895
0.222599
0.194132
0.49133
0.304867
0.403173
0.294276
0.302969
0.259766
0.376002
0.400338
0.329033
0.319568
0.258881
0.269885
0.346694
0.438599
0.343058
0.183944
0.305535
0.309616
0.559941
0.506735
0.396901
0.454376
0.19581
0.396642
0.436941
0.242691
0.294266
0.420773
0.357848
0.405195
0.503727
0.326952
0.341265
0.241798
0.526212
0.393921
0.266907
0.392726
0.431422
0.45876
0.393264
0.356707
0.389821
0.180767
0.523782
0.297007
0.325214
1.56474
1.71435
0.757233
0.414144
0.392434
0.746318
0.428123
0.323391
0.232801
0.232168
0.624239
0.267126
1.14226
0.193334
1.91323
0.642508
1.20929
0.291517
0.213391
0.236923
0.341891
0.870583
1.38982
1.57707
0.227345
0.265241
0.248077
0.304297
0.944458
0.369327
0.237495
0.520671
1.84275
1.25633
0.455689
0.380915
0.221296
0.256638
0.763488
1.57102
0.431713
0.234467
0.258391
0.223761
0.289564
0.114872
1.23944
0.399796
0.353981
1.95366
0.634211
0.200931
0.332352
0.262419
0.797473
0.881913
2.04161
0.378232
0.433611
0.470536
0.13478
0.578723
1.20223
0.335332
0.74902
0.210792
0.70635
0.395807
0.474774
0.302395
0.316382
0.223109
0.368435
0.409845
0.455556
0.60283
0.286621
0.365224
0.329674
0.297294
0.464673
0.538453
0.400413
0.48797
0.175784
0.373772
0.428464
0.470056
0.562172
0.455266
0.307861
0.241406
0.469943
0.407702
0.207338
0.545606
0.374006
0.287463
0.339663
0.311854
0.339991
0.229207
0.284386
0.364742
0.424752
0.32353
0.388676
0.464872
0.593655
