0.268658
0.224037
0.3094
0.278994
0.131206
0.229976
0.170927
0.240016
0.173325
0.252302
0.258261
0.355291
0.216517
0.221966
0.109405
0.323294
0.177758
0.516378
0.247757
0.205201
0.128162
0.28172
0.149501
0.232487
0.190677
0.212851
0.0617204
0.363106
0.11545
0.245767
0.180287
1.18833
0.102704
0.253001
0.168354
0.228392
0.257266
0.218447
0.0536096
0.452554
0.278054
1.2222
0.366122
0.328887
0.324168
0.293031
0.210771
0.147189
0.195908
0.28174
0.334363
0.145604
1.35796
0.284163
0.201209
0.178689
1.31906
0.47691
1.16506
0.207874
0.209886
0.243997
0.26031
1.25026
0.269536
0.246334
0.357076
0.703813
0.171143
0.0930196
0.425925
0.587278
0.242963
0.137676
0.982023
1.50266
0.208978
0.134672
1.17544
0.197529
0.206519
1.40143
0.158027
0.216281
0.687182
0.248883
1.33069
0.266989
0.250734
0.178789
0.25237
1.17627
0.860699
1.62962
0.973781
0.218429
0.155526
0.390401
0.188435
0.331413
0.68108
0.319692
0.209549
0.258571
0.185255
1.62414
1.06059
0.532401
0.510804
1.43022
0.222775
0.225748
0.291439
0.15751
0.321224
0.30357
0.80823
0.223799
0.282139
0.541627
1.49219
0.191149
1.39786
0.261553
0.529814
0.244067
0.237636
0.331112
0.92453
0.756815
0.279352
0.320085
0.156161
0.107354
0.346398
0.658333
1.15902
0.348486
1.40963
0.462032
1.35027
0.252829
0.251189
0.592832
1.01846
0.198467
0.227818
1.08216
0.169583
0.330101
0.404869
0.247254
0.683403
0.267291
0.469294
0.256435
1.21615
0.459609
1.13703
0.17268
0.345074
0.231397
0.37531
0.170449
1.49545
0.156608
0.294589
0.224684
0.303114
0.161254
0.225666
0.156847
0.221201
0.177904
0.140609
0.232297
1.35338
0.176678
0.137365
0.23006
0.17106
0.262942
0.267488
1.3406
0.215218
0.363088
0.182575
0.22813
0.273999
0.187254
0.255314
0.213411
0.192994
0.292361
0.283912
0.204544
0.213777
0.240133
0.260838
0.320752
0.314931
0.1464
0.345976
0.243316
0.252887
0.0521455
0.237158
0.247891
0.309809
0.0440523
0.268171
0.203794
0.164769
0.203917
0.217077
0.285454
0.156818
