1.54712
0.189994
0.330125
1.15058
0.172586
0.260803
0.176499
1.32662
0.0902935
0.301737
0.281653
0.33052
0.277391
1.11252
0.838462
0.974269
0.315957
0.348925
1.02009
0.12887
0.26265
0.862072
0.207188
0.408151
0.803929
0.586086
1.06194
0.482666
0.374261
0.313113
0.991868
0.984887
0.731308
0.276859
0.75864
1.19607
0.9092
0.320278
1.14027
0.666616
0.318444
0.692281
0.554267
0.879078
0.557404
1.17275
0.505177
0.412331
0.999855
0.662791
1.21872
1.46789
0.564356
0.939023
0.419406
0.331556
1.03807
0.29876
0.847916
0.488985
0.370243
0.908284
1.0363
0.481074
0.302038
0.405228
0.985879
1.22286
0.370147
1.03783
0.249847
1.17661
1.20985
0.233608
