1.09608
0.502069
0.269484
1.25813
0.178166
0.149789
0.35168
1.28281
0.129652
0.28176
0.169839
0.19903
0.260664
0.117256
1.16237
0.296378
1.18028
0.30269
0.41836
0.184414
1.30528
0.221675
0.188287
1.29017
1.08814
0.294089
0.517327
0.824968
0.206673
0.382665
1.07051
0.603177
0.26343
0.544257
0.248173
0.240218
0.781609
1.21994
0.232757
0.758406
1.2273
0.616061
1.11951
1.10151
0.247857
0.277784
0.348822
0.634792
0.250207
0.798171
0.267951
0.230335
0.984787
0.181116
0.256365
0.649954
0.852357
0.625328
0.988439
0.267117
1.05688
0.073343
1.31617
0.51708
1.12632
0.263968
0.342083
1.16313
0.145251
0.367901
0.563418
0.454729
1.09872
0.412854
0.236058
1.16872
0.686774
0.256615
1.2368
0.196444
1.02335
1.10585
0.93838
0.334085
0.278246
0.32799
0.237397
0.954545
1.21516
0.147654
0.20185
0.963426
0.270216
