0.423987
0.318344
0.43166
0.259714
0.344549
0.482757
0.298355
0.23309
0.221273
0.432074
0.291474
0.280953
1.72825
0.272657
0.475012
0.267744
0.341966
0.372545
0.36295
0.429131
0.299791
0.379574
0.295266
0.336021
0.39632
0.277888
0.325042
0.428208
0.352881
0.162756
0.307473
0.327367
0.379462
0.239308
0.30957
2.01306
0.307224
0.319405
0.240828
0.327931
0.458581
0.436575
0.307427
0.318204
0.398794
0.251244
0.332024
0.526726
0.416785
1.65289
1.47731
0.381072
0.323166
0.419493
0.29487
0.445805
0.375455
0.327859
1.02106
0.342209
0.325697
0.393046
0.796149
1.97344
0.377541
0.776973
0.368194
0.196543
0.308862
1.88605
0.308882
0.273601
0.397227
1.73733
1.60099
0.39984
0.240914
0.366938
0.809674
0.284147
0.209808
0.338016
0.325875
0.28442
0.702425
0.181456
0.285136
0.459922
0.187115
0.49371
0.876941
1.29391
0.459106
0.244976
1.14753
0.300692
0.439268
0.367861
0.244681
1.75518
0.661231
2.06342
0.263266
0.335758
0.464595
0.500865
0.0799693
0.977364
0.367919
1.34333
0.36544
0.311239
0.240918
0.455329
0.49754
1.00435
0.464228
0.691109
0.443532
0.331755
0.26941
0.299878
0.186457
0.405574
0.827511
1.43373
0.561877
1.31457
0.256816
0.396725
1.48793
0.305473
1.26902
0.247165
0.471418
0.394168
0.338157
0.448931
0.483657
1.65033
0.753944
0.692746
0.311399
0.345613
0.259082
0.447081
0.289155
1.32597
0.270014
0.244484
0.393126
0.483125
0.453889
1.52579
0.508281
0.289235
0.506659
0.368034
0.441178
0.349642
0.475243
0.246477
0.244069
0.4626
0.349025
0.332775
0.338995
0.238927
0.252486
0.335567
0.402737
0.439808
0.223759
0.116204
0.214904
0.352069
0.399148
0.266849
0.359016
0.365288
0.340699
0.313108
0.119931
0.35363
0.219137
0.364273
0.362575
0.278358
0.281446
0.358259
0.380926
0.458492
0.32601
0.348379
0.321509
0.345011
0.236722
