0.161258
0.104334
0.285863
0.189484
0.0836427
0.109067
0.331389
0.137588
0.219322
0.00595449
0.114411
0.0967464
0.197183
0.0403479
0.152213
0.427107
0.150117
0.175325
0.13089
0.0920713
0.317637
0.197923
1.27945
0.105463
1.1414
0.31805
1.44236
0.212829
0.158569
0.224691
0.194662
0.082118
0.145557
0.22802
0.286676
0.112342
0.202435
0.139121
0.0756274
0.742879
0.233876
0.299243
0.157089
1.17614
0.03459
0.129529
0.207039
0.234668
0.0908599
0.324914
0.354046
0.122099
0.159311
0.179446
0.170808
0.866896
0.323724
0.119507
0.219429
0.13544
0.746426
0.0130535
0.946118
0.436392
0.363212
0.924396
1.0476
1.20567
0.235826
0.049419
0.153453
0.233796
1.02839
1.1747
0.380336
0.116517
0.273615
0.752978
0.206694
0.534021
0.16706
0.976339
0.15016
0.234236
0.981875
0.359654
0.266588
0.196041
0.114299
0.161949
0.914777
0.317052
0.499144
0.0664048
0.771389
0.257705
1.09202
1.11819
1.15683
0.130789
0.39547
0.130469
0.238034
0.138504
0.286635
0.273317
0.271888
0.778673
0.645108
0.332587
1.27332
0.956724
0.143278
0.186943
0.181942
1.46146
0.626711
0.267143
0.218768
0.0754891
0.177055
1.16684
0.204262
1.16538
0.286753
0.80711
0.383076
0.277722
0.923403
0.63782
0.125469
0.136829
0.149594
0.132957
0.236051
0.258003
0.518299
0.233604
0.395821
1.18573
0.232141
0.0864535
0.0428612
0.997966
0.193017
1.16789
0.247301
0.105111
0.725232
0.315224
0.874479
0.281852
0.0854496
0.234031
0.222301
0.223145
0.228721
0.201465
0.201224
1.24921
0.179326
0.230956
0.106058
0.236978
0.145329
0.0865427
0.151599
1.11569
0.23888
0.101174
0.182907
0.307388
0.167108
0.145277
1.19735
0.219838
0.115197
0.13179
0.177933
0.161664
0.198859
0.182516
0.147969
0.140739
0.11869
0.165751
0.394486
0.187072
0.0307704
0.263541
0.0794775
0.234618
0.150866
0.176072
0.106939
1.03602
0.157132
0.12939
0.297498
0.303756
0.430475
0.154968
