0.45341
0.311481
0.612542
0.0285581
0.277147
0.185338
1.88581
0.213935
0.204781
0.322754
0.315482
0.255165
0.171346
0.323724
0.309338
0.254661
0.301504
0.279374
0.179481
0.285114
1.03313
0.209078
1.09201
1.22588
0.325512
0.133664
1.09922
0.206423
0.268739
0.24842
0.378761
0.209629
0.139486
0.650953
0.283102
1.06249
0.228517
0.170883
0.0963662
1.13288
1.00677
0.985629
0.139806
0.457375
0.954302
0.121118
0.412212
1.10496
1.09845
0.23259
0.131954
0.236918
0.967119
0.134693
0.0676802
0.731594
0.230421
0.253071
0.533116
1.01115
0.258042
0.183532
0.928977
0.269351
0.277545
1.20845
0.577588
0.157526
0.221241
1.1698
0.289663
0.984255
0.34798
0.120301
1.97374
0.133237
0.736331
0.180267
0.497979
1.00655
0.486714
0.135335
0.306602
0.444143
0.471801
0.863384
0.200536
0.927837
0.173981
0.819108
0.215345
0.323347
1.00245
1.00898
0.839452
0.399205
0.201217
0.565334
0.145398
0.312123
0.283367
1.01512
1.00361
1.39018
0.104239
0.470724
0.228367
0.193819
0.264494
0.259265
0.240051
0.988792
0.186041
0.157226
0.381865
0.175132
1.35059
0.383649
0.758125
0.309382
0.222396
0.278311
0.129949
