0.229616
0.225731
0.148497
0.169519
0.0739671
0.179271
1.25311
0.207276
0.114135
0.0308418
0.208615
0.319649
0.120258
0.121343
0.236856
0.109423
0.184065
0.146759
0.113381
0.377446
0.142618
0.160265
0.0892853
0.320174
0.165851
0.0953836
0.113499
0.199099
0.168123
0.0856336
1.10441
0.229314
0.256
0.235172
0.173568
0.356728
0.112486
0.282901
0.130687
1.17328
0.0325276
0.232428
0.175475
0.0642891
0.191307
0.269172
0.860997
0.151783
0.226907
1.05545
1.02771
0.158624
0.194981
0.284261
1.02798
0.107357
1.2821
0.157654
0.0658386
0.147406
0.275523
0.0856743
0.340269
0.12992
0.21936
0.111309
0.860678
0.289243
0.398218
0.146358
0.236546
0.701492
1.04913
0.0929527
1.24435
0.0723032
0.196527
0.33453
0.228004
0.142189
0.901404
1.14579
0.493427
0.31338
0.225481
0.272301
0.00960133
0.382662
0.709228
0.254554
0.715778
0.395169
1.04628
0.219259
1.23007
0.117747
0.324655
0.173195
1.1457
0.225993
1.21482
1.04729
0.371581
0.316609
0.484948
0.694576
0.350744
0.168518
0.851211
1.16031
0.39268
0.0738959
0.240568
0.553757
0.200646
0.240985
0.25323
0.327148
1.35824
0.11891
0.928791
0.621566
1.21859
0.0923235
0.198584
0.213946
0.88527
0.163205
0.267461
1.06942
0.302565
0.280081
0.365509
0.268261
0.981935
0.182375
0.118513
0.272371
0.203774
0.27304
0.553044
0.887855
1.13005
0.0846872
0.142204
0.329432
0.242327
0.18613
0.263774
0.239627
0.12694
0.754032
1.17585
0.263473
0.116871
0.282782
0.10706
0.119586
0.214202
1.92013
0.146379
1.07275
0.173931
0.154637
0.199067
1.17723
0.102308
0.0674883
0.188979
0.116159
0.177884
0.13962
0.0889774
0.211816
0.221905
0.219729
1.02796
1.18555
0.201794
0.168251
0.143604
0.211369
0.199783
0.086437
0.211944
0.0691859
0.118836
0.253856
0.178048
1.41279
0.257574
0.25833
0.267342
0.104507
0.115494
0.273712
0.217334
0.154846
0.216142
0.184312
0.199104
0.0667146
0.179594
0.124082
0.137522
