0.330868
0.1823
0.268068
0.212623
0.207026
1.15603
0.139306
0.134229
0.271171
0.212416
0.137969
0.190803
0.206393
0.235715
0.247866
0.120276
0.0682167
0.0915872
0.507011
0.269267
0.111373
0.202869
0.160474
0.111869
0.25492
0.129488
0.168148
0.880884
0.0870119
0.182064
0.190627
0.162146
0.185809
0.96118
0.0595959
0.169489
0.27403
0.191621
0.0294556
0.179745
0.903071
1.11202
0.233667
0.298185
0.195756
0.216413
0.152027
0.999644
0.146638
0.381066
1.02596
1.2228
0.194204
0.19565
0.345206
1.20105
0.444249
0.185195
1.05771
0.308419
0.298923
0.208851
0.202418
0.063603
0.315457
0.991329
0.247246
0.281064
0.0980018
0.212876
0.235929
0.288152
0.922747
1.17558
0.385344
0.284761
0.118817
0.0990498
0.172121
0.184638
1.05223
1.07865
0.451343
0.183481
0.156345
0.40176
0.288273
0.735454
0.278215
1.21828
0.143823
0.855126
0.258013
0.254316
0.769235
1.09122
0.354611
0.212452
0.0606932
1.05711
0.315966
0.206852
0.157967
0.160237
0.285434
0.823671
0.949932
1.17674
0.685438
0.178712
0.222656
0.182119
0.272513
1.12705
0.873185
0.328182
0.137736
0.182794
0.147755
0.122927
0.190889
0.143234
0.749415
0.84363
1.11998
0.512361
1.08785
0.395013
0.211044
1.08575
0.341336
0.230034
0.195867
0.181435
0.785185
0.145222
0.217497
1.17228
0.350226
0.324226
1.17045
0.625083
0.203075
0.221706
0.222004
0.458179
0.125247
1.32279
1.23791
0.0877088
0.80455
0.115929
1.36568
0.222418
0.26051
0.283897
0.103616
0.029555
0.175934
0.0928794
0.281997
0.195376
1.45321
0.162646
1.29103
0.182447
0.10884
0.144426
0.206434
0.128842
0.223598
0.234232
0.207997
0.120886
0.0992724
1.27872
0.209484
0.077162
0.127698
0.212686
0.152759
0.0912377
0.254167
0.0869391
0.155011
0.231674
0.221121
0.343785
0.0474057
0.107099
0.166567
