1.27852
0.159957
0.319288
0.0982835
0.285017
0.222122
1.17744
0.248985
0.25118
0.366423
0.2944
0.433892
0.148432
1.08793
0.967492
1.14254
0.282076
1.48262
0.353161
0.40118
0.631289
0.717139
0.143629
0.872346
0.40323
0.318682
0.911161
0.415182
0.833127
0.143141
0.399496
1.1539
0.314657
0.869316
0.468082
0.717793
0.501137
0.253634
0.915037
0.391876
0.414239
0.78408
0.266282
1.10987
0.627774
0.532836
1.1672
0.281491
1.0238
0.691021
0.327594
0.969855
1.14113
1.33993
0.528971
0.408941
0.688585
0.328048
0.807011
0.158984
0.296333
0.396677
1.03346
0.616687
1.33294
1.15397
0.857364
0.260372
0.537884
0.537169
0.358088
0.941913
1.28835
0.206732
0.86756
0.260014
1.07398
1.00903
0.415635
0.243559
1.26468
0.32959
0.556614
