0.114448
0.295869
0.144353
0.088576
0.132581
0.107286
0.172312
0.0192107
0.12806
0.283885
0.173147
0.242592
0.182615
0.139799
0.213343
0.165627
0.120817
0.149954
0.231683
0.253452
0.252644
1.22657
0.23058
0.0692092
0.144296
0.252166
0.174142
0.173342
0.133425
0.173882
0.224811
0.216317
0.124657
0.295309
0.129095
0.135563
0.427391
0.337248
0.312101
0.268618
0.174242
0.289717
0.30419
0.162604
1.1069
0.222571
0.168469
1.04895
0.212911
0.144894
0.104981
0.163624
0.187037
0.153147
0.30012
1.28824
0.255782
1.22274
0.373909
0.234885
0.2333
0.287559
0.241775
1.24973
0.192578
0.52527
0.250417
0.274831
0.265023
0.376311
0.322135
0.257312
1.37098
0.335062
0.139202
1.19212
1.29871
1.52008
0.272288
0.372533
0.194709
0.261509
1.13084
0.215448
0.600333
0.280618
0.331944
0.186422
0.212435
0.327336
0.303479
0.213704
0.191014
0.90832
0.351082
0.449597
1.263
0.288861
0.166993
0.50358
1.21795
1.53829
0.401724
0.326133
0.239239
0.264273
0.443248
1.40032
0.406967
0.237681
0.0445286
0.879753
0.217405
0.256457
0.192957
0.234877
1.24337
0.278649
0.247734
0.353924
0.565803
0.250197
0.2111
1.12995
1.13242
0.118821
0.0920451
0.197675
1.14272
0.503943
0.36593
0.169207
0.736846
0.208024
0.23785
0.233811
1.11603
0.17443
0.243366
0.115517
0.904902
0.713217
0.751116
1.06563
0.127001
0.293645
0.0905307
1.23094
0.756804
0.210005
0.1873
0.120369
1.24976
0.314807
0.251572
0.40632
0.430051
0.21218
0.193336
0.9775
0.203703
0.831615
0.230961
0.293213
0.309863
0.437206
0.270061
1.20032
0.184265
1.32693
0.175912
0.409047
0.171965
0.184835
0.24266
0.189642
0.32113
0.208582
0.3023
0.193533
1.19993
0.184225
1.36971
0.132401
0.24994
0.237257
0.117966
0.332139
0.205863
0.236508
0.0870547
0.179406
0.14528
0.261802
0.114349
0.190644
0.202517
1.67749
0.131275
0.106105
0.159283
0.119418
0.204725
0.129888
0.138738
0.167843
0.111202
0.171369
0.128312
0.215075
0.183053
0.197252
0.0816792
0.161069
0.210497
0.218571
0.0787099
0.0620008
0.149797
0.176255
0.157623
0.193675
