0.250542
0.244592
0.302236
0.15468
0.248619
0.213709
0.148202
0.140471
0.127791
0.256574
0.202131
0.220316
1.43116
0.314664
0.182176
0.0972466
0.23706
0.167314
0.161227
0.14277
0.264898
0.207762
1.76527
0.112349
0.257318
0.344373
0.271824
0.312124
0.0173539
0.244326
0.303225
0.174063
0.244521
0.192993
0.257805
0.202794
0.421755
0.203446
0.309142
0.0861023
0.194413
0.139882
0.293554
1.2919
1.31359
0.192765
0.0882639
0.214882
0.225497
0.308352
0.180022
0.374807
1.21349
0.299952
1.0664
0.264525
0.137519
0.251981
0.141755
0.135458
0.337955
0.200066
0.210702
1.55068
0.29246
0.184096
0.128345
0.431586
0.981633
0.223338
0.796559
0.177628
0.213498
0.162893
0.423988
0.34543
1.31588
0.197634
0.267063
1.30126
0.133028
0.291762
1.24405
0.203661
0.180075
0.401559
0.971834
0.56076
0.172504
0.937197
0.156734
0.343068
0.0928353
0.310918
1.32533
1.6037
0.247926
1.29916
0.271383
0.52382
0.258713
0.343257
0.565941
1.33341
0.948262
1.3994
0.283281
0.188512
0.413004
0.20312
0.999234
0.207498
0.304163
0.276623
0.141649
0.651203
0.316073
0.286752
0.233998
1.25967
0.272994
0.407583
0.986418
0.271238
0.603707
0.17336
0.136136
0.173892
0.883764
0.301779
0.576912
0.189672
0.219093
0.357525
0.212336
1.49132
0.141409
0.567366
0.403161
1.01115
1.13434
0.405765
0.170107
0.342719
0.364116
0.9689
0.173294
0.35303
0.495437
0.208652
0.212424
0.326797
0.213798
1.47011
0.409065
0.187328
0.294449
0.747873
1.00449
0.111108
0.406061
0.165764
1.19314
0.130329
1.12025
0.111606
0.171945
0.141797
1.50229
0.303573
0.167736
0.170483
0.171988
0.162656
0.154759
0.259033
0.134944
0.247202
1.25415
0.290583
0.317308
0.100365
0.24443
1.44689
0.146076
0.254424
0.0749649
1.3845
0.118161
0.139519
0.185478
0.273099
0.234779
0.161841
0.497032
0.196045
0.158347
0.169402
0.155208
0.138327
0.220021
0.0888859
0.18891
0.202045
0.209428
0.164298
0.092505
0.156434
0.186641
0.11364
0.200909
0.206715
0.216739
0.201415
0.126532
0.233323
0.0817439
0.105577
0.0892806
0.299557
0.22955
0.214003
0.292194
0.218014
