0.323179
0.171133
0.238678
1.10834
0.329989
0.323678
0.149245
1.18475
0.281219
0.248279
0.336992
0.172507
0.280327
0.404108
0.211375
0.164086
0.282187
0.97049
1.05124
0.193734
0.21076
0.194466
0.263663
0.248885
1.09538
0.229249
0.258185
0.104837
1.14687
1.06144
0.40137
1.04973
0.694539
0.196467
0.017129
0.128641
0.30877
0.168069
0.205481
1.18634
1.16177
0.621482
1.11584
0.0587017
0.393137
1.11389
0.220167
0.575864
0.814594
0.2493
0.0983099
0.388632
0.247685
0.354852
1.24881
1.12706
0.763122
0.165382
0.233639
0.260285
0.18797
1.10394
0.518331
0.970203
0.26692
0.151352
0.482834
1.01825
0.167944
0.321181
0.217366
0.819394
0.938121
0.291675
0.38433
0.328892
0.852484
0.598697
1.23326
1.02474
0.965524
0.0973247
0.206056
0.198127
0.424611
0.587473
0.929485
0.94363
0.934249
0.36571
0.167452
0.199325
0.644444
1.1843
0.483919
0.361494
0.23062
1.07322
0.215946
1.16863
1.05109
0.0305751
0.139313
0.407196
0.912577
0.296622
0.232901
0.15746
0.400562
0.918282
0.220218
0.990595
0.239041
0.211095
0.935493
0.195534
