0.10897
0.209155
0.11983
0.0568074
0.151879
0.180002
0.112608
0.215237
0.210264
0.0842684
0.0921214
0.166171
0.165611
0.0203301
0.0453252
0.321027
0.285192
0.0452231
0.14816
0.224399
0.150475
0.238132
0.163674
0.161256
0.130591
0.118128
0.343849
1.06166
0.884196
0.0849068
0.108636
0.118579
0.176445
0.166668
0.173922
0.0785732
0.252415
0.322286
0.113126
0.223004
0.946558
0.0479181
1.05745
0.154577
0.924607
0.184863
0.282081
0.903246
0.185461
0.121964
0.144915
1.15599
0.901319
0.342903
0.720809
0.206875
0.104543
0.191787
0.0731972
0.316425
0.142897
1.14496
0.156047
0.359793
0.360133
0.0659939
0.323212
0.0407922
1.02592
0.945427
0.318614
0.722544
0.123578
0.662935
0.245588
0.175845
0.170787
1.21332
0.151185
0.162991
0.35238
0.311913
0.0364926
0.978193
1.0788
0.442774
0.0768621
0.137398
0.130927
1.00022
0.873836
1.08121
0.133039
0.231867
0.155123
0.253183
0.168489
0.199676
0.292192
0.181228
0.325841
1.03832
0.79492
0.702366
1.16969
0.131242
1.17811
0.995039
0.297612
1.12257
0.221111
0.192518
0.319648
0.726192
0.233506
0.130944
0.275419
0.242436
0.548765
1.43422
1.24537
0.511067
0.854314
0.286217
0.0376296
0.214172
0.196997
0.218948
0.151111
0.991528
0.262388
0.358302
0.138933
0.835401
0.97861
0.488448
0.097046
0.214337
0.497058
0.121366
0.149109
1.27213
0.277365
1.15187
0.928026
0.196953
0.188407
0.152826
0.0726416
0.187065
1.15875
0.175852
0.174603
1.05927
0.312341
0.171322
0.123856
0.127639
0.0570303
0.157555
0.116849
0.170268
0.275757
1.11521
1.20633
0.102291
0.215286
0.159498
0.175477
0.194022
0.109306
1.0514
0.0917905
0.161383
0.208846
0.186334
0.123839
0.196077
0.212884
0.193549
0.0545396
0.155654
0.100696
0.206144
0.0725993
0.107125
0.134336
0.190861
0.165419
0.243139
0.134387
0.0708193
0.188968
0.177927
0.0721953
0.174521
0.153673
0.1785
0.129867
