0.284719
0.391688
0.310544
0.363065
0.181519
0.23984
0.193478
0.150201
0.283494
0.233796
0.247318
1.04644
0.140419
0.195302
0.178508
0.15378
1.09772
0.267472
0.158098
0.225865
1.10324
0.250033
0.0527391
0.21116
1.23211
0.184328
0.904054
0.224309
0.2486
1.14133
0.208289
0.984614
0.2607
0.223478
0.387971
0.0526235
0.247193
0.154867
0.16296
0.622282
0.192173
0.21498
1.1234
0.794141
0.216698
0.2015
1.14781
1.07904
1.04045
0.332601
0.189936
0.256118
0.502841
0.79075
1.09728
0.344166
0.223842
0.253409
0.371126
0.0865033
0.137253
0.178311
0.297236
0.30563
1.12007
0.40982
0.172822
0.205253
1.05414
0.896224
0.321538
0.174875
0.931077
1.29152
0.660701
0.279583
0.254258
0.394457
0.289655
0.907873
1.386
0.43147
0.866268
0.800269
0.176996
0.262079
0.110752
0.169429
0.112617
0.272461
1.31892
0.238834
0.390997
0.612328
0.477268
0.192759
0.103574
1.02771
0.289685
0.0777681
1.05426
0.400397
0.340324
0.24087
1.13192
0.480189
0.8084
1.01075
0.20175
0.282147
1.1799
0.36611
0.310367
1.19651
0.1464
0.304782
1.36533
1.19504
0.239912
0.166981
0.28867
0.189553
0.202902
0.0950972
0.156201
0.131839
0.140337
0.222151
0.174943
1.14728
1.1133
0.201734
0.299572
0.138584
0.13504
0.221467
0.15184
0.148435
0.245727
0.183152
0.0841784
0.131862
