0.131026
0.135293
0.0602183
0.0851648
0.0284175
0.23906
0.0984947
0.25882
0.186895
1.24364
0.209749
0.230983
0.16487
0.221621
0.165719
0.180741
0.22672
0.072705
0.161356
0.169277
0.305609
0.157435
0.103682
0.15011
0.185044
0.169569
0.262804
1.19409
0.111293
0.207914
0.424611
0.0895717
0.177267
0.223579
0.293994
0.263226
0.230958
0.286797
0.360791
0.197842
0.249294
0.161412
0.349712
0.157405
0.213011
1.14465
0.112696
0.112319
1.12415
0.228723
0.201218
0.2095
0.322934
0.321692
0.217273
0.3
0.183298
0.278297
1.27243
0.198127
0.351169
0.260828
1.23123
0.296555
0.273467
1.20833
0.251888
0.188693
0.273303
0.447512
0.366139
1.19131
0.335663
0.226852
1.39701
1.25866
0.0563239
0.114213
0.459669
0.317232
1.25467
0.345318
0.123727
1.43974
0.351754
1.19522
0.316009
0.182092
0.303175
0.577575
0.276762
0.343505
0.156152
0.213764
1.07735
0.820313
0.317545
0.31554
1.19897
0.29911
0.163993
0.197114
0.333827
0.383818
1.57336
1.34527
0.231177
0.348235
0.260718
0.749665
0.221615
0.150739
0.167187
0.24751
1.18312
0.160482
0.304689
0.61762
0.120383
0.143219
0.97606
0.127173
0.24163
0.22809
1.09344
0.0473124
0.269185
1.1081
0.20276
0.245184
0.161948
0.159432
0.708687
0.753081
0.124977
0.295504
0.888274
0.612271
1.14586
0.246771
0.241995
0.777156
0.180343
0.247179
0.575089
1.25205
0.372047
0.115423
0.278749
1.22637
0.144368
0.866889
0.631385
0.189274
0.277088
0.315654
0.21843
0.226405
0.693381
0.0544106
0.299366
0.420982
0.149287
0.543934
0.161159
1.08694
0.19141
0.290737
1.40372
0.1407
0.112491
0.15845
0.394896
0.195895
0.179238
1.15781
0.321997
0.198562
0.0961559
0.0523012
1.33172
0.155499
0.215331
0.23435
0.163612
0.315939
1.44524
0.231944
0.122056
0.237491
0.19562
0.166554
0.207688
0.148965
1.58433
0.112637
0.291491
0.245582
0.279882
0.127463
0.106648
0.140887
0.0806432
0.193884
0.116646
0.149645
0.0665662
0.136285
0.285878
0.258462
0.135372
0.181164
0.0982697
0.120008
0.200167
0.201814
0.130137
0.135652
0.228479
0.126164
0.256803
