0.153131
0.224979
0.0984001
0.242307
0.14569
0.275147
1.22634
0.0674451
0.146015
0.0560203
0.17671
0.14464
0.100482
0.126138
0.17761
0.167495
0.242533
0.196214
0.0927124
0.239173
0.235616
0.0713209
0.149941
0.220546
0.0881397
0.115892
0.13786
0.108773
0.0512632
0.0776798
0.23412
0.100427
0.135033
0.313937
0.00178885
0.123058
1.1364
0.13277
0.0867231
0.156833
0.173416
0.218633
0.121423
0.155371
0.17729
0.27108
0.132959
0.200617
0.956401
0.302271
0.23668
0.15029
0.212752
0.287762
0.157357
0.234717
0.255159
0.181233
0.167891
0.948203
0.105019
0.147654
1.12989
0.43845
0.16557
0.241835
1.1606
0.182236
0.211828
0.340274
1.16536
0.235271
0.314647
1.42291
0.756146
0.41448
0.463714
0.210841
1.11652
0.255884
0.110031
0.230507
0.153963
0.202274
0.370906
0.189227
0.193528
0.224842
0.209551
0.387778
0.230733
0.345674
0.51235
0.116911
1.14007
0.419916
0.290158
0.207212
0.934853
0.327373
1.11044
0.130281
0.38738
1.17584
0.560683
0.434904
0.229157
0.299177
0.430966
0.33994
0.34891
1.08143
0.378968
0.78154
0.306122
0.424119
0.237173
1.11948
0.815612
0.564972
1.23952
0.223524
1.22645
0.123793
0.270983
0.244067
0.607483
0.293762
0.264144
0.182253
0.202231
0.243458
0.0756827
0.164831
1.17424
0.0422509
0.871354
0.623374
0.394018
1.27508
0.189796
0.258743
0.152511
0.0778043
1.03305
0.83719
0.195535
0.247476
0.240473
0.205754
0.194232
1.14083
0.185261
0.504343
0.476173
0.212694
0.318413
0.204608
0.814248
0.323547
0.910844
1.25271
0.187341
0.135815
0.295367
1.25909
0.980848
0.142448
0.135196
0.0830028
0.34868
1.51366
1.44966
0.163723
0.160428
0.19403
0.194983
0.176524
0.190019
0.167964
0.100556
0.247914
0.242633
0.125378
0.134618
0.0685308
0.124786
0.0723152
0.110426
0.080831
0.293031
0.223114
1.48299
0.157792
0.247543
0.13543
0.229845
0.191693
0.1313
0.151642
0.0925731
0.176762
0.203351
0.0744786
0.176263
0.197699
0.180972
0.125944
0.131325
0.123666
0.146257
0.252691
0.165927
0.193933
0.207531
0.0448697
0.216063
