0.110258
0.187584
0.193408
0.267599
0.230561
0.253755
0.234247
0.213244
0.0750852
0.096243
0.0372814
0.317606
0.275492
0.189675
0.137098
0.311425
0.191312
0.199591
0.241775
0.149213
0.122942
0.191588
0.234862
1.01862
0.144364
0.150223
0.086076
0.26396
0.963212
0.263367
0.108478
0.236963
0.189466
0.228178
0.195486
0.0365669
0.204558
0.594018
0.770843
0.909614
0.190716
0.123083
0.235106
0.155509
0.301577
0.195271
0.147929
0.970533
1.0143
0.193469
0.980354
0.252778
0.647192
1.17359
0.151015
0.359263
0.193058
0.193431
0.182127
0.0661915
0.761181
0.179963
0.932877
0.934646
0.0778373
0.173143
1.14006
0.166951
0.348977
0.219118
0.282188
0.109409
0.0358036
1.04014
0.139305
0.240203
0.0969147
0.748843
0.242917
0.423924
0.174118
1.22763
0.206242
0.191923
0.816344
0.135274
0.653056
0.179257
0.125869
0.980372
0.237707
1.43285
0.291003
0.221319
0.527938
1.02184
0.202396
0.619081
0.20322
0.265982
0.193844
0.935764
0.193808
1.14891
0.616814
1.10913
0.21005
0.53256
0.343966
0.408455
0.236495
0.174192
0.859214
0.201162
0.331944
0.17659
0.796517
0.59058
0.256742
0.23754
0.213817
0.452703
1.14865
0.196939
0.254473
0.694783
0.055276
1.03876
0.156814
1.29774
0.473611
0.167203
0.31588
0.214291
0.288046
0.700173
0.204677
1.20392
0.844801
0.196733
0.238107
0.237019
0.159363
0.235607
0.51999
0.312696
1.02433
0.219532
1.13889
0.158547
0.138901
0.167529
0.138042
0.225977
0.156321
1.27738
0.262979
0.359593
0.203602
0.123041
0.0656041
1.12237
0.191142
0.26551
0.138157
0.190294
0.144846
1.22069
0.20612
0.775036
0.0919759
0.104506
0.295661
0.182215
0.110657
0.156483
0.248483
0.118821
0.243744
0.175347
0.136138
0.297793
0.177256
0.094343
0.231546
0.119307
0.216917
0.252564
0.111163
0.138876
0.0690073
0.131755
0.0561315
