0.408148
0.42515
0.390094
0.289948
0.27067
0.246184
0.103366
0.265711
1.13962
0.460031
1.12584
0.322149
0.179634
0.312872
0.30214
0.214871
1.23054
0.191669
0.314227
0.171501
0.913033
0.15088
0.168422
0.220733
0.29082
0.117819
0.160427
1.09698
0.568373
0.322119
1.0682
0.355643
1.1138
0.717044
0.373593
1.06579
0.257293
0.913879
0.295708
0.0872968
0.198867
1.13961
0.800968
0.299572
0.240781
1.08378
0.468399
1.01051
1.01347
0.306606
0.261688
0.210886
0.227461
0.210824
0.436048
0.221292
0.214197
1.14261
1.19237
0.163606
0.142033
0.195496
0.296431
0.245698
0.469535
0.88662
0.79031
0.266445
0.721381
0.914803
0.93329
0.267605
0.241702
0.301468
1.05629
0.585893
0.70241
0.19678
0.344315
1.01545
0.304439
0.45872
0.645478
0.358093
1.08163
1.06059
0.218385
0.254995
0.564804
0.197879
0.981903
1.04607
0.142897
0.379643
0.266224
0.886696
0.146637
1.17065
0.263644
0.282283
0.896288
0.197686
1.01866
0.13238
0.104713
0.260572
1.0473
0.241053
0.0600759
0.197825
0.204453
0.611848
0.160113
0.287723
1.05779
0.22275
0.0783041
0.0545121
