1.4512
0.180234
1.59108
0.0288378
0.151486
0.321509
0.259355
1.41298
0.227492
1.17451
0.158898
0.244708
0.903368
0.246164
0.304404
0.783919
0.785611
0.345697
0.297248
0.865514
1.2232
0.488687
0.393337
0.264652
0.986029
1.02213
0.89052
0.184346
0.450305
1.03297
0.983217
0.883432
0.515841
0.322592
0.612578
1.087
0.880707
0.956187
0.321389
1.06087
1.08934
0.504376
0.533753
1.22956
1.12135
0.281803
0.458411
1.11662
0.481309
0.979962
0.991386
0.329482
0.41831
0.662193
0.990838
0.760354
0.349318
1.05324
1.03116
1.26748
0.29504
1.21239
1.08843
0.191122
0.336745
1.24735
