0.169802
0.226112
0.181766
0.170642
0.190101
0.076815
0.211849
0.27402
0.185221
0.251067
0.178411
0.04368
0.25344
0.115037
0.111424
0.118592
0.11099
0.191031
0.220973
0.186699
1.23658
0.14048
0.256791
0.152885
0.129434
0.324157
0.200739
0.288942
0.0879226
0.179754
0.199283
0.344742
0.177269
0.369923
0.0604853
0.175132
0.388306
0.180846
0.264917
1.12434
0.26065
0.207017
0.220832
0.237038
0.24827
0.251875
0.178243
0.990388
0.240231
0.383286
0.211664
0.201956
0.221989
0.381055
0.399455
0.0935398
1.16057
0.249903
0.218406
1.41437
0.296181
0.416457
0.192595
0.300164
0.221476
0.261012
0.395913
0.141873
1.08948
0.368358
1.27222
0.115461
0.2998
1.17419
0.419856
0.340163
0.246371
0.669882
0.284847
0.314585
0.123332
0.205072
1.13831
0.339737
0.185692
0.296947
1.07331
0.269857
1.25897
0.195857
0.477633
0.709395
1.29602
1.34583
0.233256
0.309701
0.208336
0.9989
0.141526
0.296362
0.378622
0.218399
0.358884
1.20529
0.428308
0.31041
0.200849
0.507247
0.271834
0.134035
0.232496
1.36065
1.73962
1.36947
0.27789
0.420572
0.421072
0.86016
0.956952
0.179547
0.3314
0.201633
0.296661
0.976131
0.157551
0.214859
0.168466
1.07719
0.255551
0.275479
0.202499
0.19634
0.121823
0.63883
0.758267
0.197926
1.60385
1.05344
0.280242
0.325747
0.258497
0.854666
0.693224
0.145082
0.42971
0.130838
1.159
1.14293
0.522003
0.201018
0.140805
0.68076
0.204858
0.225678
1.21931
0.181492
0.213548
0.186452
0.303843
0.121065
0.996234
0.208438
0.465532
0.268588
0.0956748
0.31014
0.0958775
0.232975
0.132871
0.289534
0.188522
0.169372
1.57249
0.53718
0.243312
1.07843
1.15729
0.245111
0.111134
0.213989
0.151409
0.196629
0.140533
0.16983
0.284989
0.201951
0.108026
0.255962
0.178029
0.20341
0.259776
1.38564
0.229906
1.53066
0.167209
0.116201
0.1158
0.143021
0.180185
0.190676
0.126327
0.166419
0.161611
0.135073
0.22318
0.168976
0.137017
0.11395
0.112589
0.217625
0.207166
0.195997
0.212042
0.128067
0.217772
0.2888
0.18282
0.135493
0.138988
0.129216
0.1223
0.0953686
