0.243992
0.15031
1.26834
0.213958
0.235593
0.25956
0.132519
0.259046
0.0582657
0.169572
0.11495
0.144624
0.245242
0.0963686
0.244259
0.085155
0.119333
0.0827721
0.10867
0.184933
0.155849
0.182291
1.11248
0.0841414
0.132883
0.137344
0.0964905
0.057495
0.135699
0.319978
1.19324
0.116487
0.204411
0.138134
0.260103
0.309954
0.213023
0.139694
0.294257
0.0927189
0.123689
0.120445
0.145508
0.153963
1.08128
0.700032
0.228725
1.01401
1.13862
0.130388
0.191382
0.230436
0.206898
0.985691
0.0101761
0.171735
0.105164
0.0667911
0.177571
0.285758
0.0834903
0.351502
0.905072
0.213707
0.186798
0.797715
0.526481
0.0757368
1.18866
0.269222
0.249036
0.0580333
1.13365
1.00458
0.326679
0.106277
0.0934149
0.928538
0.192149
0.290754
0.305259
0.153341
0.279407
0.515893
0.242841
0.0424009
1.20253
0.270174
1.07258
0.391412
0.624909
0.290663
0.288304
0.743392
0.218628
0.1129
0.220315
1.23971
0.300304
0.519995
1.1085
1.10482
0.367885
0.119417
0.900436
0.289712
1.06127
0.250909
0.408972
0.582869
0.56505
1.20725
0.00777607
0.163643
0.311435
0.196009
1.33499
0.871328
0.224238
0.413861
0.241339
0.230337
0.329709
0.53554
0.187041
0.445737
1.2782
0.250486
1.09602
0.246427
0.363536
0.10705
0.170005
0.185665
0.911269
0.254769
0.471949
0.203888
0.561777
0.313858
0.815633
1.16131
0.318142
0.214206
0.093414
0.272341
0.216868
0.137881
0.141416
1.23183
0.301951
0.53763
0.884373
0.257513
0.353181
0.169382
0.268366
0.157762
0.124318
0.163858
0.20485
1.09897
0.132962
0.11197
0.0984707
0.273076
0.201949
0.149836
1.23896
0.157847
0.0622891
0.144472
0.308937
0.21444
0.885624
0.233402
0.101288
0.159741
0.0572507
0.185826
0.0942867
1.26253
0.16804
0.284882
0.16811
0.0980273
0.142436
0.141016
0.264097
0.108508
0.15168
0.0959607
0.103791
0.0972768
1.33953
0.224821
0.17749
0.164835
0.202098
0.178046
0.116534
0.103548
0.168173
0.216897
