0.146136
0.256211
0.183815
1.30803
0.429657
0.296928
0.287535
0.195181
0.267826
0.217417
1.08127
0.219176
0.367026
1.11919
0.094176
0.304384
0.214676
0.35909
0.286049
0.19978
0.218744
1.26286
1.20528
1.13604
0.21552
0.307272
0.40285
1.12386
0.224716
0.685569
0.954041
0.290641
1.21852
0.105604
0.220474
0.167394
0.23254
1.23528
0.258564
0.295536
1.13995
1.16796
0.160412
0.319055
0.584885
0.963041
0.697928
0.329066
0.210337
0.1154
0.255928
0.179747
1.07371
0.322845
0.99048
0.131984
0.31694
0.210337
0.230429
1.14902
0.597286
0.373746
1.0857
0.253244
0.968477
0.497027
0.987078
0.603871
0.269484
0.257996
0.242066
1.02688
0.660136
0.512534
0.963222
0.535988
0.998055
0.324754
0.831511
0.969061
1.25395
0.466304
0.317255
0.279944
0.384101
0.926357
0.188847
0.870007
0.633896
0.566901
0.209682
0.406849
0.285726
1.16598
0.14226
1.0031
1.00971
0.306396
1.05544
0.245302
0.185485
1.03318
0.0934356
0.237589
0.155981
0.217413
0.229204
0.993088
0.145835
0.123606
1.01386
0.372345
0.768401
