0.532315
0.291896
1.26802
0.183027
0.138246
0.368158
1.28357
0.166473
0.251132
0.200677
0.215545
0.236192
0.103402
1.18492
0.304077
1.1753
0.306288
0.384425
1.30593
0.190684
0.223096
1.28828
0.157563
1.08602
0.317697
0.552
0.875765
0.198595
0.366864
1.09249
0.596997
0.263672
0.232635
0.541272
0.224513
1.22617
0.811559
0.23768
0.75844
1.2424
0.620326
1.1289
1.09499
0.272439
0.271672
0.378178
0.642682
0.266593
0.840205
0.280357
0.235866
0.996573
0.199256
0.64826
0.267095
0.882742
0.993118
0.62722
0.252016
1.07892
0.0593065
1.32516
1.12711
0.503773
0.232794
0.340538
1.15467
0.14813
0.373783
0.579704
0.456985
1.10472
0.431771
0.232776
1.16734
0.239634
0.71668
1.23928
0.22537
0.941944
0.923674
1.09987
0.32439
0.312726
0.329407
0.227948
0.943272
1.23396
0.164899
0.220274
1.00125
0.27265
