0.397039
1.07971
0.145496
0.0765115
0.207033
0.184954
0.21037
0.222321
0.112935
0.144813
0.209932
0.140719
0.223802
0.357897
0.122971
0.133104
0.242982
0.14489
0.157236
1.17342
0.241984
0.0692689
0.106775
0.206042
0.165248
0.152214
1.0411
0.147182
0.193247
0.0852103
1.0528
0.358723
0.160157
0.110087
0.286851
0.425607
0.537426
1.04727
0.165958
0.0604709
0.223367
0.0887919
0.0806675
0.292832
0.647129
1.20889
1.31768
0.162545
0.732959
1.13324
0.129312
0.78352
0.164278
0.251244
0.210447
0.487988
0.498478
0.167126
0.197148
0.112094
0.201671
0.224858
0.251262
0.957216
0.480221
0.0856664
0.11552
0.344452
0.206916
0.497232
1.05514
0.22364
0.630113
0.714605
0.278526
1.21843
0.27728
0.152996
0.0962084
0.404352
1.22893
0.303816
1.08355
0.931429
0.210902
0.128569
1.30694
0.233356
0.36512
0.22335
0.659835
0.415089
1.04205
0.539797
0.536996
0.248831
0.332721
0.221272
0.0985613
1.26195
0.207683
1.0093
0.579877
1.21768
0.134565
0.137271
0.84003
1.1733
0.59273
0.169492
1.28468
0.775681
0.437183
0.254442
0.530459
0.183328
0.304202
0.227146
1.2602
0.312445
0.293738
0.945226
0.43649
0.195888
0.282799
0.206184
0.197082
1.09647
0.133352
0.160543
0.0456651
1.41253
0.205519
1.4051
1.31251
0.192158
0.199468
0.207
0.0990462
0.208392
1.26896
0.217452
0.271022
0.166991
0.188977
0.163084
0.97993
1.34684
0.257448
0.150018
0.323428
0.226128
0.105738
0.190756
0.12839
0.10219
0.146778
0.235824
0.253935
0.25952
0.262991
1.13812
0.118002
0.188379
0.172498
0.228809
