0.196551
0.331224
0.186588
0.176
0.236576
0.185532
0.0822101
0.123255
1.1667
0.0126915
0.21976
0.390566
0.22524
0.184454
0.366118
0.0929528
0.113272
0.236901
0.168055
0.229434
0.185408
0.239718
0.212034
1.06506
0.165754
0.194502
0.112728
0.386025
0.259005
0.259595
0.0277534
0.906794
0.145522
1.31391
0.278015
0.0438041
0.256957
0.266883
0.999486
0.405467
1.19848
0.346906
1.03652
0.899097
0.170137
0.252528
0.226929
1.01417
0.157421
0.735042
0.376643
0.0422548
1.17867
0.152357
0.317578
0.631147
0.307591
0.133897
0.188178
1.00829
0.279935
0.150325
0.905689
0.232905
0.548196
0.691709
0.158178
0.241879
0.483302
1.09087
0.125568
0.188662
0.867618
0.400608
0.53821
0.220049
0.11737
0.781507
1.06255
0.218084
0.56541
0.884714
0.184354
0.119734
0.620173
0.32209
0.56918
0.0896133
0.939851
0.347972
0.296506
1.19744
1.55
0.106882
0.191783
0.23581
0.244042
1.36154
0.784652
0.611227
0.406291
1.2286
0.292968
1.31588
0.171486
0.181144
0.875333
0.945782
0.437335
0.0963196
0.141761
0.526574
0.502844
0.770911
0.34855
1.38603
0.371676
0.227832
0.288481
0.258212
1.24833
0.131832
0.222461
1.45913
0.29435
0.922842
0.136631
0.27551
0.162628
0.142381
0.277427
0.154675
0.115683
0.328161
0.339974
1.29353
0.0883236
1.33501
0.184915
0.157711
1.35318
0.154249
0.169805
0.14952
0.264175
0.208111
0.224281
0.226277
0.178975
0.235964
0.981138
0.324121
0.158594
