0.0332296
0.187778
0.0642509
0.00637595
0.0259205
0.0182203
0.0188969
0.0201606
0.0456123
0.0524793
0.0188807
0.0122115
0.135932
0.0191426
0.0880833
0.0363186
0.0134752
0.00964788
0.0412989
0.00452831
0.0102525
0.0470729
0.014176
0.00976524
0.00520922
0.0101609
0.205783
0.0831424
0.0583989
0.14759
0.11727
0.0535283
0.0489825
0.120599
0.0415474
0.107534
0.0165552
0.0121642
0.0438496
0.0245823
0.0345633
0.0291222
0.014582
0.0523239
0.167846
0.0217694
0.114138
0.0435952
0.0542551
0.0329355
0.0127539
0.0284643
0.0202651
0.0563863
0.0704765
0.0690507
0.225761
0.024492
0.0330616
0.0173547
0.0241282
0.0403251
0.0404028
0.0291613
0.00986955
0.00450564
0.00874016
0.00949813
0.0485056
0.168821
0.0255645
0.0270911
0.0585856
0.0248989
0.0854204
0.0552936
0.213033
0.0400847
0.124622
0.258845
0.00964921
0.111486
0.216456
0.199976
0.0666217
0.0885568
0.0127046
0.10536
0.0128579
0.067816
0.0635025
0.0492023
0.0979044
0.0215573
0.0738231
0.0218358
0.0144222
0.0329476
0.127836
0.110849
0.127093
0.0155595
0.0452981
0.0194924
0.0478774
0.021295
0.307218
0.0851471
0.069533
0.296663
0.172935
0.195977
0.0310004
0.0395728
0.0789896
0.0444215
0.172409
0.148141
0.014408
0.124929
0.0156391
0.0816502
0.0636898
0.202273
0.0608379
0.00957062
0.0663458
0.0249035
0.0106961
0.00352363
0.0554314
0.00624
0.0168495
0.387203
0.0408078
0.00544
0.0110412
0.0147339
0.115009
0.012834
0.00637595
0.0264775
0.0117194
0.00987474
0.0112831
0.0256524
0.107319
