1.21307
0.178281
0.186074
0.479014
0.303617
0.227454
1.18305
0.103734
0.17492
0.290155
0.112042
0.203961
1.24768
0.315505
0.211708
1.11405
0.438676
0.22718
1.11405
0.356342
0.259384
0.189338
1.30019
0.356463
0.298977
1.07315
1.29056
0.54427
0.465143
0.19596
0.344623
0.629723
0.277262
0.973847
0.294886
0.663563
0.298976
0.176856
1.1926
0.247496
0.68396
0.818196
1.26021
0.126294
0.225559
1.06583
0.626056
1.08917
0.340121
0.525472
0.156344
0.263784
0.324206
0.989485
0.651921
0.954147
0.239873
0.512743
0.550257
0.936262
0.160511
0.452147
0.210951
1.20848
0.305445
1.01589
0.326442
1.07291
1.02105
0.372223
0.133391
0.445806
0.25513
1.2535
1.10973
0.571414
0.367421
0.183369
1.12623
0.515158
1.04621
0.146397
0.885962
0.314794
0.30749
0.16766
1.02061
1.23362
0.276909
0.0973794
0.186088
1.07622
0.203395
