1.15652
0.233583
0.292534
0.414944
0.287582
0.062087
0.260826
1.1578
0.172286
0.280525
1.16826
0.285578
0.160637
0.207608
0.224264
1.04994
0.189122
0.28782
0.262087
1.21385
0.227206
1.29564
1.26573
0.352145
0.215417
0.346142
0.500349
1.08815
1.10435
0.220675
0.36914
0.672433
0.329907
1.19526
0.281904
0.416144
0.254194
0.573103
0.25636
0.204822
1.358
0.860519
0.39019
0.586653
1.16606
0.218194
0.572044
0.348467
0.261967
0.299185
0.996491
0.544157
0.205754
0.942504
0.137156
1.16003
0.387291
0.744481
1.01622
0.491238
0.300861
0.692998
0.224985
1.13074
0.440207
0.370903
0.981145
0.939463
0.7397
0.15713
0.191154
0.502952
0.703296
1.17375
1.05264
0.263259
0.237057
1.21278
0.128845
0.880845
0.830269
0.219381
0.31063
0.391993
1.06001
0.152316
0.302251
0.818499
0.935809
0.240424
0.308105
0.236496
0.236195
0.092825
1.13104
1.04832
0.103663
0.162212
1.02947
0.0674329
0.957211
0.233557
