1.19116
0.239273
0.139449
0.195891
0.194107
0.249409
0.108897
0.218615
0.112581
0.134941
0.267253
0.0855605
0.127165
0.218355
0.222869
0.0752436
0.116934
0.0862772
0.0875994
0.129341
1.12725
0.170745
0.199034
0.0801471
0.0887228
0.0935891
0.116737
1.18083
0.0481688
0.199159
0.0797901
0.275032
0.233561
0.155576
0.284289
0.160878
0.10441
0.31928
0.156087
0.144054
0.122676
0.332656
1.08164
0.0244716
0.74945
0.198004
1.10983
1.03471
0.0980173
0.951511
0.309477
0.226167
0.19038
0.208098
0.105848
0.139627
0.0358532
0.0847838
0.267855
0.06777
0.972869
0.188709
0.286001
0.216049
0.829529
0.377503
1.2044
0.578222
0.0662593
1.14925
0.279199
0.0543776
0.221045
0.994165
0.270329
0.107718
0.932747
0.105897
0.154693
0.320346
0.314815
0.205175
0.261099
0.555223
1.22082
0.0625829
0.124732
0.301578
1.07061
0.23871
0.612691
0.348787
0.790091
0.187844
0.184124
1.13773
1.25042
0.216475
0.396949
0.126371
0.173749
1.12222
0.270777
0.0888029
0.460514
1.10361
1.01082
0.247751
0.627053
0.538353
0.297002
1.21618
0.0230294
0.240522
0.206727
0.321374
1.35304
0.229407
0.914686
0.228717
0.370915
0.399277
0.46006
0.165537
0.543241
1.31799
0.216254
0.222114
0.294034
1.12973
0.147063
0.192493
0.172088
0.155406
0.148214
0.462952
0.849296
0.139543
0.570642
0.280196
1.17101
0.304466
0.80829
0.196574
0.278346
0.0947754
0.227349
0.119529
0.152011
1.24728
0.527969
0.286428
0.939363
0.363846
0.2523
0.178853
0.186183
0.219358
0.129838
0.207853
0.142734
1.11722
0.133449
0.115559
0.103363
0.161477
0.179146
0.170373
1.24981
0.182554
0.0838455
0.146429
0.349149
0.227013
0.924502
0.0883375
0.270024
0.170465
0.0774739
0.261926
0.114565
0.163198
0.166894
0.145268
1.28302
0.0912355
0.141728
0.265197
0.0874392
0.18649
0.15824
0.117131
0.137274
0.138448
0.196078
1.23779
0.147232
0.154906
0.159939
0.0857842
0.101102
0.0795252
0.204629
0.215021
0.319725
