0.415673
0.159299
1.09789
0.106751
0.197093
0.210014
0.21678
0.197919
0.109832
0.12561
0.230478
0.156427
0.215253
0.126037
0.0940595
0.370692
0.114882
0.239828
0.14162
0.210449
1.19175
0.0858188
0.109903
0.196047
0.1353
0.175552
0.138695
1.03079
0.174355
0.0755127
1.05987
0.333772
0.190562
0.103763
0.250338
0.536446
0.394775
0.144373
0.0690147
0.104557
0.202768
1.02459
0.0603113
0.265556
0.645647
1.20131
0.17052
1.29277
0.740608
0.138881
0.764172
1.12877
0.147663
0.222205
0.254033
0.49532
0.460658
0.160475
0.251452
0.115875
0.223244
0.248383
0.23083
0.458679
1.00964
0.106778
0.0991423
0.190954
0.357509
0.491909
1.04997
0.27145
0.612661
0.685606
0.240432
0.288342
0.14942
1.21004
0.08207
0.364403
0.319635
1.22488
0.209969
1.09313
0.917432
0.107975
0.243396
1.3057
0.317195
0.233985
0.653742
0.420248
1.01053
0.538003
0.513714
0.233252
0.34644
0.203052
1.24985
0.0876181
0.187218
1.00049
0.138987
0.55751
0.822135
0.158184
1.21809
1.17473
0.159962
0.634113
0.736221
1.26656
0.40489
0.253894
0.192107
0.320113
0.51496
0.230673
1.24544
0.291483
0.296379
0.911219
0.501721
0.150369
0.266704
0.188199
1.07639
0.217977
0.166967
1.3992
0.147848
0.0335504
0.210295
1.40675
0.184457
1.30116
0.220277
0.194441
1.24734
0.0909106
0.21271
0.22992
0.266705
0.164187
0.145795
0.148585
0.977019
1.34657
0.142566
0.24165
0.295075
0.232114
0.0939511
0.156915
0.114253
0.0927422
0.133879
0.242752
0.244204
0.245479
0.253934
1.11689
0.116158
0.206662
0.287366
0.214266
