0.0972564
0.226753
0.114979
0.287509
0.0844848
0.141528
0.173763
0.318204
0.13459
0.186511
0.250056
0.310186
1.02827
0.0551629
0.0697222
0.332626
0.353727
0.349112
0.205103
0.245196
0.250863
1.06213
0.134676
0.155225
0.220179
0.302532
0.223471
0.190536
0.175657
0.210094
0.193686
0.18911
0.139599
0.138393
0.0586659
0.0751384
0.980571
0.104438
0.780289
0.25659
0.0637696
1.06111
0.261407
0.0971022
0.123619
0.245533
1.10577
0.31892
0.157888
0.181161
0.217491
1.00244
0.831364
0.234667
0.0542685
0.233896
0.960468
0.868029
0.161636
0.254223
0.026367
0.220706
1.0167
0.0901181
0.0894011
1.1287
0.154588
0.26614
0.453639
0.270707
1.15824
0.178657
0.108492
0.303395
0.180898
0.28212
0.718508
1.20046
0.0589048
0.246522
0.95142
0.2607
0.470143
1.18846
0.221247
0.213006
0.155775
0.318807
0.123761
0.145452
0.822502
0.0855382
0.693898
0.221346
0.21464
0.343248
0.926791
0.382123
0.262986
0.811192
1.06177
1.1323
0.553415
0.307708
0.613788
0.338531
1.07616
0.141292
0.160296
0.272033
0.179985
0.681805
0.297552
0.395931
0.238719
0.19505
0.635525
0.207117
0.249576
0.835565
0.895719
0.264888
1.22077
0.274397
0.0747844
0.175898
1.02323
0.73251
0.21216
0.405541
0.349162
0.208706
0.178738
0.703174
0.598269
0.256967
0.157124
0.198963
1.13089
0.669376
0.184826
0.137539
0.306456
1.11904
0.274276
1.08829
0.168737
0.195998
0.241682
0.130851
0.211721
0.163063
0.802793
0.282634
0.290166
0.152432
0.240186
0.191255
1.28364
0.214401
0.279652
0.137839
0.123436
0.157623
1.28711
0.16503
1.09762
0.327985
0.138471
0.205154
0.495515
0.160812
0.134022
0.130229
0.166594
0.169919
0.304256
0.144142
0.109713
0.167732
0.0654085
0.24159
0.167096
0.0473246
0.170016
0.15543
0.203371
0.140498
0.112922
0.0768735
0.114166
