0.287154
0.194767
0.244133
0.188675
0.183863
1.16193
0.234327
0.280084
1.04859
0.323011
0.304466
0.108153
0.113781
0.142741
0.198992
1.15872
0.263177
0.340066
0.314156
1.21115
1.10516
0.061736
0.118435
0.228438
0.262647
1.16462
1.0437
0.190361
0.285999
0.33466
0.675157
0.564868
1.17589
1.17806
0.520498
0.268471
1.09112
1.16344
0.374127
0.234139
0.251261
0.161981
1.04321
0.775114
0.292496
1.20021
0.268114
0.29744
0.264865
0.43219
0.1518
0.253222
1.05929
0.442821
0.274031
0.391089
0.347028
0.471871
0.858144
1.10182
0.484748
0.335072
1.19066
0.266332
0.965255
0.208327
0.44739
0.745508
0.129746
0.193154
0.268124
1.06835
1.0563
0.651563
0.266768
0.932963
0.912736
0.273174
0.182538
0.506984
0.994073
0.316731
1.23113
0.752987
0.119003
0.586837
1.11452
0.185227
0.847211
0.248987
0.0906997
1.02208
0.12314
1.03255
0.283194
0.330365
0.288761
0.255244
0.281715
1.09106
0.980034
0.302452
0.969163
0.152189
0.133391
0.314886
1.03557
0.800079
