0.051781
0.239818
0.490007
0.350612
0.153241
0.318431
0.19883
0.404423
0.27115
0.213147
0.25724
0.277458
0.454031
0.376846
0.270881
0.285749
0.21863
0.211957
0.330874
0.356966
0.53255
0.34988
0.208482
0.327393
0.349511
0.300582
0.324512
0.40621
0.418042
0.230645
0.297999
0.202666
0.406366
0.314311
0.455267
0.528468
0.259424
0.20399
0.342162
0.540334
0.369273
0.268888
0.316142
0.198275
0.337859
0.397307
0.375841
0.400555
0.135676
0.334613
0.352269
0.590263
0.499372
0.287308
0.489453
1.37125
0.418551
0.173696
1.64049
0.333641
0.251475
0.975049
0.417785
0.286431
0.450643
0.948298
0.224468
0.650536
1.8409
0.267201
0.332705
0.125645
0.212706
0.270255
0.351675
1.31576
0.21344
1.34179
0.389632
0.237328
0.486253
0.236815
0.740909
1.15682
0.266292
1.78849
0.350842
0.257914
0.355258
0.693772
1.31812
0.267702
0.00850412
0.277545
0.265743
0.230926
0.277755
0.283774
1.11813
1.88167
0.416093
0.291984
0.320436
0.111012
0.70791
0.163165
0.30136
0.70875
2.07608
0.284416
0.244758
0.274135
1.07924
0.503085
0.347042
0.278289
0.398859
0.563741
0.246351
0.778417
0.181316
0.364852
0.317984
0.333157
0.526123
0.381066
0.329545
0.0865436
0.335151
0.417044
0.463252
0.471984
0.215761
0.427058
0.431746
0.415467
0.240832
0.364261
0.343931
0.491318
0.416457
0.259893
0.228962
0.27045
0.515295
0.305026
0.210509
0.247819
0.376645
0.351249
0.379885
0.315337
0.245402
0.326711
0.410271
0.262477
0.307486
0.413291
0.45565
