0.0820856
0.137978
0.215562
0.237903
0.149191
0.117936
0.137289
0.0822521
0.18899
0.172404
0.374901
0.184787
0.0704654
0.117852
0.230323
0.105449
0.101262
0.17539
0.118554
0.165985
0.0713726
0.0883223
0.234581
0.165342
0.193876
1.2009
0.259157
0.213139
0.185715
0.152778
0.204733
0.157785
0.147376
0.0498936
0.0966532
0.1154
0.224138
0.151031
0.140473
0.208438
0.168069
0.949317
0.109683
0.3087
0.426648
0.254387
0.188484
0.246762
0.21884
0.253341
0.246898
0.125416
0.170428
0.215151
0.285576
0.277751
0.941943
1.1751
0.250353
0.129797
1.19305
0.0760342
1.22499
1.45413
0.111494
0.0961122
0.205223
0.239784
0.391263
0.288939
0.177284
0.32198
0.363242
0.338381
0.819164
1.13029
0.399554
0.593985
0.331085
0.172131
0.401695
0.3368
0.207689
0.139482
0.175245
0.487348
0.377945
0.31264
1.1439
0.184578
0.536426
0.201908
1.09905
0.477648
0.523209
1.19242
0.218437
0.175216
1.11555
0.0397474
0.184165
0.655391
0.346739
0.369291
0.449998
0.421818
0.300354
0.234008
1.32298
0.194473
0.186853
0.260578
1.19195
0.863896
0.6849
1.20544
0.531221
0.205148
0.287512
1.085
0.188952
0.693029
0.27083
0.118354
0.302449
0.131372
0.746215
0.214608
0.252296
0.0858902
0.0791411
0.345098
1.23009
0.195308
0.45133
0.159865
0.723243
0.838801
0.164947
0.268094
0.370179
0.149007
0.177514
1.31017
0.0699202
0.242496
0.234776
1.05676
1.03391
0.353182
1.23409
0.129417
0.202478
0.288216
0.474043
0.367981
0.761868
0.310442
0.524453
0.268828
1.19193
0.212049
0.103683
1.38273
0.25762
0.904882
0.227314
1.54493
0.177449
0.241216
1.06758
0.141721
0.132878
0.165072
0.154272
0.22881
0.187472
0.229455
0.176903
0.0628216
0.108059
0.119299
0.123008
0.140905
0.0915671
0.125189
0.115976
0.134088
0.101399
0.0719262
0.214828
0.146838
0.143682
0.121555
1.48329
0.208838
0.0395601
0.172382
0.202746
0.0993655
0.260596
0.0799888
0.181942
0.179745
0.139387
0.149279
0.121587
0.0906724
0.200576
0.262034
0.104168
0.238592
0.121197
0.15435
0.104163
0.213586
0.164139
