0.15471
0.121863
0.127797
1.28659
0.396094
0.0154704
0.0861062
0.202034
0.182508
0.178044
0.19775
0.0946277
0.074874
0.153453
0.155577
0.0834331
0.227619
0.144182
0.231067
0.0753683
0.260049
1.43836
0.139735
0.15251
0.268777
0.426055
0.142347
0.156426
0.15866
0.210584
0.254069
0.0937973
0.119793
1.05191
0.177812
0.103297
0.20185
0.0965215
0.0925594
0.147196
0.0460169
0.180421
0.15775
0.164514
0.18584
1.43494
0.0663273
0.244528
0.148732
0.136669
1.15341
0.195929
1.13007
1.17595
0.216541
0.067712
1.15546
0.245381
0.186543
0.334943
0.276529
0.208792
0.0818776
0.302962
0.175078
0.277348
0.35606
0.476243
0.123412
0.152875
0.165753
0.223731
0.826657
0.125563
0.176362
0.987371
0.156088
1.0013
0.282764
1.12191
0.325732
0.0499797
0.323677
0.0604402
1.29573
0.684165
0.0864073
0.360025
0.288052
0.164498
0.142975
0.152635
0.458762
1.1163
1.15247
0.542523
0.306918
0.767759
0.202349
1.07408
0.21519
1.13893
0.137169
0.22755
0.306349
0.328745
0.262594
0.289381
0.628584
0.227279
0.211996
0.601066
0.474224
1.23869
0.962132
0.263145
0.308545
0.353026
0.728886
0.302991
0.517914
0.293748
1.06891
0.0841925
0.171913
0.0440221
0.103581
0.416444
0.837198
0.359614
0.990652
1.06604
0.244911
0.650945
0.316034
0.0720284
0.15642
0.191809
0.258813
0.303062
0.299465
0.576554
0.836087
0.163531
0.0517137
0.257024
0.332434
1.21387
0.940574
0.244609
1.31201
0.923896
0.162046
0.106959
0.372201
0.693396
0.215475
0.205792
0.228128
0.242666
0.255021
1.01989
0.297455
0.192277
0.103
0.0951267
1.38534
0.173061
0.242802
0.139193
0.986769
0.148019
0.212654
0.25842
0.909514
0.124254
0.0769181
0.213635
0.187373
0.0808594
0.184842
0.188479
0.211534
0.939795
0.153109
0.294451
0.23765
0.0971848
0.052817
0.190412
0.167663
0.236531
0.0895534
0.109422
0.0689719
0.106893
0.2627
0.329841
0.183451
0.222854
0.20688
0.179709
0.132724
0.103864
0.112421
0.130861
0.332217
0.0992508
0.0750535
0.105
0.220458
0.139227
