0.278524
0.156615
0.174158
0.361893
0.195615
0.163565
0.194131
0.167151
0.767959
0.175002
0.311613
0.156559
0.223535
0.11389
0.151363
0.127394
0.199038
0.297414
0.981377
0.168051
0.297689
0.113094
1.00785
0.197654
1.44114
0.355457
0.272919
0.069224
0.262405
0.240184
0.100013
0.16775
0.157436
0.190015
0.866406
0.116902
0.246953
0.119915
0.169963
1.1312
0.0463691
1.18447
0.191391
0.211499
0.100352
0.170701
1.00474
0.189125
0.175078
1.11133
0.146602
0.17435
0.144576
0.19725
0.382234
0.733934
1.08623
0.161849
0.303765
0.351628
0.116354
0.160354
0.185631
0.120155
0.163031
0.342347
0.25846
0.38565
1.24255
0.209296
1.04166
1.05005
0.166765
1.25871
0.192617
0.233833
0.336896
0.437473
0.587865
0.200105
0.842247
0.0804534
0.258264
0.140469
0.0898172
0.119813
0.37833
0.134336
0.182437
0.29399
0.900008
0.262093
1.01735
0.365369
1.13192
0.117385
0.946996
0.272757
1.25038
0.176029
0.246595
0.624771
0.101992
0.135152
0.99294
0.212943
0.384503
0.449842
0.144552
0.126143
0.0643594
1.05651
0.107746
0.557164
0.133769
0.242938
0.191783
0.977945
0.348566
0.98699
0.159655
1.05291
0.707537
1.1168
0.151676
0.374728
0.193635
0.826652
0.164338
0.568525
0.184021
0.341865
0.256089
0.152123
1.12565
0.23903
1.05293
0.650559
0.227532
0.285902
0.815549
0.0873418
0.236568
0.336991
0.214871
0.0572152
1.28296
0.0843092
0.956278
0.240462
1.42537
0.0697765
0.181862
0.149248
0.186185
0.126905
0.16424
1.4706
0.22171
0.0685698
0.191568
0.0596294
1.31668
0.0695926
0.0623635
0.165641
0.241175
0.108102
0.0684475
0.165982
0.238361
0.161254
0.150383
1.2664
0.222048
0.27952
0.133225
0.145255
0.211752
0.2145
0.211876
0.101628
0.23996
0.0996801
0.105116
