0.513413
0.260583
0.118885
0.210799
0.0680753
0.291251
0.40051
1.17359
0.196042
0.241932
0.180078
0.0783853
0.22311
0.156125
0.202033
0.172407
0.299909
0.183888
0.0688056
0.2838
1.20722
0.12639
0.264329
0.20823
0.252528
1.15192
0.147969
0.185711
0.148836
1.06334
0.149196
1.0708
0.0452223
0.976541
0.111944
0.429894
0.18062
0.183474
0.171229
0.338353
1.16021
1.07052
0.251387
0.933999
0.550518
0.434447
0.112668
0.138017
0.239003
0.0857846
1.09474
0.167429
0.388199
0.288426
1.03087
0.355431
0.458307
0.0687922
0.66512
1.07817
0.18675
0.3473
1.16318
0.175234
0.253758
0.325525
1.10751
0.22338
0.199723
0.109933
1.80619
0.175399
0.51048
1.00948
0.516313
0.151985
0.768316
0.40481
0.203828
1.0847
0.926531
0.264049
0.313656
0.95285
0.759845
0.346184
1.22594
0.223148
0.448827
0.27656
0.130637
1.16741
0.19409
0.714566
0.240679
0.335514
0.58342
0.158542
0.298734
0.26425
1.02279
0.437598
1.21582
0.148357
0.216794
0.679497
0.228241
1.31391
0.224387
0.910482
0.314183
0.275579
1.14249
0.250536
0.233574
0.515135
0.122291
0.294193
1.24465
0.264298
1.42561
1.02123
0.188481
0.233728
0.2943
0.346642
0.174034
0.297796
0.942356
0.225733
0.160557
0.159515
0.13152
1.26114
0.214402
0.311986
0.225403
0.225702
0.192139
0.321327
0.22563
0.223189
0.267198
1.41292
0.26189
0.366774
0.258535
0.250456
