1.68527
0.255421
0.221182
1.22115
0.235537
0.273953
0.390411
0.243521
0.282838
1.26684
1.06835
0.215665
1.35313
0.319958
1.00192
0.959013
1.08205
0.738927
0.292463
0.216813
0.573765
0.410677
1.23107
0.647094
1.04048
0.201145
1.23657
0.519142
1.08928
0.688085
0.931015
0.903405
0.196982
1.07242
0.4012
0.502449
1.09756
1.09718
0.82701
1.07413
0.459365
0.403419
0.4581
1.057
1.16357
0.529953
1.02909
0.404974
0.886888
1.05613
0.426415
1.08354
0.824003
0.194343
1.18825
1.18251
1.92361
0.256241
0.376681
