0.0298819
0.019093
0.0194885
0.0202082
0.0125169
0.071403
0.02048
0.0458896
0.0439939
0.0240341
0.0176029
0.01539
0.131798
0.135393
0.0196976
0.0192453
0.00515984
0.114064
0.00461511
0.013584
0.0617608
0.00791636
0.00815843
0.030265
0.0419249
0.195669
0.0303207
0.106065
0.103152
0.234422
0.454337
0.00435247
0.255452
0.0731149
0.0371117
0.00742234
0.0045817
0.0571323
0.0207507
0.0572478
0.0362109
0.0133636
0.0938042
0.0420894
0.0594649
0.0154564
0.0569321
0.0346325
0.0686659
0.00880436
0.0406841
0.0216397
0.0612639
0.0852264
0.0902071
0.191687
0.0328168
0.0395067
0.0100482
0.00773977
0.0497906
0.0480096
0.00719111
0.0160384
0.0525979
0.00749784
0.0199789
0.123987
0.0730049
0.0150536
0.0769132
0.0167045
0.024
0.0592009
0.0302853
0.158228
0.224968
0.0368681
0.0914484
0.280934
0.0134552
0.0339275
0.19846
0.0761849
0.0704618
0.00430516
0.0757109
0.0236562
0.0302176
0.041111
0.0244229
0.0220893
0.102418
0.0173066
0.0718092
0.0113499
0.0138638
0.0893081
0.166327
0.0687583
0.01539
0.0881924
0.0123106
0.0452955
0.0136442
0.058377
0.433237
0.0185407
0.111572
0.209706
0.0588939
0.014029
0.0112729
0.110028
0.0453656
0.168582
0.182487
0.0130731
0.16335
0.010245
0.0853099
0.134414
0.0509082
0.0127399
0.185003
0.0259279
0.0173185
0.0111634
0.006147
0.0833095
0.00214663
0.0145732
0.412828
0.0840748
0.00807643
0.0184216
0.0331026
0.119309
0.002049
0.00353452
0.0364322
0.0172592
0.00719111
0.00678823
0.03328
0.147853
