0.403708
0.30004
0.448359
0.331576
0.326482
0.369462
0.528426
0.258039
0.174131
1.79003
0.354577
0.266442
0.28635
0.438707
0.291587
0.237415
0.305135
0.343125
0.304739
0.347529
0.447932
0.336114
0.290398
0.327864
0.271196
0.394186
0.326514
0.354479
0.196081
0.379552
0.311458
2.10472
0.346576
0.260899
0.36743
0.317645
0.296425
0.357438
0.286021
0.355727
0.348706
0.337044
0.436227
0.263331
0.397374
0.239606
0.355875
0.535971
1.52336
1.61205
0.414495
0.310262
0.387377
0.37613
0.437826
1.0226
0.273783
0.329072
0.507792
0.331578
2.10873
0.354741
0.385452
0.845398
1.95559
0.386486
0.685507
0.170653
0.313962
0.289981
0.295943
0.260515
1.73467
0.426752
0.308745
1.62865
0.267533
0.848388
0.293891
0.305547
0.246953
0.300038
0.333454
0.323661
0.167414
0.737524
0.316926
0.528427
1.30344
0.133474
0.912034
1.21783
0.513237
0.29795
0.406396
0.287922
0.482722
1.71854
0.381956
2.03018
0.457813
0.174429
0.678463
0.110359
0.241067
0.35825
0.486635
1.01073
0.316067
0.351897
1.31472
0.376302
0.30309
0.270574
0.525253
0.375284
0.720282
1.03854
0.22744
0.489853
0.344929
0.307527
0.205089
0.422618
0.862327
1.45937
0.55838
1.30446
1.51571
0.422801
0.218769
0.299215
0.294072
0.4478
1.38196
0.486228
0.379753
0.774598
1.63623
0.526798
0.419524
0.818691
0.297904
0.29921
0.2212
0.404064
0.304968
0.276651
0.258316
0.457978
1.32367
0.397065
0.421312
1.53531
0.492348
0.272937
0.392235
0.451252
0.417996
0.352296
0.484906
0.338694
0.207716
0.496598
0.396916
0.318
0.326257
0.221169
0.346521
0.215535
0.367511
0.395874
0.462496
0.242184
0.225705
0.255563
0.353497
0.412613
0.294132
0.327066
0.406721
0.218335
0.293042
0.158824
0.431681
0.236996
0.400135
0.310751
0.287597
0.269715
0.395769
0.332596
0.380876
0.329682
0.342805
0.322161
0.336136
0.247318
0.327429
0.267818
