0.183993
0.121451
0.17044
0.146281
0.166573
0.74947
0.108241
0.185457
0.212195
0.0615609
0.11952
0.159115
1.66685
0.131233
0.113641
0.133229
0.0835298
0.187784
0.352404
0.969753
0.0843238
0.0798761
0.188802
0.0903424
0.220288
0.0877833
0.189933
0.129763
0.125855
0.203536
0.195399
0.853704
0.123916
0.249191
0.236871
1.1518
0.300435
0.0965935
1.07526
0.131402
0.22501
0.134364
1.11898
0.211404
0.109688
0.363982
1.08222
0.194904
0.171802
0.198872
0.0659567
0.388239
0.185399
0.153101
0.134955
0.0680166
0.0801766
1.15752
0.882016
0.152484
0.463997
1.25339
0.202484
0.188591
0.164343
1.22793
0.210815
0.117021
1.11204
1.06707
0.236217
0.0835911
0.13326
0.561705
0.255553
0.596084
0.251322
0.405298
0.325093
0.845355
0.264696
0.236776
0.580405
0.262582
0.14574
0.145788
1.06167
0.885979
0.148829
0.319832
1.06053
0.247661
0.39706
0.541517
0.134847
0.192931
1.30587
0.973276
0.229487
0.121373
0.274429
0.819373
0.347422
0.19618
1.07802
0.0816679
0.0803125
0.138851
0.0816401
0.452911
0.0762383
0.903661
0.217969
0.189094
0.839589
0.372061
1.00029
0.144197
0.289995
0.206904
0.32607
1.10058
0.95586
0.102916
0.578489
0.842491
1.02206
0.352746
0.152499
0.901339
0.0505805
0.138773
0.264093
0.189596
0.669127
1.21797
0.121517
0.213268
0.260621
0.821715
0.223366
0.11189
0.405593
1.12793
0.191661
0.0997482
0.260682
1.247
0.227878
0.149411
0.107104
0.129928
0.116079
0.0916254
0.126124
0.162543
1.12402
1.50705
0.122126
1.56988
0.103404
0.151022
0.00629717
0.225111
0.102759
0.133229
0.279903
0.221565
1.30061
0.135972
0.143248
0.0570449
0.246966
0.2088
0.148088
0.0995529
0.0895397
0.114505
0.198577
0.13998
0.0725635
0.102997
0.204055
0.375545
