1.05631
0.237066
0.511232
0.183775
0.186443
1.05864
0.26229
0.225116
0.251891
0.331417
0.17512
0.291263
0.171414
0.928058
0.189661
0.22491
0.142324
0.130003
0.157397
1.29267
1.15266
0.23634
0.0383366
0.193743
0.130522
0.247897
1.05652
0.14222
0.16547
0.247449
0.217885
0.985859
0.468423
0.435969
0.327018
1.1813
1.13048
0.242553
0.826165
0.364575
0.142325
0.190914
0.234629
0.168241
0.176416
0.557077
0.812807
0.910244
0.22879
0.961395
0.15102
0.262109
1.10791
0.276262
1.13361
0.262656
0.117011
0.142531
0.312133
0.538807
0.835426
0.654747
0.0535558
0.0687302
1.18313
0.154516
0.233983
0.0764045
0.156901
0.184231
0.62974
1.59328
0.246438
0.87431
1.12649
0.439066
0.638137
0.310954
0.429406
0.298813
0.160245
0.0542306
0.89456
1.11405
0.747463
0.22583
0.269663
0.8902
0.34173
0.355216
0.574728
0.863885
0.294507
0.334447
0.24604
0.419469
0.419151
0.185488
0.361643
0.948362
0.338236
0.854983
1.23606
1.30121
0.146347
0.154007
0.139874
0.158463
0.262585
0.236948
0.969109
0.160787
0.225987
0.143025
1.70119
0.210506
0.266399
1.24856
0.207077
1.08969
0.200098
0.155579
0.156535
0.155008
0.274674
1.24135
0.150433
0.260591
0.282492
1.43868
0.265641
0.106027
