0.134552
1.25477
0.233782
0.190765
0.102864
0.283155
1.18501
0.226834
0.249098
0.322541
0.469859
0.273533
0.137379
1.15361
0.961133
0.30101
1.12349
0.27853
1.37517
0.40636
0.601035
0.66733
0.0966262
0.383868
0.837845
0.325656
0.467472
0.915088
0.929052
0.226411
0.392777
1.16533
0.856741
0.514763
0.297196
0.722245
0.499985
0.248371
0.911692
0.424501
0.412365
0.668618
0.26253
1.11948
1.17138
0.484434
0.600225
0.296851
1.01422
0.652857
0.32046
0.915423
1.11051
1.0424
1.33034
0.517604
0.377166
0.372628
0.814944
0.653825
0.13854
0.304436
0.43886
1.01618
0.610942
1.32681
1.094
0.89539
0.289769
0.531332
0.526498
0.343644
0.952015
1.29021
0.240961
0.846005
1.01097
0.300443
1.03187
0.409556
0.30203
1.27845
0.318701
