0.227933
0.409298
0.188257
0.214813
0.156032
0.23706
0.278116
0.220158
0.217593
0.170875
0.209675
0.141168
0.273747
0.214419
1.06613
0.411059
0.320389
1.25557
1.20772
0.20687
0.107591
0.233515
0.18437
0.898894
0.188394
0.289701
0.510845
0.252952
0.199052
0.21808
0.891621
1.06062
0.656169
0.314363
1.12491
1.11998
0.192167
0.327281
1.07021
0.255004
0.224003
1.12092
0.189476
0.3778
0.56554
0.187952
0.167805
1.0407
0.197207
0.960467
0.0535398
0.236835
0.139539
0.246758
0.132512
0.949005
0.559655
1.0931
0.225141
1.09377
0.845676
0.238812
0.303562
0.737388
0.388646
0.206327
0.161838
0.268378
0.66591
1.1043
0.930795
0.451936
0.126433
0.561539
0.892469
0.271726
0.309507
1.13263
0.217721
0.233999
0.143306
0.219966
0.616718
0.914344
0.412726
0.165936
1.00732
0.916592
0.156821
0.972988
0.379857
1.1328
0.35049
0.882619
0.158318
0.231069
1.43719
0.463636
0.349674
0.916048
1.00664
0.268654
0.354598
0.105484
1.02059
0.122481
0.144827
0.108953
0.226589
0.293547
0.306192
0.222014
0.0524434
0.696489
0.928426
0.289334
0.0623321
0.129465
0.0202386
