0.154667
0.121148
0.242861
0.130477
0.0392454
0.159575
0.119317
0.113594
1.20965
0.25241
0.150615
0.232803
0.254521
0.0289772
0.154044
0.198814
0.166297
0.157779
0.0660755
0.253812
0.210753
0.150217
0.101344
0.236795
0.200256
0.103914
1.23774
0.193172
0.289336
0.425725
0.231714
0.0455135
0.137788
0.0460872
1.10064
1.05599
0.35022
0.084873
0.216867
0.168737
0.235439
0.244105
0.161036
0.68141
0.71149
0.0854545
0.169349
0.230697
0.855658
0.773273
0.0447566
0.233441
1.05852
0.254276
0.41156
0.188831
0.151859
0.528
0.0655033
1.318
1.11491
0.223686
0.123642
0.338945
0.87936
0.296882
0.0361876
1.40041
0.388129
0.230381
0.942769
0.586275
0.260353
0.544994
0.178174
0.101209
0.220353
0.13946
0.219995
0.128877
0.349857
0.0606282
0.117391
0.772923
1.08474
1.10709
1.15474
0.717386
1.18908
0.293282
0.214676
0.32141
0.795227
0.176965
0.456357
0.196535
0.52312
0.231758
0.10492
1.15895
0.309887
0.11767
0.282696
0.696955
0.921882
1.25244
0.389378
1.17976
0.178559
0.247673
1.02219
0.566595
0.0623343
1.1724
0.243155
0.288015
0.293057
0.0641797
1.08163
0.398208
0.203128
0.571609
0.199601
0.30953
0.919902
0.278129
1.35535
0.436157
0.190547
0.237687
0.160643
1.09188
0.146647
0.12241
0.199057
0.139918
0.145241
1.1938
1.38677
0.132395
0.364714
0.249804
0.172764
0.180354
0.149488
0.84879
0.204942
0.142082
0.0378548
0.0524598
1.218
0.156146
0.121419
1.47479
0.224377
0.0848685
0.166453
0.0979494
0.213485
0.248888
0.220838
1.19481
0.120423
0.114358
0.173408
0.180565
0.2864
0.413294
0.281169
