0.133665
0.154259
0.235287
0.22122
0.281723
0.268392
0.189609
0.215428
0.113036
0.0656792
0.232744
0.318498
0.0295914
0.194982
0.151629
0.22915
0.213631
0.353692
0.167318
0.147156
0.106884
0.213162
0.138889
0.142075
1.02736
0.106423
0.0878136
0.285653
0.950173
0.213159
0.266548
0.291871
0.112835
0.131274
0.17374
0.0111082
0.516754
0.202
0.764909
0.0949621
0.258525
0.892236
0.215793
0.267425
0.166655
0.20444
0.11347
0.950845
0.172998
1.01439
0.206336
0.978764
0.313282
0.228339
0.48025
0.285845
1.15977
0.226988
0.142984
0.225475
0.747944
0.0529339
0.917174
0.975054
0.0923811
0.395529
0.21971
0.164388
1.10577
0.185452
0.260102
0.0823465
0.0625565
0.969465
0.73278
0.149693
0.0788688
0.28675
0.20515
0.134965
0.431229
0.158122
1.23972
0.800073
0.20897
0.130388
0.575891
1.02183
0.2083
0.100238
0.229396
1.31274
0.297834
0.484831
0.223907
1.01509
0.242979
0.915794
0.60318
0.289104
0.205275
1.18852
0.184825
0.581111
0.166542
1.13475
0.514101
0.211325
0.301505
0.423888
0.796379
0.16322
0.200732
0.773106
0.183267
0.34578
0.212006
0.205953
0.667743
0.269472
0.437148
0.196158
1.11552
0.164909
0.258439
0.696164
0.135309
1.02043
0.122306
0.134574
0.425552
1.27849
0.182969
0.270278
0.309991
0.679548
0.202677
1.20132
0.823013
0.24753
0.2064
0.194555
0.150374
0.278
0.486515
1.04904
0.373928
1.15117
0.215693
0.178827
0.202299
0.16544
0.0945923
0.142733
0.177015
1.29959
0.200988
0.241715
0.128836
0.365294
1.15612
0.0764822
0.207156
0.262543
0.179688
0.120676
0.136672
1.17502
0.189684
0.854658
0.278257
0.163995
0.0945764
0.0823907
0.135414
0.091287
0.132149
0.256609
0.17272
0.175746
0.159456
0.268387
0.118681
0.0642288
0.0981087
0.168217
0.179655
0.23249
0.104002
0.189153
0.124588
0.115702
0.090765
