0.192366
0.21864
0.13554
0.115292
0.228621
0.178157
0.263601
0.150188
0.205451
0.18676
0.230743
0.222461
0.140597
0.137031
1.28705
0.202763
1.01484
0.213983
0.125386
0.344696
0.141073
0.255992
0.251313
0.245383
0.142815
0.191818
0.151361
0.157511
0.213435
0.186098
0.0433337
0.204388
0.147045
0.194906
0.125345
0.324627
0.146929
2.00031
0.116448
0.130493
1.16405
0.313034
0.181418
0.38322
0.215253
0.242498
0.137698
0.137405
0.108071
0.182162
0.284257
0.30104
0.074469
0.959758
0.203577
0.158209
0.187655
1.22055
1.17529
0.157025
0.246372
1.47438
0.23006
0.193554
0.257168
0.462257
0.119489
0.267185
0.583049
0.177272
0.301163
0.140515
0.219067
1.1603
0.167715
0.207635
0.211206
0.146055
0.601707
0.120949
0.430727
0.287461
1.3823
0.054848
0.33409
0.184322
1.00679
0.260508
1.16394
1.36188
0.129307
0.128957
0.99282
0.429597
0.327455
0.195951
1.31472
0.134348
0.591967
0.120024
0.948043
0.307061
0.187144
0.226298
0.275925
0.430809
0.253318
0.627478
0.301455
0.421121
1.12098
0.929746
0.345953
0.163651
0.2583
0.194535
0.192892
0.236034
0.443022
0.226759
1.02229
0.0810914
0.120406
0.0949327
1.11536
0.151912
0.389365
1.20445
0.375578
0.526743
0.193461
0.357234
0.122049
0.822268
0.191282
1.34691
0.20741
0.153317
0.0196754
1.33126
0.270408
0.182892
1.13442
0.105727
0.20018
0.286434
1.05061
0.168362
0.202157
0.18905
0.728052
0.269488
0.182856
0.64748
0.127135
0.247671
0.33147
1.27325
0.233437
0.920583
0.12521
0.21939
0.189833
1.32108
0.162966
0.23693
0.0640722
1.0843
0.173612
1.01623
0.183002
0.234382
0.212162
0.164672
0.140004
0.192884
0.0770026
0.268259
1.3106
0.186105
0.149838
0.188617
0.282497
0.121488
0.168669
0.0940595
0.218169
1.06445
0.203156
0.167974
0.208884
0.108697
0.124731
0.142431
0.309709
0.218426
0.121638
0.213209
0.218339
0.160961
0.179129
0.17089
0.15421
0.128264
0.141762
0.108601
0.110763
0.0825248
0.183683
0.0993375
0.115166
0.258099
0.0844535
0.485711
0.225616
0.101473
0.232746
0.132473
0.265764
