0.4002
0.297117
0.661858
0.071294
0.169443
0.252509
1.89973
0.178027
0.186504
0.291944
0.207656
0.329988
0.138128
0.341987
0.278149
0.16116
0.289526
0.279617
0.27661
0.171024
1.03469
0.209713
1.10119
0.322485
0.170347
1.19611
1.10784
0.22426
0.296814
0.272788
0.352841
0.167657
0.622289
0.104821
0.288038
0.198676
0.153217
1.0654
0.0922651
0.983656
1.12035
0.973344
0.149711
0.459134
0.96481
0.0954787
0.416745
1.07409
1.04244
0.254956
0.129521
0.243312
0.955837
0.131871
0.103374
0.708723
0.214426
0.278805
0.527927
0.987269
0.247985
0.160505
0.253196
0.887378
0.281037
1.2004
0.575893
0.145
0.23841
1.15205
0.297587
0.357487
1.01432
0.129844
0.712726
0.136158
2.07291
0.176411
0.493398
1.00055
0.470479
0.138522
0.31026
0.433929
0.851082
0.4432
0.178372
0.925561
0.139802
0.80958
0.991734
0.3397
0.226277
1.01006
0.826167
0.195342
0.428166
0.147978
0.512555
0.328588
0.283286
1.01398
0.990805
1.36068
0.118852
0.433479
0.205867
0.240338
0.261704
0.268989
0.228004
0.996506
0.15632
0.146031
1.33888
0.366001
0.144086
0.369775
0.760522
0.304239
0.218081
0.320107
0.141978
