0.0758402
0.203722
0.246776
1.24624
0.27042
0.171069
0.127517
0.462517
1.15872
0.211722
0.156828
1.3137
0.212104
0.207956
0.25491
1.03315
1.31009
0.204966
0.216717
0.405982
1.29136
0.400907
0.119842
1.07113
0.339042
0.51155
0.430456
0.857486
0.405623
0.800206
0.342582
1.14077
1.00936
0.788857
0.889588
0.262225
0.62297
0.442614
0.197454
0.884194
0.368457
0.145652
0.411144
0.477765
0.588675
1.1289
1.12061
0.310589
0.425859
1.01073
0.625829
0.299015
1.0846
0.650195
1.06016
0.44698
1.28875
0.419162
0.7065
0.259538
0.280322
0.568219
0.187917
0.908132
1.34186
1.22902
0.557578
1.07001
0.453427
0.309724
0.933189
0.508029
0.500961
1.00415
1.28965
0.241641
1.07535
0.854221
0.229724
0.306857
1.22742
0.335179
1.11099
0.294605
0.294924
