0.0933528
0.291371
0.165901
1.4255
0.26427
0.229566
0.138064
0.101803
0.325952
0.108878
0.234783
0.150477
0.243386
0.0735473
1.1306
0.0299217
0.265472
0.115749
1.1261
0.11934
0.289829
0.351291
0.0759722
0.0460289
0.111647
0.124374
0.233693
0.19072
0.164174
0.134434
0.214615
0.187288
0.257595
0.0177823
0.151847
0.118683
0.151804
0.261431
1.06271
1.06281
0.172681
0.243938
0.9931
0.151101
0.590395
0.0524058
0.20963
0.246547
0.182369
0.247357
0.0547799
1.19022
0.213304
0.10788
0.0444518
0.157623
0.406133
0.120895
0.231491
1.1695
0.981264
0.138593
0.143077
0.457075
0.120197
1.05375
0.0651837
0.0758084
0.339084
0.0417735
0.218178
0.735953
0.0556287
0.926709
0.188019
1.06074
0.168436
0.422214
0.298978
0.161351
0.66994
0.212869
0.173184
0.183169
0.20834
1.28425
0.105568
0.169259
1.06193
1.00982
1.2265
0.194678
0.35807
0.32485
0.287948
0.272353
0.684011
0.877114
0.368855
0.146693
1.2463
0.2056
0.245031
0.429317
0.155184
0.128374
0.320422
0.300422
0.346608
1.17791
0.811563
0.180588
1.17289
0.139635
1.19783
0.0696147
0.304487
0.646051
0.22849
0.124585
0.499587
0.188464
0.157628
0.875869
1.52834
0.249796
1.08991
0.217242
0.358422
0.377704
1.15254
0.683071
0.147063
0.171836
0.162938
0.0820714
0.295309
0.171229
0.440591
0.65687
0.141236
1.07313
0.39775
0.454047
1.02581
0.112677
1.14822
0.278464
0.0918329
0.133154
0.124543
0.436462
0.318962
0.196661
1.3549
0.695953
0.119011
0.134861
0.4136
0.136396
0.125566
0.188893
1.16591
0.352696
0.246564
0.311718
0.152851
0.293274
0.130743
0.174783
1.16442
0.076267
0.0603138
0.129728
0.153507
1.28536
0.242755
0.247007
0.159592
0.226777
0.208532
0.108538
0.072531
0.172965
0.144005
0.119377
0.248907
0.153342
0.102913
0.213594
0.119202
0.265403
0.206398
0.16077
1.17447
0.116803
0.213253
0.186504
0.165135
0.24565
0.165417
0.109457
0.19364
0.261626
0.165945
0.0861201
