1.5331
0.195682
0.349256
1.14509
0.185153
0.254029
0.196652
1.33909
0.0935568
0.299832
0.315181
0.329022
0.26385
1.12305
0.833704
0.970923
0.31754
0.374637
1.02179
0.11817
0.279846
0.856537
0.184783
0.820037
0.427646
0.594467
1.06656
0.519682
0.391404
0.318601
0.996654
0.985219
0.72775
0.276891
0.754453
1.18813
0.911061
0.34127
1.13536
0.645865
0.57315
0.333605
0.721739
0.909525
0.57337
0.505334
1.16611
0.401197
1.01046
1.22493
0.661807
1.46798
0.573838
0.933894
0.339282
0.410494
1.04908
0.29447
0.859073
0.432674
0.354978
0.458326
0.919718
1.03673
0.293737
0.429695
0.96477
1.20086
0.378727
1.04315
0.276415
1.20302
1.23382
0.232184
