0.220577
0.344287
0.326601
0.178463
0.14434
0.190135
0.266136
0.243166
0.105117
0.167571
0.249126
1.11984
0.169872
0.137398
0.153923
0.240515
0.0270873
0.189198
0.608238
0.199092
0.184922
0.0869795
0.0869678
0.110824
0.180533
0.166774
0.258753
0.0975933
0.251364
0.195461
0.94289
0.215611
0.209909
0.213215
0.0338282
0.14163
0.0952034
0.900336
0.141858
0.17559
0.311823
0.949046
0.172541
0.133487
0.178201
0.314132
0.167939
1.04809
0.284811
1.08934
0.180799
0.342371
1.16873
0.173475
0.958817
0.39765
1.09385
0.243212
0.196099
0.300328
0.334428
1.00743
0.237022
0.21957
0.210083
0.915337
0.0467999
0.255293
0.164695
1.28578
0.27831
0.384988
0.194355
1.16743
0.843221
0.180335
0.282161
0.206183
0.201385
0.160675
0.190197
0.16562
0.967382
1.21495
0.062483
0.579214
0.363303
0.420416
0.190651
0.78912
0.140596
0.307594
0.271408
0.347097
0.747768
0.745106
0.281231
1.1911
1.04163
0.391195
0.19001
1.00733
0.108627
0.201109
0.759289
0.232105
0.924851
1.16798
0.168352
0.211389
0.730841
0.258608
0.142678
0.238725
1.12999
0.878355
0.210213
0.330448
0.812276
0.0885639
0.257396
0.206977
0.175586
0.164713
1.11478
0.608497
0.947982
1.01874
0.505828
0.194986
0.376375
0.267014
0.215653
0.168567
0.673123
0.0885506
0.203917
1.08333
0.27894
1.14166
0.655729
0.248416
0.243777
0.132848
0.195718
0.656676
1.29152
0.234131
1.18393
0.0991258
0.248394
0.208802
0.149799
1.21518
0.199083
0.437316
0.20615
0.0810823
0.249159
0.0697602
0.212792
0.0912275
1.43806
0.188942
0.204685
1.24155
0.178901
0.143426
0.289193
0.190157
0.208721
0.23797
0.0757001
0.318656
0.230701
0.124971
1.28493
0.154972
0.0971465
0.205821
0.239851
0.31378
0.135891
0.127322
0.115765
0.184538
0.0795626
0.217739
0.0352788
0.26534
0.116678
0.0933508
