1.47639
1.0642
1.53486
0.350542
0.301754
0.160392
0.2127
0.255642
0.224224
0.188297
0.279153
1.28039
0.249896
0.375218
1.04636
0.873778
1.10305
0.753216
0.098452
0.259049
0.430701
0.357141
0.302476
0.726251
0.24536
1.06369
0.611025
1.04926
0.236189
0.992513
0.746104
0.450869
0.320439
0.676512
1.18816
0.99522
0.577929
1.09996
0.507085
0.951375
0.324768
0.254878
0.726487
0.846473
1.11813
0.283114
0.503203
0.861122
1.03389
1.11867
0.391523
0.52966
0.934979
0.196416
0.210142
1.14536
0.31702
0.339097
0.677219
1.0228
0.553713
1.03742
0.36885
0.987828
1.04165
0.261277
1.14183
1.09237
0.375986
1.29408
0.177537
1.23878
