0.286981
0.438428
0.25772
0.276558
0.101597
0.25145
0.356199
0.132414
0.145841
0.0871038
0.117794
0.0443203
1.1089
0.135277
0.21264
0.14562
0.256032
0.229329
0.167729
0.222437
0.0912898
0.187619
0.218478
0.230926
1.2085
0.163294
0.200832
1.12567
0.257142
0.413593
0.0775432
0.12538
0.196038
0.97568
0.252237
1.05943
0.222477
0.201031
1.02175
0.326869
0.30771
1.04562
1.13215
0.384211
0.420783
0.930272
0.20669
0.0810595
0.219065
0.153109
0.432033
0.156648
1.13181
0.336672
0.0867932
0.476777
0.655802
0.23453
1.06936
0.151632
0.274625
1.03338
0.227965
1.13893
0.253397
0.333434
0.110403
0.17367
1.11388
0.482483
0.741267
0.244641
0.191097
0.975548
0.321238
0.951664
0.214786
0.42582
0.592002
1.62537
0.201326
0.364689
1.08257
0.878385
0.769081
0.376914
1.24997
0.110185
0.234066
0.620176
0.0722378
0.29873
0.308232
1.15749
1.29312
0.264867
0.557142
0.636449
0.216321
1.01026
0.267157
0.315515
0.20522
0.455976
1.15847
0.187803
0.63806
0.052924
1.34517
0.863445
0.211305
1.12571
0.250198
0.249726
1.34173
0.208009
0.229329
0.16985
0.537111
1.22637
1.01839
0.187198
0.293417
1.40359
0.204978
0.0721997
0.218191
0.215693
0.194357
0.192416
0.938218
0.211959
0.195984
0.0836488
0.202647
1.32337
0.240259
0.142547
0.274765
0.275833
0.215138
0.3018
0.238296
1.3797
0.196038
0.204369
0.476913
0.26238
0.183535
