0.28636
0.377723
0.171339
0.201019
0.265889
0.227377
0.186859
0.370108
0.236459
0.323384
0.131648
0.167617
0.192679
0.17097
0.166674
0.191554
0.263587
0.221921
0.313891
0.149344
0.276524
0.264864
1.29075
0.107119
0.229197
0.129586
0.310819
0.251995
0.238417
0.16665
0.134055
0.118532
0.138243
0.26601
0.247138
0.986109
0.134739
0.186324
0.0840038
0.254181
0.125826
0.360456
1.52049
0.265156
0.217027
0.26591
0.205784
0.294981
0.291976
0.175894
0.160449
1.21678
0.182105
0.188716
0.268166
0.308198
1.32356
1.58562
0.332553
0.320164
0.424163
1.24488
0.166352
0.281728
0.201273
0.194701
0.184002
0.215957
0.113393
0.296844
0.291623
0.836349
1.53458
1.20176
1.00735
0.583575
0.158803
0.216112
0.196738
0.225853
0.170291
0.200688
0.191767
0.400372
0.439481
1.33091
0.186086
0.200007
0.136434
0.200136
0.242144
0.229973
0.817436
1.14442
0.323849
0.270601
1.14885
1.56796
0.875567
0.49731
0.228821
0.319613
0.219628
0.255686
0.158736
0.33451
0.34711
1.14685
1.5355
0.766459
0.488315
0.157352
0.741006
0.592059
1.53618
0.289205
0.216837
0.197665
0.309333
1.06967
0.333471
0.161459
0.250696
0.230998
1.47357
0.770165
0.158368
0.274209
0.739636
0.475217
0.962546
0.244438
0.166415
0.232786
0.276731
0.200347
0.316147
0.42587
0.254775
0.895215
1.52595
0.701512
1.41146
1.17784
0.190877
0.280179
0.235817
0.340897
0.209861
1.08764
0.825865
0.218232
0.331567
0.373176
0.342751
1.39263
0.192098
0.383388
0.276023
0.364507
0.897568
0.375498
0.262733
0.291207
1.31476
0.21472
0.271902
0.167786
0.200556
0.209067
0.288238
0.290383
1.27332
1.4499
0.238663
0.266826
0.306745
0.228158
0.183697
0.13108
0.171338
0.291653
0.245678
0.12572
0.160938
1.42365
0.244532
0.152092
0.218583
0.410485
0.153699
1.22897
0.211626
0.26804
0.284393
0.201482
0.204829
0.308797
0.175979
0.208585
0.247254
0.217497
0.183116
0.269534
0.396732
0.172545
0.288939
0.237459
0.188783
0.19943
0.349952
0.234362
0.226444
0.15962
0.255555
0.201667
0.151338
0.209016
0.300965
0.239993
0.199809
0.137999
