0.14605
0.220768
0.19407
0.175686
0.349091
0.172379
0.180867
0.0372704
0.278981
0.261997
0.315605
0.509809
0.238443
0.254682
0.164872
0.215491
0.269124
0.413174
0.268193
0.232623
0.139124
0.176765
0.337892
0.28423
0.360343
0.274015
0.207015
0.259027
1.71345
0.276234
0.232008
0.16305
0.209969
0.238024
0.152489
0.286418
0.194648
0.0986579
0.301543
0.311807
1.16117
0.303434
1.24382
0.349367
0.258467
0.0813637
0.302829
0.287948
0.214457
0.304922
0.172421
0.180205
0.169085
0.294461
0.338521
0.306572
1.24764
0.256607
0.259046
0.201022
1.48767
0.263569
0.450246
1.0646
0.435954
0.222401
0.561621
0.418144
0.294383
0.123664
0.127755
0.232502
1.2999
0.205821
0.226529
0.279891
0.250311
0.897125
1.48506
0.219577
0.675644
0.221131
1.15401
0.236091
0.432319
0.399896
0.290867
0.2793
1.38437
1.27275
0.228833
0.610902
0.138539
0.194008
0.215385
0.301963
1.06651
0.300776
0.858332
0.311109
0.241555
0.191886
0.262838
0.589902
1.57657
0.847501
0.303242
0.211992
1.49449
0.489578
0.418296
0.464686
0.20157
1.35236
0.209631
0.698154
0.657035
0.187246
0.232347
0.225676
0.17791
1.43695
0.333416
0.92849
0.533235
1.36955
0.550776
0.340431
0.216356
0.228481
0.324122
0.443135
0.239048
0.249621
0.191194
1.15116
0.557906
0.453507
1.38111
0.255011
1.35719
0.306052
0.905466
0.180113
1.06032
0.538512
0.287343
0.220766
0.301618
0.191831
0.243436
0.254126
0.176364
1.18291
0.473531
0.990632
0.111788
0.268352
0.193202
0.274586
0.511485
0.24353
0.364357
0.245236
0.20478
0.173737
1.56248
0.172629
0.244484
0.217423
0.251259
0.403812
1.36889
0.226503
0.260201
0.300241
0.250514
0.187753
0.316457
0.20767
0.16747
0.199902
0.30188
0.214425
1.33763
0.177216
0.265883
0.194522
0.261302
0.274599
0.263958
0.264993
0.228136
0.206815
0.249244
0.238548
0.242965
0.2208
0.230246
0.310506
0.356436
0.311193
0.252358
0.319524
0.0909308
0.245591
0.302805
0.131968
0.26993
0.0754148
0.21952
0.304686
0.301573
0.148617
0.30275
0.279146
0.198675
