0.18815
1.80872
0.193124
0.145159
0.136703
0.17087
0.128322
0.166642
0.147061
0.243945
0.077811
0.264339
0.942025
0.198648
0.0969733
0.0721933
0.182794
0.235464
0.188753
0.224054
0.159701
0.131828
0.238849
0.106911
0.147361
0.0666127
0.243024
0.259262
0.884422
1.17463
0.220699
0.350878
0.140154
0.193478
0.107091
1.03775
1.158
0.367451
0.165978
0.170195
0.153342
0.146198
0.115203
0.231228
0.14148
1.15791
0.198089
0.231109
0.258055
0.165568
0.302531
0.132169
1.16753
0.0738698
0.210881
0.0203225
0.983088
0.264433
1.25652
0.128557
0.471222
0.0878416
0.1277
0.233103
1.08099
1.1093
0.155813
0.164519
0.125409
0.103776
0.595416
0.241077
0.335914
0.511836
0.0768973
0.544388
0.258149
0.953575
0.267143
0.772817
0.145118
0.182228
0.349083
0.543467
1.00664
0.15088
1.14922
0.833427
0.1074
0.163364
0.232613
1.1531
0.178028
0.640756
0.343508
0.209182
0.850287
0.137839
0.25253
0.278855
0.371788
0.060569
1.10064
0.152164
0.19291
0.141256
0.670137
0.176439
0.0323948
1.09332
1.07653
0.0971727
0.437963
0.264295
0.0699279
0.203499
0.310544
0.891148
1.04898
0.990329
0.126138
0.362022
0.188836
0.654289
0.907516
0.181004
0.0512645
0.850185
0.135695
0.201499
0.23987
1.30504
0.245494
0.774094
0.243929
0.166727
0.211453
0.516892
0.949702
0.177523
0.226583
0.247945
1.07012
1.24126
0.103567
0.209436
0.0957791
0.148202
0.162278
0.110525
0.184363
0.130714
0.208308
1.19103
0.365951
1.55258
0.150883
0.026572
0.107379
0.158762
0.111213
0.12317
0.176214
0.106255
1.45369
0.223181
0.183094
0.130777
0.287525
0.145278
0.0646148
0.187621
0.134148
0.0968826
0.222966
0.039831
0.0598195
0.161278
0.246817
