0.158405
0.193982
0.105178
0.0753267
0.133889
0.0281673
0.205887
0.1852
0.198879
0.146836
0.167712
0.142951
1.27468
0.103689
0.0864908
0.099675
0.247158
0.186645
0.0147417
0.211071
0.126694
0.141168
0.113201
0.170081
0.174129
0.159175
0.165317
0.323669
0.161088
0.0835148
0.108616
0.267269
0.15142
1.1596
0.292847
0.151236
0.341748
0.158614
0.192252
0.23443
0.261787
0.178643
0.270347
1.40965
0.100026
0.194041
0.15093
0.207798
0.227229
0.226331
1.10734
0.295882
0.171793
1.13272
0.167514
0.185745
0.115489
0.269947
0.259169
0.221631
0.318638
1.24115
0.241331
0.290583
0.217338
0.283548
1.19747
0.321588
0.255279
1.23174
0.183079
0.411946
0.311274
1.05378
0.18561
0.123606
1.25997
0.438449
0.311017
1.32183
0.242761
0.135906
0.374316
0.335712
0.586995
1.23279
0.188359
1.20396
0.291333
1.37793
0.301588
0.251184
0.218683
0.316758
0.182302
0.798216
0.259917
1.03182
0.329353
0.317287
1.21059
0.179128
0.397051
0.298554
0.151474
0.326037
0.279251
0.388398
1.36585
0.676498
1.5558
0.197937
0.178894
0.227836
0.186926
0.570306
0.238417
0.148135
0.39136
1.14041
0.181847
0.957809
0.229626
0.233208
0.1022
0.127157
1.03959
0.174977
0.214196
1.12224
0.132293
0.166758
0.220108
0.662416
0.0901913
0.807115
0.708161
0.309088
0.245917
1.15158
0.238509
0.499641
0.780101
0.18346
0.270383
1.23363
0.542007
0.32732
0.192056
1.2105
0.179805
0.266521
0.596431
0.869594
0.26107
0.277377
0.203758
0.381635
0.570888
0.197722
0.153976
0.166425
0.389889
0.330148
0.371524
0.192566
0.0954912
0.997544
0.148138
0.201673
0.217888
1.47928
0.112166
0.359468
0.174684
0.15916
1.14847
0.372806
0.221487
1.27925
0.0866889
0.0745847
0.243547
0.229191
0.13392
0.135851
0.368066
1.45144
0.213189
0.111014
0.368334
0.201263
0.190986
0.237389
0.141136
0.100841
1.57568
0.165091
0.240717
0.143336
0.106802
0.26095
0.133424
0.16762
0.125169
0.163991
0.106848
0.0717701
0.158205
0.184136
0.268469
0.246021
0.17784
0.122656
0.0930988
0.233177
0.208578
0.160352
0.143745
0.284996
0.106787
