1.46544
0.352858
1.32432
0.124142
0.280531
0.256946
0.209035
0.457077
0.298876
1.24478
1.0762
1.31763
0.164512
0.987346
0.318127
1.02925
1.07295
0.795038
0.228529
0.619607
0.302623
1.24947
0.343862
0.727928
1.06526
0.097558
1.12853
0.479193
1.28232
0.931043
0.765021
0.876531
1.14338
0.216131
0.351463
0.577248
1.12409
1.08374
0.90817
1.09303
0.454132
0.355647
0.519294
1.05854
1.07501
0.565984
1.16732
0.845551
0.386628
1.0621
0.388059
1.09147
0.817093
0.152885
1.20271
1.18184
0.314599
1.91864
0.425026
