0.284665
1.16614
0.0949524
0.206006
0.138945
0.0957193
0.407551
0.308565
0.161334
0.190794
0.202632
0.172754
0.0327453
0.159844
0.21591
0.266926
0.279179
0.266292
1.06529
0.187153
0.235685
0.126255
0.24244
0.296004
0.203999
0.267149
1.34848
0.160074
0.144122
0.340315
0.259232
1.19402
0.051648
0.0333906
1.05241
0.216153
0.0911305
0.329696
0.351976
1.12031
0.205652
0.961909
0.968905
0.398063
1.05255
0.144656
0.385267
0.214625
0.929659
0.0879629
0.372361
1.15324
0.0584699
0.347251
1.12338
0.142588
0.138285
0.2565
0.129254
0.115316
0.6712
0.110532
0.489089
0.565751
0.91569
0.996855
0.204204
1.12825
0.0858769
0.546577
0.218638
0.447427
0.216103
0.303664
0.678831
0.884239
1.02643
0.162029
0.291517
0.55446
0.923876
1.16136
0.12837
0.274066
1.58403
0.677366
0.679743
0.352247
0.36627
1.11435
1.27202
0.267815
0.168782
0.131616
0.180991
0.210103
0.185758
1.31596
0.617498
0.517459
1.20621
0.436041
0.210337
0.936057
0.302985
1.17373
0.445047
0.177452
0.320261
1.1828
0.249454
0.51953
1.07448
0.717889
0.200363
0.299815
0.923768
0.183817
0.281509
1.36781
0.199515
0.153894
1.24911
1.37752
0.317695
0.252718
0.202395
0.182614
0.254527
0.136557
0.931302
0.181114
0.293334
0.119124
0.151023
0.155626
1.18012
0.155321
1.35014
0.176064
0.139193
0.193607
0.224525
0.119158
0.22546
0.180866
1.40339
0.251628
0.176266
0.702842
0.232898
0.176642
0.961143
0.194571
