0.364035
0.307537
0.290648
1.18859
0.274058
0.3961
0.255175
1.18371
0.145118
0.175084
0.136031
1.12518
0.167413
0.242578
0.251679
0.254861
1.26573
1.21674
0.247544
0.246285
0.299067
0.178468
1.11203
0.31398
1.2642
0.04609
0.714861
0.349508
0.96828
1.26114
0.268574
0.140396
0.304063
0.559377
1.42055
0.925301
0.221384
0.650031
0.183911
0.156047
0.332401
1.23254
0.656997
0.230366
0.664257
0.53527
0.24285
1.00843
0.210406
1.1874
1.05361
0.51424
0.285762
0.297255
1.1728
0.104385
0.923774
0.498784
0.375229
0.261135
0.814613
0.53391
0.259362
1.00228
1.24273
0.233658
0.840304
0.108002
1.05599
0.324881
0.375873
1.15526
0.973168
0.112329
1.10625
0.102869
0.219403
0.346702
1.03968
1.00549
0.696575
0.230626
0.183872
1.04462
0.203871
0.270672
0.449074
0.272336
0.829482
0.265014
0.990809
1.16104
0.162583
0.35349
1.11066
0.0740179
0.255393
