0.0137125
0.175363
0.266313
0.0582288
0.0781721
0.291012
0.457613
0.253983
0.234835
0.0756721
0.166109
0.235491
0.236741
0.0924822
0.133763
0.280353
0.187683
0.0545609
0.152199
0.226104
0.578318
0.0650563
0.19192
0.0990183
0.191875
0.0977679
0.218304
0.16055
0.22036
0.159589
0.187708
0.182984
0.0308949
0.19476
0.0592756
0.21827
0.154558
1.05441
1.10289
1.07382
0.0746338
0.0702872
0.203145
0.89809
0.833954
0.354707
0.0482895
0.0787128
0.197143
0.319927
0.905093
0.278291
0.209921
0.752343
1.07384
0.114923
0.178092
0.256953
0.348256
0.131693
0.118046
0.968293
0.151278
0.521509
0.292251
0.544684
0.985188
0.140741
0.886681
0.21359
1.15868
0.288504
0.101598
0.217187
0.143664
0.676218
1.06905
0.345681
0.0629242
0.146143
0.248942
0.281543
0.200368
0.219919
0.980112
0.0925383
0.56322
1.1197
0.985376
0.156078
0.0279726
0.19387
0.12172
1.13694
0.385568
0.839925
0.293318
0.637316
0.306683
0.330308
1.26758
1.08252
0.132483
0.306372
0.726399
0.257172
1.17852
0.146581
0.126658
0.262931
0.131588
0.292758
0.457625
0.165301
0.159235
0.468386
0.812713
1.37144
0.256588
0.180025
0.650415
0.354944
0.773304
1.13447
0.044189
0.204449
0.226492
0.171315
0.985812
0.473421
0.230875
1.05698
0.190845
0.557142
0.108028
0.390871
0.579974
0.170958
0.187434
1.12126
0.185345
0.172531
0.176764
1.20826
0.128993
1.11615
1.18845
0.202119
0.217717
0.135826
0.139636
1.22184
0.170881
0.15555
0.198934
1.03104
0.235468
0.183705
0.159489
0.118008
0.142095
1.29999
0.244331
0.186426
1.09881
0.124165
0.173113
0.0405037
0.208229
0.104524
0.251015
0.131134
1.02789
0.228563
0.263723
0.132533
0.267813
0.430441
0.197335
0.167314
0.170562
0.120036
0.16048
0.233556
0.237592
0.083878
0.122958
0.189635
0.175366
0.144761
0.311776
0.173043
0.264383
0.129439
0.167044
0.180818
0.0815983
