0.671739
0.385459
0.282433
0.441919
0.513961
0.363107
0.225542
0.181839
0.300578
0.570599
0.226707
0.335965
0.330552
0.202714
0.391354
0.186398
0.280842
0.331752
0.30724
0.503127
0.465056
0.233426
0.419981
0.257348
0.267973
0.230262
0.404244
0.274061
0.280687
0.348653
0.249216
0.303617
0.283554
0.335821
0.253447
0.380235
1.4796
1.58915
0.285302
0.288248
2.08619
0.268778
0.391272
0.305313
0.271209
1.09694
0.184074
0.278154
0.472758
0.282147
0.178727
1.04586
0.26488
0.366498
0.316319
0.28203
1.83251
0.416327
0.333375
0.321223
0.336938
0.437794
0.430055
0.23687
1.63968
0.323046
0.300482
0.35265
0.781473
0.190519
1.05197
0.354624
0.190826
0.352875
0.291835
0.530613
0.161443
0.202801
0.264809
0.3111
2.06835
0.233177
0.19178
0.36514
0.222455
0.379085
0.311182
1.41505
0.954593
0.866327
0.265766
0.702804
1.31588
0.298346
1.65896
0.209554
0.633751
0.231327
0.252427
0.289309
0.198456
0.240513
0.646627
1.303
0.407506
1.10838
0.348541
0.351912
0.366006
0.185268
0.260173
0.308573
0.435473
1.32738
0.52444
0.920467
0.304368
0.309685
0.390919
0.494339
0.263059
1.53584
0.229772
0.661818
1.50967
1.0387
0.306186
0.402414
0.491034
0.350637
1.68702
0.383459
1.29452
0.362912
0.362963
0.445564
0.254321
0.543398
0.886071
0.344228
1.4178
0.28849
0.167514
0.221479
0.332273
0.323243
0.291392
1.01561
0.318397
0.411357
0.408579
1.70707
0.433179
0.454111
0.230991
0.35399
0.223569
1.2143
0.431502
0.404885
0.288963
0.370692
0.401317
0.213088
0.293129
0.303044
0.304579
0.392083
0.285753
0.298945
0.229074
0.473176
0.344897
0.216926
0.241468
0.434768
0.305849
0.328923
0.327627
0.287249
0.27167
0.2826
0.434782
0.215512
0.165259
0.266197
0.296987
0.280545
0.32271
0.405413
0.387248
0.233998
0.368949
0.34082
0.336361
0.258907
0.274524
0.272792
0.336347
0.227929
0.353718
0.262063
0.336285
