0.192335
0.164563
0.113161
0.195043
0.0914957
0.144634
0.227328
0.149727
0.031952
0.0927768
0.168513
0.0241939
0.128683
0.111612
0.20259
0.0817926
0.159993
0.120519
0.208687
0.983859
0.134496
0.0722637
0.0930232
0.267447
0.291505
0.240006
0.198949
1.07882
0.238874
0.141423
0.0942412
0.159414
0.166865
0.310254
0.225086
0.136691
0.213825
1.16952
0.137968
0.117421
0.326531
0.377224
1.1619
0.300966
1.24308
0.160789
0.169292
1.15048
0.368478
0.133138
0.138158
0.151117
0.0303093
0.189554
1.12118
0.195119
1.00517
0.233943
0.586339
0.256153
0.108517
0.311331
0.181022
0.296411
0.379421
0.703018
0.165654
0.179508
0.9874
0.289787
0.590229
0.201128
0.226354
0.173812
1.1126
0.209333
0.0910764
0.931315
0.236856
0.11128
0.17481
0.563965
1.1546
0.195987
0.0529549
0.127947
1.22529
0.621325
0.120825
0.206745
0.317219
0.21857
0.520136
1.34336
0.957245
0.247003
0.296373
0.320175
0.216597
0.074685
0.70721
1.07459
1.04065
0.174386
0.531941
0.229643
0.0828598
0.333582
0.190744
1.28897
0.139669
0.266778
0.104286
0.227206
0.63145
0.889824
0.330139
0.870302
0.14132
1.12396
0.132076
0.11246
0.280463
1.00353
1.00386
0.30105
0.252173
0.141752
0.671436
0.162801
1.20832
0.176254
0.423017
0.88959
0.331366
1.16557
0.0441011
0.461986
0.147833
0.0554302
0.145501
1.31029
1.25308
0.101488
0.244339
0.148559
0.241146
0.101161
0.0366676
0.132111
0.111758
0.219532
0.131308
0.129672
1.15599
0.213896
0.309987
1.6606
0.108006
0.258935
0.18766
0.235743
0.13163
0.0880436
0.115417
0.0660523
0.157756
1.53976
0.130694
0.0353484
0.140397
0.172488
0.115716
0.180708
0.292601
0.192935
