1.28216
0.504602
0.337381
1.24329
0.249796
0.356491
0.287854
0.383891
0.166644
0.278841
0.191336
1.25336
0.242136
0.0660056
0.300594
1.29354
0.314637
0.267051
0.261461
0.205614
1.26635
1.0793
0.129696
0.978398
0.358472
0.607029
0.18528
0.314762
1.13487
0.618639
0.26741
0.283089
1.24293
0.544482
0.85356
0.19538
0.242659
0.791171
1.05681
1.12851
0.638039
0.324717
0.316972
0.244848
0.674631
0.399085
0.932765
0.234754
0.286481
1.04164
0.270409
0.590047
0.286573
0.954769
1.0147
0.637894
0.28177
1.14665
0.168516
0.153628
1.08769
0.43922
0.38323
1.33016
0.416968
0.154936
1.10364
0.636744
0.510575
0.203409
0.523595
1.15532
1.14703
0.250617
0.804514
1.23574
0.305044
1.16219
0.363891
0.901311
0.38541
1.07704
0.391313
0.222928
0.897119
0.200704
1.20162
0.343469
0.250865
