0.125868
0.155612
0.111265
0.15682
0.05408
0.20299
0.297165
0.168099
0.0750277
0.127399
0.162715
0.179438
1.24522
0.0209655
0.167209
0.225395
0.0704351
0.11312
0.0441536
0.19345
0.125603
0.196789
0.172181
0.156728
0.1351
0.285812
0.270439
0.16692
0.116755
0.333438
0.218025
0.219949
0.143251
0.186302
0.0894595
0.21549
1.18093
0.331835
0.187739
0.315167
0.322944
0.288834
0.16521
0.21565
0.242873
0.229089
0.271261
0.153093
1.01163
0.268957
0.251272
0.18153
0.303678
1.43307
1.15587
0.241991
0.0998341
0.267046
0.3864
0.3123
0.329449
0.288839
0.176198
0.2541
1.22287
0.25827
1.24138
0.393089
1.17758
0.176262
0.229771
0.131372
0.416893
0.191426
0.430823
0.799098
1.20452
0.196856
0.292238
0.391673
0.332953
0.189488
0.166736
0.262098
0.294311
1.15276
0.30784
1.20312
1.28221
0.176433
0.722234
0.189931
1.34922
0.32946
0.228562
0.194802
1.03798
0.262955
0.176538
0.286109
0.38703
0.423227
1.21498
0.144539
0.291184
1.64505
0.584131
0.252333
0.356626
1.35806
0.189965
0.305599
1.42095
0.218038
0.442463
0.287795
0.174685
0.449742
0.888331
0.987043
0.197337
0.286535
0.112546
0.282182
0.124291
0.993574
0.105694
0.21454
1.74934
1.09982
0.239823
0.187731
0.205908
0.652861
0.0981125
0.204089
0.172934
0.720323
1.08809
0.800601
0.263654
0.749336
0.144552
0.33042
0.511253
0.225574
1.19002
0.276445
1.18911
0.248006
0.638605
0.220492
0.197626
0.754436
0.18524
0.192563
0.222508
0.502537
0.156035
0.365893
0.232703
0.446759
0.2976
0.150393
0.219262
0.991752
0.155452
0.19902
0.181435
0.341836
0.210656
0.262958
1.49761
0.198893
0.137096
0.311963
1.12842
1.19818
0.145965
0.118003
0.100966
0.236906
0.389246
0.119468
0.157547
0.301131
0.170937
0.198906
0.141453
1.43468
0.388868
0.21286
0.198445
0.0840343
0.141332
0.113602
1.50717
0.207219
0.155153
0.10058
0.130647
0.221466
0.205011
0.155731
0.156904
0.122785
0.068786
0.09819
0.1348
0.183322
0.244952
0.326043
0.188879
0.170399
0.14279
0.155496
0.151677
0.168874
0.104578
0.254515
0.088107
