0.0952552
0.310208
0.161877
0.111871
0.116888
0.0799938
1.28621
0.139403
0.0281768
0.120065
0.313061
0.265211
0.213103
0.177601
0.155774
0.217931
0.222297
0.18196
0.258775
0.198708
0.139628
0.226989
0.23857
0.0920204
0.132164
0.306433
0.180841
1.22953
0.184775
0.133059
0.269932
0.163389
0.178187
0.294261
0.130551
0.197325
0.481644
0.191138
0.362553
0.31693
0.316701
0.262291
0.271416
0.156038
0.236439
0.333827
1.11565
0.15616
0.272792
1.06641
0.090964
0.0982964
0.192775
0.192071
0.15967
0.280084
0.282706
0.30659
0.249947
1.28396
0.234875
0.365321
1.24934
0.23503
1.25094
0.406383
0.206201
0.2832
0.281738
0.476544
0.251628
0.327119
1.37779
1.33977
0.248983
0.198179
0.240456
1.19773
1.28737
0.322874
0.372625
1.43938
0.17949
0.228123
0.193169
0.555983
1.13673
0.322435
0.32305
0.251657
0.192525
0.324478
0.31576
0.214807
0.187657
0.356095
0.455148
0.903332
1.19737
0.417251
1.2168
0.189067
0.329921
0.258924
1.52881
0.241191
0.465706
0.335511
0.270019
1.38173
0.402495
0.10593
0.842498
0.223994
0.259404
0.25191
0.191638
0.203626
1.22691
0.239459
0.227534
0.583612
0.296801
0.157681
0.258777
1.03669
1.11403
0.212864
0.0652486
0.143963
1.10633
0.343892
0.572257
0.211442
0.278581
0.73771
0.187816
0.144491
0.24743
0.84886
1.1237
0.245035
0.138601
1.0281
0.653807
0.765238
0.135596
0.284736
0.0724028
1.23529
0.19309
0.714523
1.21684
0.3539
0.179665
0.191125
0.218419
0.37189
0.92899
0.203735
0.192139
0.437214
0.808878
0.216297
0.231079
0.246924
0.228822
0.342001
0.521159
1.17787
1.42426
0.171382
0.174617
0.225532
0.432973
0.134379
0.232335
0.192057
0.313552
1.178
0.179939
0.160575
0.31406
1.35963
0.137714
0.108252
0.212723
0.173408
0.125065
0.208242
0.19151
0.242013
0.114965
0.153761
0.155845
0.136462
0.308597
1.62344
0.166245
0.138645
0.237235
0.0990581
0.124224
0.149595
0.164921
0.152801
0.136718
0.164399
0.201378
0.108629
0.153358
0.174171
0.212641
0.19415
0.0840487
0.165725
0.201182
0.169653
0.0982776
0.0798406
0.130128
0.142254
0.205164
0.1429
