0.196961
0.0384673
0.144746
0.202068
0.0901929
0.674212
0.064005
0.180524
0.226929
0.140463
1.63897
0.18269
0.153517
0.105831
0.114174
0.158578
0.0778181
0.96871
0.201388
0.270377
0.152411
0.0876254
0.0774183
0.178701
0.192898
0.0793968
0.214195
0.164146
0.128081
0.877729
0.198426
0.152355
0.215953
1.14431
0.255253
0.062614
0.342745
0.240517
1.05252
0.191926
0.08736
0.238854
1.18846
0.20775
0.11158
0.363205
1.11806
0.120582
0.085184
0.163755
0.167446
0.323118
0.211206
0.209195
0.0834558
0.0546334
0.113083
1.1717
0.899362
1.29269
0.127667
1.38997
0.449068
0.211866
0.136023
0.0626195
0.203776
0.206003
1.10167
1.09204
0.105024
0.0862315
0.26256
0.576593
0.241469
0.596342
0.286506
0.450761
0.276993
0.86913
0.226003
0.236738
0.63006
0.314907
0.13287
0.170441
1.10366
0.910265
1.05234
0.122441
0.510614
0.121078
0.348603
0.59332
0.228031
0.141162
0.921286
0.222706
0.0985966
0.868193
0.208244
0.296297
0.369479
1.09076
0.0733612
0.114721
0.105178
0.503055
0.118573
0.91461
0.0504913
0.211336
0.134033
0.956841
0.222177
0.406498
0.11652
0.277929
0.976026
0.304254
1.06211
0.927273
0.0934741
0.585606
1.03128
0.338062
0.172867
0.850749
0.906187
0.0284935
0.230725
0.155426
0.171861
1.24009
0.675012
0.239933
0.145087
0.260546
0.226154
0.444965
0.815189
0.150415
0.217818
1.13422
0.128814
0.272762
1.27189
0.131218
0.201957
0.118443
0.0817689
0.128847
0.142489
0.105261
0.138457
1.15127
0.171213
1.44726
1.52083
0.145022
0.137322
0.176323
0.0280676
0.104604
0.152734
0.335612
0.207504
1.33496
0.122722
0.194607
0.0935004
0.218251
0.0972466
0.122716
0.0798919
0.246072
0.0656936
0.17748
0.181938
0.0597162
0.0988029
0.189499
0.383338
