0.191622
0.0742133
0.141656
0.192423
0.125375
0.699974
0.0816025
0.181738
0.228001
0.103478
0.151134
1.66102
0.147665
0.117799
0.112499
0.142406
0.079924
0.196803
0.971443
0.265601
0.118651
0.0788591
0.170886
0.076269
0.211576
0.0855403
0.203161
0.134743
0.111061
0.870728
0.201221
0.177855
0.163117
0.254684
1.14193
0.244038
0.324456
0.0671118
1.05596
0.110142
0.236184
0.172715
1.12901
0.214434
0.109252
0.370575
1.09454
0.169263
0.179843
0.168382
0.0603709
0.348935
0.181135
0.200592
0.10559
0.0779653
0.0645425
1.16754
0.892553
1.27093
0.140327
0.459894
0.212115
1.31644
0.148815
0.0903086
0.202265
0.218115
1.11338
1.07602
0.242296
0.0817168
0.117497
0.564701
0.246339
0.598154
0.271624
0.42423
0.857797
0.305064
0.245854
0.24228
0.604011
0.294386
0.0976442
0.160226
1.07752
0.889548
1.05539
0.136268
0.337216
0.455359
0.128042
0.567801
0.242042
0.169543
0.948089
0.225365
0.108451
0.852466
0.289772
0.18926
0.362176
1.08799
0.0793227
0.0966735
0.119323
0.0998913
0.480547
0.89619
0.0588539
0.218718
0.163271
0.899576
0.38786
0.214768
0.133965
0.289616
0.987236
0.312352
1.09765
0.944684
0.0959142
0.585879
1.0232
0.345334
0.85211
0.157063
0.910378
0.0304824
0.250641
0.143232
0.18146
0.66708
1.22427
0.224688
0.125977
0.261709
0.814351
0.224736
0.42383
0.131554
1.13146
0.203417
0.119648
0.266668
1.25414
0.137833
0.218122
0.10784
0.103437
0.12513
0.136308
0.0903864
0.148754
1.13599
0.141761
1.50703
1.53125
0.126273
0.147548
0.0152613
0.201834
0.104328
0.144766
0.307733
0.215956
1.31551
0.129103
0.173229
0.0396626
0.216033
0.249676
0.11236
0.0780014
0.115114
0.0829357
0.188979
0.161617
0.0681429
0.102671
0.201635
0.38432
