0.200369
0.106014
0.105041
0.105952
0.156997
0.145785
0.341439
0.382049
0.158266
0.19911
0.200831
0.342702
0.059491
0.257348
0.111074
0.300851
0.149835
0.153678
1.28771
0.462021
0.164901
0.133658
0.0881583
0.106219
0.336682
0.264792
0.125647
0.176366
0.156302
0.0926875
0.195459
0.111471
0.169851
0.128826
0.230208
1.22509
0.2553
0.436945
0.178378
1.23012
0.170977
0.198343
0.203006
0.236947
0.208705
0.251469
0.318803
0.288662
0.190038
0.139752
1.22811
0.390698
0.103041
0.116934
0.0594447
1.52295
0.191991
0.88603
0.207133
0.18478
0.170842
0.191318
0.285462
0.202232
0.513762
0.269434
0.196009
0.216762
1.23368
0.18688
1.14256
1.17068
0.337951
1.1977
0.334107
0.454871
0.218235
0.181692
0.215164
0.225441
0.739544
0.26366
0.207237
0.805204
0.212784
0.194324
0.217745
0.205857
0.186111
1.08695
0.34797
0.0387269
0.29681
0.283212
0.480027
0.086098
1.24448
0.188211
0.24747
1.12305
0.896236
1.34773
0.289663
0.192135
0.438501
0.172711
0.250012
0.294394
0.634417
0.336264
1.01536
0.173026
0.291898
0.302924
0.292653
0.29566
1.2754
0.190124
0.249988
0.801216
0.371357
1.17211
0.131392
0.322968
0.0498882
0.149542
1.18094
0.257978
0.411671
0.251157
0.490182
0.218799
0.269551
0.175127
0.302843
0.624936
1.13799
1.23521
0.150222
1.34931
0.298514
1.21862
0.215808
1.16265
0.404828
0.940161
0.150708
0.286404
0.188854
0.23269
0.183565
0.125334
0.236618
0.462948
0.141235
0.30885
0.462021
0.325411
0.214638
0.602525
0.156405
0.795138
0.82306
0.343782
0.248845
1.34193
0.109143
0.20488
0.244777
0.294604
0.207874
0.227246
0.240288
0.139884
0.247405
1.2895
1.11629
0.167931
0.167755
0.227192
0.275195
0.103813
0.162735
0.205618
1.22134
0.237664
0.191943
0.0361844
0.207664
0.07067
0.132743
0.110047
0.239275
0.156174
0.173721
0.125439
0.214743
0.165717
0.0700519
0.113063
0.128838
0.175729
0.232138
0.0959779
0.0727917
0.202697
0.127401
0.26481
0.269764
0.11211
0.140924
0.187632
0.200884
0.141849
0.0941666
0.117876
0.192282
